KeyTime,CellNo,ResistValue,VoltValue,TempValue
2020-02-12 13:47:49,1,0.435,4.51,23.6
2020-02-12 13:47:49,2,0.441,4.53,-20.0
2020-02-12 13:47:49,3,0.417,4.54,-20.0
2020-02-12 13:47:49,4,0.441,4.49,-20.0
2020-02-12 13:47:49,5,0.439,4.53,-20.0
2020-02-12 13:47:49,6,0.364,4.51,-20.0
2020-02-12 13:47:49,7,0.396,4.49,-20.0
2020-02-12 13:47:49,8,0.375,4.51,-20.0
2020-02-12 13:47:49,9,0.414,4.47,-20.0
2020-02-12 13:47:49,10,0.395,4.49,-20.0
2020-02-12 13:47:49,11,0.401,4.44,-20.0
2020-02-12 13:47:49,12,0.367,4.45,-20.0
2020-02-12 13:47:49,13,0.404,4.46,22.8
2020-02-12 13:47:49,14,0.357,4.48,-20.0
2020-02-12 13:47:49,15,0.403,4.53,-20.0
2020-02-12 13:47:49,16,0.429,4.53,-20.0
2020-02-12 13:47:49,17,0.397,4.48,-20.0
2020-02-12 13:47:49,18,0.395,4.49,-20.0
2020-02-12 13:47:49,19,0.399,4.47,-20.0
2020-02-12 13:47:49,20,0.401,4.48,-20.0
2020-02-12 13:47:49,21,0.429,4.48,-20.0
2020-02-12 13:47:49,22,0.404,4.45,-20.0
2020-02-12 13:47:49,23,0.39,4.47,-20.0
2020-02-12 13:47:49,24,0.393,4.48,-20.0
2020-02-12 13:47:49,25,0.353,4.5,20.4
2020-02-12 13:47:49,26,0.406,4.49,-20.0
2020-02-12 13:47:49,27,0.451,4.46,-20.0
2020-02-12 13:47:49,28,0.433,4.46,-20.0
2020-02-12 13:47:49,29,0.411,4.46,-20.0
2020-02-12 13:47:49,30,0.325,4.46,-20.0
2020-02-12 13:47:49,31,0.322,4.46,-20.0
2020-02-12 13:47:49,32,0.346,4.46,-20.0
2020-02-12 13:47:49,33,0.421,4.48,-20.0
2020-02-12 13:47:49,34,0.373,4.49,-20.0
2020-02-12 13:47:49,35,0.351,4.47,-20.0
2020-02-12 13:47:49,36,0.329,4.51,-20.0
2020-02-12 13:47:49,37,0.419,4.47,20.9
2020-02-12 13:47:49,38,0.393,4.49,-20.0
2020-02-12 13:47:49,39,0.332,4.47,-20.0
2020-02-12 13:47:49,40,0.336,4.47,-20.0
2020-02-12 13:47:49,41,0.369,4.5,-20.0
2020-02-12 13:47:49,42,0.334,4.48,-20.0
2020-02-12 13:47:49,43,0.374,4.5,-20.0
2020-02-12 13:47:49,44,0.365,4.49,-20.0
2020-02-12 13:47:49,45,0.304,4.49,-20.0
2020-02-12 13:47:49,46,0.392,4.49,-20.0
2020-02-12 13:47:49,47,0.393,4.48,-20.0
2020-02-12 13:47:49,48,0.431,4.48,-20.0
2020-02-12 13:47:49,49,0.476,4.45,22.6
2020-02-12 13:47:49,50,0.436,4.47,-20.0
2020-02-12 13:47:49,51,0.403,4.45,-20.0
2020-02-12 13:47:49,52,0.344,4.44,-20.0
2020-02-12 13:47:49,53,0.384,4.45,-20.0
2020-02-12 13:47:49,54,0.353,4.42,-20.0
2020-02-12 13:47:49,55,0.323,4.42,-20.0
2020-02-12 13:47:49,56,0.391,4.42,-20.0
2020-02-12 13:47:49,57,0.391,4.42,-20.0
2020-02-12 13:47:49,58,0.373,4.44,-20.0
2020-02-12 13:47:49,59,0.367,4.5,20.1
2020-02-12 13:47:49,60,0.326,4.49,-20.0
2020-02-12 13:47:49,61,0.41,4.46,-20.0
2020-02-12 13:47:49,62,0.405,4.44,-20.0
2020-02-12 13:47:49,63,0.35,4.45,-20.0
2020-02-12 13:47:49,64,0.336,4.43,-20.0
2020-02-12 13:47:49,65,0.389,4.44,-20.0
2020-02-12 13:47:49,66,0.408,4.44,-20.0
2020-02-12 13:47:49,67,0.36,4.45,-20.0
2020-02-12 13:47:49,68,0.319,4.49,-20.0
2020-02-12 13:47:49,69,0.409,4.49,-20.0
2020-02-12 13:47:49,70,0.455,4.55,20.3
2020-02-12 13:47:49,71,0.426,4.51,-20.0
2020-02-12 13:47:49,72,0.34,4.44,-20.0
2020-02-12 13:47:49,73,0.358,4.5,-20.0
2020-02-12 13:47:49,74,0.363,4.46,-20.0
2020-02-12 13:47:49,75,0.379,4.5,-20.0
2020-02-12 13:47:49,76,0.439,4.54,-20.0
2020-02-12 13:47:49,77,0.389,4.54,-20.0
2020-02-12 13:47:49,78,0.355,4.52,-20.0
2020-02-12 13:47:49,79,0.36,4.49,-20.0
2020-02-12 13:47:49,80,0.411,4.48,-20.0
2020-02-12 13:47:49,81,0.377,4.47,23.2
2020-02-12 13:47:49,82,0.371,4.45,-20.0
2020-02-12 13:47:49,83,0.336,4.45,-20.0
2020-02-12 13:47:49,84,0.388,4.46,-20.0
2020-02-12 13:47:49,85,0.368,4.48,-20.0
2020-02-12 13:47:49,86,0.392,4.46,-20.0
2020-02-12 13:47:49,87,0.352,4.48,-20.0
2020-02-12 13:47:49,88,0.366,4.52,-20.0
2020-02-12 13:47:49,89,0.481,4.48,-20.0
2020-02-12 13:47:49,90,0.466,4.45,-20.0
2020-02-12 13:47:49,91,0.424,4.45,-20.0
2020-02-12 13:47:49,92,0.433,4.51,-20.0
2020-02-12 13:47:49,93,0.481,4.49,-20.0
2020-02-12 13:47:49,94,0.466,4.45,-20.0
2020-02-12 13:47:49,95,0.424,4.44,-20.0
2020-02-12 13:47:49,96,0.433,4.5,-20.0
2020-02-13 01:47:01,1,0.433,4.5,23.5
2020-02-13 01:47:01,2,0.442,4.52,-20.0
2020-02-13 01:47:01,3,0.419,4.53,-20.0
2020-02-13 01:47:01,4,0.443,4.49,-20.0
2020-02-13 01:47:01,5,0.441,4.54,-20.0
2020-02-13 01:47:01,6,0.363,4.51,-20.0
2020-02-13 01:47:01,7,0.398,4.48,-20.0
2020-02-13 01:47:01,8,0.374,4.5,-20.0
2020-02-13 01:47:01,9,0.413,4.47,-20.0
2020-02-13 01:47:01,10,0.395,4.48,-20.0
2020-02-13 01:47:01,11,0.394,4.44,-20.0
2020-02-13 01:47:01,12,0.367,4.45,-20.0
2020-02-13 01:47:01,13,0.404,4.47,22.7
2020-02-13 01:47:01,14,0.355,4.48,-20.0
2020-02-13 01:47:01,15,0.402,4.52,-20.0
2020-02-13 01:47:01,16,0.427,4.53,-20.0
2020-02-13 01:47:01,17,0.399,4.49,-20.0
2020-02-13 01:47:01,18,0.393,4.48,-20.0
2020-02-13 01:47:01,19,0.398,4.47,-20.0
2020-02-13 01:47:01,20,0.399,4.48,-20.0
2020-02-13 01:47:01,21,0.433,4.48,-20.0
2020-02-13 01:47:01,22,0.405,4.47,-20.0
2020-02-13 01:47:01,23,0.39,4.48,-20.0
2020-02-13 01:47:01,24,0.393,4.48,-20.0
2020-02-13 01:47:01,25,0.352,4.49,20.2
2020-02-13 01:47:01,26,0.405,4.5,-20.0
2020-02-13 01:47:01,27,0.455,4.46,-20.0
2020-02-13 01:47:01,28,0.435,4.46,-20.0
2020-02-13 01:47:01,29,0.411,4.46,-20.0
2020-02-13 01:47:01,30,0.322,4.46,-20.0
2020-02-13 01:47:01,31,0.323,4.46,-20.0
2020-02-13 01:47:01,32,0.348,4.47,-20.0
2020-02-13 01:47:01,33,0.423,4.48,-20.0
2020-02-13 01:47:01,34,0.373,4.48,-20.0
2020-02-13 01:47:01,35,0.352,4.48,-20.0
2020-02-13 01:47:01,36,0.333,4.51,-20.0
2020-02-13 01:47:01,37,0.393,4.49,-20.0
2020-02-13 01:47:01,38,0.331,4.46,-20.0
2020-02-13 01:47:01,39,0.336,4.47,-20.0
2020-02-13 01:47:01,40,0.37,4.49,-20.0
2020-02-13 01:47:01,41,0.334,4.47,-20.0
2020-02-13 01:47:01,42,0.379,4.49,-20.0
2020-02-13 01:47:01,43,0.373,4.47,-20.0
2020-02-13 01:47:01,44,0.308,4.5,-20.0
2020-02-13 01:47:01,45,0.392,4.48,-20.0
2020-02-13 01:47:01,46,0.397,4.48,-20.0
2020-02-13 01:47:01,47,0.439,4.49,-20.0
2020-02-13 01:47:01,48,0.48,4.45,22.6
2020-02-13 01:47:01,49,0.438,4.47,-20.0
2020-02-13 01:47:01,50,0.381,4.45,-20.0
2020-02-13 01:47:01,51,0.404,4.45,-20.0
2020-02-13 01:47:01,52,0.344,4.44,-20.0
2020-02-13 01:47:01,53,0.383,4.45,-20.0
2020-02-13 01:47:01,54,0.356,4.42,-20.0
2020-02-13 01:47:01,55,0.321,4.41,-20.0
2020-02-13 01:47:01,56,0.39,4.42,-20.0
2020-02-13 01:47:01,57,0.391,4.42,-20.0
2020-02-13 01:47:01,58,0.376,4.45,-20.0
2020-02-13 01:47:01,59,0.366,4.51,19.7
2020-02-13 01:47:01,60,0.324,4.5,-20.0
2020-02-13 01:47:01,61,0.412,4.46,-20.0
2020-02-13 01:47:01,62,0.405,4.43,-20.0
2020-02-13 01:47:01,63,0.351,4.44,-20.0
2020-02-13 01:47:01,64,0.38,4.45,-20.0
2020-02-13 01:47:01,65,0.393,4.45,-20.0
2020-02-13 01:47:01,66,0.412,4.44,-20.0
2020-02-13 01:47:01,67,0.366,4.46,-20.0
2020-02-13 01:47:01,68,0.322,4.5,-20.0
2020-02-13 01:47:01,69,0.413,4.5,-20.0
2020-02-13 01:47:01,70,0.428,4.5,-20.0
2020-02-13 01:47:01,71,0.424,4.46,-20.0
2020-02-13 01:47:01,72,0.341,4.44,-20.0
2020-02-13 01:47:01,73,0.357,4.51,-20.0
2020-02-13 01:47:01,74,0.379,4.49,-20.0
2020-02-13 01:47:01,75,0.438,4.54,-20.0
2020-02-13 01:47:01,76,0.387,4.55,-20.0
2020-02-13 01:47:01,77,0.355,4.51,-20.0
2020-02-13 01:47:01,78,0.361,4.5,-20.0
2020-02-13 01:47:01,79,0.41,4.48,-20.0
2020-02-13 01:47:01,80,0.379,4.46,23.0
2020-02-13 01:47:01,81,0.373,4.46,-20.0
2020-02-13 01:47:01,82,0.336,4.45,-20.0
2020-02-13 01:47:01,83,0.389,4.46,-20.0
2020-02-13 01:47:01,84,0.369,4.48,-20.0
2020-02-13 01:47:01,85,0.393,4.45,-20.0
2020-02-13 01:47:01,86,0.354,4.48,-20.0
2020-02-13 01:47:01,87,0.369,4.53,-20.0
2020-02-13 01:47:01,88,0.483,4.48,-20.0
2020-02-13 01:47:01,89,0.468,4.45,-20.0
2020-02-13 01:47:01,90,0.423,4.44,-20.0
2020-02-13 01:47:01,91,0.432,4.51,-20.0
2020-02-13 01:47:01,92,0.369,4.53,-20.0
2020-02-13 01:47:01,93,0.483,4.48,-20.0
2020-02-13 01:47:01,94,0.468,4.45,-20.0
2020-02-13 01:47:01,95,0.423,4.45,-20.0
2020-02-13 01:47:01,96,0.432,4.51,-20.0
2020-02-13 13:46:11,1,0.432,4.5,23.6
2020-02-13 13:46:11,2,0.443,4.53,-20.0
2020-02-13 13:46:11,3,0.417,4.53,-20.0
2020-02-13 13:46:11,4,0.444,4.49,-20.0
2020-02-13 13:46:11,5,0.44,4.55,-20.0
2020-02-13 13:46:11,6,0.361,4.52,-20.0
2020-02-13 13:46:11,7,0.397,4.47,-20.0
2020-02-13 13:46:11,8,0.377,4.5,-20.0
2020-02-13 13:46:11,9,0.415,4.47,-20.0
2020-02-13 13:46:11,10,0.397,4.48,-20.0
2020-02-13 13:46:11,11,0.393,4.44,-20.0
2020-02-13 13:46:11,12,0.369,4.46,-20.0
2020-02-13 13:46:11,13,0.404,4.46,22.8
2020-02-13 13:46:11,14,0.356,4.47,-20.0
2020-02-13 13:46:11,15,0.404,4.54,-20.0
2020-02-13 13:46:11,16,0.427,4.52,-20.0
2020-02-13 13:46:11,17,0.398,4.48,-20.0
2020-02-13 13:46:11,18,0.394,4.49,-20.0
2020-02-13 13:46:11,19,0.396,4.47,-20.0
2020-02-13 13:46:11,20,0.4,4.48,-20.0
2020-02-13 13:46:11,21,0.433,4.48,-20.0
2020-02-13 13:46:11,22,0.403,4.47,-20.0
2020-02-13 13:46:11,23,0.388,4.47,-20.0
2020-02-13 13:46:11,24,0.394,4.48,-20.0
2020-02-13 13:46:11,25,0.349,4.49,20.2
2020-02-13 13:46:11,26,0.406,4.49,-20.0
2020-02-13 13:46:11,27,0.457,4.45,-20.0
2020-02-13 13:46:11,28,0.433,4.46,-20.0
2020-02-13 13:46:11,29,0.417,4.46,-20.0
2020-02-13 13:46:11,30,0.324,4.46,-20.0
2020-02-13 13:46:11,31,0.324,4.45,-20.0
2020-02-13 13:46:11,32,0.344,4.46,-20.0
2020-02-13 13:46:11,33,0.42,4.48,-20.0
2020-02-13 13:46:11,34,0.363,4.48,-20.0
2020-02-13 13:46:11,35,0.35,4.49,-20.0
2020-02-13 13:46:11,36,0.33,4.52,-20.0
2020-02-13 13:46:11,37,0.409,4.47,20.8
2020-02-13 13:46:11,38,0.366,4.48,-20.0
2020-02-13 13:46:11,39,0.323,4.47,-20.0
2020-02-13 13:46:11,40,0.334,4.47,-20.0
2020-02-13 13:46:11,41,0.369,4.5,-20.0
2020-02-13 13:46:11,42,0.338,4.48,-20.0
2020-02-13 13:46:11,43,0.381,4.48,-20.0
2020-02-13 13:46:11,44,0.374,4.48,-20.0
2020-02-13 13:46:11,45,0.307,4.51,-20.0
2020-02-13 13:46:11,46,0.395,4.5,-20.0
2020-02-13 13:46:11,47,0.403,4.48,-20.0
2020-02-13 13:46:11,48,0.443,4.49,-20.0
2020-02-13 13:46:11,49,0.48,4.44,22.7
2020-02-13 13:46:11,50,0.434,4.47,-20.0
2020-02-13 13:46:11,51,0.379,4.46,-20.0
2020-02-13 13:46:11,52,0.403,4.45,-20.0
2020-02-13 13:46:11,53,0.344,4.44,-20.0
2020-02-13 13:46:11,54,0.384,4.46,-20.0
2020-02-13 13:46:11,55,0.344,4.42,-20.0
2020-02-13 13:46:11,56,0.321,4.42,-20.0
2020-02-13 13:46:11,57,0.394,4.42,-20.0
2020-02-13 13:46:11,58,0.383,4.42,-20.0
2020-02-13 13:46:11,59,0.386,4.44,-20.0
2020-02-13 13:46:11,60,0.365,4.5,19.9
2020-02-13 13:46:11,61,0.318,4.5,-20.0
2020-02-13 13:46:11,62,0.397,4.46,-20.0
2020-02-13 13:46:11,63,0.398,4.44,-20.0
2020-02-13 13:46:11,64,0.377,4.45,-20.0
2020-02-13 13:46:11,65,0.342,4.42,-20.0
2020-02-13 13:46:11,66,0.396,4.45,-20.0
2020-02-13 13:46:11,67,0.414,4.43,-20.0
2020-02-13 13:46:11,68,0.368,4.46,-20.0
2020-02-13 13:46:11,69,0.323,4.5,-20.0
2020-02-13 13:46:11,70,0.413,4.49,-20.0
2020-02-13 13:46:11,71,0.465,4.54,20.2
2020-02-13 13:46:11,72,0.43,4.5,-20.0
2020-02-13 13:46:11,73,0.424,4.46,-20.0
2020-02-13 13:46:11,74,0.34,4.44,-20.0
2020-02-13 13:46:11,75,0.37,4.46,-20.0
2020-02-13 13:46:11,76,0.38,4.49,-20.0
2020-02-13 13:46:11,77,0.437,4.53,-20.0
2020-02-13 13:46:11,78,0.388,4.55,-20.0
2020-02-13 13:46:11,79,0.363,4.5,-20.0
2020-02-13 13:46:11,80,0.41,4.47,-20.0
2020-02-13 13:46:11,81,0.38,4.47,23.2
2020-02-13 13:46:11,82,0.372,4.46,-20.0
2020-02-13 13:46:11,83,0.336,4.45,-20.0
2020-02-13 13:46:11,84,0.39,4.45,-20.0
2020-02-13 13:46:11,85,0.369,4.49,-20.0
2020-02-13 13:46:11,86,0.393,4.46,-20.0
2020-02-13 13:46:11,87,0.355,4.48,-20.0
2020-02-13 13:46:11,88,0.37,4.53,-20.0
2020-02-13 13:46:11,89,0.483,4.48,-20.0
2020-02-13 13:46:11,90,0.466,4.45,-20.0
2020-02-13 13:46:11,91,0.422,4.45,-20.0
2020-02-13 13:46:11,92,0.431,4.5,-20.0
2020-02-13 13:46:11,93,0.483,4.48,-20.0
2020-02-13 13:46:11,94,0.466,4.46,-20.0
2020-02-13 13:46:11,95,0.422,4.44,-20.0
2020-02-13 13:46:11,96,0.431,4.5,-20.0
2020-02-14 01:45:28,1,0.43,4.5,23.6
2020-02-14 01:45:28,2,0.445,4.53,-20.0
2020-02-14 01:45:28,3,0.419,4.53,-20.0
2020-02-14 01:45:28,4,0.441,4.5,-20.0
2020-02-14 01:45:28,5,0.441,4.54,-20.0
2020-02-14 01:45:28,6,0.36,4.51,-20.0
2020-02-14 01:45:28,7,0.393,4.48,-20.0
2020-02-14 01:45:28,8,0.377,4.5,-20.0
2020-02-14 01:45:28,9,0.413,4.46,-20.0
2020-02-14 01:45:28,10,0.395,4.48,-20.0
2020-02-14 01:45:28,11,0.394,4.45,-20.0
2020-02-14 01:45:28,12,0.371,4.46,-20.0
2020-02-14 01:45:28,13,0.404,4.47,22.8
2020-02-14 01:45:28,14,0.355,4.48,-20.0
2020-02-14 01:45:28,15,0.405,4.53,-20.0
2020-02-14 01:45:28,16,0.428,4.53,-20.0
2020-02-14 01:45:28,17,0.398,4.47,-20.0
2020-02-14 01:45:28,18,0.395,4.5,-20.0
2020-02-14 01:45:28,19,0.394,4.47,-20.0
2020-02-14 01:45:28,20,0.399,4.48,-20.0
2020-02-14 01:45:28,21,0.435,4.47,-20.0
2020-02-14 01:45:28,22,0.403,4.46,-20.0
2020-02-14 01:45:28,23,0.389,4.48,-20.0
2020-02-14 01:45:28,24,0.395,4.48,-20.0
2020-02-14 01:45:28,25,0.344,4.5,20.2
2020-02-14 01:45:28,26,0.4,4.5,-20.0
2020-02-14 01:45:28,27,0.459,4.47,-20.0
2020-02-14 01:45:28,28,0.434,4.46,-20.0
2020-02-14 01:45:28,29,0.416,4.46,-20.0
2020-02-14 01:45:28,30,0.321,4.47,-20.0
2020-02-14 01:45:28,31,0.325,4.45,-20.0
2020-02-14 01:45:28,32,0.347,4.47,-20.0
2020-02-14 01:45:28,33,0.422,4.47,-20.0
2020-02-14 01:45:28,34,0.366,4.5,-20.0
2020-02-14 01:45:28,35,0.35,4.48,-20.0
2020-02-14 01:45:28,36,0.33,4.51,-20.0
2020-02-14 01:45:28,37,0.405,4.47,20.7
2020-02-14 01:45:28,38,0.372,4.48,-20.0
2020-02-14 01:45:28,39,0.324,4.46,-20.0
2020-02-14 01:45:28,40,0.332,4.48,-20.0
2020-02-14 01:45:28,41,0.372,4.5,-20.0
2020-02-14 01:45:28,42,0.339,4.47,-20.0
2020-02-14 01:45:28,43,0.382,4.48,-20.0
2020-02-14 01:45:28,44,0.375,4.49,-20.0
2020-02-14 01:45:28,45,0.311,4.51,-20.0
2020-02-14 01:45:28,46,0.399,4.5,-20.0
2020-02-14 01:45:28,47,0.4,4.48,-20.0
2020-02-14 01:45:28,48,0.444,4.49,-20.0
2020-02-14 01:45:28,49,0.479,4.45,22.6
2020-02-14 01:45:28,50,0.381,4.47,-20.0
2020-02-14 01:45:28,51,0.402,4.45,-20.0
2020-02-14 01:45:28,52,0.344,4.45,-20.0
2020-02-14 01:45:28,53,0.382,4.45,-20.0
2020-02-14 01:45:28,54,0.347,4.42,-20.0
2020-02-14 01:45:28,55,0.324,4.41,-20.0
2020-02-14 01:45:28,56,0.397,4.42,-20.0
2020-02-14 01:45:28,57,0.385,4.42,-20.0
2020-02-14 01:45:28,58,0.391,4.43,-20.0
2020-02-14 01:45:28,59,0.363,4.5,19.8
2020-02-14 01:45:28,60,0.32,4.51,-20.0
2020-02-14 01:45:28,61,0.404,4.47,-20.0
2020-02-14 01:45:28,62,0.402,4.44,-20.0
2020-02-14 01:45:28,63,0.344,4.44,-20.0
2020-02-14 01:45:28,64,0.378,4.45,-20.0
2020-02-14 01:45:28,65,0.339,4.41,-20.0
2020-02-14 01:45:28,66,0.414,4.44,-20.0
2020-02-14 01:45:28,67,0.369,4.46,-20.0
2020-02-14 01:45:28,68,0.321,4.5,-20.0
2020-02-14 01:45:28,69,0.413,4.48,-20.0
2020-02-14 01:45:28,70,0.432,4.5,-20.0
2020-02-14 01:45:28,71,0.425,4.46,-20.0
2020-02-14 01:45:28,72,0.356,4.5,-20.0
2020-02-14 01:45:28,73,0.371,4.46,-20.0
2020-02-14 01:45:28,74,0.384,4.49,-20.0
2020-02-14 01:45:28,75,0.438,4.53,-20.0
2020-02-14 01:45:28,76,0.353,4.52,-20.0
2020-02-14 01:45:28,77,0.36,4.49,-20.0
2020-02-14 01:45:28,78,0.409,4.48,-20.0
2020-02-14 01:45:28,79,0.378,4.47,23.2
2020-02-14 01:45:28,80,0.368,4.45,-20.0
2020-02-14 01:45:28,81,0.334,4.45,-20.0
2020-02-14 01:45:28,82,0.39,4.45,-20.0
2020-02-14 01:45:28,83,0.369,4.48,-20.0
2020-02-14 01:45:28,84,0.395,4.46,-20.0
2020-02-14 01:45:28,85,0.352,4.48,-20.0
2020-02-14 01:45:28,86,0.369,4.52,-20.0
2020-02-14 01:45:28,87,0.483,4.48,-20.0
2020-02-14 01:45:28,88,0.468,4.46,-20.0
2020-02-14 01:45:28,89,0.422,4.44,-20.0
2020-02-14 01:45:28,90,0.432,4.5,-20.0
2020-02-14 01:45:28,91,0.352,4.48,-20.0
2020-02-14 01:45:28,92,0.369,4.53,-20.0
2020-02-14 01:45:28,93,0.483,4.49,-20.0
2020-02-14 01:45:28,94,0.468,4.45,-20.0
2020-02-14 01:45:28,95,0.422,4.44,-20.0
2020-02-14 01:45:28,96,0.432,4.5,-20.0
2020-02-14 13:44:40,1,0.433,4.5,23.7
2020-02-14 13:44:40,2,0.444,4.53,-20.0
2020-02-14 13:44:40,3,0.418,4.53,-20.0
2020-02-14 13:44:40,4,0.44,4.49,-20.0
2020-02-14 13:44:40,5,0.441,4.54,-20.0
2020-02-14 13:44:40,6,0.36,4.51,-20.0
2020-02-14 13:44:40,7,0.395,4.48,-20.0
2020-02-14 13:44:40,8,0.377,4.48,-20.0
2020-02-14 13:44:40,9,0.413,4.47,-20.0
2020-02-14 13:44:40,10,0.396,4.48,-20.0
2020-02-14 13:44:40,11,0.395,4.44,-20.0
2020-02-14 13:44:40,12,0.37,4.44,-20.0
2020-02-14 13:44:40,13,0.404,4.46,22.8
2020-02-14 13:44:40,14,0.358,4.47,-20.0
2020-02-14 13:44:40,15,0.405,4.54,-20.0
2020-02-14 13:44:40,16,0.423,4.52,-20.0
2020-02-14 13:44:40,17,0.397,4.48,-20.0
2020-02-14 13:44:40,18,0.394,4.49,-20.0
2020-02-14 13:44:40,19,0.397,4.47,-20.0
2020-02-14 13:44:40,20,0.4,4.47,-20.0
2020-02-14 13:44:40,21,0.434,4.48,-20.0
2020-02-14 13:44:40,22,0.401,4.46,-20.0
2020-02-14 13:44:40,23,0.38,4.47,-20.0
2020-02-14 13:44:40,24,0.382,4.48,-20.0
2020-02-14 13:44:40,25,0.342,4.49,20.3
2020-02-14 13:44:40,26,0.394,4.49,-20.0
2020-02-14 13:44:40,27,0.448,4.45,-20.0
2020-02-14 13:44:40,28,0.428,4.47,-20.0
2020-02-14 13:44:40,29,0.401,4.46,-20.0
2020-02-14 13:44:40,30,0.316,4.47,-20.0
2020-02-14 13:44:40,31,0.323,4.46,-20.0
2020-02-14 13:44:40,32,0.338,4.46,-20.0
2020-02-14 13:44:40,33,0.421,4.48,-20.0
2020-02-14 13:44:40,34,0.368,4.49,-20.0
2020-02-14 13:44:40,35,0.352,4.48,-20.0
2020-02-14 13:44:40,36,0.329,4.51,-20.0
2020-02-14 13:44:40,37,0.41,4.48,20.8
2020-02-14 13:44:40,38,0.377,4.49,-20.0
2020-02-14 13:44:40,39,0.323,4.47,-20.0
2020-02-14 13:44:40,40,0.332,4.47,-20.0
2020-02-14 13:44:40,41,0.338,4.47,-20.0
2020-02-14 13:44:40,42,0.384,4.48,-20.0
2020-02-14 13:44:40,43,0.378,4.49,-20.0
2020-02-14 13:44:40,44,0.309,4.51,-20.0
2020-02-14 13:44:40,45,0.398,4.5,-20.0
2020-02-14 13:44:40,46,0.398,4.49,-20.0
2020-02-14 13:44:40,47,0.446,4.49,-20.0
2020-02-14 13:44:40,48,0.475,4.44,22.7
2020-02-14 13:44:40,49,0.437,4.47,-20.0
2020-02-14 13:44:40,50,0.402,4.46,-20.0
2020-02-14 13:44:40,51,0.343,4.44,-20.0
2020-02-14 13:44:40,52,0.378,4.45,-20.0
2020-02-14 13:44:40,53,0.339,4.42,-20.0
2020-02-14 13:44:40,54,0.322,4.43,-20.0
2020-02-14 13:44:40,55,0.395,4.42,-20.0
2020-02-14 13:44:40,56,0.381,4.42,-20.0
2020-02-14 13:44:40,57,0.396,4.44,-20.0
2020-02-14 13:44:40,58,0.369,4.44,-20.0
2020-02-14 13:44:40,59,0.363,4.5,19.9
2020-02-14 13:44:40,60,0.325,4.5,-20.0
2020-02-14 13:44:40,61,0.405,4.46,-20.0
2020-02-14 13:44:40,62,0.402,4.44,-20.0
2020-02-14 13:44:40,63,0.351,4.45,-20.0
2020-02-14 13:44:40,64,0.381,4.45,-20.0
2020-02-14 13:44:40,65,0.337,4.43,-20.0
2020-02-14 13:44:40,66,0.398,4.45,-20.0
2020-02-14 13:44:40,67,0.412,4.44,-20.0
2020-02-14 13:44:40,68,0.37,4.46,-20.0
2020-02-14 13:44:40,69,0.321,4.49,-20.0
2020-02-14 13:44:40,70,0.41,4.49,-20.0
2020-02-14 13:44:40,71,0.431,4.5,-20.0
2020-02-14 13:44:40,72,0.425,4.46,-20.0
2020-02-14 13:44:40,73,0.34,4.44,-20.0
2020-02-14 13:44:40,74,0.357,4.5,-20.0
2020-02-14 13:44:40,75,0.365,4.46,-20.0
2020-02-14 13:44:40,76,0.382,4.49,-20.0
2020-02-14 13:44:40,77,0.436,4.53,-20.0
2020-02-14 13:44:40,78,0.385,4.54,-20.0
2020-02-14 13:44:40,79,0.36,4.5,-20.0
2020-02-14 13:44:40,80,0.406,4.48,-20.0
2020-02-14 13:44:40,81,0.381,4.47,23.2
2020-02-14 13:44:40,82,0.365,4.45,-20.0
2020-02-14 13:44:40,83,0.334,4.46,-20.0
2020-02-14 13:44:40,84,0.389,4.46,-20.0
2020-02-14 13:44:40,85,0.371,4.49,-20.0
2020-02-14 13:44:40,86,0.393,4.46,-20.0
2020-02-14 13:44:40,87,0.351,4.49,-20.0
2020-02-14 13:44:40,88,0.479,4.49,-20.0
2020-02-14 13:44:40,89,0.466,4.45,-20.0
2020-02-14 13:44:40,90,0.419,4.44,-20.0
2020-02-14 13:44:40,91,0.432,4.5,-20.0
2020-02-14 13:44:40,92,0.37,4.53,-20.0
2020-02-14 13:44:40,93,0.479,4.48,-20.0
2020-02-14 13:44:40,94,0.466,4.45,-20.0
2020-02-14 13:44:40,95,0.419,4.45,-20.0
2020-02-14 13:44:40,96,0.432,4.5,-20.0
2020-02-15 01:43:49,1,0.432,4.5,23.6
2020-02-15 01:43:49,2,0.445,4.53,-20.0
2020-02-15 01:43:49,3,0.418,4.53,-20.0
2020-02-15 01:43:49,4,0.441,4.49,-20.0
2020-02-15 01:43:49,5,0.441,4.54,-20.0
2020-02-15 01:43:49,6,0.362,4.52,-20.0
2020-02-15 01:43:49,7,0.397,4.48,-20.0
2020-02-15 01:43:49,8,0.375,4.5,-20.0
2020-02-15 01:43:49,9,0.412,4.47,-20.0
2020-02-15 01:43:49,10,0.397,4.48,-20.0
2020-02-15 01:43:49,11,0.396,4.45,-20.0
2020-02-15 01:43:49,12,0.371,4.46,-20.0
2020-02-15 01:43:49,13,0.402,4.47,22.8
2020-02-15 01:43:49,14,0.36,4.48,-20.0
2020-02-15 01:43:49,15,0.405,4.54,-20.0
2020-02-15 01:43:49,16,0.427,4.53,-20.0
2020-02-15 01:43:49,17,0.401,4.48,-20.0
2020-02-15 01:43:49,18,0.397,4.48,-20.0
2020-02-15 01:43:49,19,0.399,4.47,-20.0
2020-02-15 01:43:49,20,0.4,4.48,-20.0
2020-02-15 01:43:49,21,0.435,4.47,-20.0
2020-02-15 01:43:49,22,0.401,4.46,-20.0
2020-02-15 01:43:49,23,0.383,4.48,-20.0
2020-02-15 01:43:49,24,0.388,4.48,-20.0
2020-02-15 01:43:49,25,0.343,4.5,20.3
2020-02-15 01:43:49,26,0.399,4.49,-20.0
2020-02-15 01:43:49,27,0.45,4.46,-20.0
2020-02-15 01:43:49,28,0.427,4.47,-20.0
2020-02-15 01:43:49,29,0.401,4.45,-20.0
2020-02-15 01:43:49,30,0.319,4.47,-20.0
2020-02-15 01:43:49,31,0.327,4.47,-20.0
2020-02-15 01:43:49,32,0.342,4.47,-20.0
2020-02-15 01:43:49,33,0.423,4.47,-20.0
2020-02-15 01:43:49,34,0.37,4.49,-20.0
2020-02-15 01:43:49,35,0.353,4.47,-20.0
2020-02-15 01:43:49,36,0.331,4.51,-20.0
2020-02-15 01:43:49,37,0.407,4.46,20.8
2020-02-15 01:43:49,38,0.38,4.48,-20.0
2020-02-15 01:43:49,39,0.326,4.46,-20.0
2020-02-15 01:43:49,40,0.334,4.47,-20.0
2020-02-15 01:43:49,41,0.374,4.5,-20.0
2020-02-15 01:43:49,42,0.343,4.48,-20.0
2020-02-15 01:43:49,43,0.383,4.5,-20.0
2020-02-15 01:43:49,44,0.38,4.48,-20.0
2020-02-15 01:43:49,45,0.31,4.51,-20.0
2020-02-15 01:43:49,46,0.396,4.5,-20.0
2020-02-15 01:43:49,47,0.399,4.47,-20.0
2020-02-15 01:43:49,48,0.476,4.45,22.7
2020-02-15 01:43:49,49,0.437,4.47,-20.0
2020-02-15 01:43:49,50,0.38,4.46,-20.0
2020-02-15 01:43:49,51,0.401,4.45,-20.0
2020-02-15 01:43:49,52,0.343,4.45,-20.0
2020-02-15 01:43:49,53,0.381,4.45,-20.0
2020-02-15 01:43:49,54,0.34,4.42,-20.0
2020-02-15 01:43:49,55,0.32,4.42,-20.0
2020-02-15 01:43:49,56,0.395,4.42,-20.0
2020-02-15 01:43:49,57,0.386,4.42,-20.0
2020-02-15 01:43:49,58,0.396,4.43,-20.0
2020-02-15 01:43:49,59,0.372,4.44,-20.0
2020-02-15 01:43:49,60,0.364,4.5,19.9
2020-02-15 01:43:49,61,0.326,4.49,-20.0
2020-02-15 01:43:49,62,0.407,4.46,-20.0
2020-02-15 01:43:49,63,0.404,4.44,-20.0
2020-02-15 01:43:49,64,0.357,4.44,-20.0
2020-02-15 01:43:49,65,0.383,4.45,-20.0
2020-02-15 01:43:49,66,0.337,4.42,-20.0
2020-02-15 01:43:49,67,0.397,4.44,-20.0
2020-02-15 01:43:49,68,0.409,4.44,-20.0
2020-02-15 01:43:49,69,0.369,4.46,-20.0
2020-02-15 01:43:49,70,0.321,4.5,-20.0
2020-02-15 01:43:49,71,0.406,4.48,-20.0
2020-02-15 01:43:49,72,0.468,4.54,20.2
2020-02-15 01:43:49,73,0.431,4.5,-20.0
2020-02-15 01:43:49,74,0.424,4.46,-20.0
2020-02-15 01:43:49,75,0.361,4.5,-20.0
2020-02-15 01:43:49,76,0.364,4.46,-20.0
2020-02-15 01:43:49,77,0.387,4.49,-20.0
2020-02-15 01:43:49,78,0.438,4.53,-20.0
2020-02-15 01:43:49,79,0.385,4.55,-20.0
2020-02-15 01:43:49,80,0.353,4.52,-20.0
2020-02-15 01:43:49,81,0.358,4.5,-20.0
2020-02-15 01:43:49,82,0.406,4.48,-20.0
2020-02-15 01:43:49,83,0.383,4.47,23.2
2020-02-15 01:43:49,84,0.367,4.45,-20.0
2020-02-15 01:43:49,85,0.33,4.46,-20.0
2020-02-15 01:43:49,86,0.386,4.46,-20.0
2020-02-15 01:43:49,87,0.369,4.48,-20.0
2020-02-15 01:43:49,88,0.398,4.46,-20.0
2020-02-15 01:43:49,89,0.352,4.48,-20.0
2020-02-15 01:43:49,90,0.369,4.52,-20.0
2020-02-15 01:43:49,91,0.476,4.49,-20.0
2020-02-15 01:43:49,92,0.466,4.45,-20.0
2020-02-15 01:43:49,93,0.414,4.44,-20.0
2020-02-15 01:43:49,94,0.423,4.5,-20.0
2020-02-15 01:43:49,95,0.414,4.44,-20.0
2020-02-15 01:43:49,96,0.423,4.5,-20.0
2020-02-15 13:43:08,1,0.431,4.51,23.6
2020-02-15 13:43:08,2,0.444,4.53,-20.0
2020-02-15 13:43:08,3,0.419,4.53,-20.0
2020-02-15 13:43:08,4,0.442,4.49,-20.0
2020-02-15 13:43:08,5,0.441,4.54,-20.0
2020-02-15 13:43:08,6,0.363,4.51,-20.0
2020-02-15 13:43:08,7,0.395,4.48,-20.0
2020-02-15 13:43:08,8,0.377,4.49,-20.0
2020-02-15 13:43:08,9,0.417,4.47,-20.0
2020-02-15 13:43:08,10,0.396,4.48,-20.0
2020-02-15 13:43:08,11,0.393,4.44,-20.0
2020-02-15 13:43:08,12,0.371,4.46,-20.0
2020-02-15 13:43:08,13,0.404,4.47,22.8
2020-02-15 13:43:08,14,0.361,4.47,-20.0
2020-02-15 13:43:08,15,0.405,4.53,-20.0
2020-02-15 13:43:08,16,0.426,4.52,-20.0
2020-02-15 13:43:08,17,0.397,4.47,-20.0
2020-02-15 13:43:08,18,0.393,4.49,-20.0
2020-02-15 13:43:08,19,0.395,4.47,-20.0
2020-02-15 13:43:08,20,0.401,4.47,-20.0
2020-02-15 13:43:08,21,0.433,4.48,-20.0
2020-02-15 13:43:08,22,0.404,4.45,-20.0
2020-02-15 13:43:08,23,0.378,4.47,-20.0
2020-02-15 13:43:08,24,0.392,4.49,-20.0
2020-02-15 13:43:08,25,0.346,4.5,20.4
2020-02-15 13:43:08,26,0.398,4.49,-20.0
2020-02-15 13:43:08,27,0.456,4.46,-20.0
2020-02-15 13:43:08,28,0.428,4.46,-20.0
2020-02-15 13:43:08,29,0.403,4.46,-20.0
2020-02-15 13:43:08,30,0.321,4.47,-20.0
2020-02-15 13:43:08,31,0.328,4.46,-20.0
2020-02-15 13:43:08,32,0.346,4.47,-20.0
2020-02-15 13:43:08,33,0.421,4.47,-20.0
2020-02-15 13:43:08,34,0.372,4.49,-20.0
2020-02-15 13:43:08,35,0.35,4.48,-20.0
2020-02-15 13:43:08,36,0.332,4.5,-20.0
2020-02-15 13:43:08,37,0.413,4.47,20.8
2020-02-15 13:43:08,38,0.383,4.48,-20.0
2020-02-15 13:43:08,39,0.327,4.47,-20.0
2020-02-15 13:43:08,40,0.335,4.47,-20.0
2020-02-15 13:43:08,41,0.373,4.49,-20.0
2020-02-15 13:43:08,42,0.342,4.47,-20.0
2020-02-15 13:43:08,43,0.385,4.48,-20.0
2020-02-15 13:43:08,44,0.381,4.48,-20.0
2020-02-15 13:43:08,45,0.312,4.5,-20.0
2020-02-15 13:43:08,46,0.396,4.49,-20.0
2020-02-15 13:43:08,47,0.404,4.48,-20.0
2020-02-15 13:43:08,48,0.452,4.48,-20.0
2020-02-15 13:43:08,49,0.474,4.45,22.6
2020-02-15 13:43:08,50,0.427,4.48,-20.0
2020-02-15 13:43:08,51,0.379,4.45,-20.0
2020-02-15 13:43:08,52,0.343,4.44,-20.0
2020-02-15 13:43:08,53,0.379,4.45,-20.0
2020-02-15 13:43:08,54,0.337,4.41,-20.0
2020-02-15 13:43:08,55,0.321,4.41,-20.0
2020-02-15 13:43:08,56,0.398,4.42,-20.0
2020-02-15 13:43:08,57,0.386,4.42,-20.0
2020-02-15 13:43:08,58,0.398,4.43,-20.0
2020-02-15 13:43:08,59,0.368,4.45,-20.0
2020-02-15 13:43:08,60,0.328,4.5,-20.0
2020-02-15 13:43:08,61,0.408,4.47,-20.0
2020-02-15 13:43:08,62,0.406,4.43,-20.0
2020-02-15 13:43:08,63,0.355,4.44,-20.0
2020-02-15 13:43:08,64,0.338,4.42,-20.0
2020-02-15 13:43:08,65,0.401,4.45,-20.0
2020-02-15 13:43:08,66,0.412,4.44,-20.0
2020-02-15 13:43:08,67,0.375,4.46,-20.0
2020-02-15 13:43:08,68,0.319,4.49,-20.0
2020-02-15 13:43:08,69,0.408,4.48,-20.0
2020-02-15 13:43:08,70,0.471,4.54,20.2
2020-02-15 13:43:08,71,0.433,4.5,-20.0
2020-02-15 13:43:08,72,0.424,4.46,-20.0
2020-02-15 13:43:08,73,0.343,4.44,-20.0
2020-02-15 13:43:08,74,0.357,4.51,-20.0
2020-02-15 13:43:08,75,0.365,4.46,-20.0
2020-02-15 13:43:08,76,0.388,4.49,-20.0
2020-02-15 13:43:08,77,0.436,4.54,-20.0
2020-02-15 13:43:08,78,0.384,4.54,-20.0
2020-02-15 13:43:08,79,0.351,4.51,-20.0
2020-02-15 13:43:08,80,0.407,4.48,-20.0
2020-02-15 13:43:08,81,0.386,4.47,23.1
2020-02-15 13:43:08,82,0.369,4.46,-20.0
2020-02-15 13:43:08,83,0.331,4.46,-20.0
2020-02-15 13:43:08,84,0.37,4.49,-20.0
2020-02-15 13:43:08,85,0.391,4.46,-20.0
2020-02-15 13:43:08,86,0.354,4.49,-20.0
2020-02-15 13:43:08,87,0.371,4.52,-20.0
2020-02-15 13:43:08,88,0.479,4.48,-20.0
2020-02-15 13:43:08,89,0.468,4.46,-20.0
2020-02-15 13:43:08,90,0.419,4.45,-20.0
2020-02-15 13:43:08,91,0.423,4.5,-20.0
2020-02-15 13:43:08,92,0.371,4.52,-20.0
2020-02-15 13:43:08,93,0.479,4.48,-20.0
2020-02-15 13:43:08,94,0.468,4.45,-20.0
2020-02-15 13:43:08,95,0.419,4.44,-20.0
2020-02-15 13:43:08,96,0.423,4.5,-20.0
2020-02-16 01:42:26,1,0.432,4.5,23.5
2020-02-16 01:42:26,2,0.443,4.53,-20.0
2020-02-16 01:42:26,3,0.421,4.52,-20.0
2020-02-16 01:42:26,4,0.444,4.49,-20.0
2020-02-16 01:42:26,5,0.442,4.54,-20.0
2020-02-16 01:42:26,6,0.368,4.51,-20.0
2020-02-16 01:42:26,7,0.397,4.48,-20.0
2020-02-16 01:42:26,8,0.374,4.5,-20.0
2020-02-16 01:42:26,9,0.415,4.47,-20.0
2020-02-16 01:42:26,10,0.398,4.48,-20.0
2020-02-16 01:42:26,11,0.396,4.45,-20.0
2020-02-16 01:42:26,12,0.37,4.46,-20.0
2020-02-16 01:42:26,13,0.403,4.46,22.7
2020-02-16 01:42:26,14,0.36,4.48,-20.0
2020-02-16 01:42:26,15,0.406,4.53,-20.0
2020-02-16 01:42:26,16,0.425,4.52,-20.0
2020-02-16 01:42:26,17,0.399,4.47,-20.0
2020-02-16 01:42:26,18,0.397,4.49,-20.0
2020-02-16 01:42:26,19,0.396,4.47,-20.0
2020-02-16 01:42:26,20,0.4,4.48,-20.0
2020-02-16 01:42:26,21,0.431,4.47,-20.0
2020-02-16 01:42:26,22,0.404,4.46,-20.0
2020-02-16 01:42:26,23,0.383,4.47,-20.0
2020-02-16 01:42:26,24,0.39,4.48,-20.0
2020-02-16 01:42:26,25,0.347,4.5,20.1
2020-02-16 01:42:26,26,0.398,4.48,-20.0
2020-02-16 01:42:26,27,0.461,4.46,-20.0
2020-02-16 01:42:26,28,0.431,4.45,-20.0
2020-02-16 01:42:26,29,0.403,4.47,-20.0
2020-02-16 01:42:26,30,0.323,4.47,-20.0
2020-02-16 01:42:26,31,0.326,4.46,-20.0
2020-02-16 01:42:26,32,0.346,4.47,-20.0
2020-02-16 01:42:26,33,0.42,4.48,-20.0
2020-02-16 01:42:26,34,0.376,4.49,-20.0
2020-02-16 01:42:26,35,0.352,4.47,-20.0
2020-02-16 01:42:26,36,0.332,4.51,-20.0
2020-02-16 01:42:26,37,0.411,4.47,20.7
2020-02-16 01:42:26,38,0.384,4.49,-20.0
2020-02-16 01:42:26,39,0.325,4.47,-20.0
2020-02-16 01:42:26,40,0.335,4.47,-20.0
2020-02-16 01:42:26,41,0.373,4.49,-20.0
2020-02-16 01:42:26,42,0.345,4.47,-20.0
2020-02-16 01:42:26,43,0.386,4.5,-20.0
2020-02-16 01:42:26,44,0.312,4.5,-20.0
2020-02-16 01:42:26,45,0.395,4.49,-20.0
2020-02-16 01:42:26,46,0.405,4.48,-20.0
2020-02-16 01:42:26,47,0.454,4.48,-20.0
2020-02-16 01:42:26,48,0.476,4.44,22.6
2020-02-16 01:42:26,49,0.427,4.47,-20.0
2020-02-16 01:42:26,50,0.381,4.46,-20.0
2020-02-16 01:42:26,51,0.401,4.45,-20.0
2020-02-16 01:42:26,52,0.344,4.44,-20.0
2020-02-16 01:42:26,53,0.381,4.46,-20.0
2020-02-16 01:42:26,54,0.342,4.42,-20.0
2020-02-16 01:42:26,55,0.322,4.42,-20.0
2020-02-16 01:42:26,56,0.398,4.42,-20.0
2020-02-16 01:42:26,57,0.389,4.41,-20.0
2020-02-16 01:42:26,58,0.399,4.44,-20.0
2020-02-16 01:42:26,59,0.369,4.44,-20.0
2020-02-16 01:42:26,60,0.368,4.5,19.7
2020-02-16 01:42:26,61,0.33,4.49,-20.0
2020-02-16 01:42:26,62,0.407,4.44,-20.0
2020-02-16 01:42:26,63,0.387,4.45,-20.0
2020-02-16 01:42:26,64,0.338,4.42,-20.0
2020-02-16 01:42:26,65,0.403,4.45,-20.0
2020-02-16 01:42:26,66,0.412,4.45,-20.0
2020-02-16 01:42:26,67,0.38,4.45,-20.0
2020-02-16 01:42:26,68,0.318,4.49,-20.0
2020-02-16 01:42:26,69,0.412,4.49,-20.0
2020-02-16 01:42:26,70,0.469,4.53,20.1
2020-02-16 01:42:26,71,0.434,4.5,-20.0
2020-02-16 01:42:26,72,0.424,4.46,-20.0
2020-02-16 01:42:26,73,0.343,4.44,-20.0
2020-02-16 01:42:26,74,0.356,4.5,-20.0
2020-02-16 01:42:26,75,0.366,4.47,-20.0
2020-02-16 01:42:26,76,0.387,4.5,-20.0
2020-02-16 01:42:26,77,0.439,4.53,-20.0
2020-02-16 01:42:26,78,0.349,4.51,-20.0
2020-02-16 01:42:26,79,0.357,4.5,-20.0
2020-02-16 01:42:26,80,0.408,4.47,-20.0
2020-02-16 01:42:26,81,0.384,4.47,23.1
2020-02-16 01:42:26,82,0.37,4.45,-20.0
2020-02-16 01:42:26,83,0.333,4.46,-20.0
2020-02-16 01:42:26,84,0.386,4.46,-20.0
2020-02-16 01:42:26,85,0.361,4.49,-20.0
2020-02-16 01:42:26,86,0.385,4.46,-20.0
2020-02-16 01:42:26,87,0.352,4.49,-20.0
2020-02-16 01:42:26,88,0.369,4.52,-20.0
2020-02-16 01:42:26,89,0.476,4.48,-20.0
2020-02-16 01:42:26,90,0.465,4.45,-20.0
2020-02-16 01:42:26,91,0.417,4.44,-20.0
2020-02-16 01:42:26,92,0.421,4.5,-20.0
2020-02-16 01:42:26,93,0.476,4.48,-20.0
2020-02-16 01:42:26,94,0.465,4.45,-20.0
2020-02-16 01:42:26,95,0.417,4.44,-20.0
2020-02-16 01:42:26,96,0.421,4.5,-20.0
2020-02-16 13:41:30,1,0.434,4.5,23.6
2020-02-16 13:41:30,2,0.442,4.53,-20.0
2020-02-16 13:41:30,3,0.422,4.52,-20.0
2020-02-16 13:41:30,4,0.446,4.49,-20.0
2020-02-16 13:41:30,5,0.442,4.55,-20.0
2020-02-16 13:41:30,6,0.367,4.52,-20.0
2020-02-16 13:41:30,7,0.402,4.48,-20.0
2020-02-16 13:41:30,8,0.376,4.5,-20.0
2020-02-16 13:41:30,9,0.413,4.46,-20.0
2020-02-16 13:41:30,10,0.396,4.48,-20.0
2020-02-16 13:41:30,11,0.397,4.45,-20.0
2020-02-16 13:41:30,12,0.361,4.46,-20.0
2020-02-16 13:41:30,13,0.403,4.46,22.7
2020-02-16 13:41:30,14,0.36,4.47,-20.0
2020-02-16 13:41:30,15,0.405,4.54,-20.0
2020-02-16 13:41:30,16,0.422,4.53,-20.0
2020-02-16 13:41:30,17,0.396,4.48,-20.0
2020-02-16 13:41:30,18,0.396,4.48,-20.0
2020-02-16 13:41:30,19,0.397,4.47,-20.0
2020-02-16 13:41:30,20,0.402,4.48,-20.0
2020-02-16 13:41:30,21,0.435,4.47,-20.0
2020-02-16 13:41:30,22,0.407,4.46,-20.0
2020-02-16 13:41:30,23,0.385,4.48,-20.0
2020-02-16 13:41:30,24,0.394,4.48,-20.0
2020-02-16 13:41:30,25,0.345,4.5,20.1
2020-02-16 13:41:30,26,0.4,4.5,-20.0
2020-02-16 13:41:30,27,0.461,4.46,-20.0
2020-02-16 13:41:30,28,0.433,4.46,-20.0
2020-02-16 13:41:30,29,0.407,4.45,-20.0
2020-02-16 13:41:30,30,0.322,4.47,-20.0
2020-02-16 13:41:30,31,0.326,4.46,-20.0
2020-02-16 13:41:30,32,0.346,4.47,-20.0
2020-02-16 13:41:30,33,0.421,4.48,-20.0
2020-02-16 13:41:30,34,0.377,4.48,-20.0
2020-02-16 13:41:30,35,0.354,4.49,-20.0
2020-02-16 13:41:30,36,0.332,4.52,-20.0
2020-02-16 13:41:30,37,0.412,4.47,20.7
2020-02-16 13:41:30,38,0.388,4.48,-20.0
2020-02-16 13:41:30,39,0.328,4.45,-20.0
2020-02-16 13:41:30,40,0.332,4.47,-20.0
2020-02-16 13:41:30,41,0.343,4.47,-20.0
2020-02-16 13:41:30,42,0.381,4.48,-20.0
2020-02-16 13:41:30,43,0.312,4.51,-20.0
2020-02-16 13:41:30,44,0.395,4.5,-20.0
2020-02-16 13:41:30,45,0.403,4.48,-20.0
2020-02-16 13:41:30,46,0.456,4.48,-20.0
2020-02-16 13:41:30,47,0.475,4.44,22.6
2020-02-16 13:41:30,48,0.429,4.47,-20.0
2020-02-16 13:41:30,49,0.381,4.46,-20.0
2020-02-16 13:41:30,50,0.401,4.45,-20.0
2020-02-16 13:41:30,51,0.379,4.45,-20.0
2020-02-16 13:41:30,52,0.348,4.41,-20.0
2020-02-16 13:41:30,53,0.321,4.42,-20.0
2020-02-16 13:41:30,54,0.399,4.42,-20.0
2020-02-16 13:41:30,55,0.392,4.42,-20.0
2020-02-16 13:41:30,56,0.4,4.43,-20.0
2020-02-16 13:41:30,57,0.375,4.45,-20.0
2020-02-16 13:41:30,58,0.368,4.51,19.7
2020-02-16 13:41:30,59,0.333,4.5,-20.0
2020-02-16 13:41:30,60,0.411,4.46,-20.0
2020-02-16 13:41:30,61,0.405,4.43,-20.0
2020-02-16 13:41:30,62,0.355,4.45,-20.0
2020-02-16 13:41:30,63,0.389,4.45,-20.0
2020-02-16 13:41:30,64,0.402,4.45,-20.0
2020-02-16 13:41:30,65,0.409,4.44,-20.0
2020-02-16 13:41:30,66,0.375,4.46,-20.0
2020-02-16 13:41:30,67,0.32,4.51,-20.0
2020-02-16 13:41:30,68,0.411,4.49,-20.0
2020-02-16 13:41:30,69,0.469,4.53,20.1
2020-02-16 13:41:30,70,0.434,4.49,-20.0
2020-02-16 13:41:30,71,0.342,4.44,-20.0
2020-02-16 13:41:30,72,0.355,4.51,-20.0
2020-02-16 13:41:30,73,0.367,4.46,-20.0
2020-02-16 13:41:30,74,0.387,4.49,-20.0
2020-02-16 13:41:30,75,0.437,4.54,-20.0
2020-02-16 13:41:30,76,0.387,4.55,-20.0
2020-02-16 13:41:30,77,0.348,4.52,-20.0
2020-02-16 13:41:30,78,0.357,4.5,-20.0
2020-02-16 13:41:30,79,0.408,4.48,-20.0
2020-02-16 13:41:30,80,0.385,4.46,23.1
2020-02-16 13:41:30,81,0.371,4.46,-20.0
2020-02-16 13:41:30,82,0.335,4.45,-20.0
2020-02-16 13:41:30,83,0.384,4.46,-20.0
2020-02-16 13:41:30,84,0.361,4.48,-20.0
2020-02-16 13:41:30,85,0.388,4.46,-20.0
2020-02-16 13:41:30,86,0.358,4.48,-20.0
2020-02-16 13:41:30,87,0.372,4.53,-20.0
2020-02-16 13:41:30,88,0.478,4.48,-20.0
2020-02-16 13:41:30,89,0.466,4.45,-20.0
2020-02-16 13:41:30,90,0.419,4.44,-20.0
2020-02-16 13:41:30,91,0.422,4.5,-20.0
2020-02-16 13:41:30,92,0.372,4.54,-20.0
2020-02-16 13:41:30,93,0.478,4.48,-20.0
2020-02-16 13:41:30,94,0.466,4.46,-20.0
2020-02-16 13:41:30,95,0.419,4.44,-20.0
2020-02-16 13:41:30,96,0.422,4.5,-20.0
2020-02-17 01:40:52,1,0.433,4.5,23.6
2020-02-17 01:40:52,2,0.442,4.53,-20.0
2020-02-17 01:40:52,3,0.419,4.53,-20.0
2020-02-17 01:40:52,4,0.443,4.49,-20.0
2020-02-17 01:40:52,5,0.444,4.53,-20.0
2020-02-17 01:40:52,6,0.367,4.51,-20.0
2020-02-17 01:40:52,7,0.4,4.47,-20.0
2020-02-17 01:40:52,8,0.38,4.49,-20.0
2020-02-17 01:40:52,9,0.415,4.47,-20.0
2020-02-17 01:40:52,10,0.395,4.49,-20.0
2020-02-17 01:40:52,11,0.394,4.44,-20.0
2020-02-17 01:40:52,12,0.365,4.45,-20.0
2020-02-17 01:40:52,13,0.4,4.47,22.8
2020-02-17 01:40:52,14,0.359,4.47,-20.0
2020-02-17 01:40:52,15,0.406,4.54,-20.0
2020-02-17 01:40:52,16,0.422,4.53,-20.0
2020-02-17 01:40:52,17,0.397,4.48,-20.0
2020-02-17 01:40:52,18,0.399,4.48,-20.0
2020-02-17 01:40:52,19,0.397,4.47,-20.0
2020-02-17 01:40:52,20,0.402,4.47,-20.0
2020-02-17 01:40:52,21,0.432,4.47,-20.0
2020-02-17 01:40:52,22,0.407,4.46,-20.0
2020-02-17 01:40:52,23,0.386,4.47,-20.0
2020-02-17 01:40:52,24,0.396,4.48,-20.0
2020-02-17 01:40:52,25,0.343,4.51,20.1
2020-02-17 01:40:52,26,0.401,4.48,-20.0
2020-02-17 01:40:52,27,0.457,4.46,-20.0
2020-02-17 01:40:52,28,0.433,4.46,-20.0
2020-02-17 01:40:52,29,0.411,4.46,-20.0
2020-02-17 01:40:52,30,0.321,4.47,-20.0
2020-02-17 01:40:52,31,0.327,4.46,-20.0
2020-02-17 01:40:52,32,0.35,4.47,-20.0
2020-02-17 01:40:52,33,0.423,4.46,-20.0
2020-02-17 01:40:52,34,0.376,4.49,-20.0
2020-02-17 01:40:52,35,0.353,4.48,-20.0
2020-02-17 01:40:52,36,0.331,4.51,-20.0
2020-02-17 01:40:52,37,0.411,4.47,20.7
2020-02-17 01:40:52,38,0.387,4.49,-20.0
2020-02-17 01:40:52,39,0.331,4.46,-20.0
2020-02-17 01:40:52,40,0.333,4.46,-20.0
2020-02-17 01:40:52,41,0.372,4.5,-20.0
2020-02-17 01:40:52,42,0.345,4.48,-20.0
2020-02-17 01:40:52,43,0.384,4.49,-20.0
2020-02-17 01:40:52,44,0.382,4.48,-20.0
2020-02-17 01:40:52,45,0.311,4.51,-20.0
2020-02-17 01:40:52,46,0.396,4.48,-20.0
2020-02-17 01:40:52,47,0.392,4.48,-20.0
2020-02-17 01:40:52,48,0.445,4.48,-20.0
2020-02-17 01:40:52,49,0.43,4.46,-20.0
2020-02-17 01:40:52,50,0.38,4.46,-20.0
2020-02-17 01:40:52,51,0.343,4.44,-20.0
2020-02-17 01:40:52,52,0.381,4.45,-20.0
2020-02-17 01:40:52,53,0.319,4.42,-20.0
2020-02-17 01:40:52,54,0.393,4.42,-20.0
2020-02-17 01:40:52,55,0.399,4.43,-20.0
2020-02-17 01:40:52,56,0.373,4.44,-20.0
2020-02-17 01:40:52,57,0.364,4.51,19.8
2020-02-17 01:40:52,58,0.333,4.5,-20.0
2020-02-17 01:40:52,59,0.411,4.48,-20.0
2020-02-17 01:40:52,60,0.404,4.44,-20.0
2020-02-17 01:40:52,61,0.356,4.45,-20.0
2020-02-17 01:40:52,62,0.389,4.45,-20.0
2020-02-17 01:40:52,63,0.339,4.43,-20.0
2020-02-17 01:40:52,64,0.402,4.45,-20.0
2020-02-17 01:40:52,65,0.406,4.44,-20.0
2020-02-17 01:40:52,66,0.318,4.49,-20.0
2020-02-17 01:40:52,67,0.407,4.49,-20.0
2020-02-17 01:40:52,68,0.433,4.5,-20.0
2020-02-17 01:40:52,69,0.423,4.46,-20.0
2020-02-17 01:40:52,70,0.346,4.45,-20.0
2020-02-17 01:40:52,71,0.355,4.5,-20.0
2020-02-17 01:40:52,72,0.366,4.46,-20.0
2020-02-17 01:40:52,73,0.386,4.5,-20.0
2020-02-17 01:40:52,74,0.389,4.54,-20.0
2020-02-17 01:40:52,75,0.349,4.51,-20.0
2020-02-17 01:40:52,76,0.357,4.5,-20.0
2020-02-17 01:40:52,77,0.406,4.48,-20.0
2020-02-17 01:40:52,78,0.381,4.46,23.1
2020-02-17 01:40:52,79,0.368,4.45,-20.0
2020-02-17 01:40:52,80,0.333,4.45,-20.0
2020-02-17 01:40:52,81,0.388,4.46,-20.0
2020-02-17 01:40:52,82,0.359,4.48,-20.0
2020-02-17 01:40:52,83,0.385,4.47,-20.0
2020-02-17 01:40:52,84,0.355,4.48,-20.0
2020-02-17 01:40:52,85,0.37,4.52,-20.0
2020-02-17 01:40:52,86,0.476,4.49,-20.0
2020-02-17 01:40:52,87,0.466,4.45,-20.0
2020-02-17 01:40:52,88,0.418,4.45,-20.0
2020-02-17 01:40:52,89,0.423,4.5,-20.0
2020-02-17 01:40:52,90,0.385,4.46,-20.0
2020-02-17 01:40:52,91,0.355,4.48,-20.0
2020-02-17 01:40:52,92,0.37,4.52,-20.0
2020-02-17 01:40:52,93,0.476,4.48,-20.0
2020-02-17 01:40:52,94,0.466,4.45,-20.0
2020-02-17 01:40:52,95,0.418,4.44,-20.0
2020-02-17 01:40:52,96,0.423,4.5,-20.0
2020-02-17 13:40:17,1,0.432,4.5,23.6
2020-02-17 13:40:17,2,0.438,4.53,-20.0
2020-02-17 13:40:17,3,0.417,4.54,-20.0
2020-02-17 13:40:17,4,0.44,4.49,-20.0
2020-02-17 13:40:17,5,0.44,4.54,-20.0
2020-02-17 13:40:17,6,0.362,4.52,-20.0
2020-02-17 13:40:17,7,0.398,4.48,-20.0
2020-02-17 13:40:17,8,0.379,4.5,-20.0
2020-02-17 13:40:17,9,0.415,4.47,-20.0
2020-02-17 13:40:17,10,0.396,4.48,-20.0
2020-02-17 13:40:17,11,0.394,4.44,-20.0
2020-02-17 13:40:17,12,0.364,4.46,-20.0
2020-02-17 13:40:17,13,0.4,4.47,22.7
2020-02-17 13:40:17,14,0.357,4.48,-20.0
2020-02-17 13:40:17,15,0.406,4.54,-20.0
2020-02-17 13:40:17,16,0.421,4.53,-20.0
2020-02-17 13:40:17,17,0.397,4.48,-20.0
2020-02-17 13:40:17,18,0.395,4.48,-20.0
2020-02-17 13:40:17,19,0.397,4.48,-20.0
2020-02-17 13:40:17,20,0.4,4.48,-20.0
2020-02-17 13:40:17,21,0.436,4.47,-20.0
2020-02-17 13:40:17,22,0.406,4.46,-20.0
2020-02-17 13:40:17,23,0.386,4.48,-20.0
2020-02-17 13:40:17,24,0.397,4.48,-20.0
2020-02-17 13:40:17,25,0.34,4.51,20.1
2020-02-17 13:40:17,26,0.403,4.48,-20.0
2020-02-17 13:40:17,27,0.458,4.46,-20.0
2020-02-17 13:40:17,28,0.432,4.47,-20.0
2020-02-17 13:40:17,29,0.412,4.45,-20.0
2020-02-17 13:40:17,30,0.319,4.47,-20.0
2020-02-17 13:40:17,31,0.327,4.46,-20.0
2020-02-17 13:40:17,32,0.349,4.46,-20.0
2020-02-17 13:40:17,33,0.422,4.48,-20.0
2020-02-17 13:40:17,34,0.376,4.49,-20.0
2020-02-17 13:40:17,35,0.353,4.48,-20.0
2020-02-17 13:40:17,36,0.333,4.51,-20.0
2020-02-17 13:40:17,37,0.413,4.48,20.6
2020-02-17 13:40:17,38,0.389,4.49,-20.0
2020-02-17 13:40:17,39,0.33,4.46,-20.0
2020-02-17 13:40:17,40,0.334,4.46,-20.0
2020-02-17 13:40:17,41,0.372,4.5,-20.0
2020-02-17 13:40:17,42,0.344,4.48,-20.0
2020-02-17 13:40:17,43,0.385,4.49,-20.0
2020-02-17 13:40:17,44,0.31,4.51,-20.0
2020-02-17 13:40:17,45,0.399,4.49,-20.0
2020-02-17 13:40:17,46,0.398,4.49,-20.0
2020-02-17 13:40:17,47,0.449,4.49,-20.0
2020-02-17 13:40:17,48,0.432,4.47,-20.0
2020-02-17 13:40:17,49,0.378,4.46,-20.0
2020-02-17 13:40:17,50,0.398,4.44,-20.0
2020-02-17 13:40:17,51,0.343,4.43,-20.0
2020-02-17 13:40:17,52,0.383,4.45,-20.0
2020-02-17 13:40:17,53,0.353,4.43,-20.0
2020-02-17 13:40:17,54,0.322,4.41,-20.0
2020-02-17 13:40:17,55,0.405,4.42,-20.0
2020-02-17 13:40:17,56,0.394,4.42,-20.0
2020-02-17 13:40:17,57,0.396,4.44,-20.0
2020-02-17 13:40:17,58,0.373,4.45,-20.0
2020-02-17 13:40:17,59,0.364,4.5,19.7
2020-02-17 13:40:17,60,0.333,4.5,-20.0
2020-02-17 13:40:17,61,0.411,4.47,-20.0
2020-02-17 13:40:17,62,0.404,4.43,-20.0
2020-02-17 13:40:17,63,0.359,4.44,-20.0
2020-02-17 13:40:17,64,0.387,4.45,-20.0
2020-02-17 13:40:17,65,0.34,4.41,-20.0
2020-02-17 13:40:17,66,0.405,4.45,-20.0
2020-02-17 13:40:17,67,0.409,4.44,-20.0
2020-02-17 13:40:17,68,0.374,4.47,-20.0
2020-02-17 13:40:17,69,0.409,4.49,-20.0
2020-02-17 13:40:17,70,0.471,4.54,20.0
2020-02-17 13:40:17,71,0.434,4.51,-20.0
2020-02-17 13:40:17,72,0.424,4.46,-20.0
2020-02-17 13:40:17,73,0.344,4.44,-20.0
2020-02-17 13:40:17,74,0.355,4.5,-20.0
2020-02-17 13:40:17,75,0.364,4.46,-20.0
2020-02-17 13:40:17,76,0.384,4.5,-20.0
2020-02-17 13:40:17,77,0.438,4.53,-20.0
2020-02-17 13:40:17,78,0.388,4.55,-20.0
2020-02-17 13:40:17,79,0.351,4.51,-20.0
2020-02-17 13:40:17,80,0.36,4.5,-20.0
2020-02-17 13:40:17,81,0.408,4.48,-20.0
2020-02-17 13:40:17,82,0.381,4.46,23.1
2020-02-17 13:40:17,83,0.368,4.45,-20.0
2020-02-17 13:40:17,84,0.388,4.46,-20.0
2020-02-17 13:40:17,85,0.359,4.48,-20.0
2020-02-17 13:40:17,86,0.39,4.46,-20.0
2020-02-17 13:40:17,87,0.354,4.49,-20.0
2020-02-17 13:40:17,88,0.369,4.53,-20.0
2020-02-17 13:40:17,89,0.476,4.48,-20.0
2020-02-17 13:40:17,90,0.467,4.45,-20.0
2020-02-17 13:40:17,91,0.417,4.44,-20.0
2020-02-17 13:40:17,92,0.423,4.51,-20.0
2020-02-17 13:40:17,93,0.476,4.49,-20.0
2020-02-17 13:40:17,94,0.467,4.45,-20.0
2020-02-17 13:40:17,95,0.417,4.44,-20.0
2020-02-17 13:40:17,96,0.423,4.51,-20.0
2020-02-18 01:39:24,1,0.432,4.5,23.5
2020-02-18 01:39:24,2,0.438,4.53,-20.0
2020-02-18 01:39:24,3,0.417,4.54,-20.0
2020-02-18 01:39:24,4,0.44,4.49,-20.0
2020-02-18 01:39:24,5,0.442,4.54,-20.0
2020-02-18 01:39:24,6,0.363,4.52,-20.0
2020-02-18 01:39:24,7,0.397,4.48,-20.0
2020-02-18 01:39:24,8,0.377,4.49,-20.0
2020-02-18 01:39:24,9,0.415,4.47,-20.0
2020-02-18 01:39:24,10,0.398,4.48,-20.0
2020-02-18 01:39:24,11,0.395,4.45,-20.0
2020-02-18 01:39:24,12,0.365,4.46,-20.0
2020-02-18 01:39:24,13,0.401,4.47,22.7
2020-02-18 01:39:24,14,0.357,4.48,-20.0
2020-02-18 01:39:24,15,0.405,4.53,-20.0
2020-02-18 01:39:24,16,0.423,4.52,-20.0
2020-02-18 01:39:24,17,0.398,4.48,-20.0
2020-02-18 01:39:24,18,0.394,4.48,-20.0
2020-02-18 01:39:24,19,0.398,4.47,-20.0
2020-02-18 01:39:24,20,0.402,4.48,-20.0
2020-02-18 01:39:24,21,0.433,4.48,-20.0
2020-02-18 01:39:24,22,0.402,4.46,-20.0
2020-02-18 01:39:24,23,0.39,4.48,-20.0
2020-02-18 01:39:24,24,0.395,4.48,-20.0
2020-02-18 01:39:24,25,0.339,4.49,20.1
2020-02-18 01:39:24,26,0.403,4.49,-20.0
2020-02-18 01:39:24,27,0.457,4.46,-20.0
2020-02-18 01:39:24,28,0.432,4.46,-20.0
2020-02-18 01:39:24,29,0.414,4.46,-20.0
2020-02-18 01:39:24,30,0.322,4.47,-20.0
2020-02-18 01:39:24,31,0.328,4.45,-20.0
2020-02-18 01:39:24,32,0.347,4.46,-20.0
2020-02-18 01:39:24,33,0.422,4.47,-20.0
2020-02-18 01:39:24,34,0.376,4.49,-20.0
2020-02-18 01:39:24,35,0.354,4.48,-20.0
2020-02-18 01:39:24,36,0.333,4.52,-20.0
2020-02-18 01:39:24,37,0.417,4.48,20.6
2020-02-18 01:39:24,38,0.389,4.49,-20.0
2020-02-18 01:39:24,39,0.32,4.47,-20.0
2020-02-18 01:39:24,40,0.331,4.48,-20.0
2020-02-18 01:39:24,41,0.374,4.5,-20.0
2020-02-18 01:39:24,42,0.333,4.47,-20.0
2020-02-18 01:39:24,43,0.365,4.48,-20.0
2020-02-18 01:39:24,44,0.375,4.48,-20.0
2020-02-18 01:39:24,45,0.311,4.51,-20.0
2020-02-18 01:39:24,46,0.4,4.49,-20.0
2020-02-18 01:39:24,47,0.431,4.48,-20.0
2020-02-18 01:39:24,48,0.48,4.44,22.6
2020-02-18 01:39:24,49,0.439,4.47,-20.0
2020-02-18 01:39:24,50,0.38,4.46,-20.0
2020-02-18 01:39:24,51,0.399,4.46,-20.0
2020-02-18 01:39:24,52,0.345,4.44,-20.0
2020-02-18 01:39:24,53,0.383,4.46,-20.0
2020-02-18 01:39:24,54,0.351,4.42,-20.0
2020-02-18 01:39:24,55,0.322,4.42,-20.0
2020-02-18 01:39:24,56,0.403,4.42,-20.0
2020-02-18 01:39:24,57,0.394,4.42,-20.0
2020-02-18 01:39:24,58,0.396,4.43,-20.0
2020-02-18 01:39:24,59,0.374,4.45,-20.0
2020-02-18 01:39:24,60,0.365,4.5,19.6
2020-02-18 01:39:24,61,0.329,4.5,-20.0
2020-02-18 01:39:24,62,0.412,4.47,-20.0
2020-02-18 01:39:24,63,0.406,4.44,-20.0
2020-02-18 01:39:24,64,0.357,4.44,-20.0
2020-02-18 01:39:24,65,0.386,4.45,-20.0
2020-02-18 01:39:24,66,0.341,4.43,-20.0
2020-02-18 01:39:24,67,0.401,4.45,-20.0
2020-02-18 01:39:24,68,0.376,4.46,-20.0
2020-02-18 01:39:24,69,0.32,4.49,-20.0
2020-02-18 01:39:24,70,0.408,4.49,-20.0
2020-02-18 01:39:24,71,0.46,4.54,20.0
2020-02-18 01:39:24,72,0.421,4.5,-20.0
2020-02-18 01:39:24,73,0.34,4.44,-20.0
2020-02-18 01:39:24,74,0.356,4.5,-20.0
2020-02-18 01:39:24,75,0.359,4.46,-20.0
2020-02-18 01:39:24,76,0.386,4.5,-20.0
2020-02-18 01:39:24,77,0.433,4.54,-20.0
2020-02-18 01:39:24,78,0.391,4.55,-20.0
2020-02-18 01:39:24,79,0.353,4.52,-20.0
2020-02-18 01:39:24,80,0.382,4.47,23.0
2020-02-18 01:39:24,81,0.367,4.45,-20.0
2020-02-18 01:39:24,82,0.335,4.46,-20.0
2020-02-18 01:39:24,83,0.363,4.49,-20.0
2020-02-18 01:39:24,84,0.392,4.46,-20.0
2020-02-18 01:39:24,85,0.357,4.49,-20.0
2020-02-18 01:39:24,86,0.369,4.52,-20.0
2020-02-18 01:39:24,87,0.478,4.48,-20.0
2020-02-18 01:39:24,88,0.468,4.45,-20.0
2020-02-18 01:39:24,89,0.419,4.44,-20.0
2020-02-18 01:39:24,90,0.425,4.5,-20.0
2020-02-18 01:39:24,91,0.357,4.49,-20.0
2020-02-18 01:39:24,92,0.369,4.52,-20.0
2020-02-18 01:39:24,93,0.478,4.48,-20.0
2020-02-18 01:39:24,94,0.468,4.45,-20.0
2020-02-18 01:39:24,95,0.419,4.45,-20.0
2020-02-18 01:39:24,96,0.425,4.5,-20.0
2020-02-18 13:38:37,1,0.428,4.5,23.5
2020-02-18 13:38:37,2,0.438,4.53,-20.0
2020-02-18 13:38:37,3,0.419,4.53,-20.0
2020-02-18 13:38:37,4,0.442,4.49,-20.0
2020-02-18 13:38:37,5,0.437,4.54,-20.0
2020-02-18 13:38:37,6,0.363,4.52,-20.0
2020-02-18 13:38:37,7,0.396,4.49,-20.0
2020-02-18 13:38:37,8,0.378,4.5,-20.0
2020-02-18 13:38:37,9,0.416,4.47,-20.0
2020-02-18 13:38:37,10,0.396,4.48,-20.0
2020-02-18 13:38:37,11,0.396,4.44,-20.0
2020-02-18 13:38:37,12,0.369,4.45,-20.0
2020-02-18 13:38:37,13,0.401,4.47,22.7
2020-02-18 13:38:37,14,0.356,4.48,-20.0
2020-02-18 13:38:37,15,0.404,4.54,-20.0
2020-02-18 13:38:37,16,0.426,4.53,-20.0
2020-02-18 13:38:37,17,0.398,4.48,-20.0
2020-02-18 13:38:37,18,0.396,4.48,-20.0
2020-02-18 13:38:37,19,0.395,4.47,-20.0
2020-02-18 13:38:37,20,0.401,4.48,-20.0
2020-02-18 13:38:37,21,0.434,4.47,-20.0
2020-02-18 13:38:37,22,0.404,4.46,-20.0
2020-02-18 13:38:37,23,0.394,4.46,-20.0
2020-02-18 13:38:37,24,0.396,4.48,-20.0
2020-02-18 13:38:37,25,0.339,4.5,20.1
2020-02-18 13:38:37,26,0.404,4.49,-20.0
2020-02-18 13:38:37,27,0.458,4.46,-20.0
2020-02-18 13:38:37,28,0.435,4.47,-20.0
2020-02-18 13:38:37,29,0.415,4.46,-20.0
2020-02-18 13:38:37,30,0.326,4.47,-20.0
2020-02-18 13:38:37,31,0.33,4.46,-20.0
2020-02-18 13:38:37,32,0.345,4.47,-20.0
2020-02-18 13:38:37,33,0.422,4.47,-20.0
2020-02-18 13:38:37,34,0.377,4.49,-20.0
2020-02-18 13:38:37,35,0.352,4.48,-20.0
2020-02-18 13:38:37,36,0.331,4.51,-20.0
2020-02-18 13:38:37,37,0.416,4.48,20.6
2020-02-18 13:38:37,38,0.321,4.46,-20.0
2020-02-18 13:38:37,39,0.332,4.47,-20.0
2020-02-18 13:38:37,40,0.373,4.5,-20.0
2020-02-18 13:38:37,41,0.335,4.47,-20.0
2020-02-18 13:38:37,42,0.369,4.49,-20.0
2020-02-18 13:38:37,43,0.378,4.48,-20.0
2020-02-18 13:38:37,44,0.308,4.51,-20.0
2020-02-18 13:38:37,45,0.4,4.5,-20.0
2020-02-18 13:38:37,46,0.395,4.48,-20.0
2020-02-18 13:38:37,47,0.438,4.49,-20.0
2020-02-18 13:38:37,48,0.478,4.44,22.6
2020-02-18 13:38:37,49,0.44,4.48,-20.0
2020-02-18 13:38:37,50,0.38,4.45,-20.0
2020-02-18 13:38:37,51,0.401,4.45,-20.0
2020-02-18 13:38:37,52,0.344,4.44,-20.0
2020-02-18 13:38:37,53,0.383,4.45,-20.0
2020-02-18 13:38:37,54,0.353,4.41,-20.0
2020-02-18 13:38:37,55,0.324,4.42,-20.0
2020-02-18 13:38:37,56,0.401,4.42,-20.0
2020-02-18 13:38:37,57,0.394,4.42,-20.0
2020-02-18 13:38:37,58,0.396,4.43,-20.0
2020-02-18 13:38:37,59,0.381,4.45,-20.0
2020-02-18 13:38:37,60,0.368,4.49,19.7
2020-02-18 13:38:37,61,0.332,4.5,-20.0
2020-02-18 13:38:37,62,0.409,4.47,-20.0
2020-02-18 13:38:37,63,0.404,4.43,-20.0
2020-02-18 13:38:37,64,0.354,4.45,-20.0
2020-02-18 13:38:37,65,0.34,4.41,-20.0
2020-02-18 13:38:37,66,0.4,4.45,-20.0
2020-02-18 13:38:37,67,0.405,4.44,-20.0
2020-02-18 13:38:37,68,0.383,4.47,-20.0
2020-02-18 13:38:37,69,0.322,4.49,-20.0
2020-02-18 13:38:37,70,0.409,4.49,-20.0
2020-02-18 13:38:37,71,0.463,4.54,20.0
2020-02-18 13:38:37,72,0.421,4.5,-20.0
2020-02-18 13:38:37,73,0.423,4.46,-20.0
2020-02-18 13:38:37,74,0.34,4.44,-20.0
2020-02-18 13:38:37,75,0.357,4.5,-20.0
2020-02-18 13:38:37,76,0.362,4.47,-20.0
2020-02-18 13:38:37,77,0.385,4.49,-20.0
2020-02-18 13:38:37,78,0.434,4.54,-20.0
2020-02-18 13:38:37,79,0.39,4.55,-20.0
2020-02-18 13:38:37,80,0.354,4.51,-20.0
2020-02-18 13:38:37,81,0.358,4.5,-20.0
2020-02-18 13:38:37,82,0.409,4.48,-20.0
2020-02-18 13:38:37,83,0.38,4.47,23.1
2020-02-18 13:38:37,84,0.37,4.45,-20.0
2020-02-18 13:38:37,85,0.338,4.45,-20.0
2020-02-18 13:38:37,86,0.388,4.46,-20.0
2020-02-18 13:38:37,87,0.364,4.49,-20.0
2020-02-18 13:38:37,88,0.395,4.46,-20.0
2020-02-18 13:38:37,89,0.354,4.48,-20.0
2020-02-18 13:38:37,90,0.369,4.53,-20.0
2020-02-18 13:38:37,91,0.478,4.48,-20.0
2020-02-18 13:38:37,92,0.471,4.45,-20.0
2020-02-18 13:38:37,93,0.417,4.44,-20.0
2020-02-18 13:38:37,94,0.429,4.51,-20.0
2020-02-18 13:38:37,95,0.417,4.44,-20.0
2020-02-18 13:38:37,96,0.429,4.5,-20.0
2020-02-19 01:37:56,1,0.429,4.51,23.5
2020-02-19 01:37:56,2,0.44,4.53,-20.0
2020-02-19 01:37:56,3,0.418,4.53,-20.0
2020-02-19 01:37:56,4,0.445,4.49,-20.0
2020-02-19 01:37:56,5,0.436,4.54,-20.0
2020-02-19 01:37:56,6,0.36,4.52,-20.0
2020-02-19 01:37:56,7,0.398,4.48,-20.0
2020-02-19 01:37:56,8,0.377,4.5,-20.0
2020-02-19 01:37:56,9,0.416,4.46,-20.0
2020-02-19 01:37:56,10,0.393,4.48,-20.0
2020-02-19 01:37:56,11,0.4,4.44,-20.0
2020-02-19 01:37:56,12,0.372,4.46,-20.0
2020-02-19 01:37:56,13,0.399,4.46,22.7
2020-02-19 01:37:56,14,0.358,4.48,-20.0
2020-02-19 01:37:56,15,0.403,4.53,-20.0
2020-02-19 01:37:56,16,0.425,4.53,-20.0
2020-02-19 01:37:56,17,0.399,4.48,-20.0
2020-02-19 01:37:56,18,0.396,4.49,-20.0
2020-02-19 01:37:56,19,0.397,4.47,-20.0
2020-02-19 01:37:56,20,0.402,4.47,-20.0
2020-02-19 01:37:56,21,0.437,4.46,-20.0
2020-02-19 01:37:56,22,0.404,4.47,-20.0
2020-02-19 01:37:56,23,0.395,4.47,-20.0
2020-02-19 01:37:56,24,0.398,4.48,-20.0
2020-02-19 01:37:56,25,0.339,4.49,20.1
2020-02-19 01:37:56,26,0.406,4.49,-20.0
2020-02-19 01:37:56,27,0.455,4.46,-20.0
2020-02-19 01:37:56,28,0.433,4.45,-20.0
2020-02-19 01:37:56,29,0.401,4.46,-20.0
2020-02-19 01:37:56,30,0.322,4.48,-20.0
2020-02-19 01:37:56,31,0.324,4.47,-20.0
2020-02-19 01:37:56,32,0.335,4.46,-20.0
2020-02-19 01:37:56,33,0.416,4.48,-20.0
2020-02-19 01:37:56,34,0.364,4.49,-20.0
2020-02-19 01:37:56,35,0.35,4.49,-20.0
2020-02-19 01:37:56,36,0.326,4.51,-20.0
2020-02-19 01:37:56,37,0.41,4.48,20.6
2020-02-19 01:37:56,38,0.372,4.49,-20.0
2020-02-19 01:37:56,39,0.317,4.45,-20.0
2020-02-19 01:37:56,40,0.331,4.47,-20.0
2020-02-19 01:37:56,41,0.373,4.49,-20.0
2020-02-19 01:37:56,42,0.339,4.48,-20.0
2020-02-19 01:37:56,43,0.372,4.48,-20.0
2020-02-19 01:37:56,44,0.38,4.48,-20.0
2020-02-19 01:37:56,45,0.306,4.5,-20.0
2020-02-19 01:37:56,46,0.399,4.48,-20.0
2020-02-19 01:37:56,47,0.398,4.48,-20.0
2020-02-19 01:37:56,48,0.482,4.45,22.5
2020-02-19 01:37:56,49,0.437,4.48,-20.0
2020-02-19 01:37:56,50,0.378,4.46,-20.0
2020-02-19 01:37:56,51,0.404,4.46,-20.0
2020-02-19 01:37:56,52,0.345,4.45,-20.0
2020-02-19 01:37:56,53,0.382,4.45,-20.0
2020-02-19 01:37:56,54,0.359,4.42,-20.0
2020-02-19 01:37:56,55,0.326,4.42,-20.0
2020-02-19 01:37:56,56,0.4,4.42,-20.0
2020-02-19 01:37:56,57,0.394,4.42,-20.0
2020-02-19 01:37:56,58,0.401,4.43,-20.0
2020-02-19 01:37:56,59,0.384,4.46,-20.0
2020-02-19 01:37:56,60,0.366,4.48,19.7
2020-02-19 01:37:56,61,0.412,4.47,-20.0
2020-02-19 01:37:56,62,0.403,4.45,-20.0
2020-02-19 01:37:56,63,0.354,4.44,-20.0
2020-02-19 01:37:56,64,0.382,4.45,-20.0
2020-02-19 01:37:56,65,0.337,4.43,-20.0
2020-02-19 01:37:56,66,0.388,4.45,-20.0
2020-02-19 01:37:56,67,0.404,4.45,-20.0
2020-02-19 01:37:56,68,0.323,4.49,-20.0
2020-02-19 01:37:56,69,0.406,4.48,-20.0
2020-02-19 01:37:56,70,0.455,4.54,20.0
2020-02-19 01:37:56,71,0.427,4.5,-20.0
2020-02-19 01:37:56,72,0.422,4.45,-20.0
2020-02-19 01:37:56,73,0.34,4.44,-20.0
2020-02-19 01:37:56,74,0.359,4.5,-20.0
2020-02-19 01:37:56,75,0.364,4.47,-20.0
2020-02-19 01:37:56,76,0.382,4.49,-20.0
2020-02-19 01:37:56,77,0.438,4.54,-20.0
2020-02-19 01:37:56,78,0.391,4.55,-20.0
2020-02-19 01:37:56,79,0.355,4.51,-20.0
2020-02-19 01:37:56,80,0.36,4.51,-20.0
2020-02-19 01:37:56,81,0.408,4.48,-20.0
2020-02-19 01:37:56,82,0.382,4.47,23.0
2020-02-19 01:37:56,83,0.369,4.45,-20.0
2020-02-19 01:37:56,84,0.337,4.46,-20.0
2020-02-19 01:37:56,85,0.389,4.46,-20.0
2020-02-19 01:37:56,86,0.366,4.48,-20.0
2020-02-19 01:37:56,87,0.395,4.46,-20.0
2020-02-19 01:37:56,88,0.355,4.48,-20.0
2020-02-19 01:37:56,89,0.37,4.52,-20.0
2020-02-19 01:37:56,90,0.468,4.46,-20.0
2020-02-19 01:37:56,91,0.419,4.45,-20.0
2020-02-19 01:37:56,92,0.431,4.5,-20.0
2020-02-19 01:37:56,93,0.481,4.48,-20.0
2020-02-19 01:37:56,94,0.468,4.45,-20.0
2020-02-19 01:37:56,95,0.419,4.44,-20.0
2020-02-19 01:37:56,96,0.431,4.5,-20.0
2020-02-19 13:37:16,1,0.43,4.51,23.6
2020-02-19 13:37:16,2,0.441,4.52,-20.0
2020-02-19 13:37:16,3,0.419,4.53,-20.0
2020-02-19 13:37:16,4,0.444,4.49,-20.0
2020-02-19 13:37:16,5,0.438,4.54,-20.0
2020-02-19 13:37:16,6,0.362,4.51,-20.0
2020-02-19 13:37:16,7,0.399,4.48,-20.0
2020-02-19 13:37:16,8,0.378,4.5,-20.0
2020-02-19 13:37:16,9,0.413,4.47,-20.0
2020-02-19 13:37:16,10,0.394,4.48,-20.0
2020-02-19 13:37:16,11,0.4,4.44,-20.0
2020-02-19 13:37:16,12,0.37,4.46,-20.0
2020-02-19 13:37:16,13,0.399,4.46,22.7
2020-02-19 13:37:16,14,0.356,4.48,-20.0
2020-02-19 13:37:16,15,0.404,4.53,-20.0
2020-02-19 13:37:16,16,0.427,4.53,-20.0
2020-02-19 13:37:16,17,0.399,4.47,-20.0
2020-02-19 13:37:16,18,0.398,4.49,-20.0
2020-02-19 13:37:16,19,0.4,4.47,-20.0
2020-02-19 13:37:16,20,0.403,4.48,-20.0
2020-02-19 13:37:16,21,0.436,4.48,-20.0
2020-02-19 13:37:16,22,0.402,4.46,-20.0
2020-02-19 13:37:16,23,0.393,4.47,-20.0
2020-02-19 13:37:16,24,0.399,4.48,-20.0
2020-02-19 13:37:16,25,0.339,4.5,20.2
2020-02-19 13:37:16,26,0.403,4.49,-20.0
2020-02-19 13:37:16,27,0.457,4.46,-20.0
2020-02-19 13:37:16,28,0.433,4.47,-20.0
2020-02-19 13:37:16,29,0.405,4.45,-20.0
2020-02-19 13:37:16,30,0.324,4.47,-20.0
2020-02-19 13:37:16,31,0.326,4.46,-20.0
2020-02-19 13:37:16,32,0.341,4.47,-20.0
2020-02-19 13:37:16,33,0.417,4.48,-20.0
2020-02-19 13:37:16,34,0.367,4.49,-20.0
2020-02-19 13:37:16,35,0.351,4.48,-20.0
2020-02-19 13:37:16,36,0.326,4.51,-20.0
2020-02-19 13:37:16,37,0.412,4.48,20.7
2020-02-19 13:37:16,38,0.32,4.46,-20.0
2020-02-19 13:37:16,39,0.332,4.48,-20.0
2020-02-19 13:37:16,40,0.374,4.5,-20.0
2020-02-19 13:37:16,41,0.338,4.48,-20.0
2020-02-19 13:37:16,42,0.377,4.49,-20.0
2020-02-19 13:37:16,43,0.382,4.48,-20.0
2020-02-19 13:37:16,44,0.307,4.5,-20.0
2020-02-19 13:37:16,45,0.395,4.49,-20.0
2020-02-19 13:37:16,46,0.399,4.47,-20.0
2020-02-19 13:37:16,47,0.443,4.48,-20.0
2020-02-19 13:37:16,48,0.482,4.45,22.6
2020-02-19 13:37:16,49,0.436,4.47,-20.0
2020-02-19 13:37:16,50,0.381,4.46,-20.0
2020-02-19 13:37:16,51,0.403,4.46,-20.0
2020-02-19 13:37:16,52,0.346,4.44,-20.0
2020-02-19 13:37:16,53,0.384,4.45,-20.0
2020-02-19 13:37:16,54,0.363,4.43,-20.0
2020-02-19 13:37:16,55,0.325,4.42,-20.0
2020-02-19 13:37:16,56,0.4,4.42,-20.0
2020-02-19 13:37:16,57,0.394,4.42,-20.0
2020-02-19 13:37:16,58,0.403,4.43,-20.0
2020-02-19 13:37:16,59,0.38,4.45,-20.0
2020-02-19 13:37:16,60,0.364,4.49,19.8
2020-02-19 13:37:16,61,0.326,4.5,-20.0
2020-02-19 13:37:16,62,0.41,4.47,-20.0
2020-02-19 13:37:16,63,0.403,4.44,-20.0
2020-02-19 13:37:16,64,0.356,4.45,-20.0
2020-02-19 13:37:16,65,0.383,4.45,-20.0
2020-02-19 13:37:16,66,0.34,4.42,-20.0
2020-02-19 13:37:16,67,0.392,4.45,-20.0
2020-02-19 13:37:16,68,0.372,4.46,-20.0
2020-02-19 13:37:16,69,0.322,4.49,-20.0
2020-02-19 13:37:16,70,0.408,4.49,-20.0
2020-02-19 13:37:16,71,0.424,4.45,-20.0
2020-02-19 13:37:16,72,0.359,4.5,-20.0
2020-02-19 13:37:16,73,0.364,4.46,-20.0
2020-02-19 13:37:16,74,0.385,4.49,-20.0
2020-02-19 13:37:16,75,0.439,4.53,-20.0
2020-02-19 13:37:16,76,0.391,4.54,-20.0
2020-02-19 13:37:16,77,0.356,4.51,-20.0
2020-02-19 13:37:16,78,0.359,4.5,-20.0
2020-02-19 13:37:16,79,0.407,4.48,-20.0
2020-02-19 13:37:16,80,0.382,4.47,23.1
2020-02-19 13:37:16,81,0.367,4.46,-20.0
2020-02-19 13:37:16,82,0.338,4.45,-20.0
2020-02-19 13:37:16,83,0.39,4.45,-20.0
2020-02-19 13:37:16,84,0.395,4.47,-20.0
2020-02-19 13:37:16,85,0.354,4.48,-20.0
2020-02-19 13:37:16,86,0.368,4.52,-20.0
2020-02-19 13:37:16,87,0.48,4.48,-20.0
2020-02-19 13:37:16,88,0.468,4.45,-20.0
2020-02-19 13:37:16,89,0.421,4.44,-20.0
2020-02-19 13:37:16,90,0.431,4.5,-20.0
2020-02-19 13:37:16,91,0.354,4.48,-20.0
2020-02-19 13:37:16,92,0.368,4.52,-20.0
2020-02-19 13:37:16,93,0.48,4.48,-20.0
2020-02-19 13:37:16,94,0.468,4.45,-20.0
2020-02-19 13:37:16,95,0.421,4.44,-20.0
2020-02-19 13:37:16,96,0.431,4.5,-20.0
2020-02-20 01:36:39,1,0.43,4.51,23.6
2020-02-20 01:36:39,2,0.44,4.53,-20.0
2020-02-20 01:36:39,3,0.417,4.53,-20.0
2020-02-20 01:36:39,4,0.444,4.49,-20.0
2020-02-20 01:36:39,5,0.437,4.54,-20.0
2020-02-20 01:36:39,6,0.364,4.5,-20.0
2020-02-20 01:36:39,7,0.4,4.48,-20.0
2020-02-20 01:36:39,8,0.376,4.5,-20.0
2020-02-20 01:36:39,9,0.414,4.47,-20.0
2020-02-20 01:36:39,10,0.397,4.49,-20.0
2020-02-20 01:36:39,11,0.402,4.45,-20.0
2020-02-20 01:36:39,12,0.371,4.46,-20.0
2020-02-20 01:36:39,13,0.402,4.47,22.7
2020-02-20 01:36:39,14,0.359,4.48,-20.0
2020-02-20 01:36:39,15,0.406,4.53,-20.0
2020-02-20 01:36:39,16,0.428,4.53,-20.0
2020-02-20 01:36:39,17,0.397,4.48,-20.0
2020-02-20 01:36:39,18,0.398,4.49,-20.0
2020-02-20 01:36:39,19,0.402,4.48,-20.0
2020-02-20 01:36:39,20,0.405,4.48,-20.0
2020-02-20 01:36:39,21,0.436,4.48,-20.0
2020-02-20 01:36:39,22,0.411,4.47,-20.0
2020-02-20 01:36:39,23,0.384,4.48,-20.0
2020-02-20 01:36:39,24,0.389,4.48,-20.0
2020-02-20 01:36:39,25,0.34,4.5,20.3
2020-02-20 01:36:39,26,0.399,4.49,-20.0
2020-02-20 01:36:39,27,0.44,4.46,-20.0
2020-02-20 01:36:39,28,0.424,4.47,-20.0
2020-02-20 01:36:39,29,0.399,4.46,-20.0
2020-02-20 01:36:39,30,0.324,4.48,-20.0
2020-02-20 01:36:39,31,0.325,4.46,-20.0
2020-02-20 01:36:39,32,0.344,4.46,-20.0
2020-02-20 01:36:39,33,0.419,4.47,-20.0
2020-02-20 01:36:39,34,0.369,4.48,-20.0
2020-02-20 01:36:39,35,0.352,4.48,-20.0
2020-02-20 01:36:39,36,0.329,4.5,-20.0
2020-02-20 01:36:39,37,0.412,4.48,20.7
2020-02-20 01:36:39,38,0.381,4.49,-20.0
2020-02-20 01:36:39,39,0.322,4.46,-20.0
2020-02-20 01:36:39,40,0.333,4.47,-20.0
2020-02-20 01:36:39,41,0.373,4.5,-20.0
2020-02-20 01:36:39,42,0.339,4.48,-20.0
2020-02-20 01:36:39,43,0.38,4.49,-20.0
2020-02-20 01:36:39,44,0.383,4.5,-20.0
2020-02-20 01:36:39,45,0.306,4.49,-20.0
2020-02-20 01:36:39,46,0.396,4.49,-20.0
2020-02-20 01:36:39,47,0.405,4.49,-20.0
2020-02-20 01:36:39,48,0.45,4.48,-20.0
2020-02-20 01:36:39,49,0.435,4.47,-20.0
2020-02-20 01:36:39,50,0.383,4.46,-20.0
2020-02-20 01:36:39,51,0.343,4.44,-20.0
2020-02-20 01:36:39,52,0.382,4.46,-20.0
2020-02-20 01:36:39,53,0.349,4.42,-20.0
2020-02-20 01:36:39,54,0.324,4.42,-20.0
2020-02-20 01:36:39,55,0.395,4.41,-20.0
2020-02-20 01:36:39,56,0.389,4.42,-20.0
2020-02-20 01:36:39,57,0.386,4.44,-20.0
2020-02-20 01:36:39,58,0.372,4.44,-20.0
2020-02-20 01:36:39,59,0.362,4.49,19.9
2020-02-20 01:36:39,60,0.33,4.5,-20.0
2020-02-20 01:36:39,61,0.41,4.47,-20.0
2020-02-20 01:36:39,62,0.405,4.44,-20.0
2020-02-20 01:36:39,63,0.354,4.45,-20.0
2020-02-20 01:36:39,64,0.387,4.45,-20.0
2020-02-20 01:36:39,65,0.396,4.45,-20.0
2020-02-20 01:36:39,66,0.406,4.43,-20.0
2020-02-20 01:36:39,67,0.374,4.46,-20.0
2020-02-20 01:36:39,68,0.321,4.49,-20.0
2020-02-20 01:36:39,69,0.406,4.48,-20.0
2020-02-20 01:36:39,70,0.461,4.54,20.2
2020-02-20 01:36:39,71,0.433,4.5,-20.0
2020-02-20 01:36:39,72,0.422,4.46,-20.0
2020-02-20 01:36:39,73,0.341,4.44,-20.0
2020-02-20 01:36:39,74,0.358,4.5,-20.0
2020-02-20 01:36:39,75,0.363,4.47,-20.0
2020-02-20 01:36:39,76,0.388,4.5,-20.0
2020-02-20 01:36:39,77,0.443,4.54,-20.0
2020-02-20 01:36:39,78,0.392,4.55,-20.0
2020-02-20 01:36:39,79,0.355,4.51,-20.0
2020-02-20 01:36:39,80,0.359,4.5,-20.0
2020-02-20 01:36:39,81,0.407,4.48,-20.0
2020-02-20 01:36:39,82,0.385,4.47,23.1
2020-02-20 01:36:39,83,0.337,4.46,-20.0
2020-02-20 01:36:39,84,0.39,4.46,-20.0
2020-02-20 01:36:39,85,0.391,4.46,-20.0
2020-02-20 01:36:39,86,0.356,4.49,-20.0
2020-02-20 01:36:39,87,0.366,4.52,-20.0
2020-02-20 01:36:39,88,0.47,4.45,-20.0
2020-02-20 01:36:39,89,0.422,4.44,-20.0
2020-02-20 01:36:39,90,0.428,4.5,-20.0
2020-02-20 01:36:39,91,0.356,4.49,-20.0
2020-02-20 01:36:39,92,0.366,4.52,-20.0
2020-02-20 01:36:39,93,0.482,4.48,-20.0
2020-02-20 01:36:39,94,0.47,4.45,-20.0
2020-02-20 01:36:39,95,0.422,4.44,-20.0
2020-02-20 01:36:39,96,0.428,4.5,-20.0
2020-02-20 13:35:44,1,0.433,4.5,23.5
2020-02-20 13:35:44,2,0.443,4.51,-20.0
2020-02-20 13:35:44,3,0.418,4.53,-20.0
2020-02-20 13:35:44,4,0.444,4.47,-20.0
2020-02-20 13:35:44,5,0.434,4.54,-20.0
2020-02-20 13:35:44,6,0.366,4.51,-20.0
2020-02-20 13:35:44,7,0.396,4.48,-20.0
2020-02-20 13:35:44,8,0.376,4.5,-20.0
2020-02-20 13:35:44,9,0.412,4.47,-20.0
2020-02-20 13:35:44,10,0.396,4.48,-20.0
2020-02-20 13:35:44,11,0.404,4.45,-20.0
2020-02-20 13:35:44,12,0.371,4.46,-20.0
2020-02-20 13:35:44,13,0.402,4.47,22.7
2020-02-20 13:35:44,14,0.358,4.47,-20.0
2020-02-20 13:35:44,15,0.406,4.52,-20.0
2020-02-20 13:35:44,16,0.425,4.51,-20.0
2020-02-20 13:35:44,17,0.395,4.48,-20.0
2020-02-20 13:35:44,18,0.4,4.49,-20.0
2020-02-20 13:35:44,19,0.401,4.48,-20.0
2020-02-20 13:35:44,20,0.406,4.48,-20.0
2020-02-20 13:35:44,21,0.434,4.48,-20.0
2020-02-20 13:35:44,22,0.411,4.47,-20.0
2020-02-20 13:35:44,23,0.386,4.48,-20.0
2020-02-20 13:35:44,24,0.392,4.48,-20.0
2020-02-20 13:35:44,25,0.344,4.5,20.2
2020-02-20 13:35:44,26,0.4,4.48,-20.0
2020-02-20 13:35:44,27,0.449,4.46,-20.0
2020-02-20 13:35:44,28,0.429,4.48,-20.0
2020-02-20 13:35:44,29,0.404,4.46,-20.0
2020-02-20 13:35:44,30,0.323,4.47,-20.0
2020-02-20 13:35:44,31,0.327,4.46,-20.0
2020-02-20 13:35:44,32,0.341,4.46,-20.0
2020-02-20 13:35:44,33,0.421,4.48,-20.0
2020-02-20 13:35:44,34,0.37,4.49,-20.0
2020-02-20 13:35:44,35,0.349,4.49,-20.0
2020-02-20 13:35:44,36,0.329,4.51,-20.0
2020-02-20 13:35:44,37,0.408,4.48,20.7
2020-02-20 13:35:44,38,0.38,4.49,-20.0
2020-02-20 13:35:44,39,0.324,4.46,-20.0
2020-02-20 13:35:44,40,0.335,4.46,-20.0
2020-02-20 13:35:44,41,0.369,4.51,-20.0
2020-02-20 13:35:44,42,0.342,4.48,-20.0
2020-02-20 13:35:44,43,0.382,4.49,-20.0
2020-02-20 13:35:44,44,0.381,4.49,-20.0
2020-02-20 13:35:44,45,0.31,4.51,-20.0
2020-02-20 13:35:44,46,0.399,4.49,-20.0
2020-02-20 13:35:44,47,0.401,4.48,-20.0
2020-02-20 13:35:44,48,0.455,4.48,-20.0
2020-02-20 13:35:44,49,0.484,4.45,22.6
2020-02-20 13:35:44,50,0.43,4.47,-20.0
2020-02-20 13:35:44,51,0.382,4.46,-20.0
2020-02-20 13:35:44,52,0.397,4.46,-20.0
2020-02-20 13:35:44,53,0.342,4.44,-20.0
2020-02-20 13:35:44,54,0.383,4.45,-20.0
2020-02-20 13:35:44,55,0.351,4.42,-20.0
2020-02-20 13:35:44,56,0.391,4.42,-20.0
2020-02-20 13:35:44,57,0.395,4.44,-20.0
2020-02-20 13:35:44,58,0.368,4.44,-20.0
2020-02-20 13:35:44,59,0.361,4.49,19.9
2020-02-20 13:35:44,60,0.331,4.5,-20.0
2020-02-20 13:35:44,61,0.41,4.47,-20.0
2020-02-20 13:35:44,62,0.404,4.45,-20.0
2020-02-20 13:35:44,63,0.356,4.44,-20.0
2020-02-20 13:35:44,64,0.388,4.45,-20.0
2020-02-20 13:35:44,65,0.342,4.42,-20.0
2020-02-20 13:35:44,66,0.399,4.45,-20.0
2020-02-20 13:35:44,67,0.408,4.44,-20.0
2020-02-20 13:35:44,68,0.378,4.46,-20.0
2020-02-20 13:35:44,69,0.319,4.49,-20.0
2020-02-20 13:35:44,70,0.411,4.48,-20.0
2020-02-20 13:35:44,71,0.464,4.54,20.1
2020-02-20 13:35:44,72,0.422,4.46,-20.0
2020-02-20 13:35:44,73,0.342,4.44,-20.0
2020-02-20 13:35:44,74,0.356,4.5,-20.0
2020-02-20 13:35:44,75,0.362,4.46,-20.0
2020-02-20 13:35:44,76,0.385,4.49,-20.0
2020-02-20 13:35:44,77,0.442,4.54,-20.0
2020-02-20 13:35:44,78,0.391,4.54,-20.0
2020-02-20 13:35:44,79,0.349,4.52,-20.0
2020-02-20 13:35:44,80,0.41,4.48,-20.0
2020-02-20 13:35:44,81,0.385,4.47,23.1
2020-02-20 13:35:44,82,0.368,4.46,-20.0
2020-02-20 13:35:44,83,0.336,4.46,-20.0
2020-02-20 13:35:44,84,0.389,4.46,-20.0
2020-02-20 13:35:44,85,0.366,4.48,-20.0
2020-02-20 13:35:44,86,0.389,4.46,-20.0
2020-02-20 13:35:44,87,0.355,4.49,-20.0
2020-02-20 13:35:44,88,0.365,4.52,-20.0
2020-02-20 13:35:44,89,0.478,4.49,-20.0
2020-02-20 13:35:44,90,0.465,4.46,-20.0
2020-02-20 13:35:44,91,0.419,4.45,-20.0
2020-02-20 13:35:44,92,0.426,4.5,-20.0
2020-02-20 13:35:44,93,0.478,4.49,-20.0
2020-02-20 13:35:44,94,0.465,4.45,-20.0
2020-02-20 13:35:44,95,0.419,4.45,-20.0
2020-02-20 13:35:44,96,0.426,4.5,-20.0
2020-02-21 01:35:08,1,0.434,4.51,23.6
2020-02-21 01:35:08,2,0.442,4.53,-20.0
2020-02-21 01:35:08,3,0.418,4.54,-20.0
2020-02-21 01:35:08,4,0.443,4.49,-20.0
2020-02-21 01:35:08,5,0.436,4.54,-20.0
2020-02-21 01:35:08,6,0.366,4.5,-20.0
2020-02-21 01:35:08,7,0.397,4.49,-20.0
2020-02-21 01:35:08,8,0.378,4.51,-20.0
2020-02-21 01:35:08,9,0.411,4.47,-20.0
2020-02-21 01:35:08,10,0.394,4.49,-20.0
2020-02-21 01:35:08,11,0.402,4.45,-20.0
2020-02-21 01:35:08,12,0.367,4.45,-20.0
2020-02-21 01:35:08,13,0.4,4.47,22.7
2020-02-21 01:35:08,14,0.355,4.48,-20.0
2020-02-21 01:35:08,15,0.402,4.53,-20.0
2020-02-21 01:35:08,16,0.424,4.53,-20.0
2020-02-21 01:35:08,17,0.394,4.47,-20.0
2020-02-21 01:35:08,18,0.391,4.48,-20.0
2020-02-21 01:35:08,19,0.391,4.48,-20.0
2020-02-21 01:35:08,20,0.402,4.48,-20.0
2020-02-21 01:35:08,21,0.432,4.48,-20.0
2020-02-21 01:35:08,22,0.41,4.46,-20.0
2020-02-21 01:35:08,23,0.389,4.48,-20.0
2020-02-21 01:35:08,24,0.395,4.48,-20.0
2020-02-21 01:35:08,25,0.344,4.5,20.2
2020-02-21 01:35:08,26,0.4,4.49,-20.0
2020-02-21 01:35:08,27,0.451,4.47,-20.0
2020-02-21 01:35:08,28,0.429,4.47,-20.0
2020-02-21 01:35:08,29,0.407,4.46,-20.0
2020-02-21 01:35:08,30,0.323,4.47,-20.0
2020-02-21 01:35:08,31,0.329,4.46,-20.0
2020-02-21 01:35:08,32,0.345,4.48,-20.0
2020-02-21 01:35:08,33,0.42,4.48,-20.0
2020-02-21 01:35:08,34,0.373,4.49,-20.0
2020-02-21 01:35:08,35,0.349,4.47,-20.0
2020-02-21 01:35:08,36,0.331,4.51,-20.0
2020-02-21 01:35:08,37,0.41,4.48,20.7
2020-02-21 01:35:08,38,0.384,4.48,-20.0
2020-02-21 01:35:08,39,0.325,4.45,-20.0
2020-02-21 01:35:08,40,0.333,4.47,-20.0
2020-02-21 01:35:08,41,0.342,4.47,-20.0
2020-02-21 01:35:08,42,0.386,4.49,-20.0
2020-02-21 01:35:08,43,0.382,4.48,-20.0
2020-02-21 01:35:08,44,0.311,4.5,-20.0
2020-02-21 01:35:08,45,0.41,4.48,-20.0
2020-02-21 01:35:08,46,0.46,4.48,-20.0
2020-02-21 01:35:08,47,0.486,4.45,22.6
2020-02-21 01:35:08,48,0.381,4.46,-20.0
2020-02-21 01:35:08,49,0.4,4.44,-20.0
2020-02-21 01:35:08,50,0.344,4.44,-20.0
2020-02-21 01:35:08,51,0.384,4.45,-20.0
2020-02-21 01:35:08,52,0.355,4.41,-20.0
2020-02-21 01:35:08,53,0.322,4.42,-20.0
2020-02-21 01:35:08,54,0.396,4.42,-20.0
2020-02-21 01:35:08,55,0.395,4.42,-20.0
2020-02-21 01:35:08,56,0.396,4.43,-20.0
2020-02-21 01:35:08,57,0.37,4.45,-20.0
2020-02-21 01:35:08,58,0.328,4.49,-20.0
2020-02-21 01:35:08,59,0.41,4.48,-20.0
2020-02-21 01:35:08,60,0.408,4.45,-20.0
2020-02-21 01:35:08,61,0.358,4.45,-20.0
2020-02-21 01:35:08,62,0.342,4.42,-20.0
2020-02-21 01:35:08,63,0.401,4.45,-20.0
2020-02-21 01:35:08,64,0.408,4.44,-20.0
2020-02-21 01:35:08,65,0.375,4.46,-20.0
2020-02-21 01:35:08,66,0.318,4.49,-20.0
2020-02-21 01:35:08,67,0.415,4.48,-20.0
2020-02-21 01:35:08,68,0.464,4.54,20.1
2020-02-21 01:35:08,69,0.43,4.5,-20.0
2020-02-21 01:35:08,70,0.421,4.46,-20.0
2020-02-21 01:35:08,71,0.342,4.44,-20.0
2020-02-21 01:35:08,72,0.357,4.51,-20.0
2020-02-21 01:35:08,73,0.386,4.5,-20.0
2020-02-21 01:35:08,74,0.443,4.54,-20.0
2020-02-21 01:35:08,75,0.391,4.54,-20.0
2020-02-21 01:35:08,76,0.348,4.51,-20.0
2020-02-21 01:35:08,77,0.36,4.5,-20.0
2020-02-21 01:35:08,78,0.409,4.48,-20.0
2020-02-21 01:35:08,79,0.386,4.47,23.1
2020-02-21 01:35:08,80,0.386,4.46,-20.0
2020-02-21 01:35:08,81,0.368,4.49,-20.0
2020-02-21 01:35:08,82,0.392,4.46,-20.0
2020-02-21 01:35:08,83,0.354,4.48,-20.0
2020-02-21 01:35:08,84,0.365,4.52,-20.0
2020-02-21 01:35:08,85,0.478,4.48,-20.0
2020-02-21 01:35:08,86,0.465,4.46,-20.0
2020-02-21 01:35:08,87,0.419,4.44,-20.0
2020-02-21 01:35:08,88,0.426,4.5,-20.0
2020-02-21 01:35:08,89,0.368,4.48,-20.0
2020-02-21 01:35:08,90,0.392,4.46,-20.0
2020-02-21 01:35:08,91,0.354,4.48,-20.0
2020-02-21 01:35:08,92,0.365,4.52,-20.0
2020-02-21 01:35:08,93,0.478,4.48,-20.0
2020-02-21 01:35:08,94,0.465,4.45,-20.0
2020-02-21 01:35:08,95,0.419,4.45,-20.0
2020-02-21 01:35:08,96,0.426,4.5,-20.0
2020-02-21 13:34:14,1,0.438,4.5,23.6
2020-02-21 13:34:14,2,0.444,4.53,-20.0
2020-02-21 13:34:14,3,0.417,4.54,-20.0
2020-02-21 13:34:14,4,0.444,4.49,-20.0
2020-02-21 13:34:14,5,0.437,4.54,-20.0
2020-02-21 13:34:14,6,0.367,4.51,-20.0
2020-02-21 13:34:14,7,0.398,4.49,-20.0
2020-02-21 13:34:14,8,0.378,4.5,-20.0
2020-02-21 13:34:14,9,0.41,4.47,-20.0
2020-02-21 13:34:14,10,0.394,4.48,-20.0
2020-02-21 13:34:14,11,0.401,4.44,-20.0
2020-02-21 13:34:14,12,0.368,4.45,-20.0
2020-02-21 13:34:14,13,0.399,4.46,22.7
2020-02-21 13:34:14,14,0.356,4.48,-20.0
2020-02-21 13:34:14,15,0.408,4.53,-20.0
2020-02-21 13:34:14,16,0.426,4.51,-20.0
2020-02-21 13:34:14,17,0.395,4.47,-20.0
2020-02-21 13:34:14,18,0.391,4.48,-20.0
2020-02-21 13:34:14,19,0.394,4.48,-20.0
2020-02-21 13:34:14,20,0.402,4.48,-20.0
2020-02-21 13:34:14,21,0.433,4.47,-20.0
2020-02-21 13:34:14,22,0.407,4.46,-20.0
2020-02-21 13:34:14,23,0.395,4.47,-20.0
2020-02-21 13:34:14,24,0.397,4.48,-20.0
2020-02-21 13:34:14,25,0.347,4.49,20.2
2020-02-21 13:34:14,26,0.4,4.49,-20.0
2020-02-21 13:34:14,27,0.451,4.46,-20.0
2020-02-21 13:34:14,28,0.426,4.46,-20.0
2020-02-21 13:34:14,29,0.406,4.46,-20.0
2020-02-21 13:34:14,30,0.324,4.47,-20.0
2020-02-21 13:34:14,31,0.329,4.45,-20.0
2020-02-21 13:34:14,32,0.346,4.46,-20.0
2020-02-21 13:34:14,33,0.418,4.47,-20.0
2020-02-21 13:34:14,34,0.373,4.49,-20.0
2020-02-21 13:34:14,35,0.349,4.47,-20.0
2020-02-21 13:34:14,36,0.331,4.51,-20.0
2020-02-21 13:34:14,37,0.414,4.47,20.8
2020-02-21 13:34:14,38,0.389,4.48,-20.0
2020-02-21 13:34:14,39,0.325,4.45,-20.0
2020-02-21 13:34:14,40,0.334,4.47,-20.0
2020-02-21 13:34:14,41,0.368,4.5,-20.0
2020-02-21 13:34:14,42,0.345,4.48,-20.0
2020-02-21 13:34:14,43,0.387,4.49,-20.0
2020-02-21 13:34:14,44,0.383,4.48,-20.0
2020-02-21 13:34:14,45,0.307,4.5,-20.0
2020-02-21 13:34:14,46,0.396,4.49,-20.0
2020-02-21 13:34:14,47,0.41,4.48,-20.0
2020-02-21 13:34:14,48,0.433,4.47,-20.0
2020-02-21 13:34:14,49,0.384,4.46,-20.0
2020-02-21 13:34:14,50,0.398,4.46,-20.0
2020-02-21 13:34:14,51,0.342,4.45,-20.0
2020-02-21 13:34:14,52,0.381,4.45,-20.0
2020-02-21 13:34:14,53,0.359,4.41,-20.0
2020-02-21 13:34:14,54,0.323,4.42,-20.0
2020-02-21 13:34:14,55,0.396,4.42,-20.0
2020-02-21 13:34:14,56,0.393,4.43,-20.0
2020-02-21 13:34:14,57,0.371,4.44,-20.0
2020-02-21 13:34:14,58,0.364,4.51,19.9
2020-02-21 13:34:14,59,0.329,4.49,-20.0
2020-02-21 13:34:14,60,0.411,4.46,-20.0
2020-02-21 13:34:14,61,0.408,4.45,-20.0
2020-02-21 13:34:14,62,0.39,4.45,-20.0
2020-02-21 13:34:14,63,0.34,4.42,-20.0
2020-02-21 13:34:14,64,0.401,4.45,-20.0
2020-02-21 13:34:14,65,0.409,4.44,-20.0
2020-02-21 13:34:14,66,0.373,4.46,-20.0
2020-02-21 13:34:14,67,0.319,4.5,-20.0
2020-02-21 13:34:14,68,0.413,4.49,-20.0
2020-02-21 13:34:14,69,0.466,4.53,20.2
2020-02-21 13:34:14,70,0.432,4.5,-20.0
2020-02-21 13:34:14,71,0.42,4.46,-20.0
2020-02-21 13:34:14,72,0.341,4.44,-20.0
2020-02-21 13:34:14,73,0.36,4.5,-20.0
2020-02-21 13:34:14,74,0.361,4.46,-20.0
2020-02-21 13:34:14,75,0.386,4.5,-20.0
2020-02-21 13:34:14,76,0.442,4.53,-20.0
2020-02-21 13:34:14,77,0.389,4.55,-20.0
2020-02-21 13:34:14,78,0.344,4.51,-20.0
2020-02-21 13:34:14,79,0.357,4.5,-20.0
2020-02-21 13:34:14,80,0.406,4.48,-20.0
2020-02-21 13:34:14,81,0.381,4.47,23.1
2020-02-21 13:34:14,82,0.371,4.46,-20.0
2020-02-21 13:34:14,83,0.333,4.46,-20.0
2020-02-21 13:34:14,84,0.388,4.46,-20.0
2020-02-21 13:34:14,85,0.365,4.49,-20.0
2020-02-21 13:34:14,86,0.393,4.46,-20.0
2020-02-21 13:34:14,87,0.356,4.49,-20.0
2020-02-21 13:34:14,88,0.369,4.52,-20.0
2020-02-21 13:34:14,89,0.481,4.49,-20.0
2020-02-21 13:34:14,90,0.468,4.45,-20.0
2020-02-21 13:34:14,91,0.419,4.45,-20.0
2020-02-21 13:34:14,92,0.427,4.5,-20.0
2020-02-21 13:34:14,93,0.481,4.49,-20.0
2020-02-21 13:34:14,94,0.468,4.45,-20.0
2020-02-21 13:34:14,95,0.419,4.44,-20.0
2020-02-21 13:34:14,96,0.427,4.5,-20.0
2020-02-22 01:33:22,1,0.438,4.5,23.6
2020-02-22 01:33:22,2,0.445,4.52,-20.0
2020-02-22 01:33:22,3,0.419,4.52,-20.0
2020-02-22 01:33:22,4,0.441,4.49,-20.0
2020-02-22 01:33:22,5,0.433,4.54,-20.0
2020-02-22 01:33:22,6,0.366,4.51,-20.0
2020-02-22 01:33:22,7,0.393,4.48,-20.0
2020-02-22 01:33:22,8,0.374,4.5,-20.0
2020-02-22 01:33:22,9,0.411,4.47,-20.0
2020-02-22 01:33:22,10,0.391,4.49,-20.0
2020-02-22 01:33:22,11,0.398,4.45,-20.0
2020-02-22 01:33:22,12,0.362,4.46,-20.0
2020-02-22 01:33:22,13,0.4,4.47,22.7
2020-02-22 01:33:22,14,0.356,4.48,-20.0
2020-02-22 01:33:22,15,0.403,4.52,-20.0
2020-02-22 01:33:22,16,0.426,4.53,-20.0
2020-02-22 01:33:22,17,0.395,4.48,-20.0
2020-02-22 01:33:22,18,0.392,4.48,-20.0
2020-02-22 01:33:22,19,0.396,4.48,-20.0
2020-02-22 01:33:22,20,0.402,4.48,-20.0
2020-02-22 01:33:22,21,0.43,4.48,-20.0
2020-02-22 01:33:22,22,0.407,4.46,-20.0
2020-02-22 01:33:22,23,0.395,4.48,-20.0
2020-02-22 01:33:22,24,0.397,4.48,-20.0
2020-02-22 01:33:22,25,0.348,4.5,20.3
2020-02-22 01:33:22,26,0.404,4.49,-20.0
2020-02-22 01:33:22,27,0.449,4.46,-20.0
2020-02-22 01:33:22,28,0.427,4.47,-20.0
2020-02-22 01:33:22,29,0.408,4.45,-20.0
2020-02-22 01:33:22,30,0.324,4.47,-20.0
2020-02-22 01:33:22,31,0.327,4.46,-20.0
2020-02-22 01:33:22,32,0.348,4.46,-20.0
2020-02-22 01:33:22,33,0.418,4.47,-20.0
2020-02-22 01:33:22,34,0.373,4.49,-20.0
2020-02-22 01:33:22,35,0.354,4.47,-20.0
2020-02-22 01:33:22,36,0.33,4.51,-20.0
2020-02-22 01:33:22,37,0.413,4.48,20.7
2020-02-22 01:33:22,38,0.389,4.49,-20.0
2020-02-22 01:33:22,39,0.33,4.46,-20.0
2020-02-22 01:33:22,40,0.333,4.47,-20.0
2020-02-22 01:33:22,41,0.369,4.5,-20.0
2020-02-22 01:33:22,42,0.346,4.48,-20.0
2020-02-22 01:33:22,43,0.387,4.49,-20.0
2020-02-22 01:33:22,44,0.385,4.48,-20.0
2020-02-22 01:33:22,45,0.306,4.49,-20.0
2020-02-22 01:33:22,46,0.396,4.48,-20.0
2020-02-22 01:33:22,47,0.41,4.48,-20.0
2020-02-22 01:33:22,48,0.463,4.48,-20.0
2020-02-22 01:33:22,49,0.48,4.44,22.7
2020-02-22 01:33:22,50,0.432,4.47,-20.0
2020-02-22 01:33:22,51,0.383,4.45,-20.0
2020-02-22 01:33:22,52,0.397,4.45,-20.0
2020-02-22 01:33:22,53,0.342,4.43,-20.0
2020-02-22 01:33:22,54,0.381,4.45,-20.0
2020-02-22 01:33:22,55,0.358,4.41,-20.0
2020-02-22 01:33:22,56,0.324,4.41,-20.0
2020-02-22 01:33:22,57,0.394,4.42,-20.0
2020-02-22 01:33:22,58,0.396,4.42,-20.0
2020-02-22 01:33:22,59,0.396,4.44,-20.0
2020-02-22 01:33:22,60,0.369,4.45,-20.0
2020-02-22 01:33:22,61,0.363,4.5,19.8
2020-02-22 01:33:22,62,0.328,4.5,-20.0
2020-02-22 01:33:22,63,0.412,4.47,-20.0
2020-02-22 01:33:22,64,0.388,4.45,-20.0
2020-02-22 01:33:22,65,0.34,4.42,-20.0
2020-02-22 01:33:22,66,0.401,4.45,-20.0
2020-02-22 01:33:22,67,0.41,4.44,-20.0
2020-02-22 01:33:22,68,0.374,4.46,-20.0
2020-02-22 01:33:22,69,0.319,4.49,-20.0
2020-02-22 01:33:22,70,0.433,4.51,-20.0
2020-02-22 01:33:22,71,0.42,4.46,-20.0
2020-02-22 01:33:22,72,0.36,4.5,-20.0
2020-02-22 01:33:22,73,0.361,4.46,-20.0
2020-02-22 01:33:22,74,0.386,4.5,-20.0
2020-02-22 01:33:22,75,0.44,4.53,-20.0
2020-02-22 01:33:22,76,0.391,4.55,-20.0
2020-02-22 01:33:22,77,0.349,4.52,-20.0
2020-02-22 01:33:22,78,0.404,4.48,-20.0
2020-02-22 01:33:22,79,0.384,4.46,23.1
2020-02-22 01:33:22,80,0.335,4.45,-20.0
2020-02-22 01:33:22,81,0.39,4.46,-20.0
2020-02-22 01:33:22,82,0.368,4.48,-20.0
2020-02-22 01:33:22,83,0.392,4.46,-20.0
2020-02-22 01:33:22,84,0.356,4.48,-20.0
2020-02-22 01:33:22,85,0.372,4.52,-20.0
2020-02-22 01:33:22,86,0.483,4.48,-20.0
2020-02-22 01:33:22,87,0.468,4.45,-20.0
2020-02-22 01:33:22,88,0.419,4.44,-20.0
2020-02-22 01:33:22,89,0.43,4.5,-20.0
2020-02-22 01:33:22,90,0.392,4.46,-20.0
2020-02-22 01:33:22,91,0.356,4.48,-20.0
2020-02-22 01:33:22,92,0.372,4.52,-20.0
2020-02-22 01:33:22,93,0.483,4.48,-20.0
2020-02-22 01:33:22,94,0.468,4.46,-20.0
2020-02-22 01:33:22,95,0.419,4.44,-20.0
2020-02-22 01:33:22,96,0.43,4.5,-20.0
2020-02-22 13:32:36,1,0.437,4.5,23.5
2020-02-22 13:32:36,2,0.444,4.53,-20.0
2020-02-22 13:32:36,3,0.42,4.52,-20.0
2020-02-22 13:32:36,4,0.442,4.49,-20.0
2020-02-22 13:32:36,5,0.434,4.55,-20.0
2020-02-22 13:32:36,6,0.364,4.51,-20.0
2020-02-22 13:32:36,7,0.396,4.48,-20.0
2020-02-22 13:32:36,8,0.373,4.5,-20.0
2020-02-22 13:32:36,9,0.411,4.46,-20.0
2020-02-22 13:32:36,10,0.392,4.5,-20.0
2020-02-22 13:32:36,11,0.398,4.45,-20.0
2020-02-22 13:32:36,12,0.364,4.45,-20.0
2020-02-22 13:32:36,13,0.399,4.47,22.8
2020-02-22 13:32:36,14,0.358,4.47,-20.0
2020-02-22 13:32:36,15,0.402,4.54,-20.0
2020-02-22 13:32:36,16,0.425,4.52,-20.0
2020-02-22 13:32:36,17,0.397,4.47,-20.0
2020-02-22 13:32:36,18,0.389,4.49,-20.0
2020-02-22 13:32:36,19,0.395,4.48,-20.0
2020-02-22 13:32:36,20,0.403,4.47,-20.0
2020-02-22 13:32:36,21,0.433,4.48,-20.0
2020-02-22 13:32:36,22,0.406,4.46,-20.0
2020-02-22 13:32:36,23,0.394,4.46,-20.0
2020-02-22 13:32:36,24,0.398,4.48,-20.0
2020-02-22 13:32:36,25,0.348,4.5,20.2
2020-02-22 13:32:36,26,0.404,4.49,-20.0
2020-02-22 13:32:36,27,0.448,4.46,-20.0
2020-02-22 13:32:36,28,0.428,4.47,-20.0
2020-02-22 13:32:36,29,0.411,4.46,-20.0
2020-02-22 13:32:36,30,0.325,4.47,-20.0
2020-02-22 13:32:36,31,0.33,4.46,-20.0
2020-02-22 13:32:36,32,0.348,4.46,-20.0
2020-02-22 13:32:36,33,0.418,4.47,-20.0
2020-02-22 13:32:36,34,0.375,4.48,-20.0
2020-02-22 13:32:36,35,0.352,4.48,-20.0
2020-02-22 13:32:36,36,0.33,4.52,-20.0
2020-02-22 13:32:36,37,0.389,4.48,-20.0
2020-02-22 13:32:36,38,0.33,4.46,-20.0
2020-02-22 13:32:36,39,0.333,4.47,-20.0
2020-02-22 13:32:36,40,0.369,4.5,-20.0
2020-02-22 13:32:36,41,0.335,4.47,-20.0
2020-02-22 13:32:36,42,0.373,4.49,-20.0
2020-02-22 13:32:36,43,0.359,4.48,-20.0
2020-02-22 13:32:36,44,0.308,4.5,-20.0
2020-02-22 13:32:36,45,0.398,4.48,-20.0
2020-02-22 13:32:36,46,0.449,4.49,-20.0
2020-02-22 13:32:36,47,0.48,4.44,22.6
2020-02-22 13:32:36,48,0.433,4.47,-20.0
2020-02-22 13:32:36,49,0.399,4.45,-20.0
2020-02-22 13:32:36,50,0.345,4.44,-20.0
2020-02-22 13:32:36,51,0.381,4.46,-20.0
2020-02-22 13:32:36,52,0.358,4.42,-20.0
2020-02-22 13:32:36,53,0.326,4.43,-20.0
2020-02-22 13:32:36,54,0.394,4.42,-20.0
2020-02-22 13:32:36,55,0.395,4.42,-20.0
2020-02-22 13:32:36,56,0.398,4.43,-20.0
2020-02-22 13:32:36,57,0.375,4.44,-20.0
2020-02-22 13:32:36,58,0.362,4.5,19.8
2020-02-22 13:32:36,59,0.33,4.5,-20.0
2020-02-22 13:32:36,60,0.415,4.48,-20.0
2020-02-22 13:32:36,61,0.409,4.44,-20.0
2020-02-22 13:32:36,62,0.359,4.45,-20.0
2020-02-22 13:32:36,63,0.389,4.44,-20.0
2020-02-22 13:32:36,64,0.339,4.42,-20.0
2020-02-22 13:32:36,65,0.404,4.45,-20.0
2020-02-22 13:32:36,66,0.358,4.45,-20.0
2020-02-22 13:32:36,67,0.318,4.5,-20.0
2020-02-22 13:32:36,68,0.416,4.49,-20.0
2020-02-22 13:32:36,69,0.453,4.54,20.1
2020-02-22 13:32:36,70,0.422,4.51,-20.0
2020-02-22 13:32:36,71,0.421,4.46,-20.0
2020-02-22 13:32:36,72,0.34,4.45,-20.0
2020-02-22 13:32:36,73,0.359,4.5,-20.0
2020-02-22 13:32:36,74,0.353,4.47,-20.0
2020-02-22 13:32:36,75,0.387,4.49,-20.0
2020-02-22 13:32:36,76,0.391,4.54,-20.0
2020-02-22 13:32:36,77,0.349,4.51,-20.0
2020-02-22 13:32:36,78,0.358,4.49,-20.0
2020-02-22 13:32:36,79,0.406,4.48,-20.0
2020-02-22 13:32:36,80,0.384,4.47,23.1
2020-02-22 13:32:36,81,0.369,4.45,-20.0
2020-02-22 13:32:36,82,0.337,4.46,-20.0
2020-02-22 13:32:36,83,0.39,4.46,-20.0
2020-02-22 13:32:36,84,0.39,4.46,-20.0
2020-02-22 13:32:36,85,0.358,4.49,-20.0
2020-02-22 13:32:36,86,0.371,4.53,-20.0
2020-02-22 13:32:36,87,0.482,4.48,-20.0
2020-02-22 13:32:36,88,0.47,4.45,-20.0
2020-02-22 13:32:36,89,0.42,4.44,-20.0
2020-02-22 13:32:36,90,0.429,4.5,-20.0
2020-02-22 13:32:36,91,0.358,4.48,-20.0
2020-02-22 13:32:36,92,0.371,4.52,-20.0
2020-02-22 13:32:36,93,0.482,4.48,-20.0
2020-02-22 13:32:36,94,0.47,4.45,-20.0
2020-02-22 13:32:36,95,0.42,4.44,-20.0
2020-02-22 13:32:36,96,0.429,4.51,-20.0
2020-02-23 01:31:58,1,0.433,4.5,23.5
2020-02-23 01:31:58,2,0.442,4.52,-20.0
2020-02-23 01:31:58,3,0.416,4.52,-20.0
2020-02-23 01:31:58,4,0.444,4.49,-20.0
2020-02-23 01:31:58,5,0.436,4.54,-20.0
2020-02-23 01:31:58,6,0.364,4.51,-20.0
2020-02-23 01:31:58,7,0.396,4.48,-20.0
2020-02-23 01:31:58,8,0.377,4.5,-20.0
2020-02-23 01:31:58,9,0.406,4.47,-20.0
2020-02-23 01:31:58,10,0.391,4.48,-20.0
2020-02-23 01:31:58,11,0.397,4.45,-20.0
2020-02-23 01:31:58,12,0.365,4.46,-20.0
2020-02-23 01:31:58,13,0.4,4.47,22.7
2020-02-23 01:31:58,14,0.357,4.47,-20.0
2020-02-23 01:31:58,15,0.402,4.53,-20.0
2020-02-23 01:31:58,16,0.425,4.53,-20.0
2020-02-23 01:31:58,17,0.396,4.47,-20.0
2020-02-23 01:31:58,18,0.385,4.48,-20.0
2020-02-23 01:31:58,19,0.394,4.48,-20.0
2020-02-23 01:31:58,20,0.401,4.48,-20.0
2020-02-23 01:31:58,21,0.432,4.47,-20.0
2020-02-23 01:31:58,22,0.405,4.46,-20.0
2020-02-23 01:31:58,23,0.394,4.48,-20.0
2020-02-23 01:31:58,24,0.398,4.48,-20.0
2020-02-23 01:31:58,25,0.345,4.5,20.1
2020-02-23 01:31:58,26,0.403,4.48,-20.0
2020-02-23 01:31:58,27,0.449,4.46,-20.0
2020-02-23 01:31:58,28,0.432,4.46,-20.0
2020-02-23 01:31:58,29,0.414,4.46,-20.0
2020-02-23 01:31:58,30,0.324,4.47,-20.0
2020-02-23 01:31:58,31,0.329,4.46,-20.0
2020-02-23 01:31:58,32,0.349,4.46,-20.0
2020-02-23 01:31:58,33,0.42,4.47,-20.0
2020-02-23 01:31:58,34,0.378,4.49,-20.0
2020-02-23 01:31:58,35,0.352,4.49,-20.0
2020-02-23 01:31:58,36,0.414,4.48,20.7
2020-02-23 01:31:58,37,0.383,4.49,-20.0
2020-02-23 01:31:58,38,0.33,4.46,-20.0
2020-02-23 01:31:58,39,0.335,4.47,-20.0
2020-02-23 01:31:58,40,0.373,4.5,-20.0
2020-02-23 01:31:58,41,0.339,4.47,-20.0
2020-02-23 01:31:58,42,0.375,4.5,-20.0
2020-02-23 01:31:58,43,0.31,4.5,-20.0
2020-02-23 01:31:58,44,0.393,4.49,-20.0
2020-02-23 01:31:58,45,0.397,4.48,-20.0
2020-02-23 01:31:58,46,0.451,4.48,-20.0
2020-02-23 01:31:58,47,0.478,4.44,22.6
2020-02-23 01:31:58,48,0.434,4.47,-20.0
2020-02-23 01:31:58,49,0.382,4.45,-20.0
2020-02-23 01:31:58,50,0.401,4.45,-20.0
2020-02-23 01:31:58,51,0.344,4.45,-20.0
2020-02-23 01:31:58,52,0.381,4.45,-20.0
2020-02-23 01:31:58,53,0.358,4.42,-20.0
2020-02-23 01:31:58,54,0.328,4.42,-20.0
2020-02-23 01:31:58,55,0.398,4.42,-20.0
2020-02-23 01:31:58,56,0.393,4.42,-20.0
2020-02-23 01:31:58,57,0.398,4.44,-20.0
2020-02-23 01:31:58,58,0.378,4.45,-20.0
2020-02-23 01:31:58,59,0.362,4.5,19.8
2020-02-23 01:31:58,60,0.329,4.51,-20.0
2020-02-23 01:31:58,61,0.416,4.46,-20.0
2020-02-23 01:31:58,62,0.408,4.44,-20.0
2020-02-23 01:31:58,63,0.357,4.45,-20.0
2020-02-23 01:31:58,64,0.386,4.45,-20.0
2020-02-23 01:31:58,65,0.339,4.43,-20.0
2020-02-23 01:31:58,66,0.362,4.46,-20.0
2020-02-23 01:31:58,67,0.32,4.49,-20.0
2020-02-23 01:31:58,68,0.416,4.49,-20.0
2020-02-23 01:31:58,69,0.457,4.53,20.1
2020-02-23 01:31:58,70,0.34,4.44,-20.0
2020-02-23 01:31:58,71,0.358,4.51,-20.0
2020-02-23 01:31:58,72,0.356,4.46,-20.0
2020-02-23 01:31:58,73,0.387,4.49,-20.0
2020-02-23 01:31:58,74,0.439,4.53,-20.0
2020-02-23 01:31:58,75,0.39,4.54,-20.0
2020-02-23 01:31:58,76,0.351,4.51,-20.0
2020-02-23 01:31:58,77,0.358,4.5,-20.0
2020-02-23 01:31:58,78,0.407,4.48,-20.0
2020-02-23 01:31:58,79,0.383,4.47,23.1
2020-02-23 01:31:58,80,0.37,4.45,-20.0
2020-02-23 01:31:58,81,0.337,4.45,-20.0
2020-02-23 01:31:58,82,0.391,4.46,-20.0
2020-02-23 01:31:58,83,0.369,4.49,-20.0
2020-02-23 01:31:58,84,0.391,4.46,-20.0
2020-02-23 01:31:58,85,0.353,4.48,-20.0
2020-02-23 01:31:58,86,0.37,4.53,-20.0
2020-02-23 01:31:58,87,0.47,4.45,-20.0
2020-02-23 01:31:58,88,0.419,4.44,-20.0
2020-02-23 01:31:58,89,0.426,4.51,-20.0
2020-02-23 01:31:58,90,0.391,4.46,-20.0
2020-02-23 01:31:58,91,0.353,4.48,-20.0
2020-02-23 01:31:58,92,0.37,4.53,-20.0
2020-02-23 01:31:58,93,0.483,4.47,-20.0
2020-02-23 01:31:58,94,0.47,4.46,-20.0
2020-02-23 01:31:58,95,0.419,4.45,-20.0
2020-02-23 01:31:58,96,0.426,4.5,-20.0
2020-02-23 13:31:18,1,0.431,4.5,23.6
2020-02-23 13:31:18,2,0.442,4.53,-20.0
2020-02-23 13:31:18,3,0.415,4.54,-20.0
2020-02-23 13:31:18,4,0.444,4.49,-20.0
2020-02-23 13:31:18,5,0.437,4.54,-20.0
2020-02-23 13:31:18,6,0.368,4.51,-20.0
2020-02-23 13:31:18,7,0.395,4.49,-20.0
2020-02-23 13:31:18,8,0.378,4.5,-20.0
2020-02-23 13:31:18,9,0.409,4.47,-20.0
2020-02-23 13:31:18,10,0.392,4.49,-20.0
2020-02-23 13:31:18,11,0.398,4.45,-20.0
2020-02-23 13:31:18,12,0.366,4.45,-20.0
2020-02-23 13:31:18,13,0.401,4.47,22.7
2020-02-23 13:31:18,14,0.357,4.47,-20.0
2020-02-23 13:31:18,15,0.405,4.53,-20.0
2020-02-23 13:31:18,16,0.422,4.53,-20.0
2020-02-23 13:31:18,17,0.396,4.48,-20.0
2020-02-23 13:31:18,18,0.386,4.49,-20.0
2020-02-23 13:31:18,19,0.394,4.48,-20.0
2020-02-23 13:31:18,20,0.403,4.49,-20.0
2020-02-23 13:31:18,21,0.433,4.47,-20.0
2020-02-23 13:31:18,22,0.406,4.47,-20.0
2020-02-23 13:31:18,23,0.394,4.47,-20.0
2020-02-23 13:31:18,24,0.397,4.47,-20.0
2020-02-23 13:31:18,25,0.342,4.48,20.2
2020-02-23 13:31:18,26,0.405,4.49,-20.0
2020-02-23 13:31:18,27,0.442,4.47,-20.0
2020-02-23 13:31:18,28,0.428,4.47,-20.0
2020-02-23 13:31:18,29,0.402,4.45,-20.0
2020-02-23 13:31:18,30,0.317,4.47,-20.0
2020-02-23 13:31:18,31,0.324,4.45,-20.0
2020-02-23 13:31:18,32,0.339,4.46,-20.0
2020-02-23 13:31:18,33,0.413,4.47,-20.0
2020-02-23 13:31:18,34,0.348,4.48,-20.0
2020-02-23 13:31:18,35,0.332,4.5,-20.0
2020-02-23 13:31:18,36,0.413,4.47,20.7
2020-02-23 13:31:18,37,0.383,4.49,-20.0
2020-02-23 13:31:18,38,0.331,4.47,-20.0
2020-02-23 13:31:18,39,0.333,4.48,-20.0
2020-02-23 13:31:18,40,0.377,4.5,-20.0
2020-02-23 13:31:18,41,0.378,4.49,-20.0
2020-02-23 13:31:18,42,0.372,4.48,-20.0
2020-02-23 13:31:18,43,0.311,4.5,-20.0
2020-02-23 13:31:18,44,0.396,4.49,-20.0
2020-02-23 13:31:18,45,0.399,4.48,-20.0
2020-02-23 13:31:18,46,0.45,4.48,-20.0
2020-02-23 13:31:18,47,0.477,4.45,22.6
2020-02-23 13:31:18,48,0.433,4.47,-20.0
2020-02-23 13:31:18,49,0.383,4.46,-20.0
2020-02-23 13:31:18,50,0.403,4.45,-20.0
2020-02-23 13:31:18,51,0.345,4.44,-20.0
2020-02-23 13:31:18,52,0.381,4.45,-20.0
2020-02-23 13:31:18,53,0.358,4.43,-20.0
2020-02-23 13:31:18,54,0.33,4.42,-20.0
2020-02-23 13:31:18,55,0.394,4.42,-20.0
2020-02-23 13:31:18,56,0.378,4.43,-20.0
2020-02-23 13:31:18,57,0.357,4.45,-20.0
2020-02-23 13:31:18,58,0.363,4.5,19.8
2020-02-23 13:31:18,59,0.394,4.47,-20.0
2020-02-23 13:31:18,60,0.401,4.44,-20.0
2020-02-23 13:31:18,61,0.346,4.44,-20.0
2020-02-23 13:31:18,62,0.384,4.45,-20.0
2020-02-23 13:31:18,63,0.336,4.43,-20.0
2020-02-23 13:31:18,64,0.396,4.45,-20.0
2020-02-23 13:31:18,65,0.409,4.44,-20.0
2020-02-23 13:31:18,66,0.369,4.46,-20.0
2020-02-23 13:31:18,67,0.415,4.49,-20.0
2020-02-23 13:31:18,68,0.461,4.54,20.2
2020-02-23 13:31:18,69,0.428,4.5,-20.0
2020-02-23 13:31:18,70,0.421,4.46,-20.0
2020-02-23 13:31:18,71,0.344,4.44,-20.0
2020-02-23 13:31:18,72,0.36,4.5,-20.0
2020-02-23 13:31:18,73,0.359,4.46,-20.0
2020-02-23 13:31:18,74,0.387,4.5,-20.0
2020-02-23 13:31:18,75,0.39,4.54,-20.0
2020-02-23 13:31:18,76,0.352,4.52,-20.0
2020-02-23 13:31:18,77,0.36,4.5,-20.0
2020-02-23 13:31:18,78,0.406,4.48,-20.0
2020-02-23 13:31:18,79,0.383,4.47,23.1
2020-02-23 13:31:18,80,0.369,4.46,-20.0
2020-02-23 13:31:18,81,0.336,4.45,-20.0
2020-02-23 13:31:18,82,0.39,4.46,-20.0
2020-02-23 13:31:18,83,0.365,4.48,-20.0
2020-02-23 13:31:18,84,0.392,4.46,-20.0
2020-02-23 13:31:18,85,0.355,4.49,-20.0
2020-02-23 13:31:18,86,0.37,4.52,-20.0
2020-02-23 13:31:18,87,0.485,4.49,-20.0
2020-02-23 13:31:18,88,0.468,4.45,-20.0
2020-02-23 13:31:18,89,0.425,4.5,-20.0
2020-02-23 13:31:18,90,0.392,4.46,-20.0
2020-02-23 13:31:18,91,0.355,4.49,-20.0
2020-02-23 13:31:18,92,0.37,4.52,-20.0
2020-02-23 13:31:18,93,0.485,4.49,-20.0
2020-02-23 13:31:18,94,0.468,4.45,-20.0
2020-02-23 13:31:18,95,0.419,4.44,-20.0
2020-02-23 13:31:18,96,0.425,4.5,-20.0
2020-02-24 01:30:25,1,0.434,4.5,23.5
2020-02-24 01:30:25,2,0.442,4.53,-20.0
2020-02-24 01:30:25,3,0.418,4.54,-20.0
2020-02-24 01:30:25,4,0.445,4.49,-20.0
2020-02-24 01:30:25,5,0.436,4.54,-20.0
2020-02-24 01:30:25,6,0.368,4.51,-20.0
2020-02-24 01:30:25,7,0.398,4.48,-20.0
2020-02-24 01:30:25,8,0.38,4.5,-20.0
2020-02-24 01:30:25,9,0.409,4.46,-20.0
2020-02-24 01:30:25,10,0.393,4.48,-20.0
2020-02-24 01:30:25,11,0.397,4.45,-20.0
2020-02-24 01:30:25,12,0.365,4.45,-20.0
2020-02-24 01:30:25,13,0.402,4.47,22.7
2020-02-24 01:30:25,14,0.358,4.49,-20.0
2020-02-24 01:30:25,15,0.405,4.53,-20.0
2020-02-24 01:30:25,16,0.423,4.52,-20.0
2020-02-24 01:30:25,17,0.398,4.48,-20.0
2020-02-24 01:30:25,18,0.39,4.49,-20.0
2020-02-24 01:30:25,19,0.395,4.47,-20.0
2020-02-24 01:30:25,20,0.407,4.49,-20.0
2020-02-24 01:30:25,21,0.431,4.48,-20.0
2020-02-24 01:30:25,22,0.405,4.46,-20.0
2020-02-24 01:30:25,23,0.394,4.48,-20.0
2020-02-24 01:30:25,24,0.398,4.48,-20.0
2020-02-24 01:30:25,25,0.344,4.49,20.3
2020-02-24 01:30:25,26,0.404,4.48,-20.0
2020-02-24 01:30:25,27,0.448,4.47,-20.0
2020-02-24 01:30:25,28,0.431,4.47,-20.0
2020-02-24 01:30:25,29,0.408,4.46,-20.0
2020-02-24 01:30:25,30,0.32,4.47,-20.0
2020-02-24 01:30:25,31,0.33,4.46,-20.0
2020-02-24 01:30:25,32,0.342,4.46,-20.0
2020-02-24 01:30:25,33,0.417,4.47,-20.0
2020-02-24 01:30:25,34,0.351,4.47,-20.0
2020-02-24 01:30:25,35,0.332,4.51,-20.0
2020-02-24 01:30:25,36,0.413,4.47,20.7
2020-02-24 01:30:25,37,0.386,4.49,-20.0
2020-02-24 01:30:25,38,0.33,4.45,-20.0
2020-02-24 01:30:25,39,0.377,4.51,-20.0
2020-02-24 01:30:25,40,0.343,4.48,-20.0
2020-02-24 01:30:25,41,0.381,4.49,-20.0
2020-02-24 01:30:25,42,0.377,4.48,-20.0
2020-02-24 01:30:25,43,0.311,4.5,-20.0
2020-02-24 01:30:25,44,0.398,4.48,-20.0
2020-02-24 01:30:25,45,0.411,4.49,-20.0
2020-02-24 01:30:25,46,0.456,4.48,-20.0
2020-02-24 01:30:25,47,0.475,4.45,22.6
2020-02-24 01:30:25,48,0.429,4.47,-20.0
2020-02-24 01:30:25,49,0.403,4.45,-20.0
2020-02-24 01:30:25,50,0.342,4.44,-20.0
2020-02-24 01:30:25,51,0.382,4.45,-20.0
2020-02-24 01:30:25,52,0.359,4.42,-20.0
2020-02-24 01:30:25,53,0.328,4.43,-20.0
2020-02-24 01:30:25,54,0.395,4.42,-20.0
2020-02-24 01:30:25,55,0.393,4.42,-20.0
2020-02-24 01:30:25,56,0.379,4.43,-20.0
2020-02-24 01:30:25,57,0.357,4.44,-20.0
2020-02-24 01:30:25,58,0.325,4.49,-20.0
2020-02-24 01:30:25,59,0.403,4.44,-20.0
2020-02-24 01:30:25,60,0.352,4.45,-20.0
2020-02-24 01:30:25,61,0.334,4.42,-20.0
2020-02-24 01:30:25,62,0.398,4.45,-20.0
2020-02-24 01:30:25,63,0.408,4.43,-20.0
2020-02-24 01:30:25,64,0.371,4.46,-20.0
2020-02-24 01:30:25,65,0.321,4.48,-20.0
2020-02-24 01:30:25,66,0.407,4.49,-20.0
2020-02-24 01:30:25,67,0.427,4.5,-20.0
2020-02-24 01:30:25,68,0.423,4.45,-20.0
2020-02-24 01:30:25,69,0.344,4.44,-20.0
2020-02-24 01:30:25,70,0.361,4.5,-20.0
2020-02-24 01:30:25,71,0.359,4.46,-20.0
2020-02-24 01:30:25,72,0.389,4.49,-20.0
2020-02-24 01:30:25,73,0.44,4.54,-20.0
2020-02-24 01:30:25,74,0.392,4.54,-20.0
2020-02-24 01:30:25,75,0.352,4.51,-20.0
2020-02-24 01:30:25,76,0.358,4.5,-20.0
2020-02-24 01:30:25,77,0.405,4.49,-20.0
2020-02-24 01:30:25,78,0.383,4.47,23.1
2020-02-24 01:30:25,79,0.37,4.45,-20.0
2020-02-24 01:30:25,80,0.337,4.45,-20.0
2020-02-24 01:30:25,81,0.39,4.45,-20.0
2020-02-24 01:30:25,82,0.369,4.48,-20.0
2020-02-24 01:30:25,83,0.394,4.46,-20.0
2020-02-24 01:30:25,84,0.353,4.49,-20.0
2020-02-24 01:30:25,85,0.369,4.52,-20.0
2020-02-24 01:30:25,86,0.486,4.48,-20.0
2020-02-24 01:30:25,87,0.421,4.44,-20.0
2020-02-24 01:30:25,88,0.425,4.5,-20.0
2020-02-24 01:30:25,89,0.369,4.48,-20.0
2020-02-24 01:30:25,90,0.394,4.46,-20.0
2020-02-24 01:30:25,91,0.353,4.49,-20.0
2020-02-24 01:30:25,92,0.369,4.51,-20.0
2020-02-24 01:30:25,93,0.486,4.48,-20.0
2020-02-24 01:30:25,94,0.467,4.45,-20.0
2020-02-24 01:30:25,95,0.421,4.44,-20.0
2020-02-24 01:30:25,96,0.425,4.5,-20.0
2020-02-24 13:29:40,1,0.435,4.51,23.5
2020-02-24 13:29:40,2,0.441,4.53,-20.0
2020-02-24 13:29:40,3,0.416,4.53,-20.0
2020-02-24 13:29:40,4,0.444,4.49,-20.0
2020-02-24 13:29:40,5,0.436,4.54,-20.0
2020-02-24 13:29:40,6,0.366,4.51,-20.0
2020-02-24 13:29:40,7,0.398,4.48,-20.0
2020-02-24 13:29:40,8,0.379,4.5,-20.0
2020-02-24 13:29:40,9,0.407,4.47,-20.0
2020-02-24 13:29:40,10,0.391,4.49,-20.0
2020-02-24 13:29:40,11,0.397,4.44,-20.0
2020-02-24 13:29:40,12,0.365,4.45,-20.0
2020-02-24 13:29:40,13,0.403,4.45,22.7
2020-02-24 13:29:40,14,0.404,4.53,-20.0
2020-02-24 13:29:40,15,0.426,4.53,-20.0
2020-02-24 13:29:40,16,0.398,4.47,-20.0
2020-02-24 13:29:40,17,0.393,4.48,-20.0
2020-02-24 13:29:40,18,0.392,4.47,-20.0
2020-02-24 13:29:40,19,0.404,4.48,-20.0
2020-02-24 13:29:40,20,0.43,4.47,-20.0
2020-02-24 13:29:40,21,0.407,4.47,-20.0
2020-02-24 13:29:40,22,0.383,4.48,-20.0
2020-02-24 13:29:40,23,0.388,4.49,-20.0
2020-02-24 13:29:40,24,0.345,4.5,20.3
2020-02-24 13:29:40,25,0.404,4.49,-20.0
2020-02-24 13:29:40,26,0.434,4.46,-20.0
2020-02-24 13:29:40,27,0.426,4.47,-20.0
2020-02-24 13:29:40,28,0.411,4.45,-20.0
2020-02-24 13:29:40,29,0.32,4.47,-20.0
2020-02-24 13:29:40,30,0.33,4.46,-20.0
2020-02-24 13:29:40,31,0.346,4.47,-20.0
2020-02-24 13:29:40,32,0.419,4.47,-20.0
2020-02-24 13:29:40,33,0.371,4.5,-20.0
2020-02-24 13:29:40,34,0.349,4.48,-20.0
2020-02-24 13:29:40,35,0.331,4.5,-20.0
2020-02-24 13:29:40,36,0.415,4.48,20.7
2020-02-24 13:29:40,37,0.385,4.49,-20.0
2020-02-24 13:29:40,38,0.331,4.46,-20.0
2020-02-24 13:29:40,39,0.335,4.47,-20.0
2020-02-24 13:29:40,40,0.374,4.49,-20.0
2020-02-24 13:29:40,41,0.343,4.48,-20.0
2020-02-24 13:29:40,42,0.383,4.5,-20.0
2020-02-24 13:29:40,43,0.377,4.48,-20.0
2020-02-24 13:29:40,44,0.309,4.5,-20.0
2020-02-24 13:29:40,45,0.395,4.49,-20.0
2020-02-24 13:29:40,46,0.458,4.48,-20.0
2020-02-24 13:29:40,47,0.475,4.45,22.5
2020-02-24 13:29:40,48,0.43,4.47,-20.0
2020-02-24 13:29:40,49,0.381,4.46,-20.0
2020-02-24 13:29:40,50,0.403,4.46,-20.0
2020-02-24 13:29:40,51,0.341,4.44,-20.0
2020-02-24 13:29:40,52,0.384,4.45,-20.0
2020-02-24 13:29:40,53,0.349,4.42,-20.0
2020-02-24 13:29:40,54,0.329,4.42,-20.0
2020-02-24 13:29:40,55,0.389,4.43,-20.0
2020-02-24 13:29:40,56,0.365,4.44,-20.0
2020-02-24 13:29:40,57,0.352,4.45,-20.0
2020-02-24 13:29:40,58,0.362,4.5,19.9
2020-02-24 13:29:40,59,0.325,4.49,-20.0
2020-02-24 13:29:40,60,0.391,4.48,-20.0
2020-02-24 13:29:40,61,0.403,4.45,-20.0
2020-02-24 13:29:40,62,0.352,4.45,-20.0
2020-02-24 13:29:40,63,0.388,4.45,-20.0
2020-02-24 13:29:40,64,0.333,4.43,-20.0
2020-02-24 13:29:40,65,0.4,4.45,-20.0
2020-02-24 13:29:40,66,0.413,4.44,-20.0
2020-02-24 13:29:40,67,0.374,4.46,-20.0
2020-02-24 13:29:40,68,0.325,4.49,-20.0
2020-02-24 13:29:40,69,0.408,4.49,-20.0
2020-02-24 13:29:40,70,0.429,4.5,-20.0
2020-02-24 13:29:40,71,0.423,4.46,-20.0
2020-02-24 13:29:40,72,0.345,4.45,-20.0
2020-02-24 13:29:40,73,0.36,4.5,-20.0
2020-02-24 13:29:40,74,0.362,4.46,-20.0
2020-02-24 13:29:40,75,0.39,4.5,-20.0
2020-02-24 13:29:40,76,0.443,4.54,-20.0
2020-02-24 13:29:40,77,0.394,4.54,-20.0
2020-02-24 13:29:40,78,0.353,4.51,-20.0
2020-02-24 13:29:40,79,0.358,4.5,-20.0
2020-02-24 13:29:40,80,0.404,4.48,-20.0
2020-02-24 13:29:40,81,0.386,4.47,23.1
2020-02-24 13:29:40,82,0.368,4.45,-20.0
2020-02-24 13:29:40,83,0.337,4.46,-20.0
2020-02-24 13:29:40,84,0.39,4.46,-20.0
2020-02-24 13:29:40,85,0.392,4.46,-20.0
2020-02-24 13:29:40,86,0.355,4.49,-20.0
2020-02-24 13:29:40,87,0.369,4.52,-20.0
2020-02-24 13:29:40,88,0.484,4.49,-20.0
2020-02-24 13:29:40,89,0.463,4.46,-20.0
2020-02-24 13:29:40,90,0.419,4.44,-20.0
2020-02-24 13:29:40,91,0.355,4.48,-20.0
2020-02-24 13:29:40,92,0.369,4.52,-20.0
2020-02-24 13:29:40,93,0.484,4.49,-20.0
2020-02-24 13:29:40,94,0.463,4.45,-20.0
2020-02-24 13:29:40,95,0.419,4.44,-20.0
2020-02-24 13:29:40,96,0.424,4.5,-20.0
2020-02-25 01:28:59,1,0.437,4.5,23.6
2020-02-25 01:28:59,2,0.441,4.52,-20.0
2020-02-25 01:28:59,3,0.418,4.53,-20.0
2020-02-25 01:28:59,4,0.445,4.49,-20.0
2020-02-25 01:28:59,5,0.438,4.54,-20.0
2020-02-25 01:28:59,6,0.369,4.51,-20.0
2020-02-25 01:28:59,7,0.399,4.48,-20.0
2020-02-25 01:28:59,8,0.377,4.51,-20.0
2020-02-25 01:28:59,9,0.409,4.47,-20.0
2020-02-25 01:28:59,10,0.393,4.49,-20.0
2020-02-25 01:28:59,11,0.396,4.44,-20.0
2020-02-25 01:28:59,12,0.364,4.45,-20.0
2020-02-25 01:28:59,13,0.402,4.47,22.8
2020-02-25 01:28:59,14,0.356,4.48,-20.0
2020-02-25 01:28:59,15,0.407,4.53,-20.0
2020-02-25 01:28:59,16,0.425,4.53,-20.0
2020-02-25 01:28:59,17,0.398,4.48,-20.0
2020-02-25 01:28:59,18,0.393,4.48,-20.0
2020-02-25 01:28:59,19,0.392,4.47,-20.0
2020-02-25 01:28:59,20,0.405,4.48,-20.0
2020-02-25 01:28:59,21,0.43,4.48,-20.0
2020-02-25 01:28:59,22,0.405,4.46,-20.0
2020-02-25 01:28:59,23,0.387,4.48,-20.0
2020-02-25 01:28:59,24,0.392,4.49,-20.0
2020-02-25 01:28:59,25,0.345,4.5,20.2
2020-02-25 01:28:59,26,0.404,4.48,-20.0
2020-02-25 01:28:59,27,0.439,4.46,-20.0
2020-02-25 01:28:59,28,0.413,4.47,-20.0
2020-02-25 01:28:59,29,0.321,4.47,-20.0
2020-02-25 01:28:59,30,0.328,4.46,-20.0
2020-02-25 01:28:59,31,0.343,4.46,-20.0
2020-02-25 01:28:59,32,0.42,4.48,-20.0
2020-02-25 01:28:59,33,0.374,4.49,-20.0
2020-02-25 01:28:59,34,0.35,4.48,-20.0
2020-02-25 01:28:59,35,0.328,4.51,-20.0
2020-02-25 01:28:59,36,0.417,4.47,20.7
2020-02-25 01:28:59,37,0.386,4.49,-20.0
2020-02-25 01:28:59,38,0.332,4.45,-20.0
2020-02-25 01:28:59,39,0.336,4.47,-20.0
2020-02-25 01:28:59,40,0.373,4.5,-20.0
2020-02-25 01:28:59,41,0.341,4.47,-20.0
2020-02-25 01:28:59,42,0.385,4.49,-20.0
2020-02-25 01:28:59,43,0.38,4.48,-20.0
2020-02-25 01:28:59,44,0.312,4.51,-20.0
2020-02-25 01:28:59,45,0.395,4.48,-20.0
2020-02-25 01:28:59,46,0.4,4.47,-20.0
2020-02-25 01:28:59,47,0.458,4.48,-20.0
2020-02-25 01:28:59,48,0.478,4.45,22.6
2020-02-25 01:28:59,49,0.435,4.47,-20.0
2020-02-25 01:28:59,50,0.38,4.46,-20.0
2020-02-25 01:28:59,51,0.403,4.45,-20.0
2020-02-25 01:28:59,52,0.343,4.44,-20.0
2020-02-25 01:28:59,53,0.384,4.45,-20.0
2020-02-25 01:28:59,54,0.35,4.42,-20.0
2020-02-25 01:28:59,55,0.328,4.42,-20.0
2020-02-25 01:28:59,56,0.394,4.42,-20.0
2020-02-25 01:28:59,57,0.386,4.42,-20.0
2020-02-25 01:28:59,58,0.38,4.43,-20.0
2020-02-25 01:28:59,59,0.357,4.44,-20.0
2020-02-25 01:28:59,60,0.361,4.5,19.8
2020-02-25 01:28:59,61,0.327,4.49,-20.0
2020-02-25 01:28:59,62,0.394,4.47,-20.0
2020-02-25 01:28:59,63,0.405,4.44,-20.0
2020-02-25 01:28:59,64,0.353,4.45,-20.0
2020-02-25 01:28:59,65,0.386,4.45,-20.0
2020-02-25 01:28:59,66,0.333,4.42,-20.0
2020-02-25 01:28:59,67,0.4,4.45,-20.0
2020-02-25 01:28:59,68,0.411,4.45,-20.0
2020-02-25 01:28:59,69,0.372,4.46,-20.0
2020-02-25 01:28:59,70,0.321,4.5,-20.0
2020-02-25 01:28:59,71,0.41,4.48,-20.0
2020-02-25 01:28:59,72,0.467,4.53,20.2
2020-02-25 01:28:59,73,0.433,4.49,-20.0
2020-02-25 01:28:59,74,0.424,4.45,-20.0
2020-02-25 01:28:59,75,0.344,4.44,-20.0
2020-02-25 01:28:59,76,0.363,4.5,-20.0
2020-02-25 01:28:59,77,0.362,4.46,-20.0
2020-02-25 01:28:59,78,0.388,4.49,-20.0
2020-02-25 01:28:59,79,0.443,4.53,-20.0
2020-02-25 01:28:59,80,0.393,4.55,-20.0
2020-02-25 01:28:59,81,0.353,4.51,-20.0
2020-02-25 01:28:59,82,0.405,4.48,-20.0
2020-02-25 01:28:59,83,0.372,4.45,-20.0
2020-02-25 01:28:59,84,0.339,4.45,-20.0
2020-02-25 01:28:59,85,0.39,4.46,-20.0
2020-02-25 01:28:59,86,0.369,4.48,-20.0
2020-02-25 01:28:59,87,0.394,4.46,-20.0
2020-02-25 01:28:59,88,0.352,4.48,-20.0
2020-02-25 01:28:59,89,0.372,4.52,-20.0
2020-02-25 01:28:59,90,0.484,4.48,-20.0
2020-02-25 01:28:59,91,0.465,4.46,-20.0
2020-02-25 01:28:59,92,0.421,4.44,-20.0
2020-02-25 01:28:59,93,0.423,4.5,-20.0
2020-02-25 01:28:59,94,0.465,4.45,-20.0
2020-02-25 01:28:59,95,0.421,4.44,-20.0
2020-02-25 01:28:59,96,0.423,4.5,-20.0
2020-02-25 13:28:21,1,0.435,4.51,23.7
2020-02-25 13:28:21,2,0.443,4.53,-20.0
2020-02-25 13:28:21,3,0.42,4.54,-20.0
2020-02-25 13:28:21,4,0.445,4.49,-20.0
2020-02-25 13:28:21,5,0.438,4.54,-20.0
2020-02-25 13:28:21,6,0.368,4.51,-20.0
2020-02-25 13:28:21,7,0.402,4.48,-20.0
2020-02-25 13:28:21,8,0.38,4.5,-20.0
2020-02-25 13:28:21,9,0.411,4.47,-20.0
2020-02-25 13:28:21,10,0.393,4.49,-20.0
2020-02-25 13:28:21,11,0.402,4.44,-20.0
2020-02-25 13:28:21,12,0.367,4.45,-20.0
2020-02-25 13:28:21,13,0.402,4.46,22.9
2020-02-25 13:28:21,14,0.356,4.48,-20.0
2020-02-25 13:28:21,15,0.408,4.52,-20.0
2020-02-25 13:28:21,16,0.425,4.53,-20.0
2020-02-25 13:28:21,17,0.395,4.48,-20.0
2020-02-25 13:28:21,18,0.394,4.48,-20.0
2020-02-25 13:28:21,19,0.391,4.48,-20.0
2020-02-25 13:28:21,20,0.404,4.48,-20.0
2020-02-25 13:28:21,21,0.428,4.47,-20.0
2020-02-25 13:28:21,22,0.407,4.47,-20.0
2020-02-25 13:28:21,23,0.378,4.47,-20.0
2020-02-25 13:28:21,24,0.384,4.49,-20.0
2020-02-25 13:28:21,25,0.342,4.5,20.6
2020-02-25 13:28:21,26,0.4,4.48,-20.0
2020-02-25 13:28:21,27,0.43,4.47,-20.0
2020-02-25 13:28:21,28,0.424,4.47,-20.0
2020-02-25 13:28:21,29,0.401,4.46,-20.0
2020-02-25 13:28:21,30,0.318,4.48,-20.0
2020-02-25 13:28:21,31,0.326,4.46,-20.0
2020-02-25 13:28:21,32,0.336,4.47,-20.0
2020-02-25 13:28:21,33,0.421,4.47,-20.0
2020-02-25 13:28:21,34,0.374,4.5,-20.0
2020-02-25 13:28:21,35,0.35,4.48,-20.0
2020-02-25 13:28:21,36,0.329,4.51,-20.0
2020-02-25 13:28:21,37,0.419,4.48,21.0
2020-02-25 13:28:21,38,0.388,4.49,-20.0
2020-02-25 13:28:21,39,0.333,4.46,-20.0
2020-02-25 13:28:21,40,0.372,4.51,-20.0
2020-02-25 13:28:21,41,0.341,4.47,-20.0
2020-02-25 13:28:21,42,0.387,4.49,-20.0
2020-02-25 13:28:21,43,0.383,4.48,-20.0
2020-02-25 13:28:21,44,0.309,4.49,-20.0
2020-02-25 13:28:21,45,0.394,4.48,-20.0
2020-02-25 13:28:21,46,0.406,4.47,-20.0
2020-02-25 13:28:21,47,0.461,4.48,-20.0
2020-02-25 13:28:21,48,0.482,4.45,22.7
2020-02-25 13:28:21,49,0.432,4.48,-20.0
2020-02-25 13:28:21,50,0.376,4.46,-20.0
2020-02-25 13:28:21,51,0.343,4.44,-20.0
2020-02-25 13:28:21,52,0.383,4.45,-20.0
2020-02-25 13:28:21,53,0.341,4.42,-20.0
2020-02-25 13:28:21,54,0.323,4.43,-20.0
2020-02-25 13:28:21,55,0.395,4.42,-20.0
2020-02-25 13:28:21,56,0.384,4.42,-20.0
2020-02-25 13:28:21,57,0.371,4.44,-20.0
2020-02-25 13:28:21,58,0.338,4.44,-20.0
2020-02-25 13:28:21,59,0.362,4.5,20.2
2020-02-25 13:28:21,60,0.326,4.5,-20.0
2020-02-25 13:28:21,61,0.397,4.46,-20.0
2020-02-25 13:28:21,62,0.405,4.45,-20.0
2020-02-25 13:28:21,63,0.355,4.45,-20.0
2020-02-25 13:28:21,64,0.385,4.45,-20.0
2020-02-25 13:28:21,65,0.337,4.43,-20.0
2020-02-25 13:28:21,66,0.409,4.44,-20.0
2020-02-25 13:28:21,67,0.372,4.46,-20.0
2020-02-25 13:28:21,68,0.318,4.48,-20.0
2020-02-25 13:28:21,69,0.408,4.48,-20.0
2020-02-25 13:28:21,70,0.469,4.53,20.4
2020-02-25 13:28:21,71,0.434,4.51,-20.0
2020-02-25 13:28:21,72,0.426,4.45,-20.0
2020-02-25 13:28:21,73,0.342,4.45,-20.0
2020-02-25 13:28:21,74,0.363,4.46,-20.0
2020-02-25 13:28:21,75,0.387,4.5,-20.0
2020-02-25 13:28:21,76,0.44,4.54,-20.0
2020-02-25 13:28:21,77,0.395,4.55,-20.0
2020-02-25 13:28:21,78,0.356,4.52,-20.0
2020-02-25 13:28:21,79,0.358,4.5,-20.0
2020-02-25 13:28:21,80,0.405,4.48,-20.0
2020-02-25 13:28:21,81,0.37,4.45,-20.0
2020-02-25 13:28:21,82,0.339,4.45,-20.0
2020-02-25 13:28:21,83,0.391,4.46,-20.0
2020-02-25 13:28:21,84,0.368,4.48,-20.0
2020-02-25 13:28:21,85,0.396,4.46,-20.0
2020-02-25 13:28:21,86,0.354,4.48,-20.0
2020-02-25 13:28:21,87,0.374,4.51,-20.0
2020-02-25 13:28:21,88,0.481,4.48,-20.0
2020-02-25 13:28:21,89,0.465,4.45,-20.0
2020-02-25 13:28:21,90,0.423,4.45,-20.0
2020-02-25 13:28:21,91,0.424,4.5,-20.0
2020-02-25 13:28:21,92,0.374,4.51,-20.0
2020-02-25 13:28:21,93,0.481,4.49,-20.0
2020-02-25 13:28:21,94,0.465,4.45,-20.0
2020-02-25 13:28:21,95,0.423,4.45,-20.0
2020-02-25 13:28:21,96,0.424,4.5,-20.0
2020-02-26 01:27:33,1,0.436,4.51,23.6
2020-02-26 01:27:33,2,0.443,4.53,-20.0
2020-02-26 01:27:33,3,0.419,4.54,-20.0
2020-02-26 01:27:33,4,0.444,4.49,-20.0
2020-02-26 01:27:33,5,0.441,4.53,-20.0
2020-02-26 01:27:33,6,0.369,4.51,-20.0
2020-02-26 01:27:33,7,0.402,4.48,-20.0
2020-02-26 01:27:33,8,0.378,4.5,-20.0
2020-02-26 01:27:33,9,0.412,4.47,-20.0
2020-02-26 01:27:33,10,0.395,4.48,-20.0
2020-02-26 01:27:33,11,0.401,4.45,-20.0
2020-02-26 01:27:33,12,0.365,4.46,-20.0
2020-02-26 01:27:33,13,0.401,4.47,22.8
2020-02-26 01:27:33,14,0.356,4.48,-20.0
2020-02-26 01:27:33,15,0.408,4.52,-20.0
2020-02-26 01:27:33,16,0.427,4.53,-20.0
2020-02-26 01:27:33,17,0.4,4.49,-20.0
2020-02-26 01:27:33,18,0.396,4.49,-20.0
2020-02-26 01:27:33,19,0.395,4.47,-20.0
2020-02-26 01:27:33,20,0.405,4.47,-20.0
2020-02-26 01:27:33,21,0.431,4.47,-20.0
2020-02-26 01:27:33,22,0.408,4.47,-20.0
2020-02-26 01:27:33,23,0.38,4.46,-20.0
2020-02-26 01:27:33,24,0.387,4.49,-20.0
2020-02-26 01:27:33,25,0.343,4.49,20.4
2020-02-26 01:27:33,26,0.401,4.49,-20.0
2020-02-26 01:27:33,27,0.44,4.45,-20.0
2020-02-26 01:27:33,28,0.426,4.47,-20.0
2020-02-26 01:27:33,29,0.406,4.46,-20.0
2020-02-26 01:27:33,30,0.321,4.48,-20.0
2020-02-26 01:27:33,31,0.326,4.47,-20.0
2020-02-26 01:27:33,32,0.343,4.47,-20.0
2020-02-26 01:27:33,33,0.424,4.48,-20.0
2020-02-26 01:27:33,34,0.375,4.49,-20.0
2020-02-26 01:27:33,35,0.35,4.47,-20.0
2020-02-26 01:27:33,36,0.331,4.5,-20.0
2020-02-26 01:27:33,37,0.417,4.48,20.8
2020-02-26 01:27:33,38,0.386,4.49,-20.0
2020-02-26 01:27:33,39,0.33,4.46,-20.0
2020-02-26 01:27:33,40,0.334,4.47,-20.0
2020-02-26 01:27:33,41,0.375,4.51,-20.0
2020-02-26 01:27:33,42,0.343,4.48,-20.0
2020-02-26 01:27:33,43,0.388,4.49,-20.0
2020-02-26 01:27:33,44,0.386,4.49,-20.0
2020-02-26 01:27:33,45,0.309,4.5,-20.0
2020-02-26 01:27:33,46,0.395,4.48,-20.0
2020-02-26 01:27:33,47,0.407,4.48,-20.0
2020-02-26 01:27:33,48,0.46,4.49,-20.0
2020-02-26 01:27:33,49,0.435,4.48,-20.0
2020-02-26 01:27:33,50,0.376,4.45,-20.0
2020-02-26 01:27:33,51,0.401,4.45,-20.0
2020-02-26 01:27:33,52,0.344,4.45,-20.0
2020-02-26 01:27:33,53,0.348,4.43,-20.0
2020-02-26 01:27:33,54,0.321,4.42,-20.0
2020-02-26 01:27:33,55,0.386,4.42,-20.0
2020-02-26 01:27:33,56,0.377,4.43,-20.0
2020-02-26 01:27:33,57,0.347,4.44,-20.0
2020-02-26 01:27:33,58,0.363,4.49,20.0
2020-02-26 01:27:33,59,0.325,4.5,-20.0
2020-02-26 01:27:33,60,0.399,4.48,-20.0
2020-02-26 01:27:33,61,0.405,4.45,-20.0
2020-02-26 01:27:33,62,0.357,4.45,-20.0
2020-02-26 01:27:33,63,0.385,4.45,-20.0
2020-02-26 01:27:33,64,0.399,4.45,-20.0
2020-02-26 01:27:33,65,0.406,4.43,-20.0
2020-02-26 01:27:33,66,0.368,4.45,-20.0
2020-02-26 01:27:33,67,0.318,4.48,-20.0
2020-02-26 01:27:33,68,0.406,4.48,-20.0
2020-02-26 01:27:33,69,0.467,4.54,20.3
2020-02-26 01:27:33,70,0.426,4.45,-20.0
2020-02-26 01:27:33,71,0.342,4.44,-20.0
2020-02-26 01:27:33,72,0.365,4.47,-20.0
2020-02-26 01:27:33,73,0.386,4.5,-20.0
2020-02-26 01:27:33,74,0.441,4.54,-20.0
2020-02-26 01:27:33,75,0.352,4.51,-20.0
2020-02-26 01:27:33,76,0.357,4.5,-20.0
2020-02-26 01:27:33,77,0.406,4.48,-20.0
2020-02-26 01:27:33,78,0.387,4.48,23.1
2020-02-26 01:27:33,79,0.37,4.45,-20.0
2020-02-26 01:27:33,80,0.335,4.45,-20.0
2020-02-26 01:27:33,81,0.387,4.46,-20.0
2020-02-26 01:27:33,82,0.366,4.49,-20.0
2020-02-26 01:27:33,83,0.396,4.46,-20.0
2020-02-26 01:27:33,84,0.354,4.48,-20.0
2020-02-26 01:27:33,85,0.371,4.51,-20.0
2020-02-26 01:27:33,86,0.479,4.48,-20.0
2020-02-26 01:27:33,87,0.462,4.46,-20.0
2020-02-26 01:27:33,88,0.417,4.44,-20.0
2020-02-26 01:27:33,89,0.42,4.5,-20.0
2020-02-26 01:27:33,90,0.396,4.46,-20.0
2020-02-26 01:27:33,91,0.354,4.49,-20.0
2020-02-26 01:27:33,92,0.371,4.52,-20.0
2020-02-26 01:27:33,93,0.479,4.48,-20.0
2020-02-26 01:27:33,94,0.462,4.45,-20.0
2020-02-26 01:27:33,95,0.417,4.44,-20.0
2020-02-26 01:27:33,96,0.42,4.5,-20.0
2020-02-26 13:26:44,1,0.436,4.51,23.6
2020-02-26 13:26:44,2,0.445,4.53,-20.0
2020-02-26 13:26:44,3,0.419,4.54,-20.0
2020-02-26 13:26:44,4,0.443,4.49,-20.0
2020-02-26 13:26:44,5,0.437,4.54,-20.0
2020-02-26 13:26:44,6,0.369,4.5,-20.0
2020-02-26 13:26:44,7,0.401,4.48,-20.0
2020-02-26 13:26:44,8,0.381,4.5,-20.0
2020-02-26 13:26:44,9,0.413,4.47,-20.0
2020-02-26 13:26:44,10,0.396,4.49,-20.0
2020-02-26 13:26:44,11,0.397,4.44,-20.0
2020-02-26 13:26:44,12,0.356,4.45,-20.0
2020-02-26 13:26:44,13,0.4,4.46,22.8
2020-02-26 13:26:44,14,0.355,4.48,-20.0
2020-02-26 13:26:44,15,0.404,4.53,-20.0
2020-02-26 13:26:44,16,0.426,4.53,-20.0
2020-02-26 13:26:44,17,0.399,4.47,-20.0
2020-02-26 13:26:44,18,0.391,4.48,-20.0
2020-02-26 13:26:44,19,0.392,4.48,-20.0
2020-02-26 13:26:44,20,0.406,4.48,-20.0
2020-02-26 13:26:44,21,0.431,4.48,-20.0
2020-02-26 13:26:44,22,0.407,4.47,-20.0
2020-02-26 13:26:44,23,0.383,4.47,-20.0
2020-02-26 13:26:44,24,0.389,4.48,-20.0
2020-02-26 13:26:44,25,0.347,4.48,20.3
2020-02-26 13:26:44,26,0.4,4.49,-20.0
2020-02-26 13:26:44,27,0.447,4.46,-20.0
2020-02-26 13:26:44,28,0.428,4.47,-20.0
2020-02-26 13:26:44,29,0.408,4.46,-20.0
2020-02-26 13:26:44,30,0.321,4.47,-20.0
2020-02-26 13:26:44,31,0.327,4.47,-20.0
2020-02-26 13:26:44,32,0.347,4.46,-20.0
2020-02-26 13:26:44,33,0.421,4.47,-20.0
2020-02-26 13:26:44,34,0.374,4.49,-20.0
2020-02-26 13:26:44,35,0.352,4.48,-20.0
2020-02-26 13:26:44,36,0.418,4.47,20.8
2020-02-26 13:26:44,37,0.385,4.49,-20.0
2020-02-26 13:26:44,38,0.328,4.47,-20.0
2020-02-26 13:26:44,39,0.334,4.47,-20.0
2020-02-26 13:26:44,40,0.373,4.5,-20.0
2020-02-26 13:26:44,41,0.344,4.48,-20.0
2020-02-26 13:26:44,42,0.387,4.49,-20.0
2020-02-26 13:26:44,43,0.386,4.47,-20.0
2020-02-26 13:26:44,44,0.311,4.5,-20.0
2020-02-26 13:26:44,45,0.39,4.49,-20.0
2020-02-26 13:26:44,46,0.405,4.48,-20.0
2020-02-26 13:26:44,47,0.46,4.49,-20.0
2020-02-26 13:26:44,48,0.482,4.44,22.7
2020-02-26 13:26:44,49,0.433,4.47,-20.0
2020-02-26 13:26:44,50,0.373,4.46,-20.0
2020-02-26 13:26:44,51,0.399,4.45,-20.0
2020-02-26 13:26:44,52,0.344,4.44,-20.0
2020-02-26 13:26:44,53,0.381,4.46,-20.0
2020-02-26 13:26:44,54,0.352,4.42,-20.0
2020-02-26 13:26:44,55,0.323,4.43,-20.0
2020-02-26 13:26:44,56,0.395,4.42,-20.0
2020-02-26 13:26:44,57,0.389,4.41,-20.0
2020-02-26 13:26:44,58,0.384,4.44,-20.0
2020-02-26 13:26:44,59,0.353,4.45,-20.0
2020-02-26 13:26:44,60,0.365,4.5,19.9
2020-02-26 13:26:44,61,0.328,4.5,-20.0
2020-02-26 13:26:44,62,0.404,4.48,-20.0
2020-02-26 13:26:44,63,0.405,4.44,-20.0
2020-02-26 13:26:44,64,0.357,4.45,-20.0
2020-02-26 13:26:44,65,0.386,4.45,-20.0
2020-02-26 13:26:44,66,0.337,4.43,-20.0
2020-02-26 13:26:44,67,0.397,4.45,-20.0
2020-02-26 13:26:44,68,0.41,4.44,-20.0
2020-02-26 13:26:44,69,0.372,4.46,-20.0
2020-02-26 13:26:44,70,0.318,4.5,-20.0
2020-02-26 13:26:44,71,0.41,4.49,-20.0
2020-02-26 13:26:44,72,0.468,4.53,20.2
2020-02-26 13:26:44,73,0.434,4.5,-20.0
2020-02-26 13:26:44,74,0.358,4.51,-20.0
2020-02-26 13:26:44,75,0.364,4.47,-20.0
2020-02-26 13:26:44,76,0.385,4.49,-20.0
2020-02-26 13:26:44,77,0.443,4.53,-20.0
2020-02-26 13:26:44,78,0.391,4.55,-20.0
2020-02-26 13:26:44,79,0.35,4.51,-20.0
2020-02-26 13:26:44,80,0.358,4.5,-20.0
2020-02-26 13:26:44,81,0.407,4.47,-20.0
2020-02-26 13:26:44,82,0.388,4.47,23.2
2020-02-26 13:26:44,83,0.368,4.45,-20.0
2020-02-26 13:26:44,84,0.332,4.45,-20.0
2020-02-26 13:26:44,85,0.384,4.46,-20.0
2020-02-26 13:26:44,86,0.392,4.46,-20.0
2020-02-26 13:26:44,87,0.354,4.49,-20.0
2020-02-26 13:26:44,88,0.369,4.52,-20.0
2020-02-26 13:26:44,89,0.48,4.48,-20.0
2020-02-26 13:26:44,90,0.463,4.46,-20.0
2020-02-26 13:26:44,91,0.419,4.45,-20.0
2020-02-26 13:26:44,92,0.424,4.51,-20.0
2020-02-26 13:26:44,93,0.48,4.48,-20.0
2020-02-26 13:26:44,94,0.463,4.45,-20.0
2020-02-26 13:26:44,95,0.419,4.45,-20.0
2020-02-26 13:26:44,96,0.424,4.5,-20.0
2020-02-27 01:26:12,1,0.438,4.5,23.6
2020-02-27 01:26:12,2,0.443,4.51,-20.0
2020-02-27 01:26:12,3,0.419,4.53,-20.0
2020-02-27 01:26:12,4,0.442,4.49,-20.0
2020-02-27 01:26:12,5,0.439,4.55,-20.0
2020-02-27 01:26:12,6,0.37,4.51,-20.0
2020-02-27 01:26:12,7,0.399,4.48,-20.0
2020-02-27 01:26:12,8,0.383,4.49,-20.0
2020-02-27 01:26:12,9,0.414,4.46,-20.0
2020-02-27 01:26:12,10,0.395,4.49,-20.0
2020-02-27 01:26:12,11,0.396,4.45,-20.0
2020-02-27 01:26:12,12,0.358,4.46,-20.0
2020-02-27 01:26:12,13,0.4,4.46,22.8
2020-02-27 01:26:12,14,0.354,4.48,-20.0
2020-02-27 01:26:12,15,0.404,4.54,-20.0
2020-02-27 01:26:12,16,0.424,4.53,-20.0
2020-02-27 01:26:12,17,0.399,4.48,-20.0
2020-02-27 01:26:12,18,0.394,4.48,-20.0
2020-02-27 01:26:12,19,0.393,4.47,-20.0
2020-02-27 01:26:12,20,0.405,4.48,-20.0
2020-02-27 01:26:12,21,0.432,4.48,-20.0
2020-02-27 01:26:12,22,0.41,4.46,-20.0
2020-02-27 01:26:12,23,0.387,4.47,-20.0
2020-02-27 01:26:12,24,0.39,4.48,-20.0
2020-02-27 01:26:12,25,0.348,4.5,20.2
2020-02-27 01:26:12,26,0.401,4.5,-20.0
2020-02-27 01:26:12,27,0.451,4.47,-20.0
2020-02-27 01:26:12,28,0.432,4.46,-20.0
2020-02-27 01:26:12,29,0.413,4.45,-20.0
2020-02-27 01:26:12,30,0.324,4.48,-20.0
2020-02-27 01:26:12,31,0.325,4.45,-20.0
2020-02-27 01:26:12,32,0.346,4.47,-20.0
2020-02-27 01:26:12,33,0.423,4.47,-20.0
2020-02-27 01:26:12,34,0.375,4.49,-20.0
2020-02-27 01:26:12,35,0.35,4.48,-20.0
2020-02-27 01:26:12,36,0.33,4.51,-20.0
2020-02-27 01:26:12,37,0.417,4.48,20.7
2020-02-27 01:26:12,38,0.381,4.49,-20.0
2020-02-27 01:26:12,39,0.328,4.46,-20.0
2020-02-27 01:26:12,40,0.335,4.46,-20.0
2020-02-27 01:26:12,41,0.374,4.5,-20.0
2020-02-27 01:26:12,42,0.345,4.48,-20.0
2020-02-27 01:26:12,43,0.387,4.49,-20.0
2020-02-27 01:26:12,44,0.374,4.49,-20.0
2020-02-27 01:26:12,45,0.39,4.5,-20.0
2020-02-27 01:26:12,46,0.392,4.48,-20.0
2020-02-27 01:26:12,47,0.445,4.48,-20.0
2020-02-27 01:26:12,48,0.486,4.44,22.7
2020-02-27 01:26:12,49,0.436,4.47,-20.0
2020-02-27 01:26:12,50,0.371,4.46,-20.0
2020-02-27 01:26:12,51,0.399,4.46,-20.0
2020-02-27 01:26:12,52,0.343,4.44,-20.0
2020-02-27 01:26:12,53,0.381,4.45,-20.0
2020-02-27 01:26:12,54,0.353,4.43,-20.0
2020-02-27 01:26:12,55,0.325,4.42,-20.0
2020-02-27 01:26:12,56,0.392,4.42,-20.0
2020-02-27 01:26:12,57,0.392,4.42,-20.0
2020-02-27 01:26:12,58,0.383,4.43,-20.0
2020-02-27 01:26:12,59,0.363,4.43,-20.0
2020-02-27 01:26:12,60,0.366,4.51,19.8
2020-02-27 01:26:12,61,0.328,4.5,-20.0
2020-02-27 01:26:12,62,0.409,4.47,-20.0
2020-02-27 01:26:12,63,0.408,4.45,-20.0
2020-02-27 01:26:12,64,0.358,4.44,-20.0
2020-02-27 01:26:12,65,0.387,4.45,-20.0
2020-02-27 01:26:12,66,0.335,4.42,-20.0
2020-02-27 01:26:12,67,0.4,4.45,-20.0
2020-02-27 01:26:12,68,0.411,4.45,-20.0
2020-02-27 01:26:12,69,0.376,4.47,-20.0
2020-02-27 01:26:12,70,0.318,4.5,-20.0
2020-02-27 01:26:12,71,0.411,4.49,-20.0
2020-02-27 01:26:12,72,0.469,4.53,20.2
2020-02-27 01:26:12,73,0.436,4.5,-20.0
2020-02-27 01:26:12,74,0.423,4.46,-20.0
2020-02-27 01:26:12,75,0.342,4.45,-20.0
2020-02-27 01:26:12,76,0.356,4.5,-20.0
2020-02-27 01:26:12,77,0.364,4.47,-20.0
2020-02-27 01:26:12,78,0.382,4.49,-20.0
2020-02-27 01:26:12,79,0.44,4.53,-20.0
2020-02-27 01:26:12,80,0.391,4.55,-20.0
2020-02-27 01:26:12,81,0.352,4.52,-20.0
2020-02-27 01:26:12,82,0.358,4.49,-20.0
2020-02-27 01:26:12,83,0.405,4.48,-20.0
2020-02-27 01:26:12,84,0.383,4.47,23.1
2020-02-27 01:26:12,85,0.37,4.46,-20.0
2020-02-27 01:26:12,86,0.331,4.46,-20.0
2020-02-27 01:26:12,87,0.386,4.45,-20.0
2020-02-27 01:26:12,88,0.369,4.48,-20.0
2020-02-27 01:26:12,89,0.394,4.47,-20.0
2020-02-27 01:26:12,90,0.355,4.48,-20.0
2020-02-27 01:26:12,91,0.369,4.53,-20.0
2020-02-27 01:26:12,92,0.48,4.48,-20.0
2020-02-27 01:26:12,93,0.464,4.45,-20.0
2020-02-27 01:26:12,94,0.423,4.5,-20.0
2020-02-27 01:26:12,95,0.417,4.45,-20.0
2020-02-27 01:26:12,96,0.423,4.5,-20.0
2020-02-27 13:25:24,1,0.434,4.5,23.5
2020-02-27 13:25:24,2,0.44,4.53,-20.0
2020-02-27 13:25:24,3,0.415,4.53,-20.0
2020-02-27 13:25:24,4,0.442,4.5,-20.0
2020-02-27 13:25:24,5,0.439,4.54,-20.0
2020-02-27 13:25:24,6,0.366,4.52,-20.0
2020-02-27 13:25:24,7,0.396,4.48,-20.0
2020-02-27 13:25:24,8,0.382,4.5,-20.0
2020-02-27 13:25:24,9,0.414,4.47,-20.0
2020-02-27 13:25:24,10,0.395,4.49,-20.0
2020-02-27 13:25:24,11,0.394,4.45,-20.0
2020-02-27 13:25:24,12,0.359,4.46,-20.0
2020-02-27 13:25:24,13,0.402,4.46,22.7
2020-02-27 13:25:24,14,0.355,4.48,-20.0
2020-02-27 13:25:24,15,0.403,4.53,-20.0
2020-02-27 13:25:24,16,0.424,4.52,-20.0
2020-02-27 13:25:24,17,0.399,4.48,-20.0
2020-02-27 13:25:24,18,0.393,4.48,-20.0
2020-02-27 13:25:24,19,0.391,4.47,-20.0
2020-02-27 13:25:24,20,0.404,4.47,-20.0
2020-02-27 13:25:24,21,0.433,4.48,-20.0
2020-02-27 13:25:24,22,0.406,4.47,-20.0
2020-02-27 13:25:24,23,0.388,4.47,-20.0
2020-02-27 13:25:24,24,0.39,4.48,-20.0
2020-02-27 13:25:24,25,0.345,4.5,20.2
2020-02-27 13:25:24,26,0.4,4.49,-20.0
2020-02-27 13:25:24,27,0.454,4.46,-20.0
2020-02-27 13:25:24,28,0.433,4.46,-20.0
2020-02-27 13:25:24,29,0.415,4.46,-20.0
2020-02-27 13:25:24,30,0.323,4.47,-20.0
2020-02-27 13:25:24,31,0.327,4.46,-20.0
2020-02-27 13:25:24,32,0.351,4.47,-20.0
2020-02-27 13:25:24,33,0.423,4.48,-20.0
2020-02-27 13:25:24,34,0.377,4.48,-20.0
2020-02-27 13:25:24,35,0.353,4.48,-20.0
2020-02-27 13:25:24,36,0.33,4.52,-20.0
2020-02-27 13:25:24,37,0.42,4.48,20.7
2020-02-27 13:25:24,38,0.329,4.45,-20.0
2020-02-27 13:25:24,39,0.333,4.47,-20.0
2020-02-27 13:25:24,40,0.376,4.5,-20.0
2020-02-27 13:25:24,41,0.345,4.48,-20.0
2020-02-27 13:25:24,42,0.385,4.49,-20.0
2020-02-27 13:25:24,43,0.377,4.48,-20.0
2020-02-27 13:25:24,44,0.314,4.5,-20.0
2020-02-27 13:25:24,45,0.392,4.49,-20.0
2020-02-27 13:25:24,46,0.398,4.49,-20.0
2020-02-27 13:25:24,47,0.45,4.48,-20.0
2020-02-27 13:25:24,48,0.478,4.45,22.6
2020-02-27 13:25:24,49,0.433,4.47,-20.0
2020-02-27 13:25:24,50,0.373,4.47,-20.0
2020-02-27 13:25:24,51,0.401,4.46,-20.0
2020-02-27 13:25:24,52,0.344,4.43,-20.0
2020-02-27 13:25:24,53,0.381,4.45,-20.0
2020-02-27 13:25:24,54,0.351,4.41,-20.0
2020-02-27 13:25:24,55,0.326,4.43,-20.0
2020-02-27 13:25:24,56,0.391,4.42,-20.0
2020-02-27 13:25:24,57,0.392,4.42,-20.0
2020-02-27 13:25:24,58,0.388,4.43,-20.0
2020-02-27 13:25:24,59,0.364,4.5,19.8
2020-02-27 13:25:24,60,0.333,4.5,-20.0
2020-02-27 13:25:24,61,0.408,4.47,-20.0
2020-02-27 13:25:24,62,0.409,4.45,-20.0
2020-02-27 13:25:24,63,0.354,4.45,-20.0
2020-02-27 13:25:24,64,0.386,4.45,-20.0
2020-02-27 13:25:24,65,0.335,4.42,-20.0
2020-02-27 13:25:24,66,0.401,4.45,-20.0
2020-02-27 13:25:24,67,0.411,4.44,-20.0
2020-02-27 13:25:24,68,0.379,4.46,-20.0
2020-02-27 13:25:24,69,0.319,4.5,-20.0
2020-02-27 13:25:24,70,0.409,4.5,-20.0
2020-02-27 13:25:24,71,0.47,4.53,20.1
2020-02-27 13:25:24,72,0.436,4.5,-20.0
2020-02-27 13:25:24,73,0.342,4.44,-20.0
2020-02-27 13:25:24,74,0.353,4.5,-20.0
2020-02-27 13:25:24,75,0.364,4.46,-20.0
2020-02-27 13:25:24,76,0.384,4.49,-20.0
2020-02-27 13:25:24,77,0.438,4.54,-20.0
2020-02-27 13:25:24,78,0.389,4.56,-20.0
2020-02-27 13:25:24,79,0.351,4.51,-20.0
2020-02-27 13:25:24,80,0.358,4.5,-20.0
2020-02-27 13:25:24,81,0.406,4.48,-20.0
2020-02-27 13:25:24,82,0.385,4.47,23.1
2020-02-27 13:25:24,83,0.37,4.46,-20.0
2020-02-27 13:25:24,84,0.331,4.46,-20.0
2020-02-27 13:25:24,85,0.387,4.46,-20.0
2020-02-27 13:25:24,86,0.369,4.48,-20.0
2020-02-27 13:25:24,87,0.357,4.48,-20.0
2020-02-27 13:25:24,88,0.374,4.52,-20.0
2020-02-27 13:25:24,89,0.479,4.48,-20.0
2020-02-27 13:25:24,90,0.462,4.46,-20.0
2020-02-27 13:25:24,91,0.419,4.45,-20.0
2020-02-27 13:25:24,92,0.427,4.5,-20.0
2020-02-27 13:25:24,93,0.479,4.49,-20.0
2020-02-27 13:25:24,94,0.462,4.46,-20.0
2020-02-27 13:25:24,95,0.419,4.44,-20.0
2020-02-27 13:25:24,96,0.427,4.5,-20.0
2020-02-28 01:24:49,1,0.432,4.5,23.5
2020-02-28 01:24:49,2,0.44,4.52,-20.0
2020-02-28 01:24:49,3,0.417,4.54,-20.0
2020-02-28 01:24:49,4,0.441,4.49,-20.0
2020-02-28 01:24:49,5,0.442,4.54,-20.0
2020-02-28 01:24:49,6,0.367,4.51,-20.0
2020-02-28 01:24:49,7,0.396,4.49,-20.0
2020-02-28 01:24:49,8,0.376,4.5,-20.0
2020-02-28 01:24:49,9,0.414,4.47,-20.0
2020-02-28 01:24:49,10,0.394,4.49,-20.0
2020-02-28 01:24:49,11,0.396,4.43,-20.0
2020-02-28 01:24:49,12,0.359,4.46,-20.0
2020-02-28 01:24:49,13,0.4,4.46,22.7
2020-02-28 01:24:49,14,0.353,4.48,-20.0
2020-02-28 01:24:49,15,0.4,4.53,-20.0
2020-02-28 01:24:49,16,0.427,4.51,-20.0
2020-02-28 01:24:49,17,0.399,4.48,-20.0
2020-02-28 01:24:49,18,0.393,4.47,-20.0
2020-02-28 01:24:49,19,0.394,4.47,-20.0
2020-02-28 01:24:49,20,0.404,4.48,-20.0
2020-02-28 01:24:49,21,0.433,4.47,-20.0
2020-02-28 01:24:49,22,0.408,4.46,-20.0
2020-02-28 01:24:49,23,0.389,4.47,-20.0
2020-02-28 01:24:49,24,0.391,4.48,-20.0
2020-02-28 01:24:49,25,0.344,4.5,20.2
2020-02-28 01:24:49,26,0.404,4.49,-20.0
2020-02-28 01:24:49,27,0.455,4.46,-20.0
2020-02-28 01:24:49,28,0.435,4.47,-20.0
2020-02-28 01:24:49,29,0.416,4.46,-20.0
2020-02-28 01:24:49,30,0.326,4.47,-20.0
2020-02-28 01:24:49,31,0.33,4.46,-20.0
2020-02-28 01:24:49,32,0.356,4.47,-20.0
2020-02-28 01:24:49,33,0.424,4.47,-20.0
2020-02-28 01:24:49,34,0.377,4.49,-20.0
2020-02-28 01:24:49,35,0.352,4.48,-20.0
2020-02-28 01:24:49,36,0.334,4.5,-20.0
2020-02-28 01:24:49,37,0.414,4.48,20.6
2020-02-28 01:24:49,38,0.316,4.47,-20.0
2020-02-28 01:24:49,39,0.333,4.48,-20.0
2020-02-28 01:24:49,40,0.371,4.5,-20.0
2020-02-28 01:24:49,41,0.332,4.47,-20.0
2020-02-28 01:24:49,42,0.37,4.49,-20.0
2020-02-28 01:24:49,43,0.363,4.49,-20.0
2020-02-28 01:24:49,44,0.31,4.51,-20.0
2020-02-28 01:24:49,45,0.393,4.49,-20.0
2020-02-28 01:24:49,46,0.383,4.49,-20.0
2020-02-28 01:24:49,47,0.48,4.45,22.6
2020-02-28 01:24:49,48,0.434,4.47,-20.0
2020-02-28 01:24:49,49,0.375,4.46,-20.0
2020-02-28 01:24:49,50,0.403,4.46,-20.0
2020-02-28 01:24:49,51,0.383,4.45,-20.0
2020-02-28 01:24:49,52,0.354,4.42,-20.0
2020-02-28 01:24:49,53,0.325,4.42,-20.0
2020-02-28 01:24:49,54,0.395,4.43,-20.0
2020-02-28 01:24:49,55,0.392,4.42,-20.0
2020-02-28 01:24:49,56,0.395,4.44,-20.0
2020-02-28 01:24:49,57,0.371,4.44,-20.0
2020-02-28 01:24:49,58,0.36,4.5,19.8
2020-02-28 01:24:49,59,0.409,4.48,-20.0
2020-02-28 01:24:49,60,0.406,4.44,-20.0
2020-02-28 01:24:49,61,0.353,4.45,-20.0
2020-02-28 01:24:49,62,0.385,4.45,-20.0
2020-02-28 01:24:49,63,0.333,4.43,-20.0
2020-02-28 01:24:49,64,0.4,4.45,-20.0
2020-02-28 01:24:49,65,0.38,4.46,-20.0
2020-02-28 01:24:49,66,0.411,4.49,-20.0
2020-02-28 01:24:49,67,0.459,4.54,20.1
2020-02-28 01:24:49,68,0.424,4.46,-20.0
2020-02-28 01:24:49,69,0.34,4.45,-20.0
2020-02-28 01:24:49,70,0.351,4.5,-20.0
2020-02-28 01:24:49,71,0.358,4.47,-20.0
2020-02-28 01:24:49,72,0.382,4.49,-20.0
2020-02-28 01:24:49,73,0.436,4.53,-20.0
2020-02-28 01:24:49,74,0.386,4.54,-20.0
2020-02-28 01:24:49,75,0.349,4.51,-20.0
2020-02-28 01:24:49,76,0.359,4.5,-20.0
2020-02-28 01:24:49,77,0.387,4.47,23.0
2020-02-28 01:24:49,78,0.369,4.46,-20.0
2020-02-28 01:24:49,79,0.331,4.46,-20.0
2020-02-28 01:24:49,80,0.387,4.46,-20.0
2020-02-28 01:24:49,81,0.367,4.48,-20.0
2020-02-28 01:24:49,82,0.393,4.46,-20.0
2020-02-28 01:24:49,83,0.355,4.48,-20.0
2020-02-28 01:24:49,84,0.369,4.52,-20.0
2020-02-28 01:24:49,85,0.479,4.48,-20.0
2020-02-28 01:24:49,86,0.462,4.46,-20.0
2020-02-28 01:24:49,87,0.414,4.44,-20.0
2020-02-28 01:24:49,88,0.387,4.46,-20.0
2020-02-28 01:24:49,89,0.367,4.48,-20.0
2020-02-28 01:24:49,90,0.393,4.46,-20.0
2020-02-28 01:24:49,91,0.355,4.49,-20.0
2020-02-28 01:24:49,92,0.369,4.51,-20.0
2020-02-28 01:24:49,93,0.479,4.48,-20.0
2020-02-28 01:24:49,94,0.462,4.46,-20.0
2020-02-28 01:24:49,95,0.414,4.44,-20.0
2020-02-28 01:24:49,96,0.426,4.5,-20.0
2020-02-28 13:23:59,1,0.434,4.51,23.6
2020-02-28 13:23:59,2,0.444,4.52,-20.0
2020-02-28 13:23:59,3,0.418,4.54,-20.0
2020-02-28 13:23:59,4,0.442,4.48,-20.0
2020-02-28 13:23:59,5,0.441,4.53,-20.0
2020-02-28 13:23:59,6,0.368,4.51,-20.0
2020-02-28 13:23:59,7,0.394,4.48,-20.0
2020-02-28 13:23:59,8,0.378,4.5,-20.0
2020-02-28 13:23:59,9,0.413,4.46,-20.0
2020-02-28 13:23:59,10,0.395,4.49,-20.0
2020-02-28 13:23:59,11,0.397,4.45,-20.0
2020-02-28 13:23:59,12,0.361,4.46,-20.0
2020-02-28 13:23:59,13,0.401,4.46,22.8
2020-02-28 13:23:59,14,0.356,4.48,-20.0
2020-02-28 13:23:59,15,0.401,4.53,-20.0
2020-02-28 13:23:59,16,0.43,4.52,-20.0
2020-02-28 13:23:59,17,0.401,4.49,-20.0
2020-02-28 13:23:59,18,0.39,4.48,-20.0
2020-02-28 13:23:59,19,0.393,4.48,-20.0
2020-02-28 13:23:59,20,0.404,4.48,-20.0
2020-02-28 13:23:59,21,0.435,4.47,-20.0
2020-02-28 13:23:59,22,0.406,4.46,-20.0
2020-02-28 13:23:59,23,0.39,4.47,-20.0
2020-02-28 13:23:59,24,0.392,4.49,-20.0
2020-02-28 13:23:59,25,0.349,4.48,20.3
2020-02-28 13:23:59,26,0.408,4.48,-20.0
2020-02-28 13:23:59,27,0.454,4.47,-20.0
2020-02-28 13:23:59,28,0.432,4.47,-20.0
2020-02-28 13:23:59,29,0.415,4.47,-20.0
2020-02-28 13:23:59,30,0.327,4.46,-20.0
2020-02-28 13:23:59,31,0.331,4.46,-20.0
2020-02-28 13:23:59,32,0.356,4.46,-20.0
2020-02-28 13:23:59,33,0.426,4.47,-20.0
2020-02-28 13:23:59,34,0.376,4.49,-20.0
2020-02-28 13:23:59,35,0.351,4.47,-20.0
2020-02-28 13:23:59,36,0.413,4.48,20.8
2020-02-28 13:23:59,37,0.379,4.49,-20.0
2020-02-28 13:23:59,38,0.336,4.47,-20.0
2020-02-28 13:23:59,39,0.371,4.5,-20.0
2020-02-28 13:23:59,40,0.334,4.48,-20.0
2020-02-28 13:23:59,41,0.372,4.5,-20.0
2020-02-28 13:23:59,42,0.368,4.49,-20.0
2020-02-28 13:23:59,43,0.308,4.49,-20.0
2020-02-28 13:23:59,44,0.393,4.49,-20.0
2020-02-28 13:23:59,45,0.392,4.48,-20.0
2020-02-28 13:23:59,46,0.453,4.48,-20.0
2020-02-28 13:23:59,47,0.48,4.44,22.7
2020-02-28 13:23:59,48,0.436,4.47,-20.0
2020-02-28 13:23:59,49,0.403,4.45,-20.0
2020-02-28 13:23:59,50,0.384,4.45,-20.0
2020-02-28 13:23:59,51,0.353,4.41,-20.0
2020-02-28 13:23:59,52,0.395,4.42,-20.0
2020-02-28 13:23:59,53,0.394,4.42,-20.0
2020-02-28 13:23:59,54,0.374,4.45,-20.0
2020-02-28 13:23:59,55,0.36,4.49,19.9
2020-02-28 13:23:59,56,0.329,4.5,-20.0
2020-02-28 13:23:59,57,0.411,4.47,-20.0
2020-02-28 13:23:59,58,0.407,4.44,-20.0
2020-02-28 13:23:59,59,0.352,4.44,-20.0
2020-02-28 13:23:59,60,0.384,4.46,-20.0
2020-02-28 13:23:59,61,0.334,4.42,-20.0
2020-02-28 13:23:59,62,0.402,4.45,-20.0
2020-02-28 13:23:59,63,0.409,4.44,-20.0
2020-02-28 13:23:59,64,0.38,4.46,-20.0
2020-02-28 13:23:59,65,0.409,4.49,-20.0
2020-02-28 13:23:59,66,0.463,4.54,20.2
2020-02-28 13:23:59,67,0.429,4.51,-20.0
2020-02-28 13:23:59,68,0.423,4.46,-20.0
2020-02-28 13:23:59,69,0.338,4.44,-20.0
2020-02-28 13:23:59,70,0.354,4.51,-20.0
2020-02-28 13:23:59,71,0.359,4.46,-20.0
2020-02-28 13:23:59,72,0.383,4.5,-20.0
2020-02-28 13:23:59,73,0.437,4.54,-20.0
2020-02-28 13:23:59,74,0.387,4.54,-20.0
2020-02-28 13:23:59,75,0.347,4.52,-20.0
2020-02-28 13:23:59,76,0.358,4.5,-20.0
2020-02-28 13:23:59,77,0.407,4.49,-20.0
2020-02-28 13:23:59,78,0.391,4.47,23.2
2020-02-28 13:23:59,79,0.368,4.45,-20.0
2020-02-28 13:23:59,80,0.335,4.46,-20.0
2020-02-28 13:23:59,81,0.39,4.46,-20.0
2020-02-28 13:23:59,82,0.368,4.48,-20.0
2020-02-28 13:23:59,83,0.393,4.47,-20.0
2020-02-28 13:23:59,84,0.356,4.49,-20.0
2020-02-28 13:23:59,85,0.369,4.51,-20.0
2020-02-28 13:23:59,86,0.478,4.48,-20.0
2020-02-28 13:23:59,87,0.463,4.45,-20.0
2020-02-28 13:23:59,88,0.417,4.45,-20.0
2020-02-28 13:23:59,89,0.43,4.5,-20.0
2020-02-28 13:23:59,90,0.393,4.47,-20.0
2020-02-28 13:23:59,91,0.356,4.48,-20.0
2020-02-28 13:23:59,92,0.369,4.52,-20.0
2020-02-28 13:23:59,93,0.478,4.49,-20.0
2020-02-28 13:23:59,94,0.463,4.46,-20.0
2020-02-28 13:23:59,95,0.417,4.45,-20.0
2020-02-28 13:23:59,96,0.43,4.5,-20.0
2020-02-29 01:23:13,1,0.435,4.51,23.6
2020-02-29 01:23:13,2,0.442,4.52,-20.0
2020-02-29 01:23:13,3,0.416,4.53,-20.0
2020-02-29 01:23:13,4,0.442,4.49,-20.0
2020-02-29 01:23:13,5,0.444,4.54,-20.0
2020-02-29 01:23:13,6,0.37,4.51,-20.0
2020-02-29 01:23:13,7,0.396,4.47,-20.0
2020-02-29 01:23:13,8,0.376,4.5,-20.0
2020-02-29 01:23:13,9,0.413,4.46,-20.0
2020-02-29 01:23:13,10,0.397,4.49,-20.0
2020-02-29 01:23:13,11,0.393,4.43,-20.0
2020-02-29 01:23:13,12,0.364,4.45,-20.0
2020-02-29 01:23:13,13,0.402,4.47,22.7
2020-02-29 01:23:13,14,0.356,4.48,-20.0
2020-02-29 01:23:13,15,0.403,4.52,-20.0
2020-02-29 01:23:13,16,0.428,4.53,-20.0
2020-02-29 01:23:13,17,0.401,4.48,-20.0
2020-02-29 01:23:13,18,0.395,4.48,-20.0
2020-02-29 01:23:13,19,0.398,4.48,-20.0
2020-02-29 01:23:13,20,0.403,4.48,-20.0
2020-02-29 01:23:13,21,0.434,4.48,-20.0
2020-02-29 01:23:13,22,0.404,4.47,-20.0
2020-02-29 01:23:13,23,0.392,4.47,-20.0
2020-02-29 01:23:13,24,0.393,4.48,-20.0
2020-02-29 01:23:13,25,0.345,4.48,20.2
2020-02-29 01:23:13,26,0.407,4.48,-20.0
2020-02-29 01:23:13,27,0.457,4.46,-20.0
2020-02-29 01:23:13,28,0.43,4.47,-20.0
2020-02-29 01:23:13,29,0.412,4.46,-20.0
2020-02-29 01:23:13,30,0.325,4.47,-20.0
2020-02-29 01:23:13,31,0.328,4.45,-20.0
2020-02-29 01:23:13,32,0.346,4.47,-20.0
2020-02-29 01:23:13,33,0.413,4.48,-20.0
2020-02-29 01:23:13,34,0.363,4.49,-20.0
2020-02-29 01:23:13,35,0.352,4.48,-20.0
2020-02-29 01:23:13,36,0.331,4.51,-20.0
2020-02-29 01:23:13,37,0.392,4.47,20.7
2020-02-29 01:23:13,38,0.368,4.49,-20.0
2020-02-29 01:23:13,39,0.311,4.47,-20.0
2020-02-29 01:23:13,40,0.333,4.47,-20.0
2020-02-29 01:23:13,41,0.37,4.5,-20.0
2020-02-29 01:23:13,42,0.321,4.47,-20.0
2020-02-29 01:23:13,43,0.379,4.49,-20.0
2020-02-29 01:23:13,44,0.371,4.48,-20.0
2020-02-29 01:23:13,45,0.311,4.5,-20.0
2020-02-29 01:23:13,46,0.395,4.49,-20.0
2020-02-29 01:23:13,47,0.403,4.48,-20.0
2020-02-29 01:23:13,48,0.459,4.47,-20.0
2020-02-29 01:23:13,49,0.477,4.45,22.7
2020-02-29 01:23:13,50,0.439,4.47,-20.0
2020-02-29 01:23:13,51,0.377,4.46,-20.0
2020-02-29 01:23:13,52,0.407,4.46,-20.0
2020-02-29 01:23:13,53,0.343,4.44,-20.0
2020-02-29 01:23:13,54,0.385,4.45,-20.0
2020-02-29 01:23:13,55,0.326,4.42,-20.0
2020-02-29 01:23:13,56,0.394,4.42,-20.0
2020-02-29 01:23:13,57,0.392,4.42,-20.0
2020-02-29 01:23:13,58,0.402,4.44,-20.0
2020-02-29 01:23:13,59,0.375,4.44,-20.0
2020-02-29 01:23:13,60,0.329,4.5,-20.0
2020-02-29 01:23:13,61,0.41,4.47,-20.0
2020-02-29 01:23:13,62,0.405,4.45,-20.0
2020-02-29 01:23:13,63,0.343,4.45,-20.0
2020-02-29 01:23:13,64,0.383,4.45,-20.0
2020-02-29 01:23:13,65,0.33,4.42,-20.0
2020-02-29 01:23:13,66,0.388,4.45,-20.0
2020-02-29 01:23:13,67,0.402,4.45,-20.0
2020-02-29 01:23:13,68,0.374,4.46,-20.0
2020-02-29 01:23:13,69,0.318,4.5,-20.0
2020-02-29 01:23:13,70,0.409,4.49,-20.0
2020-02-29 01:23:13,71,0.456,4.53,20.1
2020-02-29 01:23:13,72,0.431,4.51,-20.0
2020-02-29 01:23:13,73,0.42,4.46,-20.0
2020-02-29 01:23:13,74,0.339,4.44,-20.0
2020-02-29 01:23:13,75,0.355,4.5,-20.0
2020-02-29 01:23:13,76,0.361,4.47,-20.0
2020-02-29 01:23:13,77,0.388,4.49,-20.0
2020-02-29 01:23:13,78,0.439,4.53,-20.0
2020-02-29 01:23:13,79,0.387,4.54,-20.0
2020-02-29 01:23:13,80,0.348,4.51,-20.0
2020-02-29 01:23:13,81,0.359,4.5,-20.0
2020-02-29 01:23:13,82,0.407,4.48,-20.0
2020-02-29 01:23:13,83,0.391,4.47,23.1
2020-02-29 01:23:13,84,0.368,4.46,-20.0
2020-02-29 01:23:13,85,0.332,4.46,-20.0
2020-02-29 01:23:13,86,0.39,4.46,-20.0
2020-02-29 01:23:13,87,0.37,4.48,-20.0
2020-02-29 01:23:13,88,0.394,4.46,-20.0
2020-02-29 01:23:13,89,0.357,4.48,-20.0
2020-02-29 01:23:13,90,0.371,4.51,-20.0
2020-02-29 01:23:13,91,0.481,4.48,-20.0
2020-02-29 01:23:13,92,0.465,4.45,-20.0
2020-02-29 01:23:13,93,0.417,4.44,-20.0
2020-02-29 01:23:13,94,0.43,4.51,-20.0
2020-02-29 01:23:13,95,0.417,4.44,-20.0
2020-02-29 01:23:13,96,0.43,4.5,-20.0
2020-02-29 13:22:23,1,0.435,4.49,23.5
2020-02-29 13:22:23,2,0.442,4.52,-20.0
2020-02-29 13:22:23,3,0.419,4.53,-20.0
2020-02-29 13:22:23,4,0.446,4.49,-20.0
2020-02-29 13:22:23,5,0.439,4.55,-20.0
2020-02-29 13:22:23,6,0.37,4.51,-20.0
2020-02-29 13:22:23,7,0.397,4.48,-20.0
2020-02-29 13:22:23,8,0.375,4.5,-20.0
2020-02-29 13:22:23,9,0.412,4.46,-20.0
2020-02-29 13:22:23,10,0.397,4.48,-20.0
2020-02-29 13:22:23,11,0.395,4.45,-20.0
2020-02-29 13:22:23,12,0.365,4.46,-20.0
2020-02-29 13:22:23,13,0.401,4.46,22.7
2020-02-29 13:22:23,14,0.356,4.48,-20.0
2020-02-29 13:22:23,15,0.405,4.52,-20.0
2020-02-29 13:22:23,16,0.427,4.53,-20.0
2020-02-29 13:22:23,17,0.402,4.48,-20.0
2020-02-29 13:22:23,18,0.396,4.48,-20.0
2020-02-29 13:22:23,19,0.396,4.48,-20.0
2020-02-29 13:22:23,20,0.403,4.48,-20.0
2020-02-29 13:22:23,21,0.431,4.47,-20.0
2020-02-29 13:22:23,22,0.404,4.47,-20.0
2020-02-29 13:22:23,23,0.394,4.48,-20.0
2020-02-29 13:22:23,24,0.394,4.48,-20.0
2020-02-29 13:22:23,25,0.347,4.5,20.2
2020-02-29 13:22:23,26,0.406,4.5,-20.0
2020-02-29 13:22:23,27,0.457,4.46,-20.0
2020-02-29 13:22:23,28,0.43,4.46,-20.0
2020-02-29 13:22:23,29,0.416,4.46,-20.0
2020-02-29 13:22:23,30,0.327,4.47,-20.0
2020-02-29 13:22:23,31,0.324,4.46,-20.0
2020-02-29 13:22:23,32,0.347,4.47,-20.0
2020-02-29 13:22:23,33,0.415,4.48,-20.0
2020-02-29 13:22:23,34,0.366,4.48,-20.0
2020-02-29 13:22:23,35,0.352,4.48,-20.0
2020-02-29 13:22:23,36,0.331,4.52,-20.0
2020-02-29 13:22:23,37,0.39,4.46,20.7
2020-02-29 13:22:23,38,0.375,4.48,-20.0
2020-02-29 13:22:23,39,0.312,4.47,-20.0
2020-02-29 13:22:23,40,0.333,4.47,-20.0
2020-02-29 13:22:23,41,0.37,4.5,-20.0
2020-02-29 13:22:23,42,0.38,4.49,-20.0
2020-02-29 13:22:23,43,0.376,4.49,-20.0
2020-02-29 13:22:23,44,0.308,4.51,-20.0
2020-02-29 13:22:23,45,0.398,4.5,-20.0
2020-02-29 13:22:23,46,0.411,4.48,-20.0
2020-02-29 13:22:23,47,0.459,4.49,-20.0
2020-02-29 13:22:23,48,0.474,4.45,22.7
2020-02-29 13:22:23,49,0.434,4.47,-20.0
2020-02-29 13:22:23,50,0.376,4.47,-20.0
2020-02-29 13:22:23,51,0.403,4.46,-20.0
2020-02-29 13:22:23,52,0.342,4.43,-20.0
2020-02-29 13:22:23,53,0.382,4.45,-20.0
2020-02-29 13:22:23,54,0.36,4.43,-20.0
2020-02-29 13:22:23,55,0.323,4.43,-20.0
2020-02-29 13:22:23,56,0.395,4.42,-20.0
2020-02-29 13:22:23,57,0.401,4.43,-20.0
2020-02-29 13:22:23,58,0.373,4.45,-20.0
2020-02-29 13:22:23,59,0.331,4.5,-20.0
2020-02-29 13:22:23,60,0.409,4.47,-20.0
2020-02-29 13:22:23,61,0.405,4.44,-20.0
2020-02-29 13:22:23,62,0.344,4.44,-20.0
2020-02-29 13:22:23,63,0.385,4.45,-20.0
2020-02-29 13:22:23,64,0.336,4.43,-20.0
2020-02-29 13:22:23,65,0.391,4.45,-20.0
2020-02-29 13:22:23,66,0.404,4.44,-20.0
2020-02-29 13:22:23,67,0.376,4.46,-20.0
2020-02-29 13:22:23,68,0.318,4.5,-20.0
2020-02-29 13:22:23,69,0.41,4.49,-20.0
2020-02-29 13:22:23,70,0.46,4.52,20.1
2020-02-29 13:22:23,71,0.433,4.5,-20.0
2020-02-29 13:22:23,72,0.42,4.46,-20.0
2020-02-29 13:22:23,73,0.343,4.44,-20.0
2020-02-29 13:22:23,74,0.357,4.5,-20.0
2020-02-29 13:22:23,75,0.361,4.46,-20.0
2020-02-29 13:22:23,76,0.389,4.49,-20.0
2020-02-29 13:22:23,77,0.439,4.53,-20.0
2020-02-29 13:22:23,78,0.388,4.55,-20.0
2020-02-29 13:22:23,79,0.351,4.52,-20.0
2020-02-29 13:22:23,80,0.361,4.49,-20.0
2020-02-29 13:22:23,81,0.411,4.48,-20.0
2020-02-29 13:22:23,82,0.39,4.46,23.1
2020-02-29 13:22:23,83,0.333,4.45,-20.0
2020-02-29 13:22:23,84,0.388,4.45,-20.0
2020-02-29 13:22:23,85,0.37,4.48,-20.0
2020-02-29 13:22:23,86,0.394,4.46,-20.0
2020-02-29 13:22:23,87,0.356,4.48,-20.0
2020-02-29 13:22:23,88,0.373,4.53,-20.0
2020-02-29 13:22:23,89,0.48,4.48,-20.0
2020-02-29 13:22:23,90,0.466,4.46,-20.0
2020-02-29 13:22:23,91,0.42,4.44,-20.0
2020-02-29 13:22:23,92,0.428,4.5,-20.0
2020-02-29 13:22:23,93,0.48,4.48,-20.0
2020-02-29 13:22:23,94,0.466,4.45,-20.0
2020-02-29 13:22:23,95,0.42,4.45,-20.0
2020-02-29 13:22:23,96,0.428,4.5,-20.0
2020-03-01 01:21:37,1,0.436,4.5,23.5
2020-03-01 01:21:37,2,0.441,4.52,-20.0
2020-03-01 01:21:37,3,0.417,4.52,-20.0
2020-03-01 01:21:37,4,0.445,4.49,-20.0
2020-03-01 01:21:37,5,0.439,4.53,-20.0
2020-03-01 01:21:37,6,0.37,4.52,-20.0
2020-03-01 01:21:37,7,0.399,4.48,-20.0
2020-03-01 01:21:37,8,0.375,4.5,-20.0
2020-03-01 01:21:37,9,0.412,4.47,-20.0
2020-03-01 01:21:37,10,0.399,4.48,-20.0
2020-03-01 01:21:37,11,0.395,4.44,-20.0
2020-03-01 01:21:37,12,0.366,4.45,-20.0
2020-03-01 01:21:37,13,0.403,4.47,22.7
2020-03-01 01:21:37,14,0.357,4.48,-20.0
2020-03-01 01:21:37,15,0.407,4.53,-20.0
2020-03-01 01:21:37,16,0.428,4.53,-20.0
2020-03-01 01:21:37,17,0.403,4.48,-20.0
2020-03-01 01:21:37,18,0.398,4.49,-20.0
2020-03-01 01:21:37,19,0.398,4.47,-20.0
2020-03-01 01:21:37,20,0.404,4.48,-20.0
2020-03-01 01:21:37,21,0.437,4.48,-20.0
2020-03-01 01:21:37,22,0.404,4.46,-20.0
2020-03-01 01:21:37,23,0.396,4.48,-20.0
2020-03-01 01:21:37,24,0.396,4.49,-20.0
2020-03-01 01:21:37,25,0.347,4.5,20.2
2020-03-01 01:21:37,26,0.402,4.49,-20.0
2020-03-01 01:21:37,27,0.442,4.46,-20.0
2020-03-01 01:21:37,28,0.427,4.47,-20.0
2020-03-01 01:21:37,29,0.405,4.46,-20.0
2020-03-01 01:21:37,30,0.325,4.47,-20.0
2020-03-01 01:21:37,31,0.322,4.45,-20.0
2020-03-01 01:21:37,32,0.337,4.47,-20.0
2020-03-01 01:21:37,33,0.41,4.48,-20.0
2020-03-01 01:21:37,34,0.357,4.49,-20.0
2020-03-01 01:21:37,35,0.351,4.49,-20.0
2020-03-01 01:21:37,36,0.33,4.52,-20.0
2020-03-01 01:21:37,37,0.401,4.48,20.6
2020-03-01 01:21:37,38,0.373,4.48,-20.0
2020-03-01 01:21:37,39,0.318,4.47,-20.0
2020-03-01 01:21:37,40,0.335,4.47,-20.0
2020-03-01 01:21:37,41,0.369,4.5,-20.0
2020-03-01 01:21:37,42,0.334,4.48,-20.0
2020-03-01 01:21:37,43,0.383,4.49,-20.0
2020-03-01 01:21:37,44,0.377,4.48,-20.0
2020-03-01 01:21:37,45,0.307,4.5,-20.0
2020-03-01 01:21:37,46,0.399,4.49,-20.0
2020-03-01 01:21:37,47,0.461,4.48,-20.0
2020-03-01 01:21:37,48,0.476,4.44,22.7
2020-03-01 01:21:37,49,0.437,4.47,-20.0
2020-03-01 01:21:37,50,0.377,4.47,-20.0
2020-03-01 01:21:37,51,0.403,4.46,-20.0
2020-03-01 01:21:37,52,0.345,4.44,-20.0
2020-03-01 01:21:37,53,0.381,4.46,-20.0
2020-03-01 01:21:37,54,0.358,4.42,-20.0
2020-03-01 01:21:37,55,0.323,4.42,-20.0
2020-03-01 01:21:37,56,0.395,4.42,-20.0
2020-03-01 01:21:37,57,0.381,4.42,-20.0
2020-03-01 01:21:37,58,0.385,4.44,-20.0
2020-03-01 01:21:37,59,0.352,4.44,-20.0
2020-03-01 01:21:37,60,0.364,4.5,19.7
2020-03-01 01:21:37,61,0.327,4.5,-20.0
2020-03-01 01:21:37,62,0.389,4.47,-20.0
2020-03-01 01:21:37,63,0.401,4.45,-20.0
2020-03-01 01:21:37,64,0.385,4.45,-20.0
2020-03-01 01:21:37,65,0.336,4.43,-20.0
2020-03-01 01:21:37,66,0.395,4.45,-20.0
2020-03-01 01:21:37,67,0.407,4.44,-20.0
2020-03-01 01:21:37,68,0.318,4.49,-20.0
2020-03-01 01:21:37,69,0.407,4.49,-20.0
2020-03-01 01:21:37,70,0.433,4.5,-20.0
2020-03-01 01:21:37,71,0.421,4.46,-20.0
2020-03-01 01:21:37,72,0.344,4.44,-20.0
2020-03-01 01:21:37,73,0.358,4.49,-20.0
2020-03-01 01:21:37,74,0.365,4.46,-20.0
2020-03-01 01:21:37,75,0.388,4.49,-20.0
2020-03-01 01:21:37,76,0.438,4.53,-20.0
2020-03-01 01:21:37,77,0.386,4.54,-20.0
2020-03-01 01:21:37,78,0.35,4.52,-20.0
2020-03-01 01:21:37,79,0.36,4.5,-20.0
2020-03-01 01:21:37,80,0.41,4.48,-20.0
2020-03-01 01:21:37,81,0.392,4.47,23.1
2020-03-01 01:21:37,82,0.369,4.46,-20.0
2020-03-01 01:21:37,83,0.333,4.46,-20.0
2020-03-01 01:21:37,84,0.387,4.46,-20.0
2020-03-01 01:21:37,85,0.368,4.48,-20.0
2020-03-01 01:21:37,86,0.397,4.46,-20.0
2020-03-01 01:21:37,87,0.372,4.52,-20.0
2020-03-01 01:21:37,88,0.482,4.49,-20.0
2020-03-01 01:21:37,89,0.463,4.45,-20.0
2020-03-01 01:21:37,90,0.421,4.45,-20.0
2020-03-01 01:21:37,91,0.431,4.5,-20.0
2020-03-01 01:21:37,92,0.372,4.52,-20.0
2020-03-01 01:21:37,93,0.482,4.49,-20.0
2020-03-01 01:21:37,94,0.463,4.45,-20.0
2020-03-01 01:21:37,95,0.421,4.44,-20.0
2020-03-01 01:21:37,96,0.431,4.5,-20.0
2020-03-01 13:20:47,1,0.436,4.5,23.6
2020-03-01 13:20:47,2,0.44,4.52,-20.0
2020-03-01 13:20:47,3,0.417,4.53,-20.0
2020-03-01 13:20:47,4,0.445,4.49,-20.0
2020-03-01 13:20:47,5,0.442,4.54,-20.0
2020-03-01 13:20:47,6,0.369,4.51,-20.0
2020-03-01 13:20:47,7,0.399,4.48,-20.0
2020-03-01 13:20:47,8,0.376,4.5,-20.0
2020-03-01 13:20:47,9,0.411,4.46,-20.0
2020-03-01 13:20:47,10,0.399,4.49,-20.0
2020-03-01 13:20:47,11,0.397,4.45,-20.0
2020-03-01 13:20:47,12,0.369,4.46,-20.0
2020-03-01 13:20:47,13,0.404,4.46,22.8
2020-03-01 13:20:47,14,0.357,4.48,-20.0
2020-03-01 13:20:47,15,0.407,4.53,-20.0
2020-03-01 13:20:47,16,0.428,4.53,-20.0
2020-03-01 13:20:47,17,0.402,4.48,-20.0
2020-03-01 13:20:47,18,0.396,4.49,-20.0
2020-03-01 13:20:47,19,0.399,4.48,-20.0
2020-03-01 13:20:47,20,0.404,4.48,-20.0
2020-03-01 13:20:47,21,0.438,4.47,-20.0
2020-03-01 13:20:47,22,0.403,4.46,-20.0
2020-03-01 13:20:47,23,0.395,4.47,-20.0
2020-03-01 13:20:47,24,0.396,4.48,-20.0
2020-03-01 13:20:47,25,0.348,4.5,20.2
2020-03-01 13:20:47,26,0.405,4.48,-20.0
2020-03-01 13:20:47,27,0.445,4.47,-20.0
2020-03-01 13:20:47,28,0.429,4.46,-20.0
2020-03-01 13:20:47,29,0.41,4.45,-20.0
2020-03-01 13:20:47,30,0.323,4.47,-20.0
2020-03-01 13:20:47,31,0.324,4.46,-20.0
2020-03-01 13:20:47,32,0.343,4.48,-20.0
2020-03-01 13:20:47,33,0.414,4.47,-20.0
2020-03-01 13:20:47,34,0.361,4.49,-20.0
2020-03-01 13:20:47,35,0.348,4.48,-20.0
2020-03-01 13:20:47,36,0.332,4.5,-20.0
2020-03-01 13:20:47,37,0.405,4.48,20.7
2020-03-01 13:20:47,38,0.377,4.49,-20.0
2020-03-01 13:20:47,39,0.32,4.46,-20.0
2020-03-01 13:20:47,40,0.336,4.47,-20.0
2020-03-01 13:20:47,41,0.369,4.51,-20.0
2020-03-01 13:20:47,42,0.335,4.48,-20.0
2020-03-01 13:20:47,43,0.382,4.49,-20.0
2020-03-01 13:20:47,44,0.378,4.49,-20.0
2020-03-01 13:20:47,45,0.309,4.5,-20.0
2020-03-01 13:20:47,46,0.4,4.49,-20.0
2020-03-01 13:20:47,47,0.402,4.47,-20.0
2020-03-01 13:20:47,48,0.461,4.48,-20.0
2020-03-01 13:20:47,49,0.479,4.44,22.7
2020-03-01 13:20:47,50,0.437,4.47,-20.0
2020-03-01 13:20:47,51,0.379,4.47,-20.0
2020-03-01 13:20:47,52,0.404,4.46,-20.0
2020-03-01 13:20:47,53,0.345,4.45,-20.0
2020-03-01 13:20:47,54,0.383,4.46,-20.0
2020-03-01 13:20:47,55,0.358,4.42,-20.0
2020-03-01 13:20:47,56,0.325,4.42,-20.0
2020-03-01 13:20:47,57,0.392,4.42,-20.0
2020-03-01 13:20:47,58,0.383,4.42,-20.0
2020-03-01 13:20:47,59,0.391,4.44,-20.0
2020-03-01 13:20:47,60,0.362,4.44,-20.0
2020-03-01 13:20:47,61,0.364,4.5,19.7
2020-03-01 13:20:47,62,0.326,4.5,-20.0
2020-03-01 13:20:47,63,0.396,4.47,-20.0
2020-03-01 13:20:47,64,0.404,4.44,-20.0
2020-03-01 13:20:47,65,0.351,4.45,-20.0
2020-03-01 13:20:47,66,0.386,4.45,-20.0
2020-03-01 13:20:47,67,0.336,4.42,-20.0
2020-03-01 13:20:47,68,0.395,4.45,-20.0
2020-03-01 13:20:47,69,0.411,4.44,-20.0
2020-03-01 13:20:47,70,0.379,4.46,-20.0
2020-03-01 13:20:47,71,0.409,4.49,-20.0
2020-03-01 13:20:47,72,0.433,4.5,-20.0
2020-03-01 13:20:47,73,0.423,4.46,-20.0
2020-03-01 13:20:47,74,0.345,4.44,-20.0
2020-03-01 13:20:47,75,0.362,4.5,-20.0
2020-03-01 13:20:47,76,0.365,4.47,-20.0
2020-03-01 13:20:47,77,0.39,4.49,-20.0
2020-03-01 13:20:47,78,0.437,4.54,-20.0
2020-03-01 13:20:47,79,0.386,4.55,-20.0
2020-03-01 13:20:47,80,0.35,4.51,-20.0
2020-03-01 13:20:47,81,0.361,4.5,-20.0
2020-03-01 13:20:47,82,0.41,4.48,-20.0
2020-03-01 13:20:47,83,0.334,4.45,-20.0
2020-03-01 13:20:47,84,0.389,4.46,-20.0
2020-03-01 13:20:47,85,0.397,4.47,-20.0
2020-03-01 13:20:47,86,0.375,4.52,-20.0
2020-03-01 13:20:47,87,0.479,4.49,-20.0
2020-03-01 13:20:47,88,0.463,4.45,-20.0
2020-03-01 13:20:47,89,0.42,4.45,-20.0
2020-03-01 13:20:47,90,0.427,4.5,-20.0
2020-03-01 13:20:47,91,0.356,4.49,-20.0
2020-03-01 13:20:47,92,0.375,4.52,-20.0
2020-03-01 13:20:47,93,0.479,4.48,-20.0
2020-03-01 13:20:47,94,0.463,4.45,-20.0
2020-03-01 13:20:47,95,0.42,4.44,-20.0
2020-03-01 13:20:47,96,0.427,4.5,-20.0
2020-03-02 01:20:06,1,0.436,4.5,23.5
2020-03-02 01:20:06,2,0.443,4.53,-20.0
2020-03-02 01:20:06,3,0.42,4.52,-20.0
2020-03-02 01:20:06,4,0.444,4.49,-20.0
2020-03-02 01:20:06,5,0.442,4.54,-20.0
2020-03-02 01:20:06,6,0.366,4.53,-20.0
2020-03-02 01:20:06,7,0.4,4.46,-20.0
2020-03-02 01:20:06,8,0.377,4.5,-20.0
2020-03-02 01:20:06,9,0.409,4.47,-20.0
2020-03-02 01:20:06,10,0.4,4.48,-20.0
2020-03-02 01:20:06,11,0.399,4.44,-20.0
2020-03-02 01:20:06,12,0.371,4.45,-20.0
2020-03-02 01:20:06,13,0.405,4.47,22.7
2020-03-02 01:20:06,14,0.358,4.48,-20.0
2020-03-02 01:20:06,15,0.406,4.53,-20.0
2020-03-02 01:20:06,16,0.427,4.53,-20.0
2020-03-02 01:20:06,17,0.397,4.46,-20.0
2020-03-02 01:20:06,18,0.389,4.48,-20.0
2020-03-02 01:20:06,19,0.395,4.47,-20.0
2020-03-02 01:20:06,20,0.405,4.47,-20.0
2020-03-02 01:20:06,21,0.435,4.48,-20.0
2020-03-02 01:20:06,22,0.405,4.46,-20.0
2020-03-02 01:20:06,23,0.385,4.47,-20.0
2020-03-02 01:20:06,24,0.388,4.48,-20.0
2020-03-02 01:20:06,25,0.345,4.5,20.0
2020-03-02 01:20:06,26,0.402,4.49,-20.0
2020-03-02 01:20:06,27,0.442,4.47,-20.0
2020-03-02 01:20:06,28,0.428,4.48,-20.0
2020-03-02 01:20:06,29,0.411,4.46,-20.0
2020-03-02 01:20:06,30,0.324,4.47,-20.0
2020-03-02 01:20:06,31,0.325,4.46,-20.0
2020-03-02 01:20:06,32,0.347,4.46,-20.0
2020-03-02 01:20:06,33,0.417,4.47,-20.0
2020-03-02 01:20:06,34,0.365,4.49,-20.0
2020-03-02 01:20:06,35,0.349,4.48,-20.0
2020-03-02 01:20:06,36,0.332,4.51,-20.0
2020-03-02 01:20:06,37,0.411,4.47,20.6
2020-03-02 01:20:06,38,0.384,4.48,-20.0
2020-03-02 01:20:06,39,0.321,4.46,-20.0
2020-03-02 01:20:06,40,0.335,4.47,-20.0
2020-03-02 01:20:06,41,0.372,4.5,-20.0
2020-03-02 01:20:06,42,0.382,4.48,-20.0
2020-03-02 01:20:06,43,0.377,4.49,-20.0
2020-03-02 01:20:06,44,0.4,4.5,-20.0
2020-03-02 01:20:06,45,0.405,4.47,-20.0
2020-03-02 01:20:06,46,0.459,4.48,-20.0
2020-03-02 01:20:06,47,0.477,4.45,22.6
2020-03-02 01:20:06,48,0.437,4.47,-20.0
2020-03-02 01:20:06,49,0.381,4.47,-20.0
2020-03-02 01:20:06,50,0.403,4.46,-20.0
2020-03-02 01:20:06,51,0.343,4.44,-20.0
2020-03-02 01:20:06,52,0.381,4.46,-20.0
2020-03-02 01:20:06,53,0.346,4.41,-20.0
2020-03-02 01:20:06,54,0.328,4.42,-20.0
2020-03-02 01:20:06,55,0.38,4.42,-20.0
2020-03-02 01:20:06,56,0.402,4.43,-20.0
2020-03-02 01:20:06,57,0.365,4.45,-20.0
2020-03-02 01:20:06,58,0.361,4.51,19.6
2020-03-02 01:20:06,59,0.324,4.5,-20.0
2020-03-02 01:20:06,60,0.403,4.47,-20.0
2020-03-02 01:20:06,61,0.402,4.44,-20.0
2020-03-02 01:20:06,62,0.355,4.45,-20.0
2020-03-02 01:20:06,63,0.386,4.45,-20.0
2020-03-02 01:20:06,64,0.337,4.43,-20.0
2020-03-02 01:20:06,65,0.399,4.45,-20.0
2020-03-02 01:20:06,66,0.413,4.44,-20.0
2020-03-02 01:20:06,67,0.38,4.46,-20.0
2020-03-02 01:20:06,68,0.322,4.5,-20.0
2020-03-02 01:20:06,69,0.408,4.49,-20.0
2020-03-02 01:20:06,70,0.463,4.53,20.0
2020-03-02 01:20:06,71,0.434,4.5,-20.0
2020-03-02 01:20:06,72,0.425,4.46,-20.0
2020-03-02 01:20:06,73,0.341,4.44,-20.0
2020-03-02 01:20:06,74,0.363,4.5,-20.0
2020-03-02 01:20:06,75,0.366,4.46,-20.0
2020-03-02 01:20:06,76,0.438,4.54,-20.0
2020-03-02 01:20:06,77,0.388,4.55,-20.0
2020-03-02 01:20:06,78,0.354,4.51,-20.0
2020-03-02 01:20:06,79,0.361,4.5,-20.0
2020-03-02 01:20:06,80,0.409,4.48,-20.0
2020-03-02 01:20:06,81,0.389,4.47,23.1
2020-03-02 01:20:06,82,0.374,4.46,-20.0
2020-03-02 01:20:06,83,0.337,4.46,-20.0
2020-03-02 01:20:06,84,0.389,4.46,-20.0
2020-03-02 01:20:06,85,0.366,4.48,-20.0
2020-03-02 01:20:06,86,0.395,4.46,-20.0
2020-03-02 01:20:06,87,0.354,4.48,-20.0
2020-03-02 01:20:06,88,0.374,4.52,-20.0
2020-03-02 01:20:06,89,0.461,4.45,-20.0
2020-03-02 01:20:06,90,0.422,4.45,-20.0
2020-03-02 01:20:06,91,0.427,4.5,-20.0
2020-03-02 01:20:06,92,0.374,4.53,-20.0
2020-03-02 01:20:06,93,0.48,4.48,-20.0
2020-03-02 01:20:06,94,0.461,4.45,-20.0
2020-03-02 01:20:06,95,0.422,4.44,-20.0
2020-03-02 01:20:06,96,0.427,4.5,-20.0
2020-03-02 13:19:15,1,0.437,4.5,23.6
2020-03-02 13:19:15,2,0.442,4.52,-20.0
2020-03-02 13:19:15,3,0.416,4.53,-20.0
2020-03-02 13:19:15,4,0.444,4.49,-20.0
2020-03-02 13:19:15,5,0.438,4.54,-20.0
2020-03-02 13:19:15,6,0.366,4.52,-20.0
2020-03-02 13:19:15,7,0.4,4.48,-20.0
2020-03-02 13:19:15,8,0.377,4.5,-20.0
2020-03-02 13:19:15,9,0.405,4.46,-20.0
2020-03-02 13:19:15,10,0.4,4.48,-20.0
2020-03-02 13:19:15,11,0.397,4.45,-20.0
2020-03-02 13:19:15,12,0.37,4.45,-20.0
2020-03-02 13:19:15,13,0.405,4.47,22.7
2020-03-02 13:19:15,14,0.357,4.48,-20.0
2020-03-02 13:19:15,15,0.406,4.52,-20.0
2020-03-02 13:19:15,16,0.427,4.53,-20.0
2020-03-02 13:19:15,17,0.398,4.49,-20.0
2020-03-02 13:19:15,18,0.39,4.48,-20.0
2020-03-02 13:19:15,19,0.397,4.48,-20.0
2020-03-02 13:19:15,20,0.403,4.48,-20.0
2020-03-02 13:19:15,21,0.435,4.48,-20.0
2020-03-02 13:19:15,22,0.404,4.46,-20.0
2020-03-02 13:19:15,23,0.39,4.48,-20.0
2020-03-02 13:19:15,24,0.39,4.48,-20.0
2020-03-02 13:19:15,25,0.347,4.5,20.1
2020-03-02 13:19:15,26,0.401,4.5,-20.0
2020-03-02 13:19:15,27,0.452,4.46,-20.0
2020-03-02 13:19:15,28,0.427,4.46,-20.0
2020-03-02 13:19:15,29,0.411,4.46,-20.0
2020-03-02 13:19:15,30,0.324,4.46,-20.0
2020-03-02 13:19:15,31,0.327,4.45,-20.0
2020-03-02 13:19:15,32,0.349,4.47,-20.0
2020-03-02 13:19:15,33,0.419,4.47,-20.0
2020-03-02 13:19:15,34,0.369,4.48,-20.0
2020-03-02 13:19:15,35,0.331,4.51,-20.0
2020-03-02 13:19:15,36,0.404,4.47,20.7
2020-03-02 13:19:15,37,0.387,4.49,-20.0
2020-03-02 13:19:15,38,0.322,4.45,-20.0
2020-03-02 13:19:15,39,0.334,4.47,-20.0
2020-03-02 13:19:15,40,0.372,4.5,-20.0
2020-03-02 13:19:15,41,0.341,4.47,-20.0
2020-03-02 13:19:15,42,0.383,4.48,-20.0
2020-03-02 13:19:15,43,0.379,4.49,-20.0
2020-03-02 13:19:15,44,0.309,4.51,-20.0
2020-03-02 13:19:15,45,0.401,4.49,-20.0
2020-03-02 13:19:15,46,0.404,4.48,-20.0
2020-03-02 13:19:15,47,0.483,4.45,22.6
2020-03-02 13:19:15,48,0.441,4.47,-20.0
2020-03-02 13:19:15,49,0.38,4.45,-20.0
2020-03-02 13:19:15,50,0.401,4.46,-20.0
2020-03-02 13:19:15,51,0.345,4.44,-20.0
2020-03-02 13:19:15,52,0.382,4.46,-20.0
2020-03-02 13:19:15,53,0.345,4.42,-20.0
2020-03-02 13:19:15,54,0.325,4.42,-20.0
2020-03-02 13:19:15,55,0.384,4.42,-20.0
2020-03-02 13:19:15,56,0.403,4.44,-20.0
2020-03-02 13:19:15,57,0.371,4.45,-20.0
2020-03-02 13:19:15,58,0.361,4.5,19.7
2020-03-02 13:19:15,59,0.327,4.5,-20.0
2020-03-02 13:19:15,60,0.401,4.48,-20.0
2020-03-02 13:19:15,61,0.4,4.45,-20.0
2020-03-02 13:19:15,62,0.358,4.44,-20.0
2020-03-02 13:19:15,63,0.386,4.45,-20.0
2020-03-02 13:19:15,64,0.338,4.43,-20.0
2020-03-02 13:19:15,65,0.401,4.44,-20.0
2020-03-02 13:19:15,66,0.38,4.46,-20.0
2020-03-02 13:19:15,67,0.324,4.5,-20.0
2020-03-02 13:19:15,68,0.408,4.49,-20.0
2020-03-02 13:19:15,69,0.463,4.53,20.1
2020-03-02 13:19:15,70,0.435,4.5,-20.0
2020-03-02 13:19:15,71,0.423,4.46,-20.0
2020-03-02 13:19:15,72,0.339,4.44,-20.0
2020-03-02 13:19:15,73,0.36,4.5,-20.0
2020-03-02 13:19:15,74,0.365,4.46,-20.0
2020-03-02 13:19:15,75,0.387,4.49,-20.0
2020-03-02 13:19:15,76,0.442,4.53,-20.0
2020-03-02 13:19:15,77,0.389,4.55,-20.0
2020-03-02 13:19:15,78,0.351,4.51,-20.0
2020-03-02 13:19:15,79,0.409,4.48,-20.0
2020-03-02 13:19:15,80,0.388,4.47,23.1
2020-03-02 13:19:15,81,0.373,4.45,-20.0
2020-03-02 13:19:15,82,0.341,4.45,-20.0
2020-03-02 13:19:15,83,0.387,4.46,-20.0
2020-03-02 13:19:15,84,0.361,4.48,-20.0
2020-03-02 13:19:15,85,0.352,4.48,-20.0
2020-03-02 13:19:15,86,0.369,4.52,-20.0
2020-03-02 13:19:15,87,0.459,4.45,-20.0
2020-03-02 13:19:15,88,0.419,4.44,-20.0
2020-03-02 13:19:15,89,0.424,4.5,-20.0
2020-03-02 13:19:15,90,0.391,4.46,-20.0
2020-03-02 13:19:15,91,0.352,4.48,-20.0
2020-03-02 13:19:15,92,0.369,4.52,-20.0
2020-03-02 13:19:15,93,0.477,4.49,-20.0
2020-03-02 13:19:15,94,0.459,4.46,-20.0
2020-03-02 13:19:15,95,0.419,4.45,-20.0
2020-03-02 13:19:15,96,0.424,4.5,-20.0
2020-03-03 01:18:28,1,0.437,4.51,23.5
2020-03-03 01:18:28,2,0.442,4.51,-20.0
2020-03-03 01:18:28,3,0.417,4.53,-20.0
2020-03-03 01:18:28,4,0.445,4.48,-20.0
2020-03-03 01:18:28,5,0.437,4.53,-20.0
2020-03-03 01:18:28,6,0.366,4.52,-20.0
2020-03-03 01:18:28,7,0.399,4.48,-20.0
2020-03-03 01:18:28,8,0.372,4.5,-20.0
2020-03-03 01:18:28,9,0.406,4.47,-20.0
2020-03-03 01:18:28,10,0.4,4.49,-20.0
2020-03-03 01:18:28,11,0.396,4.45,-20.0
2020-03-03 01:18:28,12,0.365,4.46,-20.0
2020-03-03 01:18:28,13,0.403,4.47,22.7
2020-03-03 01:18:28,14,0.356,4.47,-20.0
2020-03-03 01:18:28,15,0.404,4.53,-20.0
2020-03-03 01:18:28,16,0.426,4.53,-20.0
2020-03-03 01:18:28,17,0.393,4.47,-20.0
2020-03-03 01:18:28,18,0.394,4.48,-20.0
2020-03-03 01:18:28,19,0.395,4.48,-20.0
2020-03-03 01:18:28,20,0.402,4.48,-20.0
2020-03-03 01:18:28,21,0.436,4.48,-20.0
2020-03-03 01:18:28,22,0.403,4.46,-20.0
2020-03-03 01:18:28,23,0.391,4.47,-20.0
2020-03-03 01:18:28,24,0.391,4.48,-20.0
2020-03-03 01:18:28,25,0.346,4.49,20.0
2020-03-03 01:18:28,26,0.4,4.48,-20.0
2020-03-03 01:18:28,27,0.452,4.46,-20.0
2020-03-03 01:18:28,28,0.434,4.46,-20.0
2020-03-03 01:18:28,29,0.412,4.47,-20.0
2020-03-03 01:18:28,30,0.324,4.46,-20.0
2020-03-03 01:18:28,31,0.328,4.46,-20.0
2020-03-03 01:18:28,32,0.348,4.47,-20.0
2020-03-03 01:18:28,33,0.42,4.47,-20.0
2020-03-03 01:18:28,34,0.371,4.48,-20.0
2020-03-03 01:18:28,35,0.352,4.48,-20.0
2020-03-03 01:18:28,36,0.407,4.47,20.5
2020-03-03 01:18:28,37,0.384,4.49,-20.0
2020-03-03 01:18:28,38,0.323,4.47,-20.0
2020-03-03 01:18:28,39,0.334,4.46,-20.0
2020-03-03 01:18:28,40,0.373,4.5,-20.0
2020-03-03 01:18:28,41,0.342,4.48,-20.0
2020-03-03 01:18:28,42,0.385,4.48,-20.0
2020-03-03 01:18:28,43,0.382,4.49,-20.0
2020-03-03 01:18:28,44,0.31,4.5,-20.0
2020-03-03 01:18:28,45,0.4,4.49,-20.0
2020-03-03 01:18:28,46,0.409,4.47,-20.0
2020-03-03 01:18:28,47,0.457,4.48,-20.0
2020-03-03 01:18:28,48,0.48,4.45,22.6
2020-03-03 01:18:28,49,0.44,4.47,-20.0
2020-03-03 01:18:28,50,0.38,4.46,-20.0
2020-03-03 01:18:28,51,0.402,4.45,-20.0
2020-03-03 01:18:28,52,0.347,4.45,-20.0
2020-03-03 01:18:28,53,0.382,4.45,-20.0
2020-03-03 01:18:28,54,0.351,4.41,-20.0
2020-03-03 01:18:28,55,0.328,4.41,-20.0
2020-03-03 01:18:28,56,0.392,4.42,-20.0
2020-03-03 01:18:28,57,0.389,4.42,-20.0
2020-03-03 01:18:28,58,0.401,4.43,-20.0
2020-03-03 01:18:28,59,0.373,4.45,-20.0
2020-03-03 01:18:28,60,0.362,4.5,19.7
2020-03-03 01:18:28,61,0.329,4.5,-20.0
2020-03-03 01:18:28,62,0.402,4.47,-20.0
2020-03-03 01:18:28,63,0.399,4.45,-20.0
2020-03-03 01:18:28,64,0.356,4.45,-20.0
2020-03-03 01:18:28,65,0.387,4.45,-20.0
2020-03-03 01:18:28,66,0.34,4.42,-20.0
2020-03-03 01:18:28,67,0.402,4.45,-20.0
2020-03-03 01:18:28,68,0.414,4.45,-20.0
2020-03-03 01:18:28,69,0.382,4.47,-20.0
2020-03-03 01:18:28,70,0.326,4.49,-20.0
2020-03-03 01:18:28,71,0.408,4.49,-20.0
2020-03-03 01:18:28,72,0.463,4.53,20.0
2020-03-03 01:18:28,73,0.436,4.5,-20.0
2020-03-03 01:18:28,74,0.422,4.46,-20.0
2020-03-03 01:18:28,75,0.339,4.44,-20.0
2020-03-03 01:18:28,76,0.366,4.46,-20.0
2020-03-03 01:18:28,77,0.388,4.5,-20.0
2020-03-03 01:18:28,78,0.441,4.54,-20.0
2020-03-03 01:18:28,79,0.389,4.54,-20.0
2020-03-03 01:18:28,80,0.351,4.52,-20.0
2020-03-03 01:18:28,81,0.36,4.5,-20.0
2020-03-03 01:18:28,82,0.391,4.47,23.0
2020-03-03 01:18:28,83,0.372,4.46,-20.0
2020-03-03 01:18:28,84,0.386,4.45,-20.0
2020-03-03 01:18:28,85,0.361,4.49,-20.0
2020-03-03 01:18:28,86,0.391,4.46,-20.0
2020-03-03 01:18:28,87,0.356,4.48,-20.0
2020-03-03 01:18:28,88,0.371,4.51,-20.0
2020-03-03 01:18:28,89,0.478,4.48,-20.0
2020-03-03 01:18:28,90,0.421,4.44,-20.0
2020-03-03 01:18:28,91,0.422,4.5,-20.0
2020-03-03 01:18:28,92,0.371,4.52,-20.0
2020-03-03 01:18:28,93,0.478,4.48,-20.0
2020-03-03 01:18:28,94,0.463,4.45,-20.0
2020-03-03 01:18:28,95,0.421,4.44,-20.0
2020-03-03 01:18:28,96,0.422,4.5,-20.0
2020-03-03 13:17:44,1,0.436,4.5,23.6
2020-03-03 13:17:44,2,0.441,4.53,-20.0
2020-03-03 13:17:44,3,0.419,4.54,-20.0
2020-03-03 13:17:44,4,0.445,4.49,-20.0
2020-03-03 13:17:44,5,0.439,4.54,-20.0
2020-03-03 13:17:44,6,0.368,4.51,-20.0
2020-03-03 13:17:44,7,0.4,4.47,-20.0
2020-03-03 13:17:44,8,0.373,4.51,-20.0
2020-03-03 13:17:44,9,0.407,4.47,-20.0
2020-03-03 13:17:44,10,0.397,4.48,-20.0
2020-03-03 13:17:44,11,0.394,4.45,-20.0
2020-03-03 13:17:44,12,0.366,4.46,-20.0
2020-03-03 13:17:44,13,0.402,4.47,22.7
2020-03-03 13:17:44,14,0.357,4.49,-20.0
2020-03-03 13:17:44,15,0.404,4.53,-20.0
2020-03-03 13:17:44,16,0.426,4.53,-20.0
2020-03-03 13:17:44,17,0.394,4.48,-20.0
2020-03-03 13:17:44,18,0.392,4.49,-20.0
2020-03-03 13:17:44,19,0.393,4.48,-20.0
2020-03-03 13:17:44,20,0.403,4.48,-20.0
2020-03-03 13:17:44,21,0.435,4.47,-20.0
2020-03-03 13:17:44,22,0.404,4.47,-20.0
2020-03-03 13:17:44,23,0.391,4.46,-20.0
2020-03-03 13:17:44,24,0.395,4.48,-20.0
2020-03-03 13:17:44,25,0.346,4.5,20.3
2020-03-03 13:17:44,26,0.405,4.48,-20.0
2020-03-03 13:17:44,27,0.455,4.46,-20.0
2020-03-03 13:17:44,28,0.435,4.46,-20.0
2020-03-03 13:17:44,29,0.413,4.47,-20.0
2020-03-03 13:17:44,30,0.325,4.47,-20.0
2020-03-03 13:17:44,31,0.328,4.47,-20.0
2020-03-03 13:17:44,32,0.351,4.47,-20.0
2020-03-03 13:17:44,33,0.422,4.48,-20.0
2020-03-03 13:17:44,34,0.349,4.48,-20.0
2020-03-03 13:17:44,35,0.408,4.48,20.7
2020-03-03 13:17:44,36,0.385,4.48,-20.0
2020-03-03 13:17:44,37,0.326,4.47,-20.0
2020-03-03 13:17:44,38,0.331,4.47,-20.0
2020-03-03 13:17:44,39,0.371,4.5,-20.0
2020-03-03 13:17:44,40,0.342,4.48,-20.0
2020-03-03 13:17:44,41,0.387,4.49,-20.0
2020-03-03 13:17:44,42,0.385,4.49,-20.0
2020-03-03 13:17:44,43,0.308,4.5,-20.0
2020-03-03 13:17:44,44,0.393,4.48,-20.0
2020-03-03 13:17:44,45,0.437,4.49,-20.0
2020-03-03 13:17:44,46,0.48,4.45,22.6
2020-03-03 13:17:44,47,0.436,4.48,-20.0
2020-03-03 13:17:44,48,0.378,4.46,-20.0
2020-03-03 13:17:44,49,0.402,4.46,-20.0
2020-03-03 13:17:44,50,0.348,4.44,-20.0
2020-03-03 13:17:44,51,0.38,4.46,-20.0
2020-03-03 13:17:44,52,0.355,4.42,-20.0
2020-03-03 13:17:44,53,0.324,4.41,-20.0
2020-03-03 13:17:44,54,0.391,4.43,-20.0
2020-03-03 13:17:44,55,0.392,4.42,-20.0
2020-03-03 13:17:44,56,0.403,4.44,-20.0
2020-03-03 13:17:44,57,0.371,4.44,-20.0
2020-03-03 13:17:44,58,0.361,4.49,19.9
2020-03-03 13:17:44,59,0.328,4.5,-20.0
2020-03-03 13:17:44,60,0.404,4.47,-20.0
2020-03-03 13:17:44,61,0.402,4.45,-20.0
2020-03-03 13:17:44,62,0.358,4.45,-20.0
2020-03-03 13:17:44,63,0.384,4.46,-20.0
2020-03-03 13:17:44,64,0.339,4.42,-20.0
2020-03-03 13:17:44,65,0.402,4.46,-20.0
2020-03-03 13:17:44,66,0.413,4.44,-20.0
2020-03-03 13:17:44,67,0.38,4.46,-20.0
2020-03-03 13:17:44,68,0.325,4.48,-20.0
2020-03-03 13:17:44,69,0.464,4.53,20.2
2020-03-03 13:17:44,70,0.437,4.5,-20.0
2020-03-03 13:17:44,71,0.422,4.47,-20.0
2020-03-03 13:17:44,72,0.341,4.44,-20.0
2020-03-03 13:17:44,73,0.36,4.5,-20.0
2020-03-03 13:17:44,74,0.363,4.46,-20.0
2020-03-03 13:17:44,75,0.384,4.5,-20.0
2020-03-03 13:17:44,76,0.44,4.54,-20.0
2020-03-03 13:17:44,77,0.389,4.55,-20.0
2020-03-03 13:17:44,78,0.35,4.51,-20.0
2020-03-03 13:17:44,79,0.359,4.5,-20.0
2020-03-03 13:17:44,80,0.384,4.47,23.1
2020-03-03 13:17:44,81,0.368,4.46,-20.0
2020-03-03 13:17:44,82,0.334,4.45,-20.0
2020-03-03 13:17:44,83,0.388,4.46,-20.0
2020-03-03 13:17:44,84,0.36,4.49,-20.0
2020-03-03 13:17:44,85,0.392,4.47,-20.0
2020-03-03 13:17:44,86,0.358,4.49,-20.0
2020-03-03 13:17:44,87,0.368,4.52,-20.0
2020-03-03 13:17:44,88,0.479,4.49,-20.0
2020-03-03 13:17:44,89,0.463,4.45,-20.0
2020-03-03 13:17:44,90,0.423,4.45,-20.0
2020-03-03 13:17:44,91,0.425,4.5,-20.0
2020-03-03 13:17:44,92,0.368,4.52,-20.0
2020-03-03 13:17:44,93,0.479,4.48,-20.0
2020-03-03 13:17:44,94,0.463,4.45,-20.0
2020-03-03 13:17:44,95,0.423,4.45,-20.0
2020-03-03 13:17:44,96,0.425,4.5,-20.0
2020-03-04 01:17:01,1,0.43,4.5,23.5
2020-03-04 01:17:01,2,0.438,4.53,-20.0
2020-03-04 01:17:01,3,0.417,4.54,-20.0
2020-03-04 01:17:01,4,0.441,4.49,-20.0
2020-03-04 01:17:01,5,0.435,4.54,-20.0
2020-03-04 01:17:01,6,0.367,4.51,-20.0
2020-03-04 01:17:01,7,0.395,4.49,-20.0
2020-03-04 01:17:01,8,0.37,4.5,-20.0
2020-03-04 01:17:01,9,0.408,4.46,-20.0
2020-03-04 01:17:01,10,0.397,4.49,-20.0
2020-03-04 01:17:01,11,0.394,4.44,-20.0
2020-03-04 01:17:01,12,0.368,4.46,-20.0
2020-03-04 01:17:01,13,0.401,4.47,22.7
2020-03-04 01:17:01,14,0.356,4.48,-20.0
2020-03-04 01:17:01,15,0.406,4.53,-20.0
2020-03-04 01:17:01,16,0.429,4.53,-20.0
2020-03-04 01:17:01,17,0.392,4.48,-20.0
2020-03-04 01:17:01,18,0.394,4.48,-20.0
2020-03-04 01:17:01,19,0.397,4.47,-20.0
2020-03-04 01:17:01,20,0.405,4.48,-20.0
2020-03-04 01:17:01,21,0.44,4.47,-20.0
2020-03-04 01:17:01,22,0.393,4.48,-20.0
2020-03-04 01:17:01,23,0.394,4.48,-20.0
2020-03-04 01:17:01,24,0.343,4.5,20.2
2020-03-04 01:17:01,25,0.403,4.49,-20.0
2020-03-04 01:17:01,26,0.453,4.46,-20.0
2020-03-04 01:17:01,27,0.434,4.46,-20.0
2020-03-04 01:17:01,28,0.417,4.46,-20.0
2020-03-04 01:17:01,29,0.325,4.46,-20.0
2020-03-04 01:17:01,30,0.332,4.45,-20.0
2020-03-04 01:17:01,31,0.35,4.46,-20.0
2020-03-04 01:17:01,32,0.352,4.48,-20.0
2020-03-04 01:17:01,33,0.33,4.5,-20.0
2020-03-04 01:17:01,34,0.412,4.48,20.7
2020-03-04 01:17:01,35,0.386,4.48,-20.0
2020-03-04 01:17:01,36,0.326,4.47,-20.0
2020-03-04 01:17:01,37,0.331,4.46,-20.0
2020-03-04 01:17:01,38,0.343,4.48,-20.0
2020-03-04 01:17:01,39,0.386,4.48,-20.0
2020-03-04 01:17:01,40,0.31,4.5,-20.0
2020-03-04 01:17:01,41,0.399,4.49,-20.0
2020-03-04 01:17:01,42,0.394,4.48,-20.0
2020-03-04 01:17:01,43,0.442,4.49,-20.0
2020-03-04 01:17:01,44,0.478,4.45,22.6
2020-03-04 01:17:01,45,0.431,4.48,-20.0
2020-03-04 01:17:01,46,0.381,4.45,-20.0
2020-03-04 01:17:01,47,0.399,4.45,-20.0
2020-03-04 01:17:01,48,0.348,4.44,-20.0
2020-03-04 01:17:01,49,0.381,4.45,-20.0
2020-03-04 01:17:01,50,0.36,4.41,-20.0
2020-03-04 01:17:01,51,0.322,4.42,-20.0
2020-03-04 01:17:01,52,0.391,4.42,-20.0
2020-03-04 01:17:01,53,0.393,4.42,-20.0
2020-03-04 01:17:01,54,0.4,4.43,-20.0
2020-03-04 01:17:01,55,0.369,4.45,-20.0
2020-03-04 01:17:01,56,0.367,4.5,19.8
2020-03-04 01:17:01,57,0.328,4.49,-20.0
2020-03-04 01:17:01,58,0.407,4.47,-20.0
2020-03-04 01:17:01,59,0.402,4.44,-20.0
2020-03-04 01:17:01,60,0.386,4.45,-20.0
2020-03-04 01:17:01,61,0.402,4.45,-20.0
2020-03-04 01:17:01,62,0.412,4.44,-20.0
2020-03-04 01:17:01,63,0.323,4.48,-20.0
2020-03-04 01:17:01,64,0.411,4.49,-20.0
2020-03-04 01:17:01,65,0.465,4.53,20.1
2020-03-04 01:17:01,66,0.436,4.5,-20.0
2020-03-04 01:17:01,67,0.422,4.46,-20.0
2020-03-04 01:17:01,68,0.339,4.44,-20.0
2020-03-04 01:17:01,69,0.361,4.5,-20.0
2020-03-04 01:17:01,70,0.363,4.46,-20.0
2020-03-04 01:17:01,71,0.384,4.49,-20.0
2020-03-04 01:17:01,72,0.44,4.53,-20.0
2020-03-04 01:17:01,73,0.387,4.54,-20.0
2020-03-04 01:17:01,74,0.353,4.51,-20.0
2020-03-04 01:17:01,75,0.359,4.49,-20.0
2020-03-04 01:17:01,76,0.405,4.47,-20.0
2020-03-04 01:17:01,77,0.387,4.48,23.1
2020-03-04 01:17:01,78,0.371,4.46,-20.0
2020-03-04 01:17:01,79,0.331,4.45,-20.0
2020-03-04 01:17:01,80,0.385,4.46,-20.0
2020-03-04 01:17:01,81,0.364,4.49,-20.0
2020-03-04 01:17:01,82,0.395,4.46,-20.0
2020-03-04 01:17:01,83,0.369,4.52,-20.0
2020-03-04 01:17:01,84,0.479,4.49,-20.0
2020-03-04 01:17:01,85,0.423,4.44,-20.0
2020-03-04 01:17:01,86,0.371,4.46,-20.0
2020-03-04 01:17:01,87,0.331,4.45,-20.0
2020-03-04 01:17:01,88,0.385,4.46,-20.0
2020-03-04 01:17:01,89,0.364,4.49,-20.0
2020-03-04 01:17:01,90,0.395,4.46,-20.0
2020-03-04 01:17:01,91,0.356,4.49,-20.0
2020-03-04 01:17:01,92,0.369,4.52,-20.0
2020-03-04 01:17:01,93,0.479,4.48,-20.0
2020-03-04 01:17:01,94,0.465,4.46,-20.0
2020-03-04 01:17:01,95,0.423,4.44,-20.0
2020-03-04 01:17:01,96,0.426,4.5,-20.0
2020-03-04 13:16:28,1,0.433,4.5,23.5
2020-03-04 13:16:28,2,0.438,4.52,-20.0
2020-03-04 13:16:28,3,0.417,4.51,-20.0
2020-03-04 13:16:28,4,0.439,4.49,-20.0
2020-03-04 13:16:28,5,0.434,4.54,-20.0
2020-03-04 13:16:28,6,0.367,4.52,-20.0
2020-03-04 13:16:28,7,0.397,4.48,-20.0
2020-03-04 13:16:28,8,0.373,4.49,-20.0
2020-03-04 13:16:28,9,0.409,4.47,-20.0
2020-03-04 13:16:28,10,0.397,4.48,-20.0
2020-03-04 13:16:28,11,0.394,4.44,-20.0
2020-03-04 13:16:28,12,0.366,4.46,-20.0
2020-03-04 13:16:28,13,0.4,4.47,22.7
2020-03-04 13:16:28,14,0.359,4.47,-20.0
2020-03-04 13:16:28,15,0.409,4.53,-20.0
2020-03-04 13:16:28,16,0.429,4.53,-20.0
2020-03-04 13:16:28,17,0.393,4.49,-20.0
2020-03-04 13:16:28,18,0.394,4.49,-20.0
2020-03-04 13:16:28,19,0.398,4.47,-20.0
2020-03-04 13:16:28,20,0.404,4.48,-20.0
2020-03-04 13:16:28,21,0.436,4.48,-20.0
2020-03-04 13:16:28,22,0.405,4.47,-20.0
2020-03-04 13:16:28,23,0.391,4.47,-20.0
2020-03-04 13:16:28,24,0.398,4.48,-20.0
2020-03-04 13:16:28,25,0.343,4.49,20.1
2020-03-04 13:16:28,26,0.404,4.48,-20.0
2020-03-04 13:16:28,27,0.447,4.45,-20.0
2020-03-04 13:16:28,28,0.429,4.46,-20.0
2020-03-04 13:16:28,29,0.417,4.47,-20.0
2020-03-04 13:16:28,30,0.327,4.47,-20.0
2020-03-04 13:16:28,31,0.329,4.45,-20.0
2020-03-04 13:16:28,32,0.348,4.46,-20.0
2020-03-04 13:16:28,33,0.424,4.48,-20.0
2020-03-04 13:16:28,34,0.376,4.48,-20.0
2020-03-04 13:16:28,35,0.353,4.48,-20.0
2020-03-04 13:16:28,36,0.327,4.51,-20.0
2020-03-04 13:16:28,37,0.418,4.48,20.6
2020-03-04 13:16:28,38,0.382,4.48,-20.0
2020-03-04 13:16:28,39,0.316,4.46,-20.0
2020-03-04 13:16:28,40,0.328,4.48,-20.0
2020-03-04 13:16:28,41,0.374,4.5,-20.0
2020-03-04 13:16:28,42,0.332,4.47,-20.0
2020-03-04 13:16:28,43,0.373,4.49,-20.0
2020-03-04 13:16:28,44,0.369,4.48,-20.0
2020-03-04 13:16:28,45,0.309,4.5,-20.0
2020-03-04 13:16:28,46,0.398,4.49,-20.0
2020-03-04 13:16:28,47,0.386,4.48,-20.0
2020-03-04 13:16:28,48,0.432,4.48,-20.0
2020-03-04 13:16:28,49,0.48,4.44,22.5
2020-03-04 13:16:28,50,0.434,4.47,-20.0
2020-03-04 13:16:28,51,0.379,4.47,-20.0
2020-03-04 13:16:28,52,0.396,4.46,-20.0
2020-03-04 13:16:28,53,0.346,4.44,-20.0
2020-03-04 13:16:28,54,0.382,4.46,-20.0
2020-03-04 13:16:28,55,0.36,4.42,-20.0
2020-03-04 13:16:28,56,0.324,4.42,-20.0
2020-03-04 13:16:28,57,0.393,4.42,-20.0
2020-03-04 13:16:28,58,0.393,4.42,-20.0
2020-03-04 13:16:28,59,0.369,4.44,-20.0
2020-03-04 13:16:28,60,0.365,4.5,19.8
2020-03-04 13:16:28,61,0.408,4.47,-20.0
2020-03-04 13:16:28,62,0.403,4.45,-20.0
2020-03-04 13:16:28,63,0.38,4.45,-20.0
2020-03-04 13:16:28,64,0.333,4.43,-20.0
2020-03-04 13:16:28,65,0.39,4.45,-20.0
2020-03-04 13:16:28,66,0.403,4.43,-20.0
2020-03-04 13:16:28,67,0.375,4.46,-20.0
2020-03-04 13:16:28,68,0.322,4.5,-20.0
2020-03-04 13:16:28,69,0.407,4.5,-20.0
2020-03-04 13:16:28,70,0.457,4.53,20.1
2020-03-04 13:16:28,71,0.423,4.5,-20.0
2020-03-04 13:16:28,72,0.421,4.46,-20.0
2020-03-04 13:16:28,73,0.339,4.44,-20.0
2020-03-04 13:16:28,74,0.363,4.5,-20.0
2020-03-04 13:16:28,75,0.364,4.46,-20.0
2020-03-04 13:16:28,76,0.385,4.49,-20.0
2020-03-04 13:16:28,77,0.436,4.53,-20.0
2020-03-04 13:16:28,78,0.39,4.54,-20.0
2020-03-04 13:16:28,79,0.355,4.52,-20.0
2020-03-04 13:16:28,80,0.361,4.5,-20.0
2020-03-04 13:16:28,81,0.387,4.47,23.0
2020-03-04 13:16:28,82,0.375,4.46,-20.0
2020-03-04 13:16:28,83,0.334,4.46,-20.0
2020-03-04 13:16:28,84,0.386,4.46,-20.0
2020-03-04 13:16:28,85,0.364,4.48,-20.0
2020-03-04 13:16:28,86,0.392,4.46,-20.0
2020-03-04 13:16:28,87,0.357,4.48,-20.0
2020-03-04 13:16:28,88,0.368,4.52,-20.0
2020-03-04 13:16:28,89,0.481,4.48,-20.0
2020-03-04 13:16:28,90,0.468,4.45,-20.0
2020-03-04 13:16:28,91,0.425,4.44,-20.0
2020-03-04 13:16:28,92,0.368,4.52,-20.0
2020-03-04 13:16:28,93,0.481,4.48,-20.0
2020-03-04 13:16:28,94,0.468,4.45,-20.0
2020-03-04 13:16:28,95,0.425,4.44,-20.0
2020-03-04 13:16:28,96,0.425,4.5,-20.0
2020-03-05 01:15:51,1,0.434,4.5,23.3
2020-03-05 01:15:51,2,0.436,4.52,-20.0
2020-03-05 01:15:51,3,0.419,4.53,-20.0
2020-03-05 01:15:51,4,0.442,4.49,-20.0
2020-03-05 01:15:51,5,0.435,4.54,-20.0
2020-03-05 01:15:51,6,0.365,4.51,-20.0
2020-03-05 01:15:51,7,0.394,4.48,-20.0
2020-03-05 01:15:51,8,0.372,4.5,-20.0
2020-03-05 01:15:51,9,0.411,4.46,-20.0
2020-03-05 01:15:51,10,0.396,4.48,-20.0
2020-03-05 01:15:51,11,0.392,4.45,-20.0
2020-03-05 01:15:51,12,0.364,4.46,-20.0
2020-03-05 01:15:51,13,0.4,4.47,22.5
2020-03-05 01:15:51,14,0.358,4.48,-20.0
2020-03-05 01:15:51,15,0.411,4.52,-20.0
2020-03-05 01:15:51,16,0.43,4.52,-20.0
2020-03-05 01:15:51,17,0.395,4.49,-20.0
2020-03-05 01:15:51,18,0.395,4.48,-20.0
2020-03-05 01:15:51,19,0.399,4.48,-20.0
2020-03-05 01:15:51,20,0.402,4.48,-20.0
2020-03-05 01:15:51,21,0.438,4.48,-20.0
2020-03-05 01:15:51,22,0.405,4.45,-20.0
2020-03-05 01:15:51,23,0.394,4.47,-20.0
2020-03-05 01:15:51,24,0.399,4.49,-20.0
2020-03-05 01:15:51,25,0.345,4.49,20.0
2020-03-05 01:15:51,26,0.404,4.49,-20.0
2020-03-05 01:15:51,27,0.45,4.46,-20.0
2020-03-05 01:15:51,28,0.434,4.46,-20.0
2020-03-05 01:15:51,29,0.418,4.46,-20.0
2020-03-05 01:15:51,30,0.33,4.47,-20.0
2020-03-05 01:15:51,31,0.33,4.46,-20.0
2020-03-05 01:15:51,32,0.348,4.46,-20.0
2020-03-05 01:15:51,33,0.424,4.48,-20.0
2020-03-05 01:15:51,34,0.376,4.5,-20.0
2020-03-05 01:15:51,35,0.352,4.49,-20.0
2020-03-05 01:15:51,36,0.323,4.49,-20.0
2020-03-05 01:15:51,37,0.418,4.48,20.4
2020-03-05 01:15:51,38,0.389,4.49,-20.0
2020-03-05 01:15:51,39,0.321,4.46,-20.0
2020-03-05 01:15:51,40,0.329,4.47,-20.0
2020-03-05 01:15:51,41,0.373,4.5,-20.0
2020-03-05 01:15:51,42,0.332,4.47,-20.0
2020-03-05 01:15:51,43,0.377,4.49,-20.0
2020-03-05 01:15:51,44,0.373,4.48,-20.0
2020-03-05 01:15:51,45,0.399,4.48,-20.0
2020-03-05 01:15:51,46,0.396,4.48,-20.0
2020-03-05 01:15:51,47,0.437,4.48,-20.0
2020-03-05 01:15:51,48,0.48,4.45,22.3
2020-03-05 01:15:51,49,0.435,4.47,-20.0
2020-03-05 01:15:51,50,0.38,4.47,-20.0
2020-03-05 01:15:51,51,0.4,4.44,-20.0
2020-03-05 01:15:51,52,0.346,4.44,-20.0
2020-03-05 01:15:51,53,0.385,4.46,-20.0
2020-03-05 01:15:51,54,0.361,4.43,-20.0
2020-03-05 01:15:51,55,0.323,4.43,-20.0
2020-03-05 01:15:51,56,0.391,4.43,-20.0
2020-03-05 01:15:51,57,0.393,4.42,-20.0
2020-03-05 01:15:51,58,0.401,4.43,-20.0
2020-03-05 01:15:51,59,0.371,4.45,-20.0
2020-03-05 01:15:51,60,0.365,4.49,19.7
2020-03-05 01:15:51,61,0.327,4.5,-20.0
2020-03-05 01:15:51,62,0.403,4.45,-20.0
2020-03-05 01:15:51,63,0.352,4.45,-20.0
2020-03-05 01:15:51,64,0.384,4.44,-20.0
2020-03-05 01:15:51,65,0.335,4.43,-20.0
2020-03-05 01:15:51,66,0.391,4.45,-20.0
2020-03-05 01:15:51,67,0.399,4.45,-20.0
2020-03-05 01:15:51,68,0.381,4.46,-20.0
2020-03-05 01:15:51,69,0.322,4.48,-20.0
2020-03-05 01:15:51,70,0.411,4.49,-20.0
2020-03-05 01:15:51,71,0.459,4.53,20.2
2020-03-05 01:15:51,72,0.425,4.5,-20.0
2020-03-05 01:15:51,73,0.421,4.45,-20.0
2020-03-05 01:15:51,74,0.341,4.44,-20.0
2020-03-05 01:15:51,75,0.362,4.51,-20.0
2020-03-05 01:15:51,76,0.361,4.46,-20.0
2020-03-05 01:15:51,77,0.384,4.5,-20.0
2020-03-05 01:15:51,78,0.437,4.52,-20.0
2020-03-05 01:15:51,79,0.392,4.54,-20.0
2020-03-05 01:15:51,80,0.355,4.51,-20.0
2020-03-05 01:15:51,81,0.361,4.5,-20.0
2020-03-05 01:15:51,82,0.408,4.48,-20.0
2020-03-05 01:15:51,83,0.388,4.48,21.6
2020-03-05 01:15:51,84,0.374,4.46,-20.0
2020-03-05 01:15:51,85,0.335,4.45,-20.0
2020-03-05 01:15:51,86,0.384,4.46,-20.0
2020-03-05 01:15:51,87,0.366,4.51,-20.0
2020-03-05 01:15:51,88,0.391,4.46,-20.0
2020-03-05 01:15:51,89,0.355,4.49,-20.0
2020-03-05 01:15:51,90,0.368,4.52,-20.0
2020-03-05 01:15:51,91,0.482,4.49,-20.0
2020-03-05 01:15:51,92,0.47,4.46,-20.0
2020-03-05 01:15:51,93,0.424,4.44,-20.0
2020-03-05 01:15:51,94,0.426,4.51,-20.0
2020-03-05 01:15:51,95,0.424,4.44,-20.0
2020-03-05 01:15:51,96,0.426,4.51,-20.0
2020-03-05 13:14:58,1,0.436,4.5,23.4
2020-03-05 13:14:58,2,0.44,4.53,-20.0
2020-03-05 13:14:58,3,0.423,4.53,-20.0
2020-03-05 13:14:58,4,0.441,4.49,-20.0
2020-03-05 13:14:58,5,0.435,4.52,-20.0
2020-03-05 13:14:58,6,0.365,4.51,-20.0
2020-03-05 13:14:58,7,0.393,4.48,-20.0
2020-03-05 13:14:58,8,0.375,4.51,-20.0
2020-03-05 13:14:58,9,0.411,4.47,-20.0
2020-03-05 13:14:58,10,0.397,4.48,-20.0
2020-03-05 13:14:58,11,0.395,4.45,-20.0
2020-03-05 13:14:58,12,0.365,4.46,-20.0
2020-03-05 13:14:58,13,0.4,4.47,22.4
2020-03-05 13:14:58,14,0.359,4.48,-20.0
2020-03-05 13:14:58,15,0.413,4.52,-20.0
2020-03-05 13:14:58,16,0.429,4.51,-20.0
2020-03-05 13:14:58,17,0.395,4.48,-20.0
2020-03-05 13:14:58,18,0.395,4.49,-20.0
2020-03-05 13:14:58,19,0.399,4.48,-20.0
2020-03-05 13:14:58,20,0.401,4.48,-20.0
2020-03-05 13:14:58,21,0.435,4.47,-20.0
2020-03-05 13:14:58,22,0.404,4.47,-20.0
2020-03-05 13:14:58,23,0.391,4.48,-20.0
2020-03-05 13:14:58,24,0.392,4.48,-20.0
2020-03-05 13:14:58,25,0.343,4.49,19.8
2020-03-05 13:14:58,26,0.402,4.48,-20.0
2020-03-05 13:14:58,27,0.439,4.46,-20.0
2020-03-05 13:14:58,28,0.433,4.47,-20.0
2020-03-05 13:14:58,29,0.401,4.45,-20.0
2020-03-05 13:14:58,30,0.326,4.47,-20.0
2020-03-05 13:14:58,31,0.328,4.46,-20.0
2020-03-05 13:14:58,32,0.342,4.46,-20.0
2020-03-05 13:14:58,33,0.42,4.47,-20.0
2020-03-05 13:14:58,34,0.36,4.5,-20.0
2020-03-05 13:14:58,35,0.351,4.48,-20.0
2020-03-05 13:14:58,36,0.325,4.49,-20.0
2020-03-05 13:14:58,37,0.39,4.48,-20.0
2020-03-05 13:14:58,38,0.322,4.47,-20.0
2020-03-05 13:14:58,39,0.329,4.48,-20.0
2020-03-05 13:14:58,40,0.372,4.5,-20.0
2020-03-05 13:14:58,41,0.335,4.48,-20.0
2020-03-05 13:14:58,42,0.381,4.49,-20.0
2020-03-05 13:14:58,43,0.375,4.48,-20.0
2020-03-05 13:14:58,44,0.307,4.49,-20.0
2020-03-05 13:14:58,45,0.4,4.48,-20.0
2020-03-05 13:14:58,46,0.397,4.47,-20.0
2020-03-05 13:14:58,47,0.441,4.48,-20.0
2020-03-05 13:14:58,48,0.483,4.45,22.2
2020-03-05 13:14:58,49,0.434,4.47,-20.0
2020-03-05 13:14:58,50,0.38,4.46,-20.0
2020-03-05 13:14:58,51,0.398,4.46,-20.0
2020-03-05 13:14:58,52,0.346,4.44,-20.0
2020-03-05 13:14:58,53,0.383,4.46,-20.0
2020-03-05 13:14:58,54,0.362,4.43,-20.0
2020-03-05 13:14:58,55,0.325,4.42,-20.0
2020-03-05 13:14:58,56,0.393,4.42,-20.0
2020-03-05 13:14:58,57,0.394,4.42,-20.0
2020-03-05 13:14:58,58,0.388,4.44,-20.0
2020-03-05 13:14:58,59,0.347,4.44,-20.0
2020-03-05 13:14:58,60,0.363,4.49,19.5
2020-03-05 13:14:58,61,0.324,4.49,-20.0
2020-03-05 13:14:58,62,0.4,4.47,-20.0
2020-03-05 13:14:58,63,0.4,4.45,-20.0
2020-03-05 13:14:58,64,0.334,4.44,-20.0
2020-03-05 13:14:58,65,0.382,4.45,-20.0
2020-03-05 13:14:58,66,0.334,4.43,-20.0
2020-03-05 13:14:58,67,0.392,4.45,-20.0
2020-03-05 13:14:58,68,0.404,4.44,-20.0
2020-03-05 13:14:58,69,0.383,4.46,-20.0
2020-03-05 13:14:58,70,0.321,4.48,-20.0
2020-03-05 13:14:58,71,0.41,4.48,-20.0
2020-03-05 13:14:58,72,0.462,4.53,19.8
2020-03-05 13:14:58,73,0.427,4.5,-20.0
2020-03-05 13:14:58,74,0.42,4.46,-20.0
2020-03-05 13:14:58,75,0.342,4.44,-20.0
2020-03-05 13:14:58,76,0.36,4.5,-20.0
2020-03-05 13:14:58,77,0.363,4.47,-20.0
2020-03-05 13:14:58,78,0.385,4.5,-20.0
2020-03-05 13:14:58,79,0.435,4.53,-20.0
2020-03-05 13:14:58,80,0.393,4.52,-20.0
2020-03-05 13:14:58,81,0.353,4.5,-20.0
2020-03-05 13:14:58,82,0.359,4.51,-20.0
2020-03-05 13:14:58,83,0.408,4.49,-20.0
2020-03-05 13:14:58,84,0.385,4.49,21.1
2020-03-05 13:14:58,85,0.331,4.46,-20.0
2020-03-05 13:14:58,86,0.368,4.52,-20.0
2020-03-05 13:14:58,87,0.391,4.47,-20.0
2020-03-05 13:14:58,88,0.354,4.48,-20.0
2020-03-05 13:14:58,89,0.372,4.51,-20.0
2020-03-05 13:14:58,90,0.484,4.49,-20.0
2020-03-05 13:14:58,91,0.468,4.46,-20.0
2020-03-05 13:14:58,92,0.424,4.46,-20.0
2020-03-05 13:14:58,93,0.428,4.51,-20.0
2020-03-05 13:14:58,94,0.468,4.46,-20.0
2020-03-05 13:14:58,95,0.424,4.45,-20.0
2020-03-05 13:14:58,96,0.428,4.51,-20.0
2020-03-06 01:14:17,1,0.435,4.5,23.4
2020-03-06 01:14:17,2,0.442,4.52,-20.0
2020-03-06 01:14:17,3,0.423,4.53,-20.0
2020-03-06 01:14:17,4,0.442,4.49,-20.0
2020-03-06 01:14:17,5,0.435,4.54,-20.0
2020-03-06 01:14:17,6,0.369,4.51,-20.0
2020-03-06 01:14:17,7,0.395,4.49,-20.0
2020-03-06 01:14:17,8,0.378,4.5,-20.0
2020-03-06 01:14:17,9,0.411,4.47,-20.0
2020-03-06 01:14:17,10,0.399,4.49,-20.0
2020-03-06 01:14:17,11,0.396,4.44,-20.0
2020-03-06 01:14:17,12,0.367,4.47,-20.0
2020-03-06 01:14:17,13,0.403,4.47,22.4
2020-03-06 01:14:17,14,0.361,4.48,-20.0
2020-03-06 01:14:17,15,0.411,4.52,-20.0
2020-03-06 01:14:17,16,0.433,4.52,-20.0
2020-03-06 01:14:17,17,0.396,4.48,-20.0
2020-03-06 01:14:17,18,0.395,4.49,-20.0
2020-03-06 01:14:17,19,0.402,4.47,-20.0
2020-03-06 01:14:17,20,0.4,4.47,-20.0
2020-03-06 01:14:17,21,0.433,4.47,-20.0
2020-03-06 01:14:17,22,0.401,4.46,-20.0
2020-03-06 01:14:17,23,0.392,4.47,-20.0
2020-03-06 01:14:17,24,0.394,4.48,-20.0
2020-03-06 01:14:17,25,0.344,4.49,19.8
2020-03-06 01:14:17,26,0.404,4.49,-20.0
2020-03-06 01:14:17,27,0.442,4.46,-20.0
2020-03-06 01:14:17,28,0.433,4.46,-20.0
2020-03-06 01:14:17,29,0.405,4.46,-20.0
2020-03-06 01:14:17,30,0.324,4.46,-20.0
2020-03-06 01:14:17,31,0.33,4.45,-20.0
2020-03-06 01:14:17,32,0.343,4.47,-20.0
2020-03-06 01:14:17,33,0.42,4.47,-20.0
2020-03-06 01:14:17,34,0.367,4.48,-20.0
2020-03-06 01:14:17,35,0.351,4.48,-20.0
2020-03-06 01:14:17,36,0.327,4.5,-20.0
2020-03-06 01:14:17,37,0.391,4.49,-20.0
2020-03-06 01:14:17,38,0.323,4.46,-20.0
2020-03-06 01:14:17,39,0.331,4.48,-20.0
2020-03-06 01:14:17,40,0.372,4.49,-20.0
2020-03-06 01:14:17,41,0.381,4.48,-20.0
2020-03-06 01:14:17,42,0.305,4.49,-20.0
2020-03-06 01:14:17,43,0.398,4.48,-20.0
2020-03-06 01:14:17,44,0.445,4.48,-20.0
2020-03-06 01:14:17,45,0.484,4.46,22.3
2020-03-06 01:14:17,46,0.378,4.45,-20.0
2020-03-06 01:14:17,47,0.345,4.45,-20.0
2020-03-06 01:14:17,48,0.383,4.45,-20.0
2020-03-06 01:14:17,49,0.328,4.42,-20.0
2020-03-06 01:14:17,50,0.394,4.42,-20.0
2020-03-06 01:14:17,51,0.394,4.42,-20.0
2020-03-06 01:14:17,52,0.393,4.43,-20.0
2020-03-06 01:14:17,53,0.358,4.45,-20.0
2020-03-06 01:14:17,54,0.363,4.49,19.4
2020-03-06 01:14:17,55,0.325,4.49,-20.0
2020-03-06 01:14:17,56,0.402,4.46,-20.0
2020-03-06 01:14:17,57,0.4,4.44,-20.0
2020-03-06 01:14:17,58,0.341,4.44,-20.0
2020-03-06 01:14:17,59,0.385,4.44,-20.0
2020-03-06 01:14:17,60,0.393,4.45,-20.0
2020-03-06 01:14:17,61,0.408,4.44,-20.0
2020-03-06 01:14:17,62,0.321,4.48,-20.0
2020-03-06 01:14:17,63,0.465,4.53,19.9
2020-03-06 01:14:17,64,0.432,4.5,-20.0
2020-03-06 01:14:17,65,0.341,4.44,-20.0
2020-03-06 01:14:17,66,0.363,4.5,-20.0
2020-03-06 01:14:17,67,0.386,4.49,-20.0
2020-03-06 01:14:17,68,0.442,4.53,-20.0
2020-03-06 01:14:17,69,0.393,4.53,-20.0
2020-03-06 01:14:17,70,0.35,4.51,-20.0
2020-03-06 01:14:17,71,0.36,4.5,-20.0
2020-03-06 01:14:17,72,0.41,4.48,-20.0
2020-03-06 01:14:17,73,0.385,4.49,21.3
2020-03-06 01:14:17,74,0.374,4.45,-20.0
2020-03-06 01:14:17,75,0.332,4.46,-20.0
2020-03-06 01:14:17,76,0.387,4.48,-20.0
2020-03-06 01:14:17,77,0.371,4.52,-20.0
2020-03-06 01:14:17,78,0.391,4.46,-20.0
2020-03-06 01:14:17,79,0.356,4.48,-20.0
2020-03-06 01:14:17,80,0.376,4.52,-20.0
2020-03-06 01:14:17,81,0.484,4.49,-20.0
2020-03-06 01:14:17,82,0.471,4.46,-20.0
2020-03-06 01:14:17,83,0.424,4.45,-20.0
2020-03-06 01:14:17,84,0.427,4.5,-20.0
2020-03-06 01:14:17,85,0.385,4.48,21.3
2020-03-06 01:14:17,86,0.374,4.45,-20.0
2020-03-06 01:14:17,87,0.332,4.45,-20.0
2020-03-06 01:14:17,88,0.387,4.47,-20.0
2020-03-06 01:14:17,89,0.371,4.52,-20.0
2020-03-06 01:14:17,90,0.391,4.47,-20.0
2020-03-06 01:14:17,91,0.356,4.48,-20.0
2020-03-06 01:14:17,92,0.376,4.52,-20.0
2020-03-06 01:14:17,93,0.484,4.48,-20.0
2020-03-06 01:14:17,94,0.471,4.47,-20.0
2020-03-06 01:14:17,95,0.424,4.45,-20.0
2020-03-06 01:14:17,96,0.427,4.51,-20.0
2020-03-06 13:13:37,1,0.437,4.5,23.4
2020-03-06 13:13:37,2,0.442,4.52,-20.0
2020-03-06 13:13:37,3,0.42,4.53,-20.0
2020-03-06 13:13:37,4,0.442,4.48,-20.0
2020-03-06 13:13:37,5,0.437,4.54,-20.0
2020-03-06 13:13:37,6,0.369,4.51,-20.0
2020-03-06 13:13:37,7,0.394,4.48,-20.0
2020-03-06 13:13:37,8,0.377,4.5,-20.0
2020-03-06 13:13:37,9,0.412,4.47,-20.0
2020-03-06 13:13:37,10,0.398,4.49,-20.0
2020-03-06 13:13:37,11,0.396,4.44,-20.0
2020-03-06 13:13:37,12,0.366,4.46,-20.0
2020-03-06 13:13:37,13,0.401,4.47,22.4
2020-03-06 13:13:37,14,0.358,4.47,-20.0
2020-03-06 13:13:37,15,0.406,4.51,-20.0
2020-03-06 13:13:37,16,0.43,4.53,-20.0
2020-03-06 13:13:37,17,0.394,4.48,-20.0
2020-03-06 13:13:37,18,0.389,4.48,-20.0
2020-03-06 13:13:37,19,0.394,4.47,-20.0
2020-03-06 13:13:37,20,0.399,4.48,-20.0
2020-03-06 13:13:37,21,0.431,4.48,-20.0
2020-03-06 13:13:37,22,0.402,4.46,-20.0
2020-03-06 13:13:37,23,0.38,4.48,-20.0
2020-03-06 13:13:37,24,0.397,4.48,-20.0
2020-03-06 13:13:37,25,0.343,4.49,19.8
2020-03-06 13:13:37,26,0.406,4.49,-20.0
2020-03-06 13:13:37,27,0.444,4.46,-20.0
2020-03-06 13:13:37,28,0.432,4.46,-20.0
2020-03-06 13:13:37,29,0.409,4.46,-20.0
2020-03-06 13:13:37,30,0.324,4.47,-20.0
2020-03-06 13:13:37,31,0.33,4.46,-20.0
2020-03-06 13:13:37,32,0.345,4.48,-20.0
2020-03-06 13:13:37,33,0.42,4.47,-20.0
2020-03-06 13:13:37,34,0.371,4.49,-20.0
2020-03-06 13:13:37,35,0.355,4.49,-20.0
2020-03-06 13:13:37,36,0.33,4.5,-20.0
2020-03-06 13:13:37,37,0.387,4.48,-20.0
2020-03-06 13:13:37,38,0.326,4.46,-20.0
2020-03-06 13:13:37,39,0.331,4.47,-20.0
2020-03-06 13:13:37,40,0.372,4.49,-20.0
2020-03-06 13:13:37,41,0.34,4.47,-20.0
2020-03-06 13:13:37,42,0.384,4.48,-20.0
2020-03-06 13:13:37,43,0.381,4.49,-20.0
2020-03-06 13:13:37,44,0.306,4.5,-20.0
2020-03-06 13:13:37,45,0.399,4.49,-20.0
2020-03-06 13:13:37,46,0.4,4.47,-20.0
2020-03-06 13:13:37,47,0.454,4.47,-20.0
2020-03-06 13:13:37,48,0.479,4.45,22.3
2020-03-06 13:13:37,49,0.432,4.48,-20.0
2020-03-06 13:13:37,50,0.376,4.46,-20.0
2020-03-06 13:13:37,51,0.401,4.45,-20.0
2020-03-06 13:13:37,52,0.345,4.44,-20.0
2020-03-06 13:13:37,53,0.381,4.45,-20.0
2020-03-06 13:13:37,54,0.349,4.41,-20.0
2020-03-06 13:13:37,55,0.327,4.41,-20.0
2020-03-06 13:13:37,56,0.392,4.42,-20.0
2020-03-06 13:13:37,57,0.389,4.41,-20.0
2020-03-06 13:13:37,58,0.398,4.43,-20.0
2020-03-06 13:13:37,59,0.362,4.45,-20.0
2020-03-06 13:13:37,60,0.366,4.5,19.5
2020-03-06 13:13:37,61,0.329,4.49,-20.0
2020-03-06 13:13:37,62,0.406,4.47,-20.0
2020-03-06 13:13:37,63,0.401,4.44,-20.0
2020-03-06 13:13:37,64,0.345,4.44,-20.0
2020-03-06 13:13:37,65,0.387,4.44,-20.0
2020-03-06 13:13:37,66,0.339,4.42,-20.0
2020-03-06 13:13:37,67,0.394,4.44,-20.0
2020-03-06 13:13:37,68,0.381,4.46,-20.0
2020-03-06 13:13:37,69,0.322,4.48,-20.0
2020-03-06 13:13:37,70,0.414,4.49,-20.0
2020-03-06 13:13:37,71,0.468,4.53,19.9
2020-03-06 13:13:37,72,0.434,4.5,-20.0
2020-03-06 13:13:37,73,0.422,4.46,-20.0
2020-03-06 13:13:37,74,0.359,4.5,-20.0
2020-03-06 13:13:37,75,0.367,4.46,-20.0
2020-03-06 13:13:37,76,0.443,4.54,-20.0
2020-03-06 13:13:37,77,0.394,4.53,-20.0
2020-03-06 13:13:37,78,0.35,4.51,-20.0
2020-03-06 13:13:37,79,0.359,4.51,-20.0
2020-03-06 13:13:37,80,0.41,4.49,-20.0
2020-03-06 13:13:37,81,0.386,4.48,21.2
2020-03-06 13:13:37,82,0.334,4.46,-20.0
2020-03-06 13:13:37,83,0.387,4.48,-20.0
2020-03-06 13:13:37,84,0.37,4.52,-20.0
2020-03-06 13:13:37,85,0.394,4.46,-20.0
2020-03-06 13:13:37,86,0.358,4.48,-20.0
2020-03-06 13:13:37,87,0.376,4.51,-20.0
2020-03-06 13:13:37,88,0.486,4.49,-20.0
2020-03-06 13:13:37,89,0.472,4.46,-20.0
2020-03-06 13:13:37,90,0.426,4.5,-20.0
2020-03-06 13:13:37,91,0.358,4.48,-20.0
2020-03-06 13:13:37,92,0.376,4.52,-20.0
2020-03-06 13:13:37,93,0.486,4.49,-20.0
2020-03-06 13:13:37,94,0.472,4.46,-20.0
2020-03-06 13:13:37,95,0.424,4.45,-20.0
2020-03-06 13:13:37,96,0.426,4.5,-20.0
2020-03-07 01:12:56,1,0.439,4.51,23.4
2020-03-07 01:12:56,2,0.444,4.52,-20.0
2020-03-07 01:12:56,3,0.42,4.53,-20.0
2020-03-07 01:12:56,4,0.446,4.49,-20.0
2020-03-07 01:12:56,5,0.439,4.54,-20.0
2020-03-07 01:12:56,6,0.369,4.51,-20.0
2020-03-07 01:12:56,7,0.393,4.49,-20.0
2020-03-07 01:12:56,8,0.377,4.5,-20.0
2020-03-07 01:12:56,9,0.413,4.47,-20.0
2020-03-07 01:12:56,10,0.398,4.49,-20.0
2020-03-07 01:12:56,11,0.397,4.45,-20.0
2020-03-07 01:12:56,12,0.367,4.46,-20.0
2020-03-07 01:12:56,13,0.4,4.46,22.3
2020-03-07 01:12:56,14,0.357,4.48,-20.0
2020-03-07 01:12:56,15,0.403,4.52,-20.0
2020-03-07 01:12:56,16,0.428,4.52,-20.0
2020-03-07 01:12:56,17,0.395,4.47,-20.0
2020-03-07 01:12:56,18,0.388,4.48,-20.0
2020-03-07 01:12:56,19,0.395,4.47,-20.0
2020-03-07 01:12:56,20,0.397,4.48,-20.0
2020-03-07 01:12:56,21,0.431,4.47,-20.0
2020-03-07 01:12:56,22,0.401,4.46,-20.0
2020-03-07 01:12:56,23,0.384,4.47,-20.0
2020-03-07 01:12:56,24,0.396,4.49,-20.0
2020-03-07 01:12:56,25,0.342,4.5,19.8
2020-03-07 01:12:56,26,0.402,4.47,-20.0
2020-03-07 01:12:56,27,0.447,4.46,-20.0
2020-03-07 01:12:56,28,0.433,4.46,-20.0
2020-03-07 01:12:56,29,0.411,4.46,-20.0
2020-03-07 01:12:56,30,0.328,4.47,-20.0
2020-03-07 01:12:56,31,0.329,4.46,-20.0
2020-03-07 01:12:56,32,0.347,4.46,-20.0
2020-03-07 01:12:56,33,0.421,4.47,-20.0
2020-03-07 01:12:56,34,0.37,4.49,-20.0
2020-03-07 01:12:56,35,0.355,4.48,-20.0
2020-03-07 01:12:56,36,0.33,4.5,-20.0
2020-03-07 01:12:56,37,0.416,4.47,20.2
2020-03-07 01:12:56,38,0.385,4.49,-20.0
2020-03-07 01:12:56,39,0.327,4.46,-20.0
2020-03-07 01:12:56,40,0.331,4.46,-20.0
2020-03-07 01:12:56,41,0.369,4.49,-20.0
2020-03-07 01:12:56,42,0.34,4.47,-20.0
2020-03-07 01:12:56,43,0.384,4.49,-20.0
2020-03-07 01:12:56,44,0.306,4.5,-20.0
2020-03-07 01:12:56,45,0.398,4.48,-20.0
2020-03-07 01:12:56,46,0.404,4.48,-20.0
2020-03-07 01:12:56,47,0.454,4.49,-20.0
2020-03-07 01:12:56,48,0.481,4.45,22.2
2020-03-07 01:12:56,49,0.439,4.47,-20.0
2020-03-07 01:12:56,50,0.377,4.46,-20.0
2020-03-07 01:12:56,51,0.406,4.46,-20.0
2020-03-07 01:12:56,52,0.346,4.45,-20.0
2020-03-07 01:12:56,53,0.38,4.46,-20.0
2020-03-07 01:12:56,54,0.351,4.42,-20.0
2020-03-07 01:12:56,55,0.328,4.42,-20.0
2020-03-07 01:12:56,56,0.391,4.42,-20.0
2020-03-07 01:12:56,57,0.39,4.42,-20.0
2020-03-07 01:12:56,58,0.399,4.44,-20.0
2020-03-07 01:12:56,59,0.365,4.44,-20.0
2020-03-07 01:12:56,60,0.367,4.5,19.5
2020-03-07 01:12:56,61,0.332,4.5,-20.0
2020-03-07 01:12:56,62,0.407,4.48,-20.0
2020-03-07 01:12:56,63,0.403,4.45,-20.0
2020-03-07 01:12:56,64,0.35,4.44,-20.0
2020-03-07 01:12:56,65,0.388,4.44,-20.0
2020-03-07 01:12:56,66,0.335,4.43,-20.0
2020-03-07 01:12:56,67,0.397,4.45,-20.0
2020-03-07 01:12:56,68,0.409,4.45,-20.0
2020-03-07 01:12:56,69,0.378,4.46,-20.0
2020-03-07 01:12:56,70,0.32,4.48,-20.0
2020-03-07 01:12:56,71,0.468,4.52,20.0
2020-03-07 01:12:56,72,0.434,4.5,-20.0
2020-03-07 01:12:56,73,0.423,4.46,-20.0
2020-03-07 01:12:56,74,0.344,4.44,-20.0
2020-03-07 01:12:56,75,0.359,4.5,-20.0
2020-03-07 01:12:56,76,0.364,4.47,-20.0
2020-03-07 01:12:56,77,0.386,4.5,-20.0
2020-03-07 01:12:56,78,0.444,4.53,-20.0
2020-03-07 01:12:56,79,0.393,4.54,-20.0
2020-03-07 01:12:56,80,0.349,4.51,-20.0
2020-03-07 01:12:56,81,0.411,4.48,-20.0
2020-03-07 01:12:56,82,0.388,4.48,21.2
2020-03-07 01:12:56,83,0.332,4.46,-20.0
2020-03-07 01:12:56,84,0.389,4.48,-20.0
2020-03-07 01:12:56,85,0.364,4.52,-20.0
2020-03-07 01:12:56,86,0.391,4.47,-20.0
2020-03-07 01:12:56,87,0.354,4.48,-20.0
2020-03-07 01:12:56,88,0.374,4.51,-20.0
2020-03-07 01:12:56,89,0.484,4.49,-20.0
2020-03-07 01:12:56,90,0.469,4.46,-20.0
2020-03-07 01:12:56,91,0.421,4.45,-20.0
2020-03-07 01:12:56,92,0.426,4.5,-20.0
2020-03-07 01:12:56,93,0.484,4.49,-20.0
2020-03-07 01:12:56,94,0.469,4.46,-20.0
2020-03-07 01:12:56,95,0.421,4.45,-20.0
2020-03-07 01:12:56,96,0.426,4.5,-20.0
2020-03-07 13:12:13,1,0.436,4.5,23.3
2020-03-07 13:12:13,2,0.444,4.52,-20.0
2020-03-07 13:12:13,3,0.419,4.52,-20.0
2020-03-07 13:12:13,4,0.444,4.49,-20.0
2020-03-07 13:12:13,5,0.439,4.53,-20.0
2020-03-07 13:12:13,6,0.367,4.51,-20.0
2020-03-07 13:12:13,7,0.389,4.48,-20.0
2020-03-07 13:12:13,8,0.373,4.5,-20.0
2020-03-07 13:12:13,9,0.411,4.47,-20.0
2020-03-07 13:12:13,10,0.397,4.48,-20.0
2020-03-07 13:12:13,11,0.397,4.45,-20.0
2020-03-07 13:12:13,12,0.363,4.46,-20.0
2020-03-07 13:12:13,13,0.4,4.47,22.3
2020-03-07 13:12:13,14,0.358,4.49,-20.0
2020-03-07 13:12:13,15,0.403,4.52,-20.0
2020-03-07 13:12:13,16,0.427,4.53,-20.0
2020-03-07 13:12:13,17,0.394,4.48,-20.0
2020-03-07 13:12:13,18,0.392,4.49,-20.0
2020-03-07 13:12:13,19,0.398,4.47,-20.0
2020-03-07 13:12:13,20,0.399,4.48,-20.0
2020-03-07 13:12:13,21,0.432,4.47,-20.0
2020-03-07 13:12:13,22,0.403,4.45,-20.0
2020-03-07 13:12:13,23,0.385,4.47,-20.0
2020-03-07 13:12:13,24,0.399,4.49,-20.0
2020-03-07 13:12:13,25,0.344,4.49,19.8
2020-03-07 13:12:13,26,0.403,4.49,-20.0
2020-03-07 13:12:13,27,0.451,4.45,-20.0
2020-03-07 13:12:13,28,0.43,4.45,-20.0
2020-03-07 13:12:13,29,0.41,4.45,-20.0
2020-03-07 13:12:13,30,0.328,4.47,-20.0
2020-03-07 13:12:13,31,0.328,4.46,-20.0
2020-03-07 13:12:13,32,0.347,4.48,-20.0
2020-03-07 13:12:13,33,0.422,4.47,-20.0
2020-03-07 13:12:13,34,0.372,4.5,-20.0
2020-03-07 13:12:13,35,0.351,4.48,-20.0
2020-03-07 13:12:13,36,0.329,4.5,-20.0
2020-03-07 13:12:13,37,0.408,4.47,20.3
2020-03-07 13:12:13,38,0.379,4.48,-20.0
2020-03-07 13:12:13,39,0.33,4.47,-20.0
2020-03-07 13:12:13,40,0.335,4.47,-20.0
2020-03-07 13:12:13,41,0.37,4.49,-20.0
2020-03-07 13:12:13,42,0.342,4.47,-20.0
2020-03-07 13:12:13,43,0.381,4.48,-20.0
2020-03-07 13:12:13,44,0.307,4.49,-20.0
2020-03-07 13:12:13,45,0.403,4.49,-20.0
2020-03-07 13:12:13,46,0.403,4.49,-20.0
2020-03-07 13:12:13,47,0.458,4.48,-20.0
2020-03-07 13:12:13,48,0.482,4.45,22.2
2020-03-07 13:12:13,49,0.439,4.47,-20.0
2020-03-07 13:12:13,50,0.378,4.45,-20.0
2020-03-07 13:12:13,51,0.403,4.46,-20.0
2020-03-07 13:12:13,52,0.344,4.43,-20.0
2020-03-07 13:12:13,53,0.381,4.45,-20.0
2020-03-07 13:12:13,54,0.35,4.42,-20.0
2020-03-07 13:12:13,55,0.325,4.41,-20.0
2020-03-07 13:12:13,56,0.393,4.42,-20.0
2020-03-07 13:12:13,57,0.389,4.42,-20.0
2020-03-07 13:12:13,58,0.401,4.43,-20.0
2020-03-07 13:12:13,59,0.367,4.45,-20.0
2020-03-07 13:12:13,60,0.367,4.5,19.6
2020-03-07 13:12:13,61,0.333,4.49,-20.0
2020-03-07 13:12:13,62,0.403,4.45,-20.0
2020-03-07 13:12:13,63,0.353,4.44,-20.0
2020-03-07 13:12:13,64,0.39,4.44,-20.0
2020-03-07 13:12:13,65,0.335,4.43,-20.0
2020-03-07 13:12:13,66,0.399,4.45,-20.0
2020-03-07 13:12:13,67,0.41,4.45,-20.0
2020-03-07 13:12:13,68,0.378,4.46,-20.0
2020-03-07 13:12:13,69,0.321,4.48,-20.0
2020-03-07 13:12:13,70,0.417,4.49,-20.0
2020-03-07 13:12:13,71,0.469,4.53,20.3
2020-03-07 13:12:13,72,0.435,4.5,-20.0
2020-03-07 13:12:13,73,0.422,4.46,-20.0
2020-03-07 13:12:13,74,0.343,4.44,-20.0
2020-03-07 13:12:13,75,0.361,4.5,-20.0
2020-03-07 13:12:13,76,0.366,4.46,-20.0
2020-03-07 13:12:13,77,0.443,4.54,-20.0
2020-03-07 13:12:13,78,0.394,4.53,-20.0
2020-03-07 13:12:13,79,0.348,4.51,-20.0
2020-03-07 13:12:13,80,0.361,4.5,-20.0
2020-03-07 13:12:13,81,0.412,4.49,-20.0
2020-03-07 13:12:13,82,0.388,4.48,21.4
2020-03-07 13:12:13,83,0.371,4.46,-20.0
2020-03-07 13:12:13,84,0.333,4.45,-20.0
2020-03-07 13:12:13,85,0.392,4.48,-20.0
2020-03-07 13:12:13,86,0.368,4.51,-20.0
2020-03-07 13:12:13,87,0.388,4.47,-20.0
2020-03-07 13:12:13,88,0.356,4.48,-20.0
2020-03-07 13:12:13,89,0.379,4.51,-20.0
2020-03-07 13:12:13,90,0.483,4.49,-20.0
2020-03-07 13:12:13,91,0.468,4.47,-20.0
2020-03-07 13:12:13,92,0.424,4.45,-20.0
2020-03-07 13:12:13,93,0.424,4.51,-20.0
2020-03-07 13:12:13,94,0.468,4.46,-20.0
2020-03-07 13:12:13,95,0.424,4.46,-20.0
2020-03-07 13:12:13,96,0.424,4.51,-20.0
2020-03-08 01:11:14,1,0.437,4.5,23.3
2020-03-08 01:11:14,2,0.443,4.52,-20.0
2020-03-08 01:11:14,3,0.417,4.53,-20.0
2020-03-08 01:11:14,4,0.442,4.49,-20.0
2020-03-08 01:11:14,5,0.439,4.54,-20.0
2020-03-08 01:11:14,6,0.37,4.5,-20.0
2020-03-08 01:11:14,7,0.393,4.48,-20.0
2020-03-08 01:11:14,8,0.377,4.51,-20.0
2020-03-08 01:11:14,9,0.413,4.46,-20.0
2020-03-08 01:11:14,10,0.398,4.48,-20.0
2020-03-08 01:11:14,11,0.398,4.45,-20.0
2020-03-08 01:11:14,12,0.364,4.46,-20.0
2020-03-08 01:11:14,13,0.401,4.47,22.2
2020-03-08 01:11:14,14,0.358,4.49,-20.0
2020-03-08 01:11:14,15,0.403,4.51,-20.0
2020-03-08 01:11:14,16,0.428,4.53,-20.0
2020-03-08 01:11:14,17,0.397,4.48,-20.0
2020-03-08 01:11:14,18,0.395,4.48,-20.0
2020-03-08 01:11:14,19,0.402,4.48,-20.0
2020-03-08 01:11:14,20,0.399,4.47,-20.0
2020-03-08 01:11:14,21,0.433,4.47,-20.0
2020-03-08 01:11:14,22,0.405,4.46,-20.0
2020-03-08 01:11:14,23,0.386,4.47,-20.0
2020-03-08 01:11:14,24,0.399,4.49,-20.0
2020-03-08 01:11:14,25,0.346,4.5,19.4
2020-03-08 01:11:14,26,0.402,4.49,-20.0
2020-03-08 01:11:14,27,0.453,4.46,-20.0
2020-03-08 01:11:14,28,0.431,4.45,-20.0
2020-03-08 01:11:14,29,0.413,4.44,-20.0
2020-03-08 01:11:14,30,0.325,4.48,-20.0
2020-03-08 01:11:14,31,0.33,4.46,-20.0
2020-03-08 01:11:14,32,0.348,4.46,-20.0
2020-03-08 01:11:14,33,0.423,4.47,-20.0
2020-03-08 01:11:14,34,0.372,4.48,-20.0
2020-03-08 01:11:14,35,0.353,4.48,-20.0
2020-03-08 01:11:14,36,0.33,4.51,-20.0
2020-03-08 01:11:14,37,0.411,4.49,19.8
2020-03-08 01:11:14,38,0.379,4.49,-20.0
2020-03-08 01:11:14,39,0.33,4.47,-20.0
2020-03-08 01:11:14,40,0.338,4.46,-20.0
2020-03-08 01:11:14,41,0.371,4.5,-20.0
2020-03-08 01:11:14,42,0.343,4.47,-20.0
2020-03-08 01:11:14,43,0.386,4.5,-20.0
2020-03-08 01:11:14,44,0.382,4.48,-20.0
2020-03-08 01:11:14,45,0.306,4.5,-20.0
2020-03-08 01:11:14,46,0.4,4.49,-20.0
2020-03-08 01:11:14,47,0.388,4.48,-20.0
2020-03-08 01:11:14,48,0.446,4.48,-20.0
2020-03-08 01:11:14,49,0.481,4.45,22.2
2020-03-08 01:11:14,50,0.44,4.48,-20.0
2020-03-08 01:11:14,51,0.378,4.46,-20.0
2020-03-08 01:11:14,52,0.402,4.46,-20.0
2020-03-08 01:11:14,53,0.343,4.44,-20.0
2020-03-08 01:11:14,54,0.382,4.46,-20.0
2020-03-08 01:11:14,55,0.353,4.42,-20.0
2020-03-08 01:11:14,56,0.327,4.42,-20.0
2020-03-08 01:11:14,57,0.389,4.42,-20.0
2020-03-08 01:11:14,58,0.403,4.43,-20.0
2020-03-08 01:11:14,59,0.366,4.45,-20.0
2020-03-08 01:11:14,60,0.367,4.5,19.1
2020-03-08 01:11:14,61,0.333,4.5,-20.0
2020-03-08 01:11:14,62,0.408,4.48,-20.0
2020-03-08 01:11:14,63,0.403,4.45,-20.0
2020-03-08 01:11:14,64,0.35,4.44,-20.0
2020-03-08 01:11:14,65,0.39,4.44,-20.0
2020-03-08 01:11:14,66,0.336,4.42,-20.0
2020-03-08 01:11:14,67,0.401,4.45,-20.0
2020-03-08 01:11:14,68,0.411,4.45,-20.0
2020-03-08 01:11:14,69,0.378,4.46,-20.0
2020-03-08 01:11:14,70,0.323,4.48,-20.0
2020-03-08 01:11:14,71,0.414,4.49,-20.0
2020-03-08 01:11:14,72,0.47,4.53,19.5
2020-03-08 01:11:14,73,0.435,4.51,-20.0
2020-03-08 01:11:14,74,0.342,4.43,-20.0
2020-03-08 01:11:14,75,0.359,4.49,-20.0
2020-03-08 01:11:14,76,0.366,4.46,-20.0
2020-03-08 01:11:14,77,0.447,4.53,-20.0
2020-03-08 01:11:14,78,0.39,4.53,-20.0
2020-03-08 01:11:14,79,0.35,4.51,-20.0
2020-03-08 01:11:14,80,0.361,4.51,-20.0
2020-03-08 01:11:14,81,0.412,4.5,-20.0
2020-03-08 01:11:14,82,0.382,4.48,20.8
2020-03-08 01:11:14,83,0.37,4.46,-20.0
2020-03-08 01:11:14,84,0.333,4.46,-20.0
2020-03-08 01:11:14,85,0.391,4.47,-20.0
2020-03-08 01:11:14,86,0.364,4.51,-20.0
2020-03-08 01:11:14,87,0.387,4.47,-20.0
2020-03-08 01:11:14,88,0.354,4.47,-20.0
2020-03-08 01:11:14,89,0.373,4.51,-20.0
2020-03-08 01:11:14,90,0.469,4.46,-20.0
2020-03-08 01:11:14,91,0.422,4.45,-20.0
2020-03-08 01:11:14,92,0.423,4.5,-20.0
2020-03-08 01:11:14,93,0.486,4.49,-20.0
2020-03-08 01:11:14,94,0.469,4.46,-20.0
2020-03-08 01:11:14,95,0.422,4.45,-20.0
2020-03-08 01:11:14,96,0.423,4.5,-20.0
2020-03-08 13:10:22,1,0.436,4.5,23.3
2020-03-08 13:10:22,2,0.442,4.52,-20.0
2020-03-08 13:10:22,3,0.416,4.53,-20.0
2020-03-08 13:10:22,4,0.442,4.49,-20.0
2020-03-08 13:10:22,5,0.436,4.54,-20.0
2020-03-08 13:10:22,6,0.372,4.51,-20.0
2020-03-08 13:10:22,7,0.397,4.48,-20.0
2020-03-08 13:10:22,8,0.377,4.5,-20.0
2020-03-08 13:10:22,9,0.414,4.47,-20.0
2020-03-08 13:10:22,10,0.4,4.48,-20.0
2020-03-08 13:10:22,11,0.398,4.45,-20.0
2020-03-08 13:10:22,12,0.367,4.46,-20.0
2020-03-08 13:10:22,13,0.402,4.47,22.2
2020-03-08 13:10:22,14,0.357,4.48,-20.0
2020-03-08 13:10:22,15,0.401,4.53,-20.0
2020-03-08 13:10:22,16,0.43,4.53,-20.0
2020-03-08 13:10:22,17,0.395,4.47,-20.0
2020-03-08 13:10:22,18,0.398,4.48,-20.0
2020-03-08 13:10:22,19,0.403,4.47,-20.0
2020-03-08 13:10:22,20,0.401,4.47,-20.0
2020-03-08 13:10:22,21,0.432,4.48,-20.0
2020-03-08 13:10:22,22,0.405,4.46,-20.0
2020-03-08 13:10:22,23,0.39,4.46,-20.0
2020-03-08 13:10:22,24,0.399,4.48,-20.0
2020-03-08 13:10:22,25,0.348,4.5,19.5
2020-03-08 13:10:22,26,0.403,4.48,-20.0
2020-03-08 13:10:22,27,0.453,4.47,-20.0
2020-03-08 13:10:22,28,0.433,4.46,-20.0
2020-03-08 13:10:22,29,0.414,4.46,-20.0
2020-03-08 13:10:22,30,0.326,4.47,-20.0
2020-03-08 13:10:22,31,0.332,4.46,-20.0
2020-03-08 13:10:22,32,0.347,4.46,-20.0
2020-03-08 13:10:22,33,0.424,4.47,-20.0
2020-03-08 13:10:22,34,0.375,4.48,-20.0
2020-03-08 13:10:22,35,0.353,4.48,-20.0
2020-03-08 13:10:22,36,0.333,4.5,-20.0
2020-03-08 13:10:22,37,0.413,4.48,20.0
2020-03-08 13:10:22,38,0.38,4.48,-20.0
2020-03-08 13:10:22,39,0.33,4.47,-20.0
2020-03-08 13:10:22,40,0.373,4.5,-20.0
2020-03-08 13:10:22,41,0.345,4.47,-20.0
2020-03-08 13:10:22,42,0.384,4.48,-20.0
2020-03-08 13:10:22,43,0.382,4.48,-20.0
2020-03-08 13:10:22,44,0.305,4.5,-20.0
2020-03-08 13:10:22,45,0.404,4.48,-20.0
2020-03-08 13:10:22,46,0.393,4.48,-20.0
2020-03-08 13:10:22,47,0.456,4.48,-20.0
2020-03-08 13:10:22,48,0.439,4.47,-20.0
2020-03-08 13:10:22,49,0.379,4.46,-20.0
2020-03-08 13:10:22,50,0.401,4.45,-20.0
2020-03-08 13:10:22,51,0.343,4.45,-20.0
2020-03-08 13:10:22,52,0.356,4.41,-20.0
2020-03-08 13:10:22,53,0.326,4.42,-20.0
2020-03-08 13:10:22,54,0.393,4.42,-20.0
2020-03-08 13:10:22,55,0.391,4.42,-20.0
2020-03-08 13:10:22,56,0.407,4.43,-20.0
2020-03-08 13:10:22,57,0.368,4.45,-20.0
2020-03-08 13:10:22,58,0.367,4.49,19.3
2020-03-08 13:10:22,59,0.332,4.5,-20.0
2020-03-08 13:10:22,60,0.405,4.48,-20.0
2020-03-08 13:10:22,61,0.403,4.44,-20.0
2020-03-08 13:10:22,62,0.354,4.44,-20.0
2020-03-08 13:10:22,63,0.389,4.44,-20.0
2020-03-08 13:10:22,64,0.339,4.42,-20.0
2020-03-08 13:10:22,65,0.401,4.45,-20.0
2020-03-08 13:10:22,66,0.411,4.44,-20.0
2020-03-08 13:10:22,67,0.378,4.46,-20.0
2020-03-08 13:10:22,68,0.324,4.49,-20.0
2020-03-08 13:10:22,69,0.413,4.49,-20.0
2020-03-08 13:10:22,70,0.468,4.53,19.8
2020-03-08 13:10:22,71,0.437,4.51,-20.0
2020-03-08 13:10:22,72,0.422,4.46,-20.0
2020-03-08 13:10:22,73,0.356,4.49,-20.0
2020-03-08 13:10:22,74,0.39,4.5,-20.0
2020-03-08 13:10:22,75,0.445,4.54,-20.0
2020-03-08 13:10:22,76,0.348,4.5,-20.0
2020-03-08 13:10:22,77,0.359,4.51,-20.0
2020-03-08 13:10:22,78,0.383,4.48,21.1
2020-03-08 13:10:22,79,0.373,4.46,-20.0
2020-03-08 13:10:22,80,0.335,4.47,-20.0
2020-03-08 13:10:22,81,0.39,4.47,-20.0
2020-03-08 13:10:22,82,0.365,4.51,-20.0
2020-03-08 13:10:22,83,0.389,4.47,-20.0
2020-03-08 13:10:22,84,0.354,4.48,-20.0
2020-03-08 13:10:22,85,0.372,4.51,-20.0
2020-03-08 13:10:22,86,0.486,4.49,-20.0
2020-03-08 13:10:22,87,0.469,4.47,-20.0
2020-03-08 13:10:22,88,0.421,4.45,-20.0
2020-03-08 13:10:22,89,0.425,4.5,-20.0
2020-03-08 13:10:22,90,0.389,4.47,-20.0
2020-03-08 13:10:22,91,0.354,4.48,-20.0
2020-03-08 13:10:22,92,0.372,4.51,-20.0
2020-03-08 13:10:22,93,0.486,4.49,-20.0
2020-03-08 13:10:22,94,0.469,4.47,-20.0
2020-03-08 13:10:22,95,0.421,4.45,-20.0
2020-03-08 13:10:22,96,0.425,4.5,-20.0
2020-03-09 01:09:40,1,0.434,4.5,23.3
2020-03-09 01:09:40,2,0.443,4.52,-20.0
2020-03-09 01:09:40,3,0.414,4.53,-20.0
2020-03-09 01:09:40,4,0.441,4.49,-20.0
2020-03-09 01:09:40,5,0.433,4.53,-20.0
2020-03-09 01:09:40,6,0.371,4.52,-20.0
2020-03-09 01:09:40,7,0.398,4.48,-20.0
2020-03-09 01:09:40,8,0.376,4.51,-20.0
2020-03-09 01:09:40,9,0.414,4.47,-20.0
2020-03-09 01:09:40,10,0.402,4.48,-20.0
2020-03-09 01:09:40,11,0.397,4.44,-20.0
2020-03-09 01:09:40,12,0.362,4.46,-20.0
2020-03-09 01:09:40,13,0.404,4.47,22.2
2020-03-09 01:09:40,14,0.357,4.48,-20.0
2020-03-09 01:09:40,15,0.399,4.53,-20.0
2020-03-09 01:09:40,16,0.428,4.53,-20.0
2020-03-09 01:09:40,17,0.396,4.48,-20.0
2020-03-09 01:09:40,18,0.399,4.49,-20.0
2020-03-09 01:09:40,19,0.401,4.47,-20.0
2020-03-09 01:09:40,20,0.402,4.47,-20.0
2020-03-09 01:09:40,21,0.432,4.48,-20.0
2020-03-09 01:09:40,22,0.406,4.45,-20.0
2020-03-09 01:09:40,23,0.39,4.47,-20.0
2020-03-09 01:09:40,24,0.402,4.48,-20.0
2020-03-09 01:09:40,25,0.348,4.5,19.6
2020-03-09 01:09:40,26,0.403,4.48,-20.0
2020-03-09 01:09:40,27,0.452,4.47,-20.0
2020-03-09 01:09:40,28,0.436,4.46,-20.0
2020-03-09 01:09:40,29,0.416,4.45,-20.0
2020-03-09 01:09:40,30,0.327,4.46,-20.0
2020-03-09 01:09:40,31,0.331,4.45,-20.0
2020-03-09 01:09:40,32,0.35,4.46,-20.0
2020-03-09 01:09:40,33,0.42,4.47,-20.0
2020-03-09 01:09:40,34,0.358,4.48,-20.0
2020-03-09 01:09:40,35,0.353,4.49,-20.0
2020-03-09 01:09:40,36,0.332,4.5,-20.0
2020-03-09 01:09:40,37,0.404,4.47,20.0
2020-03-09 01:09:40,38,0.37,4.48,-20.0
2020-03-09 01:09:40,39,0.317,4.46,-20.0
2020-03-09 01:09:40,40,0.336,4.47,-20.0
2020-03-09 01:09:40,41,0.373,4.49,-20.0
2020-03-09 01:09:40,42,0.347,4.47,-20.0
2020-03-09 01:09:40,43,0.384,4.48,-20.0
2020-03-09 01:09:40,44,0.381,4.49,-20.0
2020-03-09 01:09:40,45,0.307,4.51,-20.0
2020-03-09 01:09:40,46,0.405,4.49,-20.0
2020-03-09 01:09:40,47,0.397,4.49,-20.0
2020-03-09 01:09:40,48,0.482,4.45,22.1
2020-03-09 01:09:40,49,0.442,4.47,-20.0
2020-03-09 01:09:40,50,0.375,4.46,-20.0
2020-03-09 01:09:40,51,0.404,4.46,-20.0
2020-03-09 01:09:40,52,0.344,4.45,-20.0
2020-03-09 01:09:40,53,0.384,4.46,-20.0
2020-03-09 01:09:40,54,0.359,4.43,-20.0
2020-03-09 01:09:40,55,0.326,4.43,-20.0
2020-03-09 01:09:40,56,0.394,4.42,-20.0
2020-03-09 01:09:40,57,0.39,4.41,-20.0
2020-03-09 01:09:40,58,0.408,4.44,-20.0
2020-03-09 01:09:40,59,0.365,4.49,19.2
2020-03-09 01:09:40,60,0.334,4.5,-20.0
2020-03-09 01:09:40,61,0.407,4.48,-20.0
2020-03-09 01:09:40,62,0.404,4.45,-20.0
2020-03-09 01:09:40,63,0.354,4.44,-20.0
2020-03-09 01:09:40,64,0.39,4.44,-20.0
2020-03-09 01:09:40,65,0.339,4.42,-20.0
2020-03-09 01:09:40,66,0.399,4.45,-20.0
2020-03-09 01:09:40,67,0.41,4.44,-20.0
2020-03-09 01:09:40,68,0.379,4.46,-20.0
2020-03-09 01:09:40,69,0.326,4.49,-20.0
2020-03-09 01:09:40,70,0.455,4.52,19.7
2020-03-09 01:09:40,71,0.429,4.51,-20.0
2020-03-09 01:09:40,72,0.423,4.46,-20.0
2020-03-09 01:09:40,73,0.34,4.44,-20.0
2020-03-09 01:09:40,74,0.353,4.5,-20.0
2020-03-09 01:09:40,75,0.359,4.47,-20.0
2020-03-09 01:09:40,76,0.386,4.5,-20.0
2020-03-09 01:09:40,77,0.439,4.53,-20.0
2020-03-09 01:09:40,78,0.391,4.54,-20.0
2020-03-09 01:09:40,79,0.344,4.51,-20.0
2020-03-09 01:09:40,80,0.411,4.49,-20.0
2020-03-09 01:09:40,81,0.382,4.48,21.1
2020-03-09 01:09:40,82,0.373,4.46,-20.0
2020-03-09 01:09:40,83,0.334,4.46,-20.0
2020-03-09 01:09:40,84,0.389,4.48,-20.0
2020-03-09 01:09:40,85,0.366,4.52,-20.0
2020-03-09 01:09:40,86,0.355,4.48,-20.0
2020-03-09 01:09:40,87,0.374,4.51,-20.0
2020-03-09 01:09:40,88,0.484,4.49,-20.0
2020-03-09 01:09:40,89,0.471,4.46,-20.0
2020-03-09 01:09:40,90,0.422,4.45,-20.0
2020-03-09 01:09:40,91,0.423,4.5,-20.0
2020-03-09 01:09:40,92,0.374,4.51,-20.0
2020-03-09 01:09:40,93,0.484,4.48,-20.0
2020-03-09 01:09:40,94,0.471,4.46,-20.0
2020-03-09 01:09:40,95,0.422,4.45,-20.0
2020-03-09 01:09:40,96,0.423,4.5,-20.0
2020-03-09 13:08:56,1,0.434,4.5,23.4
2020-03-09 13:08:56,2,0.442,4.53,-20.0
2020-03-09 13:08:56,3,0.414,4.54,-20.0
2020-03-09 13:08:56,4,0.444,4.49,-20.0
2020-03-09 13:08:56,5,0.437,4.53,-20.0
2020-03-09 13:08:56,6,0.369,4.51,-20.0
2020-03-09 13:08:56,7,0.398,4.49,-20.0
2020-03-09 13:08:56,8,0.377,4.5,-20.0
2020-03-09 13:08:56,9,0.415,4.47,-20.0
2020-03-09 13:08:56,10,0.404,4.48,-20.0
2020-03-09 13:08:56,11,0.397,4.45,-20.0
2020-03-09 13:08:56,12,0.363,4.46,-20.0
2020-03-09 13:08:56,13,0.407,4.47,22.2
2020-03-09 13:08:56,14,0.358,4.48,-20.0
2020-03-09 13:08:56,15,0.401,4.52,-20.0
2020-03-09 13:08:56,16,0.43,4.52,-20.0
2020-03-09 13:08:56,17,0.397,4.47,-20.0
2020-03-09 13:08:56,18,0.4,4.48,-20.0
2020-03-09 13:08:56,19,0.398,4.47,-20.0
2020-03-09 13:08:56,20,0.404,4.48,-20.0
2020-03-09 13:08:56,21,0.43,4.48,-20.0
2020-03-09 13:08:56,22,0.404,4.46,-20.0
2020-03-09 13:08:56,23,0.393,4.47,-20.0
2020-03-09 13:08:56,24,0.401,4.48,-20.0
2020-03-09 13:08:56,25,0.35,4.49,19.6
2020-03-09 13:08:56,26,0.404,4.48,-20.0
2020-03-09 13:08:56,27,0.456,4.46,-20.0
2020-03-09 13:08:56,28,0.436,4.46,-20.0
2020-03-09 13:08:56,29,0.418,4.46,-20.0
2020-03-09 13:08:56,30,0.327,4.47,-20.0
2020-03-09 13:08:56,31,0.335,4.45,-20.0
2020-03-09 13:08:56,32,0.352,4.46,-20.0
2020-03-09 13:08:56,33,0.422,4.47,-20.0
2020-03-09 13:08:56,34,0.363,4.49,-20.0
2020-03-09 13:08:56,35,0.356,4.48,-20.0
2020-03-09 13:08:56,36,0.33,4.49,-20.0
2020-03-09 13:08:56,37,0.408,4.48,20.1
2020-03-09 13:08:56,38,0.375,4.49,-20.0
2020-03-09 13:08:56,39,0.318,4.47,-20.0
2020-03-09 13:08:56,40,0.335,4.47,-20.0
2020-03-09 13:08:56,41,0.373,4.49,-20.0
2020-03-09 13:08:56,42,0.344,4.46,-20.0
2020-03-09 13:08:56,43,0.386,4.49,-20.0
2020-03-09 13:08:56,44,0.38,4.48,-20.0
2020-03-09 13:08:56,45,0.31,4.5,-20.0
2020-03-09 13:08:56,46,0.401,4.48,-20.0
2020-03-09 13:08:56,47,0.401,4.48,-20.0
2020-03-09 13:08:56,48,0.458,4.48,-20.0
2020-03-09 13:08:56,49,0.482,4.45,22.1
2020-03-09 13:08:56,50,0.438,4.47,-20.0
2020-03-09 13:08:56,51,0.378,4.46,-20.0
2020-03-09 13:08:56,52,0.405,4.46,-20.0
2020-03-09 13:08:56,53,0.344,4.44,-20.0
2020-03-09 13:08:56,54,0.382,4.45,-20.0
2020-03-09 13:08:56,55,0.362,4.41,-20.0
2020-03-09 13:08:56,56,0.325,4.41,-20.0
2020-03-09 13:08:56,57,0.392,4.42,-20.0
2020-03-09 13:08:56,58,0.388,4.42,-20.0
2020-03-09 13:08:56,59,0.405,4.44,-20.0
2020-03-09 13:08:56,60,0.369,4.46,-20.0
2020-03-09 13:08:56,61,0.366,4.49,19.4
2020-03-09 13:08:56,62,0.333,4.5,-20.0
2020-03-09 13:08:56,63,0.407,4.47,-20.0
2020-03-09 13:08:56,64,0.404,4.44,-20.0
2020-03-09 13:08:56,65,0.352,4.44,-20.0
2020-03-09 13:08:56,66,0.387,4.44,-20.0
2020-03-09 13:08:56,67,0.341,4.42,-20.0
2020-03-09 13:08:56,68,0.401,4.44,-20.0
2020-03-09 13:08:56,69,0.41,4.44,-20.0
2020-03-09 13:08:56,70,0.326,4.48,-20.0
2020-03-09 13:08:56,71,0.413,4.49,-20.0
2020-03-09 13:08:56,72,0.458,4.53,19.8
2020-03-09 13:08:56,73,0.43,4.5,-20.0
2020-03-09 13:08:56,74,0.418,4.46,-20.0
2020-03-09 13:08:56,75,0.341,4.43,-20.0
2020-03-09 13:08:56,76,0.354,4.49,-20.0
2020-03-09 13:08:56,77,0.36,4.46,-20.0
2020-03-09 13:08:56,78,0.384,4.5,-20.0
2020-03-09 13:08:56,79,0.439,4.53,-20.0
2020-03-09 13:08:56,80,0.395,4.53,-20.0
2020-03-09 13:08:56,81,0.347,4.52,-20.0
2020-03-09 13:08:56,82,0.412,4.49,-20.0
2020-03-09 13:08:56,83,0.379,4.48,21.2
2020-03-09 13:08:56,84,0.375,4.46,-20.0
2020-03-09 13:08:56,85,0.334,4.46,-20.0
2020-03-09 13:08:56,86,0.386,4.48,-20.0
2020-03-09 13:08:56,87,0.365,4.52,-20.0
2020-03-09 13:08:56,88,0.391,4.47,-20.0
2020-03-09 13:08:56,89,0.356,4.48,-20.0
2020-03-09 13:08:56,90,0.377,4.52,-20.0
2020-03-09 13:08:56,91,0.486,4.49,-20.0
2020-03-09 13:08:56,92,0.473,4.46,-20.0
2020-03-09 13:08:56,93,0.423,4.45,-20.0
2020-03-09 13:08:56,94,0.473,4.46,-20.0
2020-03-09 13:08:56,95,0.423,4.45,-20.0
2020-03-09 13:08:56,96,0.424,4.5,-20.0
2020-03-10 01:08:23,1,0.434,4.5,23.3
2020-03-10 01:08:23,2,0.442,4.52,-20.0
2020-03-10 01:08:23,3,0.417,4.53,-20.0
2020-03-10 01:08:23,4,0.442,4.49,-20.0
2020-03-10 01:08:23,5,0.434,4.53,-20.0
2020-03-10 01:08:23,6,0.367,4.52,-20.0
2020-03-10 01:08:23,7,0.398,4.49,-20.0
2020-03-10 01:08:23,8,0.376,4.51,-20.0
2020-03-10 01:08:23,9,0.413,4.47,-20.0
2020-03-10 01:08:23,10,0.401,4.49,-20.0
2020-03-10 01:08:23,11,0.398,4.44,-20.0
2020-03-10 01:08:23,12,0.362,4.46,-20.0
2020-03-10 01:08:23,13,0.407,4.46,22.2
2020-03-10 01:08:23,14,0.359,4.47,-20.0
2020-03-10 01:08:23,15,0.403,4.52,-20.0
2020-03-10 01:08:23,16,0.429,4.53,-20.0
2020-03-10 01:08:23,17,0.396,4.48,-20.0
2020-03-10 01:08:23,18,0.398,4.48,-20.0
2020-03-10 01:08:23,19,0.398,4.46,-20.0
2020-03-10 01:08:23,20,0.404,4.48,-20.0
2020-03-10 01:08:23,21,0.433,4.48,-20.0
2020-03-10 01:08:23,22,0.405,4.46,-20.0
2020-03-10 01:08:23,23,0.383,4.47,-20.0
2020-03-10 01:08:23,24,0.387,4.49,-20.0
2020-03-10 01:08:23,25,0.346,4.49,19.6
2020-03-10 01:08:23,26,0.401,4.48,-20.0
2020-03-10 01:08:23,27,0.451,4.45,-20.0
2020-03-10 01:08:23,28,0.427,4.46,-20.0
2020-03-10 01:08:23,29,0.406,4.47,-20.0
2020-03-10 01:08:23,30,0.324,4.47,-20.0
2020-03-10 01:08:23,31,0.333,4.45,-20.0
2020-03-10 01:08:23,32,0.335,4.47,-20.0
2020-03-10 01:08:23,33,0.423,4.47,-20.0
2020-03-10 01:08:23,34,0.364,4.49,-20.0
2020-03-10 01:08:23,35,0.358,4.48,-20.0
2020-03-10 01:08:23,36,0.331,4.5,-20.0
2020-03-10 01:08:23,37,0.407,4.47,20.0
2020-03-10 01:08:23,38,0.378,4.49,-20.0
2020-03-10 01:08:23,39,0.32,4.47,-20.0
2020-03-10 01:08:23,40,0.372,4.49,-20.0
2020-03-10 01:08:23,41,0.344,4.47,-20.0
2020-03-10 01:08:23,42,0.386,4.48,-20.0
2020-03-10 01:08:23,43,0.379,4.48,-20.0
2020-03-10 01:08:23,44,0.4,4.48,-20.0
2020-03-10 01:08:23,45,0.404,4.48,-20.0
2020-03-10 01:08:23,46,0.484,4.45,22.1
2020-03-10 01:08:23,47,0.439,4.48,-20.0
2020-03-10 01:08:23,48,0.38,4.46,-20.0
2020-03-10 01:08:23,49,0.404,4.46,-20.0
2020-03-10 01:08:23,50,0.343,4.45,-20.0
2020-03-10 01:08:23,51,0.384,4.46,-20.0
2020-03-10 01:08:23,52,0.36,4.42,-20.0
2020-03-10 01:08:23,53,0.326,4.42,-20.0
2020-03-10 01:08:23,54,0.387,4.41,-20.0
2020-03-10 01:08:23,55,0.368,4.45,-20.0
2020-03-10 01:08:23,56,0.363,4.5,19.2
2020-03-10 01:08:23,57,0.397,4.47,-20.0
2020-03-10 01:08:23,58,0.399,4.45,-20.0
2020-03-10 01:08:23,59,0.344,4.44,-20.0
2020-03-10 01:08:23,60,0.384,4.44,-20.0
2020-03-10 01:08:23,61,0.391,4.45,-20.0
2020-03-10 01:08:23,62,0.37,4.46,-20.0
2020-03-10 01:08:23,63,0.326,4.49,-20.0
2020-03-10 01:08:23,64,0.412,4.48,-20.0
2020-03-10 01:08:23,65,0.46,4.52,19.6
2020-03-10 01:08:23,66,0.43,4.51,-20.0
2020-03-10 01:08:23,67,0.42,4.46,-20.0
2020-03-10 01:08:23,68,0.339,4.44,-20.0
2020-03-10 01:08:23,69,0.358,4.49,-20.0
2020-03-10 01:08:23,70,0.363,4.47,-20.0
2020-03-10 01:08:23,71,0.384,4.49,-20.0
2020-03-10 01:08:23,72,0.439,4.54,-20.0
2020-03-10 01:08:23,73,0.391,4.54,-20.0
2020-03-10 01:08:23,74,0.345,4.51,-20.0
2020-03-10 01:08:23,75,0.363,4.5,-20.0
2020-03-10 01:08:23,76,0.41,4.49,-20.0
2020-03-10 01:08:23,77,0.375,4.46,-20.0
2020-03-10 01:08:23,78,0.334,4.46,-20.0
2020-03-10 01:08:23,79,0.389,4.47,-20.0
2020-03-10 01:08:23,80,0.367,4.51,-20.0
2020-03-10 01:08:23,81,0.394,4.47,-20.0
2020-03-10 01:08:23,82,0.354,4.48,-20.0
2020-03-10 01:08:23,83,0.379,4.51,-20.0
2020-03-10 01:08:23,84,0.484,4.49,-20.0
2020-03-10 01:08:23,85,0.472,4.47,-20.0
2020-03-10 01:08:23,86,0.423,4.45,-20.0
2020-03-10 01:08:23,87,0.424,4.49,-20.0
2020-03-10 01:08:23,88,0.389,4.48,-20.0
2020-03-10 01:08:23,89,0.367,4.51,-20.0
2020-03-10 01:08:23,90,0.394,4.46,-20.0
2020-03-10 01:08:23,91,0.354,4.49,-20.0
2020-03-10 01:08:23,92,0.379,4.52,-20.0
2020-03-10 01:08:23,93,0.484,4.49,-20.0
2020-03-10 01:08:23,94,0.472,4.46,-20.0
2020-03-10 01:08:23,95,0.423,4.45,-20.0
2020-03-10 01:08:23,96,0.424,4.5,-20.0
2020-03-10 13:07:40,1,0.433,4.5,23.3
2020-03-10 13:07:40,2,0.445,4.52,-20.0
2020-03-10 13:07:40,3,0.417,4.54,-20.0
2020-03-10 13:07:40,4,0.442,4.49,-20.0
2020-03-10 13:07:40,5,0.434,4.54,-20.0
2020-03-10 13:07:40,6,0.369,4.51,-20.0
2020-03-10 13:07:40,7,0.4,4.48,-20.0
2020-03-10 13:07:40,8,0.376,4.5,-20.0
2020-03-10 13:07:40,9,0.412,4.47,-20.0
2020-03-10 13:07:40,10,0.398,4.48,-20.0
2020-03-10 13:07:40,11,0.396,4.45,-20.0
2020-03-10 13:07:40,12,0.365,4.46,-20.0
2020-03-10 13:07:40,13,0.404,4.47,22.2
2020-03-10 13:07:40,14,0.358,4.47,-20.0
2020-03-10 13:07:40,15,0.404,4.52,-20.0
2020-03-10 13:07:40,16,0.427,4.52,-20.0
2020-03-10 13:07:40,17,0.393,4.47,-20.0
2020-03-10 13:07:40,18,0.397,4.48,-20.0
2020-03-10 13:07:40,19,0.399,4.48,-20.0
2020-03-10 13:07:40,20,0.405,4.47,-20.0
2020-03-10 13:07:40,21,0.433,4.47,-20.0
2020-03-10 13:07:40,22,0.406,4.46,-20.0
2020-03-10 13:07:40,23,0.388,4.47,-20.0
2020-03-10 13:07:40,24,0.39,4.48,-20.0
2020-03-10 13:07:40,25,0.344,4.49,19.6
2020-03-10 13:07:40,26,0.404,4.48,-20.0
2020-03-10 13:07:40,27,0.455,4.45,-20.0
2020-03-10 13:07:40,28,0.429,4.46,-20.0
2020-03-10 13:07:40,29,0.409,4.45,-20.0
2020-03-10 13:07:40,30,0.326,4.47,-20.0
2020-03-10 13:07:40,31,0.33,4.46,-20.0
2020-03-10 13:07:40,32,0.342,4.46,-20.0
2020-03-10 13:07:40,33,0.423,4.47,-20.0
2020-03-10 13:07:40,34,0.368,4.48,-20.0
2020-03-10 13:07:40,35,0.357,4.48,-20.0
2020-03-10 13:07:40,36,0.33,4.5,-20.0
2020-03-10 13:07:40,37,0.408,4.47,20.0
2020-03-10 13:07:40,38,0.382,4.49,-20.0
2020-03-10 13:07:40,39,0.32,4.46,-20.0
2020-03-10 13:07:40,40,0.335,4.48,-20.0
2020-03-10 13:07:40,41,0.372,4.49,-20.0
2020-03-10 13:07:40,42,0.342,4.47,-20.0
2020-03-10 13:07:40,43,0.38,4.48,-20.0
2020-03-10 13:07:40,44,0.308,4.5,-20.0
2020-03-10 13:07:40,45,0.403,4.48,-20.0
2020-03-10 13:07:40,46,0.459,4.49,-20.0
2020-03-10 13:07:40,47,0.484,4.45,22.1
2020-03-10 13:07:40,48,0.44,4.47,-20.0
2020-03-10 13:07:40,49,0.381,4.47,-20.0
2020-03-10 13:07:40,50,0.403,4.46,-20.0
2020-03-10 13:07:40,51,0.385,4.46,-20.0
2020-03-10 13:07:40,52,0.362,4.42,-20.0
2020-03-10 13:07:40,53,0.325,4.42,-20.0
2020-03-10 13:07:40,54,0.394,4.42,-20.0
2020-03-10 13:07:40,55,0.406,4.44,-20.0
2020-03-10 13:07:40,56,0.373,4.44,-20.0
2020-03-10 13:07:40,57,0.366,4.5,19.3
2020-03-10 13:07:40,58,0.33,4.49,-20.0
2020-03-10 13:07:40,59,0.402,4.47,-20.0
2020-03-10 13:07:40,60,0.402,4.45,-20.0
2020-03-10 13:07:40,61,0.385,4.44,-20.0
2020-03-10 13:07:40,62,0.337,4.42,-20.0
2020-03-10 13:07:40,63,0.395,4.44,-20.0
2020-03-10 13:07:40,64,0.412,4.44,-20.0
2020-03-10 13:07:40,65,0.372,4.46,-20.0
2020-03-10 13:07:40,66,0.327,4.48,-20.0
2020-03-10 13:07:40,67,0.413,4.49,-20.0
2020-03-10 13:07:40,68,0.465,4.53,20.0
2020-03-10 13:07:40,69,0.432,4.5,-20.0
2020-03-10 13:07:40,70,0.42,4.46,-20.0
2020-03-10 13:07:40,71,0.34,4.44,-20.0
2020-03-10 13:07:40,72,0.357,4.49,-20.0
2020-03-10 13:07:40,73,0.364,4.47,-20.0
2020-03-10 13:07:40,74,0.385,4.5,-20.0
2020-03-10 13:07:40,75,0.437,4.53,-20.0
2020-03-10 13:07:40,76,0.394,4.53,-20.0
2020-03-10 13:07:40,77,0.346,4.51,-20.0
2020-03-10 13:07:40,78,0.363,4.5,-20.0
2020-03-10 13:07:40,79,0.409,4.49,-20.0
2020-03-10 13:07:40,80,0.382,4.48,21.3
2020-03-10 13:07:40,81,0.374,4.46,-20.0
2020-03-10 13:07:40,82,0.39,4.47,-20.0
2020-03-10 13:07:40,83,0.368,4.52,-20.0
2020-03-10 13:07:40,84,0.394,4.46,-20.0
2020-03-10 13:07:40,85,0.355,4.47,-20.0
2020-03-10 13:07:40,86,0.379,4.52,-20.0
2020-03-10 13:07:40,87,0.482,4.49,-20.0
2020-03-10 13:07:40,88,0.47,4.46,-20.0
2020-03-10 13:07:40,89,0.423,4.46,-20.0
2020-03-10 13:07:40,90,0.426,4.5,-20.0
2020-03-10 13:07:40,91,0.355,4.48,-20.0
2020-03-10 13:07:40,92,0.379,4.52,-20.0
2020-03-10 13:07:40,93,0.482,4.49,-20.0
2020-03-10 13:07:40,94,0.47,4.46,-20.0
2020-03-10 13:07:40,95,0.423,4.45,-20.0
2020-03-10 13:07:40,96,0.426,4.5,-20.0
2020-03-11 01:06:50,1,0.431,4.5,23.2
2020-03-11 01:06:50,2,0.443,4.53,-20.0
2020-03-11 01:06:50,3,0.417,4.53,-20.0
2020-03-11 01:06:50,4,0.441,4.49,-20.0
2020-03-11 01:06:50,5,0.434,4.55,-20.0
2020-03-11 01:06:50,6,0.369,4.52,-20.0
2020-03-11 01:06:50,7,0.401,4.48,-20.0
2020-03-11 01:06:50,8,0.377,4.49,-20.0
2020-03-11 01:06:50,9,0.413,4.46,-20.0
2020-03-11 01:06:50,10,0.396,4.49,-20.0
2020-03-11 01:06:50,11,0.394,4.45,-20.0
2020-03-11 01:06:50,12,0.366,4.45,-20.0
2020-03-11 01:06:50,13,0.401,4.46,22.2
2020-03-11 01:06:50,14,0.354,4.48,-20.0
2020-03-11 01:06:50,15,0.402,4.53,-20.0
2020-03-11 01:06:50,16,0.427,4.52,-20.0
2020-03-11 01:06:50,17,0.391,4.48,-20.0
2020-03-11 01:06:50,18,0.393,4.49,-20.0
2020-03-11 01:06:50,19,0.393,4.48,-20.0
2020-03-11 01:06:50,20,0.403,4.47,-20.0
2020-03-11 01:06:50,21,0.433,4.47,-20.0
2020-03-11 01:06:50,22,0.407,4.47,-20.0
2020-03-11 01:06:50,23,0.39,4.48,-20.0
2020-03-11 01:06:50,24,0.395,4.48,-20.0
2020-03-11 01:06:50,25,0.347,4.49,19.5
2020-03-11 01:06:50,26,0.405,4.5,-20.0
2020-03-11 01:06:50,27,0.457,4.46,-20.0
2020-03-11 01:06:50,28,0.433,4.45,-20.0
2020-03-11 01:06:50,29,0.411,4.45,-20.0
2020-03-11 01:06:50,30,0.329,4.46,-20.0
2020-03-11 01:06:50,31,0.33,4.46,-20.0
2020-03-11 01:06:50,32,0.343,4.47,-20.0
2020-03-11 01:06:50,33,0.422,4.47,-20.0
2020-03-11 01:06:50,34,0.369,4.48,-20.0
2020-03-11 01:06:50,35,0.357,4.47,-20.0
2020-03-11 01:06:50,36,0.33,4.5,-20.0
2020-03-11 01:06:50,37,0.41,4.48,19.9
2020-03-11 01:06:50,38,0.384,4.47,-20.0
2020-03-11 01:06:50,39,0.322,4.46,-20.0
2020-03-11 01:06:50,40,0.332,4.46,-20.0
2020-03-11 01:06:50,41,0.374,4.49,-20.0
2020-03-11 01:06:50,42,0.345,4.46,-20.0
2020-03-11 01:06:50,43,0.39,4.48,-20.0
2020-03-11 01:06:50,44,0.383,4.48,-20.0
2020-03-11 01:06:50,45,0.305,4.5,-20.0
2020-03-11 01:06:50,46,0.4,4.49,-20.0
2020-03-11 01:06:50,47,0.4,4.48,-20.0
2020-03-11 01:06:50,48,0.458,4.47,-20.0
2020-03-11 01:06:50,49,0.439,4.48,-20.0
2020-03-11 01:06:50,50,0.382,4.47,-20.0
2020-03-11 01:06:50,51,0.342,4.44,-20.0
2020-03-11 01:06:50,52,0.383,4.46,-20.0
2020-03-11 01:06:50,53,0.322,4.42,-20.0
2020-03-11 01:06:50,54,0.393,4.42,-20.0
2020-03-11 01:06:50,55,0.38,4.41,-20.0
2020-03-11 01:06:50,56,0.408,4.44,-20.0
2020-03-11 01:06:50,57,0.373,4.45,-20.0
2020-03-11 01:06:50,58,0.365,4.5,19.0
2020-03-11 01:06:50,59,0.331,4.5,-20.0
2020-03-11 01:06:50,60,0.402,4.46,-20.0
2020-03-11 01:06:50,61,0.404,4.45,-20.0
2020-03-11 01:06:50,62,0.349,4.44,-20.0
2020-03-11 01:06:50,63,0.384,4.44,-20.0
2020-03-11 01:06:50,64,0.337,4.42,-20.0
2020-03-11 01:06:50,65,0.4,4.45,-20.0
2020-03-11 01:06:50,66,0.411,4.45,-20.0
2020-03-11 01:06:50,67,0.376,4.47,-20.0
2020-03-11 01:06:50,68,0.325,4.5,-20.0
2020-03-11 01:06:50,69,0.464,4.53,19.8
2020-03-11 01:06:50,70,0.432,4.5,-20.0
2020-03-11 01:06:50,71,0.424,4.46,-20.0
2020-03-11 01:06:50,72,0.342,4.44,-20.0
2020-03-11 01:06:50,73,0.36,4.48,-20.0
2020-03-11 01:06:50,74,0.367,4.47,-20.0
2020-03-11 01:06:50,75,0.433,4.53,-20.0
2020-03-11 01:06:50,76,0.395,4.54,-20.0
2020-03-11 01:06:50,77,0.348,4.52,-20.0
2020-03-11 01:06:50,78,0.361,4.51,-20.0
2020-03-11 01:06:50,79,0.408,4.49,-20.0
2020-03-11 01:06:50,80,0.384,4.47,21.2
2020-03-11 01:06:50,81,0.336,4.45,-20.0
2020-03-11 01:06:50,82,0.389,4.46,-20.0
2020-03-11 01:06:50,83,0.371,4.52,-20.0
2020-03-11 01:06:50,84,0.396,4.47,-20.0
2020-03-11 01:06:50,85,0.358,4.48,-20.0
2020-03-11 01:06:50,86,0.38,4.52,-20.0
2020-03-11 01:06:50,87,0.482,4.49,-20.0
2020-03-11 01:06:50,88,0.471,4.47,-20.0
2020-03-11 01:06:50,89,0.423,4.45,-20.0
2020-03-11 01:06:50,90,0.426,4.49,-20.0
2020-03-11 01:06:50,91,0.358,4.48,-20.0
2020-03-11 01:06:50,92,0.38,4.51,-20.0
2020-03-11 01:06:50,93,0.482,4.49,-20.0
2020-03-11 01:06:50,94,0.471,4.46,-20.0
2020-03-11 01:06:50,95,0.423,4.45,-20.0
2020-03-11 01:06:50,96,0.426,4.49,-20.0
2020-03-11 13:05:58,1,0.43,4.5,23.3
2020-03-11 13:05:58,2,0.444,4.52,-20.0
2020-03-11 13:05:58,3,0.418,4.53,-20.0
2020-03-11 13:05:58,4,0.443,4.49,-20.0
2020-03-11 13:05:58,5,0.433,4.54,-20.0
2020-03-11 13:05:58,6,0.366,4.52,-20.0
2020-03-11 13:05:58,7,0.402,4.49,-20.0
2020-03-11 13:05:58,8,0.38,4.5,-20.0
2020-03-11 13:05:58,9,0.413,4.48,-20.0
2020-03-11 13:05:58,10,0.394,4.49,-20.0
2020-03-11 13:05:58,11,0.395,4.44,-20.0
2020-03-11 13:05:58,12,0.364,4.46,-20.0
2020-03-11 13:05:58,13,0.401,4.47,22.1
2020-03-11 13:05:58,14,0.354,4.48,-20.0
2020-03-11 13:05:58,15,0.404,4.53,-20.0
2020-03-11 13:05:58,16,0.425,4.52,-20.0
2020-03-11 13:05:58,17,0.393,4.48,-20.0
2020-03-11 13:05:58,18,0.392,4.49,-20.0
2020-03-11 13:05:58,19,0.395,4.47,-20.0
2020-03-11 13:05:58,20,0.402,4.47,-20.0
2020-03-11 13:05:58,21,0.431,4.48,-20.0
2020-03-11 13:05:58,22,0.407,4.46,-20.0
2020-03-11 13:05:58,23,0.394,4.47,-20.0
2020-03-11 13:05:58,24,0.397,4.48,-20.0
2020-03-11 13:05:58,25,0.346,4.49,19.5
2020-03-11 13:05:58,26,0.402,4.51,-20.0
2020-03-11 13:05:58,27,0.454,4.47,-20.0
2020-03-11 13:05:58,28,0.434,4.47,-20.0
2020-03-11 13:05:58,29,0.413,4.46,-20.0
2020-03-11 13:05:58,30,0.328,4.47,-20.0
2020-03-11 13:05:58,31,0.328,4.45,-20.0
2020-03-11 13:05:58,32,0.346,4.46,-20.0
2020-03-11 13:05:58,33,0.421,4.48,-20.0
2020-03-11 13:05:58,34,0.372,4.48,-20.0
2020-03-11 13:05:58,35,0.355,4.48,-20.0
2020-03-11 13:05:58,36,0.329,4.51,-20.0
2020-03-11 13:05:58,37,0.412,4.48,20.0
2020-03-11 13:05:58,38,0.382,4.48,-20.0
2020-03-11 13:05:58,39,0.325,4.46,-20.0
2020-03-11 13:05:58,40,0.335,4.47,-20.0
2020-03-11 13:05:58,41,0.375,4.5,-20.0
2020-03-11 13:05:58,42,0.345,4.47,-20.0
2020-03-11 13:05:58,43,0.39,4.47,-20.0
2020-03-11 13:05:58,44,0.384,4.49,-20.0
2020-03-11 13:05:58,45,0.305,4.5,-20.0
2020-03-11 13:05:58,46,0.4,4.49,-20.0
2020-03-11 13:05:58,47,0.398,4.48,-20.0
2020-03-11 13:05:58,48,0.475,4.45,22.1
2020-03-11 13:05:58,49,0.439,4.48,-20.0
2020-03-11 13:05:58,50,0.383,4.46,-20.0
2020-03-11 13:05:58,51,0.344,4.45,-20.0
2020-03-11 13:05:58,52,0.381,4.46,-20.0
2020-03-11 13:05:58,53,0.358,4.43,-20.0
2020-03-11 13:05:58,54,0.325,4.42,-20.0
2020-03-11 13:05:58,55,0.389,4.42,-20.0
2020-03-11 13:05:58,56,0.383,4.42,-20.0
2020-03-11 13:05:58,57,0.408,4.44,-20.0
2020-03-11 13:05:58,58,0.374,4.45,-20.0
2020-03-11 13:05:58,59,0.365,4.49,19.2
2020-03-11 13:05:58,60,0.333,4.5,-20.0
2020-03-11 13:05:58,61,0.404,4.47,-20.0
2020-03-11 13:05:58,62,0.403,4.45,-20.0
2020-03-11 13:05:58,63,0.351,4.44,-20.0
2020-03-11 13:05:58,64,0.386,4.44,-20.0
2020-03-11 13:05:58,65,0.337,4.42,-20.0
2020-03-11 13:05:58,66,0.401,4.45,-20.0
2020-03-11 13:05:58,67,0.413,4.44,-20.0
2020-03-11 13:05:58,68,0.377,4.46,-20.0
2020-03-11 13:05:58,69,0.324,4.49,-20.0
2020-03-11 13:05:58,70,0.412,4.49,-20.0
2020-03-11 13:05:58,71,0.467,4.53,19.8
2020-03-11 13:05:58,72,0.431,4.5,-20.0
2020-03-11 13:05:58,73,0.423,4.46,-20.0
2020-03-11 13:05:58,74,0.341,4.44,-20.0
2020-03-11 13:05:58,75,0.356,4.49,-20.0
2020-03-11 13:05:58,76,0.369,4.46,-20.0
2020-03-11 13:05:58,77,0.384,4.51,-20.0
2020-03-11 13:05:58,78,0.433,4.53,-20.0
2020-03-11 13:05:58,79,0.396,4.54,-20.0
2020-03-11 13:05:58,80,0.345,4.52,-20.0
2020-03-11 13:05:58,81,0.36,4.51,-20.0
2020-03-11 13:05:58,82,0.409,4.49,-20.0
2020-03-11 13:05:58,83,0.386,4.48,21.3
2020-03-11 13:05:58,84,0.374,4.46,-20.0
2020-03-11 13:05:58,85,0.334,4.46,-20.0
2020-03-11 13:05:58,86,0.391,4.47,-20.0
2020-03-11 13:05:58,87,0.368,4.51,-20.0
2020-03-11 13:05:58,88,0.359,4.49,-20.0
2020-03-11 13:05:58,89,0.374,4.52,-20.0
2020-03-11 13:05:58,90,0.483,4.49,-20.0
2020-03-11 13:05:58,91,0.467,4.46,-20.0
2020-03-11 13:05:58,92,0.42,4.44,-20.0
2020-03-11 13:05:58,93,0.423,4.49,-20.0
2020-03-11 13:05:58,94,0.467,4.47,-20.0
2020-03-11 13:05:58,95,0.42,4.45,-20.0
2020-03-11 13:05:58,96,0.423,4.49,-20.0
2020-03-12 01:05:26,1,0.431,4.5,23.2
2020-03-12 01:05:26,2,0.445,4.52,-20.0
2020-03-12 01:05:26,3,0.42,4.53,-20.0
2020-03-12 01:05:26,4,0.444,4.49,-20.0
2020-03-12 01:05:26,5,0.431,4.54,-20.0
2020-03-12 01:05:26,6,0.364,4.52,-20.0
2020-03-12 01:05:26,7,0.396,4.48,-20.0
2020-03-12 01:05:26,8,0.373,4.5,-20.0
2020-03-12 01:05:26,9,0.412,4.47,-20.0
2020-03-12 01:05:26,10,0.395,4.49,-20.0
2020-03-12 01:05:26,11,0.397,4.44,-20.0
2020-03-12 01:05:26,12,0.364,4.45,-20.0
2020-03-12 01:05:26,13,0.401,4.47,22.0
2020-03-12 01:05:26,14,0.357,4.48,-20.0
2020-03-12 01:05:26,15,0.404,4.54,-20.0
2020-03-12 01:05:26,16,0.427,4.54,-20.0
2020-03-12 01:05:26,17,0.392,4.48,-20.0
2020-03-12 01:05:26,18,0.397,4.5,-20.0
2020-03-12 01:05:26,19,0.395,4.46,-20.0
2020-03-12 01:05:26,20,0.403,4.47,-20.0
2020-03-12 01:05:26,21,0.43,4.48,-20.0
2020-03-12 01:05:26,22,0.407,4.46,-20.0
2020-03-12 01:05:26,23,0.395,4.48,-20.0
2020-03-12 01:05:26,24,0.397,4.49,-20.0
2020-03-12 01:05:26,25,0.345,4.5,19.0
2020-03-12 01:05:26,26,0.404,4.49,-20.0
2020-03-12 01:05:26,27,0.456,4.46,-20.0
2020-03-12 01:05:26,28,0.44,4.45,-20.0
2020-03-12 01:05:26,29,0.415,4.46,-20.0
2020-03-12 01:05:26,30,0.327,4.46,-20.0
2020-03-12 01:05:26,31,0.327,4.45,-20.0
2020-03-12 01:05:26,32,0.348,4.46,-20.0
2020-03-12 01:05:26,33,0.422,4.47,-20.0
2020-03-12 01:05:26,34,0.372,4.49,-20.0
2020-03-12 01:05:26,35,0.355,4.49,-20.0
2020-03-12 01:05:26,36,0.33,4.5,-20.0
2020-03-12 01:05:26,37,0.417,4.47,19.5
2020-03-12 01:05:26,38,0.384,4.48,-20.0
2020-03-12 01:05:26,39,0.327,4.47,-20.0
2020-03-12 01:05:26,40,0.335,4.47,-20.0
2020-03-12 01:05:26,41,0.376,4.49,-20.0
2020-03-12 01:05:26,42,0.346,4.47,-20.0
2020-03-12 01:05:26,43,0.392,4.49,-20.0
2020-03-12 01:05:26,44,0.309,4.5,-20.0
2020-03-12 01:05:26,45,0.403,4.49,-20.0
2020-03-12 01:05:26,46,0.466,4.48,-20.0
2020-03-12 01:05:26,47,0.441,4.47,-20.0
2020-03-12 01:05:26,48,0.382,4.47,-20.0
2020-03-12 01:05:26,49,0.401,4.46,-20.0
2020-03-12 01:05:26,50,0.346,4.44,-20.0
2020-03-12 01:05:26,51,0.38,4.46,-20.0
2020-03-12 01:05:26,52,0.354,4.42,-20.0
2020-03-12 01:05:26,53,0.327,4.41,-20.0
2020-03-12 01:05:26,54,0.392,4.42,-20.0
2020-03-12 01:05:26,55,0.386,4.42,-20.0
2020-03-12 01:05:26,56,0.407,4.44,-20.0
2020-03-12 01:05:26,57,0.375,4.45,-20.0
2020-03-12 01:05:26,58,0.362,4.49,18.6
2020-03-12 01:05:26,59,0.333,4.5,-20.0
2020-03-12 01:05:26,60,0.406,4.47,-20.0
2020-03-12 01:05:26,61,0.403,4.44,-20.0
2020-03-12 01:05:26,62,0.354,4.44,-20.0
2020-03-12 01:05:26,63,0.389,4.44,-20.0
2020-03-12 01:05:26,64,0.34,4.42,-20.0
2020-03-12 01:05:26,65,0.404,4.45,-20.0
2020-03-12 01:05:26,66,0.373,4.46,-20.0
2020-03-12 01:05:26,67,0.326,4.48,-20.0
2020-03-12 01:05:26,68,0.414,4.49,-20.0
2020-03-12 01:05:26,69,0.469,4.53,19.2
2020-03-12 01:05:26,70,0.435,4.49,-20.0
2020-03-12 01:05:26,71,0.342,4.44,-20.0
2020-03-12 01:05:26,72,0.359,4.49,-20.0
2020-03-12 01:05:26,73,0.368,4.46,-20.0
2020-03-12 01:05:26,74,0.387,4.5,-20.0
2020-03-12 01:05:26,75,0.439,4.53,-20.0
2020-03-12 01:05:26,76,0.397,4.54,-20.0
2020-03-12 01:05:26,77,0.345,4.51,-20.0
2020-03-12 01:05:26,78,0.362,4.51,-20.0
2020-03-12 01:05:26,79,0.385,4.48,20.8
2020-03-12 01:05:26,80,0.373,4.45,-20.0
2020-03-12 01:05:26,81,0.333,4.46,-20.0
2020-03-12 01:05:26,82,0.389,4.46,-20.0
2020-03-12 01:05:26,83,0.37,4.52,-20.0
2020-03-12 01:05:26,84,0.391,4.46,-20.0
2020-03-12 01:05:26,85,0.355,4.48,-20.0
2020-03-12 01:05:26,86,0.373,4.51,-20.0
2020-03-12 01:05:26,87,0.481,4.49,-20.0
2020-03-12 01:05:26,88,0.467,4.47,-20.0
2020-03-12 01:05:26,89,0.42,4.45,-20.0
2020-03-12 01:05:26,90,0.426,4.49,-20.0
2020-03-12 01:05:26,91,0.355,4.48,-20.0
2020-03-12 01:05:26,92,0.373,4.52,-20.0
2020-03-12 01:05:26,93,0.481,4.49,-20.0
2020-03-12 01:05:26,94,0.467,4.47,-20.0
2020-03-12 01:05:26,95,0.42,4.45,-20.0
2020-03-12 01:05:26,96,0.426,4.49,-20.0
2020-03-12 13:04:33,1,0.43,4.5,23.3
2020-03-12 13:04:33,2,0.444,4.51,-20.0
2020-03-12 13:04:33,3,0.422,4.54,-20.0
2020-03-12 13:04:33,4,0.445,4.48,-20.0
2020-03-12 13:04:33,5,0.433,4.53,-20.0
2020-03-12 13:04:33,6,0.365,4.51,-20.0
2020-03-12 13:04:33,7,0.396,4.48,-20.0
2020-03-12 13:04:33,8,0.376,4.5,-20.0
2020-03-12 13:04:33,9,0.412,4.47,-20.0
2020-03-12 13:04:33,10,0.395,4.49,-20.0
2020-03-12 13:04:33,11,0.398,4.44,-20.0
2020-03-12 13:04:33,12,0.366,4.46,-20.0
2020-03-12 13:04:33,13,0.402,4.46,22.1
2020-03-12 13:04:33,14,0.359,4.49,-20.0
2020-03-12 13:04:33,15,0.405,4.53,-20.0
2020-03-12 13:04:33,16,0.426,4.53,-20.0
2020-03-12 13:04:33,17,0.393,4.48,-20.0
2020-03-12 13:04:33,18,0.395,4.49,-20.0
2020-03-12 13:04:33,19,0.397,4.47,-20.0
2020-03-12 13:04:33,20,0.403,4.47,-20.0
2020-03-12 13:04:33,21,0.429,4.47,-20.0
2020-03-12 13:04:33,22,0.407,4.47,-20.0
2020-03-12 13:04:33,23,0.396,4.48,-20.0
2020-03-12 13:04:33,24,0.398,4.49,-20.0
2020-03-12 13:04:33,25,0.347,4.49,19.5
2020-03-12 13:04:33,26,0.403,4.5,-20.0
2020-03-12 13:04:33,27,0.458,4.46,-20.0
2020-03-12 13:04:33,28,0.438,4.45,-20.0
2020-03-12 13:04:33,29,0.413,4.46,-20.0
2020-03-12 13:04:33,30,0.325,4.47,-20.0
2020-03-12 13:04:33,31,0.328,4.46,-20.0
2020-03-12 13:04:33,32,0.349,4.47,-20.0
2020-03-12 13:04:33,33,0.421,4.47,-20.0
2020-03-12 13:04:33,34,0.373,4.49,-20.0
2020-03-12 13:04:33,35,0.355,4.48,-20.0
2020-03-12 13:04:33,36,0.33,4.5,-20.0
2020-03-12 13:04:33,37,0.414,4.49,19.8
2020-03-12 13:04:33,38,0.382,4.48,-20.0
2020-03-12 13:04:33,39,0.327,4.47,-20.0
2020-03-12 13:04:33,40,0.336,4.46,-20.0
2020-03-12 13:04:33,41,0.373,4.49,-20.0
2020-03-12 13:04:33,42,0.337,4.46,-20.0
2020-03-12 13:04:33,43,0.377,4.48,-20.0
2020-03-12 13:04:33,44,0.368,4.48,-20.0
2020-03-12 13:04:33,45,0.31,4.51,-20.0
2020-03-12 13:04:33,46,0.401,4.48,-20.0
2020-03-12 13:04:33,47,0.387,4.49,-20.0
2020-03-12 13:04:33,48,0.45,4.47,-20.0
2020-03-12 13:04:33,49,0.474,4.45,22.0
2020-03-12 13:04:33,50,0.437,4.48,-20.0
2020-03-12 13:04:33,51,0.381,4.46,-20.0
2020-03-12 13:04:33,52,0.403,4.45,-20.0
2020-03-12 13:04:33,53,0.347,4.45,-20.0
2020-03-12 13:04:33,54,0.382,4.46,-20.0
2020-03-12 13:04:33,55,0.36,4.42,-20.0
2020-03-12 13:04:33,56,0.327,4.42,-20.0
2020-03-12 13:04:33,57,0.396,4.42,-20.0
2020-03-12 13:04:33,58,0.388,4.42,-20.0
2020-03-12 13:04:33,59,0.408,4.44,-20.0
2020-03-12 13:04:33,60,0.378,4.45,-20.0
2020-03-12 13:04:33,61,0.362,4.48,19.1
2020-03-12 13:04:33,62,0.408,4.48,-20.0
2020-03-12 13:04:33,63,0.406,4.45,-20.0
2020-03-12 13:04:33,64,0.354,4.44,-20.0
2020-03-12 13:04:33,65,0.387,4.44,-20.0
2020-03-12 13:04:33,66,0.341,4.43,-20.0
2020-03-12 13:04:33,67,0.406,4.45,-20.0
2020-03-12 13:04:33,68,0.372,4.46,-20.0
2020-03-12 13:04:33,69,0.323,4.49,-20.0
2020-03-12 13:04:33,70,0.468,4.52,19.5
2020-03-12 13:04:33,71,0.434,4.5,-20.0
2020-03-12 13:04:33,72,0.425,4.46,-20.0
2020-03-12 13:04:33,73,0.345,4.44,-20.0
2020-03-12 13:04:33,74,0.355,4.49,-20.0
2020-03-12 13:04:33,75,0.363,4.47,-20.0
2020-03-12 13:04:33,76,0.384,4.5,-20.0
2020-03-12 13:04:33,77,0.434,4.54,-20.0
2020-03-12 13:04:33,78,0.395,4.54,-20.0
2020-03-12 13:04:33,79,0.345,4.51,-20.0
2020-03-12 13:04:33,80,0.36,4.51,-20.0
2020-03-12 13:04:33,81,0.409,4.49,-20.0
2020-03-12 13:04:33,82,0.381,4.48,20.7
2020-03-12 13:04:33,83,0.369,4.46,-20.0
2020-03-12 13:04:33,84,0.336,4.45,-20.0
2020-03-12 13:04:33,85,0.389,4.48,-20.0
2020-03-12 13:04:33,86,0.37,4.52,-20.0
2020-03-12 13:04:33,87,0.355,4.49,-20.0
2020-03-12 13:04:33,88,0.373,4.51,-20.0
2020-03-12 13:04:33,89,0.482,4.49,-20.0
2020-03-12 13:04:33,90,0.468,4.46,-20.0
2020-03-12 13:04:33,91,0.424,4.45,-20.0
2020-03-12 13:04:33,92,0.424,4.5,-20.0
2020-03-12 13:04:33,93,0.482,4.49,-20.0
2020-03-12 13:04:33,94,0.468,4.47,-20.0
2020-03-12 13:04:33,95,0.424,4.45,-20.0
2020-03-12 13:04:33,96,0.424,4.5,-20.0
2020-03-13 01:03:52,1,0.433,4.5,23.4
2020-03-13 01:03:52,2,0.446,4.53,-20.0
2020-03-13 01:03:52,3,0.42,4.54,-20.0
2020-03-13 01:03:52,4,0.444,4.49,-20.0
2020-03-13 01:03:52,5,0.435,4.53,-20.0
2020-03-13 01:03:52,6,0.366,4.5,-20.0
2020-03-13 01:03:52,7,0.396,4.49,-20.0
2020-03-13 01:03:52,8,0.376,4.51,-20.0
2020-03-13 01:03:52,9,0.415,4.46,-20.0
2020-03-13 01:03:52,10,0.394,4.48,-20.0
2020-03-13 01:03:52,11,0.397,4.44,-20.0
2020-03-13 01:03:52,12,0.366,4.46,-20.0
2020-03-13 01:03:52,13,0.402,4.47,22.2
2020-03-13 01:03:52,14,0.361,4.48,-20.0
2020-03-13 01:03:52,15,0.405,4.53,-20.0
2020-03-13 01:03:52,16,0.43,4.52,-20.0
2020-03-13 01:03:52,17,0.395,4.49,-20.0
2020-03-13 01:03:52,18,0.392,4.5,-20.0
2020-03-13 01:03:52,19,0.393,4.47,-20.0
2020-03-13 01:03:52,20,0.401,4.48,-20.0
2020-03-13 01:03:52,21,0.432,4.47,-20.0
2020-03-13 01:03:52,22,0.408,4.47,-20.0
2020-03-13 01:03:52,23,0.397,4.47,-20.0
2020-03-13 01:03:52,24,0.399,4.48,-20.0
2020-03-13 01:03:52,25,0.348,4.49,19.6
2020-03-13 01:03:52,26,0.401,4.47,-20.0
2020-03-13 01:03:52,27,0.455,4.45,-20.0
2020-03-13 01:03:52,28,0.439,4.46,-20.0
2020-03-13 01:03:52,29,0.414,4.45,-20.0
2020-03-13 01:03:52,30,0.327,4.47,-20.0
2020-03-13 01:03:52,31,0.329,4.46,-20.0
2020-03-13 01:03:52,32,0.35,4.47,-20.0
2020-03-13 01:03:52,33,0.422,4.47,-20.0
2020-03-13 01:03:52,34,0.374,4.49,-20.0
2020-03-13 01:03:52,35,0.353,4.48,-20.0
2020-03-13 01:03:52,36,0.332,4.5,-20.0
2020-03-13 01:03:52,37,0.413,4.48,20.0
2020-03-13 01:03:52,38,0.381,4.49,-20.0
2020-03-13 01:03:52,39,0.328,4.45,-20.0
2020-03-13 01:03:52,40,0.334,4.47,-20.0
2020-03-13 01:03:52,41,0.338,4.48,-20.0
2020-03-13 01:03:52,42,0.38,4.49,-20.0
2020-03-13 01:03:52,43,0.373,4.48,-20.0
2020-03-13 01:03:52,44,0.31,4.49,-20.0
2020-03-13 01:03:52,45,0.4,4.48,-20.0
2020-03-13 01:03:52,46,0.396,4.48,-20.0
2020-03-13 01:03:52,47,0.452,4.48,-20.0
2020-03-13 01:03:52,48,0.477,4.45,22.2
2020-03-13 01:03:52,49,0.435,4.47,-20.0
2020-03-13 01:03:52,50,0.382,4.46,-20.0
2020-03-13 01:03:52,51,0.403,4.46,-20.0
2020-03-13 01:03:52,52,0.345,4.45,-20.0
2020-03-13 01:03:52,53,0.381,4.46,-20.0
2020-03-13 01:03:52,54,0.358,4.41,-20.0
2020-03-13 01:03:52,55,0.401,4.42,-20.0
2020-03-13 01:03:52,56,0.388,4.42,-20.0
2020-03-13 01:03:52,57,0.405,4.43,-20.0
2020-03-13 01:03:52,58,0.374,4.46,-20.0
2020-03-13 01:03:52,59,0.36,4.49,19.3
2020-03-13 01:03:52,60,0.336,4.5,-20.0
2020-03-13 01:03:52,61,0.408,4.47,-20.0
2020-03-13 01:03:52,62,0.405,4.44,-20.0
2020-03-13 01:03:52,63,0.354,4.45,-20.0
2020-03-13 01:03:52,64,0.386,4.44,-20.0
2020-03-13 01:03:52,65,0.341,4.42,-20.0
2020-03-13 01:03:52,66,0.403,4.45,-20.0
2020-03-13 01:03:52,67,0.408,4.45,-20.0
2020-03-13 01:03:52,68,0.375,4.46,-20.0
2020-03-13 01:03:52,69,0.322,4.48,-20.0
2020-03-13 01:03:52,70,0.415,4.48,-20.0
2020-03-13 01:03:52,71,0.47,4.53,19.8
2020-03-13 01:03:52,72,0.435,4.51,-20.0
2020-03-13 01:03:52,73,0.422,4.46,-20.0
2020-03-13 01:03:52,74,0.355,4.5,-20.0
2020-03-13 01:03:52,75,0.365,4.46,-20.0
2020-03-13 01:03:52,76,0.437,4.53,-20.0
2020-03-13 01:03:52,77,0.395,4.53,-20.0
2020-03-13 01:03:52,78,0.345,4.51,-20.0
2020-03-13 01:03:52,79,0.36,4.51,-20.0
2020-03-13 01:03:52,80,0.411,4.49,-20.0
2020-03-13 01:03:52,81,0.384,4.48,21.1
2020-03-13 01:03:52,82,0.369,4.45,-20.0
2020-03-13 01:03:52,83,0.337,4.45,-20.0
2020-03-13 01:03:52,84,0.39,4.47,-20.0
2020-03-13 01:03:52,85,0.372,4.52,-20.0
2020-03-13 01:03:52,86,0.395,4.46,-20.0
2020-03-13 01:03:52,87,0.357,4.48,-20.0
2020-03-13 01:03:52,88,0.372,4.5,-20.0
2020-03-13 01:03:52,89,0.486,4.48,-20.0
2020-03-13 01:03:52,90,0.467,4.46,-20.0
2020-03-13 01:03:52,91,0.426,4.45,-20.0
2020-03-13 01:03:52,92,0.426,4.51,-20.0
2020-03-13 01:03:52,93,0.486,4.48,-20.0
2020-03-13 01:03:52,94,0.467,4.47,-20.0
2020-03-13 01:03:52,95,0.426,4.45,-20.0
2020-03-13 01:03:52,96,0.426,4.51,-20.0
2020-03-13 13:03:02,1,0.432,4.5,23.3
2020-03-13 13:03:02,2,0.449,4.52,-20.0
2020-03-13 13:03:02,3,0.421,4.54,-20.0
2020-03-13 13:03:02,4,0.445,4.49,-20.0
2020-03-13 13:03:02,5,0.434,4.54,-20.0
2020-03-13 13:03:02,6,0.367,4.5,-20.0
2020-03-13 13:03:02,7,0.399,4.48,-20.0
2020-03-13 13:03:02,8,0.377,4.51,-20.0
2020-03-13 13:03:02,9,0.416,4.46,-20.0
2020-03-13 13:03:02,10,0.394,4.49,-20.0
2020-03-13 13:03:02,11,0.4,4.44,-20.0
2020-03-13 13:03:02,12,0.366,4.45,-20.0
2020-03-13 13:03:02,13,0.403,4.46,22.2
2020-03-13 13:03:02,14,0.362,4.48,-20.0
2020-03-13 13:03:02,15,0.404,4.52,-20.0
2020-03-13 13:03:02,16,0.429,4.52,-20.0
2020-03-13 13:03:02,17,0.395,4.49,-20.0
2020-03-13 13:03:02,18,0.393,4.49,-20.0
2020-03-13 13:03:02,19,0.394,4.48,-20.0
2020-03-13 13:03:02,20,0.404,4.47,-20.0
2020-03-13 13:03:02,21,0.434,4.48,-20.0
2020-03-13 13:03:02,22,0.406,4.46,-20.0
2020-03-13 13:03:02,23,0.397,4.47,-20.0
2020-03-13 13:03:02,24,0.399,4.48,-20.0
2020-03-13 13:03:02,25,0.345,4.5,19.6
2020-03-13 13:03:02,26,0.405,4.49,-20.0
2020-03-13 13:03:02,27,0.458,4.46,-20.0
2020-03-13 13:03:02,28,0.435,4.46,-20.0
2020-03-13 13:03:02,29,0.403,4.46,-20.0
2020-03-13 13:03:02,30,0.325,4.46,-20.0
2020-03-13 13:03:02,31,0.326,4.45,-20.0
2020-03-13 13:03:02,32,0.334,4.46,-20.0
2020-03-13 13:03:02,33,0.416,4.47,-20.0
2020-03-13 13:03:02,34,0.362,4.48,-20.0
2020-03-13 13:03:02,35,0.35,4.48,-20.0
2020-03-13 13:03:02,36,0.33,4.5,-20.0
2020-03-13 13:03:02,37,0.406,4.48,20.0
2020-03-13 13:03:02,38,0.385,4.48,-20.0
2020-03-13 13:03:02,39,0.329,4.46,-20.0
2020-03-13 13:03:02,40,0.334,4.47,-20.0
2020-03-13 13:03:02,41,0.375,4.5,-20.0
2020-03-13 13:03:02,42,0.34,4.47,-20.0
2020-03-13 13:03:02,43,0.375,4.48,-20.0
2020-03-13 13:03:02,44,0.31,4.5,-20.0
2020-03-13 13:03:02,45,0.402,4.48,-20.0
2020-03-13 13:03:02,46,0.397,4.48,-20.0
2020-03-13 13:03:02,47,0.454,4.48,-20.0
2020-03-13 13:03:02,48,0.438,4.47,-20.0
2020-03-13 13:03:02,49,0.378,4.45,-20.0
2020-03-13 13:03:02,50,0.344,4.45,-20.0
2020-03-13 13:03:02,51,0.382,4.46,-20.0
2020-03-13 13:03:02,52,0.364,4.42,-20.0
2020-03-13 13:03:02,53,0.329,4.42,-20.0
2020-03-13 13:03:02,54,0.399,4.42,-20.0
2020-03-13 13:03:02,55,0.389,4.42,-20.0
2020-03-13 13:03:02,56,0.403,4.44,-20.0
2020-03-13 13:03:02,57,0.373,4.45,-20.0
2020-03-13 13:03:02,58,0.363,4.49,19.3
2020-03-13 13:03:02,59,0.335,4.49,-20.0
2020-03-13 13:03:02,60,0.41,4.48,-20.0
2020-03-13 13:03:02,61,0.407,4.45,-20.0
2020-03-13 13:03:02,62,0.357,4.44,-20.0
2020-03-13 13:03:02,63,0.384,4.44,-20.0
2020-03-13 13:03:02,64,0.387,4.45,-20.0
2020-03-13 13:03:02,65,0.403,4.45,-20.0
2020-03-13 13:03:02,66,0.321,4.49,-20.0
2020-03-13 13:03:02,67,0.414,4.49,-20.0
2020-03-13 13:03:02,68,0.465,4.52,19.8
2020-03-13 13:03:02,69,0.436,4.5,-20.0
2020-03-13 13:03:02,70,0.422,4.46,-20.0
2020-03-13 13:03:02,71,0.344,4.43,-20.0
2020-03-13 13:03:02,72,0.353,4.5,-20.0
2020-03-13 13:03:02,73,0.365,4.46,-20.0
2020-03-13 13:03:02,74,0.383,4.5,-20.0
2020-03-13 13:03:02,75,0.437,4.53,-20.0
2020-03-13 13:03:02,76,0.397,4.53,-20.0
2020-03-13 13:03:02,77,0.348,4.51,-20.0
2020-03-13 13:03:02,78,0.36,4.5,-20.0
2020-03-13 13:03:02,79,0.409,4.49,-20.0
2020-03-13 13:03:02,80,0.386,4.48,21.0
2020-03-13 13:03:02,81,0.373,4.45,-20.0
2020-03-13 13:03:02,82,0.338,4.46,-20.0
2020-03-13 13:03:02,83,0.392,4.48,-20.0
2020-03-13 13:03:02,84,0.371,4.51,-20.0
2020-03-13 13:03:02,85,0.394,4.46,-20.0
2020-03-13 13:03:02,86,0.356,4.48,-20.0
2020-03-13 13:03:02,87,0.373,4.52,-20.0
2020-03-13 13:03:02,88,0.485,4.49,-20.0
2020-03-13 13:03:02,89,0.466,4.46,-20.0
2020-03-13 13:03:02,90,0.425,4.45,-20.0
2020-03-13 13:03:02,91,0.427,4.5,-20.0
2020-03-13 13:03:02,92,0.373,4.5,-20.0
2020-03-13 13:03:02,93,0.485,4.49,-20.0
2020-03-13 13:03:02,94,0.466,4.46,-20.0
2020-03-13 13:03:02,95,0.425,4.46,-20.0
2020-03-13 13:03:02,96,0.427,4.5,-20.0
2020-03-14 01:02:21,1,0.435,4.5,23.2
2020-03-14 01:02:21,2,0.449,4.52,-20.0
2020-03-14 01:02:21,3,0.419,4.54,-20.0
2020-03-14 01:02:21,4,0.444,4.49,-20.0
2020-03-14 01:02:21,5,0.436,4.54,-20.0
2020-03-14 01:02:21,6,0.367,4.52,-20.0
2020-03-14 01:02:21,7,0.398,4.49,-20.0
2020-03-14 01:02:21,8,0.378,4.5,-20.0
2020-03-14 01:02:21,9,0.417,4.47,-20.0
2020-03-14 01:02:21,10,0.397,4.48,-20.0
2020-03-14 01:02:21,11,0.399,4.45,-20.0
2020-03-14 01:02:21,12,0.368,4.46,-20.0
2020-03-14 01:02:21,13,0.403,4.47,22.0
2020-03-14 01:02:21,14,0.361,4.47,-20.0
2020-03-14 01:02:21,15,0.403,4.52,-20.0
2020-03-14 01:02:21,16,0.427,4.52,-20.0
2020-03-14 01:02:21,17,0.396,4.48,-20.0
2020-03-14 01:02:21,18,0.391,4.48,-20.0
2020-03-14 01:02:21,19,0.394,4.47,-20.0
2020-03-14 01:02:21,20,0.403,4.47,-20.0
2020-03-14 01:02:21,21,0.435,4.48,-20.0
2020-03-14 01:02:21,22,0.406,4.46,-20.0
2020-03-14 01:02:21,23,0.398,4.48,-20.0
2020-03-14 01:02:21,24,0.399,4.48,-20.0
2020-03-14 01:02:21,25,0.343,4.5,19.0
2020-03-14 01:02:21,26,0.409,4.5,-20.0
2020-03-14 01:02:21,27,0.453,4.45,-20.0
2020-03-14 01:02:21,28,0.434,4.46,-20.0
2020-03-14 01:02:21,29,0.408,4.46,-20.0
2020-03-14 01:02:21,30,0.327,4.46,-20.0
2020-03-14 01:02:21,31,0.327,4.45,-20.0
2020-03-14 01:02:21,32,0.338,4.46,-20.0
2020-03-14 01:02:21,33,0.416,4.46,-20.0
2020-03-14 01:02:21,34,0.367,4.49,-20.0
2020-03-14 01:02:21,35,0.351,4.47,-20.0
2020-03-14 01:02:21,36,0.331,4.5,-20.0
2020-03-14 01:02:21,37,0.406,4.48,19.5
2020-03-14 01:02:21,38,0.387,4.49,-20.0
2020-03-14 01:02:21,39,0.328,4.46,-20.0
2020-03-14 01:02:21,40,0.334,4.46,-20.0
2020-03-14 01:02:21,41,0.374,4.49,-20.0
2020-03-14 01:02:21,42,0.343,4.47,-20.0
2020-03-14 01:02:21,43,0.377,4.48,-20.0
2020-03-14 01:02:21,44,0.38,4.48,-20.0
2020-03-14 01:02:21,45,0.309,4.5,-20.0
2020-03-14 01:02:21,46,0.403,4.5,-20.0
2020-03-14 01:02:21,47,0.398,4.49,-20.0
2020-03-14 01:02:21,48,0.455,4.47,-20.0
2020-03-14 01:02:21,49,0.479,4.45,22.1
2020-03-14 01:02:21,50,0.379,4.46,-20.0
2020-03-14 01:02:21,51,0.404,4.45,-20.0
2020-03-14 01:02:21,52,0.344,4.44,-20.0
2020-03-14 01:02:21,53,0.363,4.42,-20.0
2020-03-14 01:02:21,54,0.329,4.41,-20.0
2020-03-14 01:02:21,55,0.391,4.42,-20.0
2020-03-14 01:02:21,56,0.405,4.43,-20.0
2020-03-14 01:02:21,57,0.38,4.45,-20.0
2020-03-14 01:02:21,58,0.366,4.5,18.7
2020-03-14 01:02:21,59,0.336,4.5,-20.0
2020-03-14 01:02:21,60,0.412,4.47,-20.0
2020-03-14 01:02:21,61,0.409,4.45,-20.0
2020-03-14 01:02:21,62,0.36,4.44,-20.0
2020-03-14 01:02:21,63,0.34,4.42,-20.0
2020-03-14 01:02:21,64,0.391,4.45,-20.0
2020-03-14 01:02:21,65,0.406,4.44,-20.0
2020-03-14 01:02:21,66,0.371,4.46,-20.0
2020-03-14 01:02:21,67,0.321,4.49,-20.0
2020-03-14 01:02:21,68,0.415,4.48,-20.0
2020-03-14 01:02:21,69,0.467,4.51,19.2
2020-03-14 01:02:21,70,0.437,4.49,-20.0
2020-03-14 01:02:21,71,0.423,4.46,-20.0
2020-03-14 01:02:21,72,0.345,4.43,-20.0
2020-03-14 01:02:21,73,0.353,4.49,-20.0
2020-03-14 01:02:21,74,0.366,4.46,-20.0
2020-03-14 01:02:21,75,0.438,4.53,-20.0
2020-03-14 01:02:21,76,0.394,4.54,-20.0
2020-03-14 01:02:21,77,0.351,4.5,-20.0
2020-03-14 01:02:21,78,0.362,4.5,-20.0
2020-03-14 01:02:21,79,0.408,4.49,-20.0
2020-03-14 01:02:21,80,0.384,4.48,20.7
2020-03-14 01:02:21,81,0.375,4.45,-20.0
2020-03-14 01:02:21,82,0.338,4.45,-20.0
2020-03-14 01:02:21,83,0.39,4.46,-20.0
2020-03-14 01:02:21,84,0.37,4.52,-20.0
2020-03-14 01:02:21,85,0.399,4.47,-20.0
2020-03-14 01:02:21,86,0.355,4.49,-20.0
2020-03-14 01:02:21,87,0.485,4.49,-20.0
2020-03-14 01:02:21,88,0.468,4.47,-20.0
2020-03-14 01:02:21,89,0.427,4.45,-20.0
2020-03-14 01:02:21,90,0.426,4.5,-20.0
2020-03-14 01:02:21,91,0.355,4.49,-20.0
2020-03-14 01:02:21,92,0.372,4.52,-20.0
2020-03-14 01:02:21,93,0.485,4.49,-20.0
2020-03-14 01:02:21,94,0.468,4.47,-20.0
2020-03-14 01:02:21,95,0.427,4.45,-20.0
2020-03-14 01:02:21,96,0.426,4.49,-20.0
2020-03-14 13:01:32,1,0.433,4.5,23.3
2020-03-14 13:01:32,2,0.447,4.52,-20.0
2020-03-14 13:01:32,3,0.418,4.53,-20.0
2020-03-14 13:01:32,4,0.443,4.49,-20.0
2020-03-14 13:01:32,5,0.436,4.54,-20.0
2020-03-14 13:01:32,6,0.37,4.51,-20.0
2020-03-14 13:01:32,7,0.399,4.47,-20.0
2020-03-14 13:01:32,8,0.379,4.51,-20.0
2020-03-14 13:01:32,9,0.417,4.47,-20.0
2020-03-14 13:01:32,10,0.396,4.48,-20.0
2020-03-14 13:01:32,11,0.397,4.45,-20.0
2020-03-14 13:01:32,12,0.369,4.46,-20.0
2020-03-14 13:01:32,13,0.402,4.47,22.2
2020-03-14 13:01:32,14,0.361,4.48,-20.0
2020-03-14 13:01:32,15,0.402,4.52,-20.0
2020-03-14 13:01:32,16,0.426,4.52,-20.0
2020-03-14 13:01:32,17,0.397,4.48,-20.0
2020-03-14 13:01:32,18,0.387,4.49,-20.0
2020-03-14 13:01:32,19,0.39,4.48,-20.0
2020-03-14 13:01:32,20,0.401,4.47,-20.0
2020-03-14 13:01:32,21,0.436,4.48,-20.0
2020-03-14 13:01:32,22,0.412,4.46,-20.0
2020-03-14 13:01:32,23,0.388,4.48,-20.0
2020-03-14 13:01:32,24,0.386,4.48,-20.0
2020-03-14 13:01:32,25,0.344,4.49,19.5
2020-03-14 13:01:32,26,0.409,4.49,-20.0
2020-03-14 13:01:32,27,0.456,4.46,-20.0
2020-03-14 13:01:32,28,0.434,4.45,-20.0
2020-03-14 13:01:32,29,0.412,4.47,-20.0
2020-03-14 13:01:32,30,0.328,4.46,-20.0
2020-03-14 13:01:32,31,0.326,4.45,-20.0
2020-03-14 13:01:32,32,0.344,4.46,-20.0
2020-03-14 13:01:32,33,0.42,4.47,-20.0
2020-03-14 13:01:32,34,0.369,4.5,-20.0
2020-03-14 13:01:32,35,0.327,4.51,-20.0
2020-03-14 13:01:32,36,0.412,4.47,19.9
2020-03-14 13:01:32,37,0.327,4.46,-20.0
2020-03-14 13:01:32,38,0.337,4.47,-20.0
2020-03-14 13:01:32,39,0.346,4.47,-20.0
2020-03-14 13:01:32,40,0.378,4.49,-20.0
2020-03-14 13:01:32,41,0.381,4.48,-20.0
2020-03-14 13:01:32,42,0.308,4.5,-20.0
2020-03-14 13:01:32,43,0.406,4.48,-20.0
2020-03-14 13:01:32,44,0.401,4.48,-20.0
2020-03-14 13:01:32,45,0.482,4.45,22.2
2020-03-14 13:01:32,46,0.434,4.47,-20.0
2020-03-14 13:01:32,47,0.378,4.46,-20.0
2020-03-14 13:01:32,48,0.398,4.46,-20.0
2020-03-14 13:01:32,49,0.381,4.45,-20.0
2020-03-14 13:01:32,50,0.353,4.42,-20.0
2020-03-14 13:01:32,51,0.326,4.43,-20.0
2020-03-14 13:01:32,52,0.398,4.42,-20.0
2020-03-14 13:01:32,53,0.383,4.42,-20.0
2020-03-14 13:01:32,54,0.389,4.44,-20.0
2020-03-14 13:01:32,55,0.367,4.45,-20.0
2020-03-14 13:01:32,56,0.363,4.5,19.1
2020-03-14 13:01:32,57,0.333,4.5,-20.0
2020-03-14 13:01:32,58,0.412,4.47,-20.0
2020-03-14 13:01:32,59,0.406,4.45,-20.0
2020-03-14 13:01:32,60,0.358,4.44,-20.0
2020-03-14 13:01:32,61,0.384,4.44,-20.0
2020-03-14 13:01:32,62,0.341,4.43,-20.0
2020-03-14 13:01:32,63,0.396,4.46,-20.0
2020-03-14 13:01:32,64,0.405,4.44,-20.0
2020-03-14 13:01:32,65,0.372,4.45,-20.0
2020-03-14 13:01:32,66,0.418,4.47,-20.0
2020-03-14 13:01:32,67,0.469,4.52,19.6
2020-03-14 13:01:32,68,0.436,4.5,-20.0
2020-03-14 13:01:32,69,0.425,4.46,-20.0
2020-03-14 13:01:32,70,0.344,4.43,-20.0
2020-03-14 13:01:32,71,0.353,4.5,-20.0
2020-03-14 13:01:32,72,0.367,4.47,-20.0
2020-03-14 13:01:32,73,0.387,4.5,-20.0
2020-03-14 13:01:32,74,0.395,4.54,-20.0
2020-03-14 13:01:32,75,0.351,4.51,-20.0
2020-03-14 13:01:32,76,0.359,4.5,-20.0
2020-03-14 13:01:32,77,0.385,4.48,21.1
2020-03-14 13:01:32,78,0.376,4.46,-20.0
2020-03-14 13:01:32,79,0.391,4.47,-20.0
2020-03-14 13:01:32,80,0.373,4.51,-20.0
2020-03-14 13:01:32,81,0.352,4.48,-20.0
2020-03-14 13:01:32,82,0.373,4.52,-20.0
2020-03-14 13:01:32,83,0.486,4.49,-20.0
2020-03-14 13:01:32,84,0.47,4.46,-20.0
2020-03-14 13:01:32,85,0.427,4.44,-20.0
2020-03-14 13:01:32,86,0.424,4.49,-20.0
2020-03-14 13:01:32,87,0.338,4.45,-20.0
2020-03-14 13:01:32,88,0.391,4.46,-20.0
2020-03-14 13:01:32,89,0.373,4.51,-20.0
2020-03-14 13:01:32,90,0.399,4.47,-20.0
2020-03-14 13:01:32,91,0.352,4.48,-20.0
2020-03-14 13:01:32,92,0.373,4.52,-20.0
2020-03-14 13:01:32,93,0.486,4.48,-20.0
2020-03-14 13:01:32,94,0.47,4.47,-20.0
2020-03-14 13:01:32,95,0.427,4.45,-20.0
2020-03-14 13:01:32,96,0.424,4.5,-20.0
2020-03-18 02:17:19,1,0.436,4.5,23.3
2020-03-18 02:17:19,2,0.446,4.52,-20.0
2020-03-18 02:17:19,3,0.415,4.53,-20.0
2020-03-18 02:17:19,4,0.441,4.49,-20.0
2020-03-18 02:17:19,5,0.438,4.54,-20.0
2020-03-18 02:17:19,6,0.371,4.51,-20.0
2020-03-18 02:17:19,7,0.395,4.48,-20.0
2020-03-18 02:17:19,8,0.381,4.5,-20.0
2020-03-18 02:17:19,9,0.413,4.47,-20.0
2020-03-18 02:17:19,10,0.395,4.49,-20.0
2020-03-18 02:17:19,11,0.396,4.45,-20.0
2020-03-18 02:17:19,12,0.366,4.46,-20.0
2020-03-18 02:17:19,13,0.4,4.47,22.2
2020-03-18 02:17:19,14,0.359,4.48,-20.0
2020-03-18 02:17:19,15,0.403,4.51,-20.0
2020-03-18 02:17:19,16,0.429,4.53,-20.0
2020-03-18 02:17:19,17,0.395,4.48,-20.0
2020-03-18 02:17:19,18,0.39,4.47,-20.0
2020-03-18 02:17:19,19,0.393,4.47,-20.0
2020-03-18 02:17:19,20,0.405,4.47,-20.0
2020-03-18 02:17:19,21,0.436,4.47,-20.0
2020-03-18 02:17:19,22,0.404,4.46,-20.0
2020-03-18 02:17:19,23,0.397,4.47,-20.0
2020-03-18 02:17:19,24,0.395,4.48,-20.0
2020-03-18 02:17:19,25,0.345,4.5,19.6
2020-03-18 02:17:19,26,0.406,4.5,-20.0
2020-03-18 02:17:19,27,0.458,4.45,-20.0
2020-03-18 02:17:19,28,0.435,4.46,-20.0
2020-03-18 02:17:19,29,0.418,4.46,-20.0
2020-03-18 02:17:19,30,0.331,4.46,-20.0
2020-03-18 02:17:19,31,0.329,4.46,-20.0
2020-03-18 02:17:19,32,0.345,4.48,-20.0
2020-03-18 02:17:19,33,0.424,4.48,-20.0
2020-03-18 02:17:19,34,0.35,4.47,-20.0
2020-03-18 02:17:19,35,0.328,4.5,-20.0
2020-03-18 02:17:19,36,0.378,4.47,20.0
2020-03-18 02:17:19,37,0.356,4.47,-20.0
2020-03-18 02:17:19,38,0.316,4.46,-20.0
2020-03-18 02:17:19,39,0.334,4.48,-20.0
2020-03-18 02:17:19,40,0.368,4.49,-20.0
2020-03-18 02:17:19,41,0.33,4.47,-20.0
2020-03-18 02:17:19,42,0.353,4.48,-20.0
2020-03-18 02:17:19,43,0.364,4.48,-20.0
2020-03-18 02:17:19,44,0.304,4.49,-20.0
2020-03-18 02:17:19,45,0.401,4.49,-20.0
2020-03-18 02:17:19,46,0.41,4.48,-20.0
2020-03-18 02:17:19,47,0.451,4.47,-20.0
2020-03-18 02:17:19,48,0.478,4.45,22.2
2020-03-18 02:17:19,49,0.439,4.48,-20.0
2020-03-18 02:17:19,50,0.382,4.46,-20.0
2020-03-18 02:17:19,51,0.406,4.46,-20.0
2020-03-18 02:17:19,52,0.35,4.45,-20.0
2020-03-18 02:17:19,53,0.387,4.45,-20.0
2020-03-18 02:17:19,54,0.363,4.42,-20.0
2020-03-18 02:17:19,55,0.329,4.42,-20.0
2020-03-18 02:17:19,56,0.388,4.41,-20.0
2020-03-18 02:17:19,57,0.398,4.44,-20.0
2020-03-18 02:17:19,58,0.375,4.46,-20.0
2020-03-18 02:17:19,59,0.366,4.5,19.2
2020-03-18 02:17:19,60,0.332,4.5,-20.0
2020-03-18 02:17:19,61,0.402,4.47,-20.0
2020-03-18 02:17:19,62,0.399,4.45,-20.0
2020-03-18 02:17:19,63,0.35,4.44,-20.0
2020-03-18 02:17:19,64,0.381,4.44,-20.0
2020-03-18 02:17:19,65,0.34,4.42,-20.0
2020-03-18 02:17:19,66,0.385,4.45,-20.0
2020-03-18 02:17:19,67,0.38,4.44,-20.0
2020-03-18 02:17:19,68,0.355,4.46,-20.0
2020-03-18 02:17:19,69,0.32,4.49,-20.0
2020-03-18 02:17:19,70,0.487,4.53,19.8
2020-03-18 02:17:19,71,0.299,4.45,-20.0
2020-03-18 02:17:19,72,0.34,4.44,-20.0
2020-03-18 02:17:19,73,0.362,4.5,-20.0
2020-03-18 02:17:19,74,0.355,4.47,-20.0
2020-03-18 02:17:19,75,0.408,4.49,-20.0
2020-03-18 02:17:19,76,0.451,4.53,-20.0
2020-03-18 02:17:19,77,0.392,4.53,-20.0
2020-03-18 02:17:19,78,0.349,4.52,-20.0
2020-03-18 02:17:19,79,0.374,4.5,-20.0
2020-03-18 02:17:19,80,0.42,4.49,-20.0
2020-03-18 02:17:19,81,0.37,4.46,-20.0
2020-03-18 02:17:19,82,0.336,4.46,-20.0
2020-03-18 02:17:19,83,0.387,4.47,-20.0
2020-03-18 02:17:19,84,0.366,4.51,-20.0
2020-03-18 02:17:19,85,0.389,4.46,-20.0
2020-03-18 02:17:19,86,0.352,4.48,-20.0
2020-03-18 02:17:19,87,0.368,4.51,-20.0
2020-03-18 02:17:19,88,0.483,4.49,-20.0
2020-03-18 02:17:19,89,0.471,4.46,-20.0
2020-03-18 02:17:19,90,0.424,4.45,-20.0
2020-03-18 02:17:19,91,0.427,4.5,-20.0
2020-03-18 02:17:19,92,0.368,4.51,-20.0
2020-03-18 02:17:19,93,0.483,4.49,-20.0
2020-03-18 02:17:19,94,0.471,4.46,-20.0
2020-03-18 02:17:19,95,0.424,4.45,-20.0
2020-03-18 02:17:19,96,0.427,4.5,-20.0
2020-03-18 14:16:32,1,0.442,4.53,-20.0
2020-03-18 14:16:32,2,0.416,4.54,-20.0
2020-03-18 14:16:32,3,0.444,4.49,-20.0
2020-03-18 14:16:32,4,0.436,4.53,-20.0
2020-03-18 14:16:32,5,0.368,4.52,-20.0
2020-03-18 14:16:32,6,0.391,4.48,-20.0
2020-03-18 14:16:32,7,0.379,4.51,-20.0
2020-03-18 14:16:32,8,0.413,4.46,-20.0
2020-03-18 14:16:32,9,0.394,4.49,-20.0
2020-03-18 14:16:32,10,0.398,4.45,-20.0
2020-03-18 14:16:32,11,0.369,4.45,-20.0
2020-03-18 14:16:32,12,0.4,4.47,22.2
2020-03-18 14:16:32,13,0.356,4.48,-20.0
2020-03-18 14:16:32,14,0.402,4.53,-20.0
2020-03-18 14:16:32,15,0.428,4.53,-20.0
2020-03-18 14:16:32,16,0.395,4.48,-20.0
2020-03-18 14:16:32,17,0.39,4.48,-20.0
2020-03-18 14:16:32,18,0.392,4.47,-20.0
2020-03-18 14:16:32,19,0.404,4.47,-20.0
2020-03-18 14:16:32,20,0.435,4.47,-20.0
2020-03-18 14:16:32,21,0.403,4.45,-20.0
2020-03-18 14:16:32,22,0.396,4.48,-20.0
2020-03-18 14:16:32,23,0.395,4.49,-20.0
2020-03-18 14:16:32,24,0.342,4.5,19.8
2020-03-18 14:16:32,25,0.409,4.48,-20.0
2020-03-18 14:16:32,26,0.452,4.46,-20.0
2020-03-18 14:16:32,27,0.431,4.47,-20.0
2020-03-18 14:16:32,28,0.416,4.45,-20.0
2020-03-18 14:16:32,29,0.33,4.47,-20.0
2020-03-18 14:16:32,30,0.331,4.46,-20.0
2020-03-18 14:16:32,31,0.343,4.46,-20.0
2020-03-18 14:16:32,32,0.421,4.48,-20.0
2020-03-18 14:16:32,33,0.375,4.49,-20.0
2020-03-18 14:16:32,34,0.352,4.49,-20.0
2020-03-18 14:16:32,35,0.328,4.5,-20.0
2020-03-18 14:16:32,36,0.388,4.47,20.1
2020-03-18 14:16:32,37,0.366,4.48,-20.0
2020-03-18 14:16:32,38,0.318,4.47,-20.0
2020-03-18 14:16:32,39,0.332,4.47,-20.0
2020-03-18 14:16:32,40,0.366,4.49,-20.0
2020-03-18 14:16:32,41,0.32,4.47,-20.0
2020-03-18 14:16:32,42,0.356,4.48,-20.0
2020-03-18 14:16:32,43,0.367,4.48,-20.0
2020-03-18 14:16:32,44,0.305,4.5,-20.0
2020-03-18 14:16:32,45,0.4,4.49,-20.0
2020-03-18 14:16:32,46,0.406,4.48,-20.0
2020-03-18 14:16:32,47,0.48,4.45,22.2
2020-03-18 14:16:32,48,0.438,4.48,-20.0
2020-03-18 14:16:32,49,0.383,4.46,-20.0
2020-03-18 14:16:32,50,0.407,4.45,-20.0
2020-03-18 14:16:32,51,0.348,4.43,-20.0
2020-03-18 14:16:32,52,0.386,4.46,-20.0
2020-03-18 14:16:32,53,0.359,4.42,-20.0
2020-03-18 14:16:32,54,0.327,4.41,-20.0
2020-03-18 14:16:32,55,0.396,4.42,-20.0
2020-03-18 14:16:32,56,0.389,4.42,-20.0
2020-03-18 14:16:32,57,0.397,4.44,-20.0
2020-03-18 14:16:32,58,0.38,4.46,-20.0
2020-03-18 14:16:32,59,0.363,4.5,19.4
2020-03-18 14:16:32,60,0.333,4.5,-20.0
2020-03-18 14:16:32,61,0.387,4.44,-20.0
2020-03-18 14:16:32,62,0.349,4.44,-20.0
2020-03-18 14:16:32,63,0.384,4.44,-20.0
2020-03-18 14:16:32,64,0.337,4.42,-20.0
2020-03-18 14:16:32,65,0.391,4.45,-20.0
2020-03-18 14:16:32,66,0.379,4.44,-20.0
2020-03-18 14:16:32,67,0.36,4.46,-20.0
2020-03-18 14:16:32,68,0.32,4.48,-20.0
2020-03-18 14:16:32,69,0.413,4.49,-20.0
2020-03-18 14:16:32,70,0.48,4.52,19.8
2020-03-18 14:16:32,71,0.435,4.5,-20.0
2020-03-18 14:16:32,72,0.421,4.46,-20.0
2020-03-18 14:16:32,73,0.34,4.44,-20.0
2020-03-18 14:16:32,74,0.361,4.49,-20.0
2020-03-18 14:16:32,75,0.354,4.46,-20.0
2020-03-18 14:16:32,76,0.406,4.5,-20.0
2020-03-18 14:16:32,77,0.448,4.54,-20.0
2020-03-18 14:16:32,78,0.392,4.53,-20.0
2020-03-18 14:16:32,79,0.351,4.51,-20.0
2020-03-18 14:16:32,80,0.37,4.51,-20.0
2020-03-18 14:16:32,81,0.372,4.48,21.2
2020-03-18 14:16:32,82,0.371,4.46,-20.0
2020-03-18 14:16:32,83,0.337,4.45,-20.0
2020-03-18 14:16:32,84,0.385,4.48,-20.0
2020-03-18 14:16:32,85,0.366,4.52,-20.0
2020-03-18 14:16:32,86,0.387,4.46,-20.0
2020-03-18 14:16:32,87,0.351,4.49,-20.0
2020-03-18 14:16:32,88,0.371,4.51,-20.0
2020-03-18 14:16:32,89,0.482,4.48,-20.0
2020-03-18 14:16:32,90,0.467,4.47,-20.0
2020-03-18 14:16:32,91,0.422,4.45,-20.0
2020-03-18 14:16:32,92,0.429,4.5,-20.0
2020-03-18 14:16:32,93,0.482,4.49,-20.0
2020-03-18 14:16:32,94,0.467,4.47,-20.0
2020-03-18 14:16:32,95,0.422,4.45,-20.0
2020-03-18 14:16:32,96,0.429,4.51,-20.0
2020-03-19 02:15:50,1,0.435,4.5,23.3
2020-03-19 02:15:50,2,0.444,4.52,-20.0
2020-03-19 02:15:50,3,0.417,4.53,-20.0
2020-03-19 02:15:50,4,0.444,4.48,-20.0
2020-03-19 02:15:50,5,0.438,4.54,-20.0
2020-03-19 02:15:50,6,0.368,4.52,-20.0
2020-03-19 02:15:50,7,0.395,4.48,-20.0
2020-03-19 02:15:50,8,0.381,4.5,-20.0
2020-03-19 02:15:50,9,0.411,4.47,-20.0
2020-03-19 02:15:50,10,0.396,4.49,-20.0
2020-03-19 02:15:50,11,0.396,4.44,-20.0
2020-03-19 02:15:50,12,0.368,4.45,-20.0
2020-03-19 02:15:50,13,0.4,4.47,22.2
2020-03-19 02:15:50,14,0.361,4.48,-20.0
2020-03-19 02:15:50,15,0.401,4.52,-20.0
2020-03-19 02:15:50,16,0.427,4.53,-20.0
2020-03-19 02:15:50,17,0.392,4.48,-20.0
2020-03-19 02:15:50,18,0.385,4.49,-20.0
2020-03-19 02:15:50,19,0.39,4.47,-20.0
2020-03-19 02:15:50,20,0.407,4.48,-20.0
2020-03-19 02:15:50,21,0.434,4.47,-20.0
2020-03-19 02:15:50,22,0.365,4.46,-20.0
2020-03-19 02:15:50,23,0.391,4.47,-20.0
2020-03-19 02:15:50,24,0.387,4.48,-20.0
2020-03-19 02:15:50,25,0.343,4.49,19.4
2020-03-19 02:15:50,26,0.406,4.49,-20.0
2020-03-19 02:15:50,27,0.434,4.45,-20.0
2020-03-19 02:15:50,28,0.428,4.46,-20.0
2020-03-19 02:15:50,29,0.404,4.45,-20.0
2020-03-19 02:15:50,30,0.323,4.46,-20.0
2020-03-19 02:15:50,31,0.327,4.46,-20.0
2020-03-19 02:15:50,32,0.325,4.46,-20.0
2020-03-19 02:15:50,33,0.413,4.47,-20.0
2020-03-19 02:15:50,34,0.351,4.49,-20.0
2020-03-19 02:15:50,35,0.349,4.48,-20.0
2020-03-19 02:15:50,36,0.326,4.5,-20.0
2020-03-19 02:15:50,37,0.396,4.48,19.8
2020-03-19 02:15:50,38,0.371,4.48,-20.0
2020-03-19 02:15:50,39,0.322,4.46,-20.0
2020-03-19 02:15:50,40,0.368,4.5,-20.0
2020-03-19 02:15:50,41,0.328,4.47,-20.0
2020-03-19 02:15:50,42,0.364,4.49,-20.0
2020-03-19 02:15:50,43,0.372,4.48,-20.0
2020-03-19 02:15:50,44,0.399,4.49,-20.0
2020-03-19 02:15:50,45,0.413,4.48,-20.0
2020-03-19 02:15:50,46,0.446,4.48,-20.0
2020-03-19 02:15:50,47,0.481,4.45,22.3
2020-03-19 02:15:50,48,0.444,4.48,-20.0
2020-03-19 02:15:50,49,0.384,4.47,-20.0
2020-03-19 02:15:50,50,0.404,4.46,-20.0
2020-03-19 02:15:50,51,0.352,4.45,-20.0
2020-03-19 02:15:50,52,0.383,4.45,-20.0
2020-03-19 02:15:50,53,0.358,4.42,-20.0
2020-03-19 02:15:50,54,0.327,4.42,-20.0
2020-03-19 02:15:50,55,0.391,4.42,-20.0
2020-03-19 02:15:50,56,0.386,4.42,-20.0
2020-03-19 02:15:50,57,0.392,4.44,-20.0
2020-03-19 02:15:50,58,0.372,4.45,-20.0
2020-03-19 02:15:50,59,0.367,4.5,19.1
2020-03-19 02:15:50,60,0.391,4.47,-20.0
2020-03-19 02:15:50,61,0.388,4.45,-20.0
2020-03-19 02:15:50,62,0.341,4.44,-20.0
2020-03-19 02:15:50,63,0.384,4.44,-20.0
2020-03-19 02:15:50,64,0.337,4.42,-20.0
2020-03-19 02:15:50,65,0.394,4.44,-20.0
2020-03-19 02:15:50,66,0.386,4.44,-20.0
2020-03-19 02:15:50,67,0.364,4.46,-20.0
2020-03-19 02:15:50,68,0.322,4.49,-20.0
2020-03-19 02:15:50,69,0.412,4.49,-20.0
2020-03-19 02:15:50,70,0.479,4.52,19.5
2020-03-19 02:15:50,71,0.436,4.5,-20.0
2020-03-19 02:15:50,72,0.422,4.46,-20.0
2020-03-19 02:15:50,73,0.339,4.44,-20.0
2020-03-19 02:15:50,74,0.36,4.49,-20.0
2020-03-19 02:15:50,75,0.354,4.47,-20.0
2020-03-19 02:15:50,76,0.399,4.5,-20.0
2020-03-19 02:15:50,77,0.442,4.52,-20.0
2020-03-19 02:15:50,78,0.389,4.53,-20.0
2020-03-19 02:15:50,79,0.351,4.51,-20.0
2020-03-19 02:15:50,80,0.363,4.5,-20.0
2020-03-19 02:15:50,81,0.413,4.49,-20.0
2020-03-19 02:15:50,82,0.372,4.47,21.0
2020-03-19 02:15:50,83,0.371,4.45,-20.0
2020-03-19 02:15:50,84,0.337,4.45,-20.0
2020-03-19 02:15:50,85,0.386,4.46,-20.0
2020-03-19 02:15:50,86,0.369,4.52,-20.0
2020-03-19 02:15:50,87,0.389,4.47,-20.0
2020-03-19 02:15:50,88,0.352,4.48,-20.0
2020-03-19 02:15:50,89,0.481,4.49,-20.0
2020-03-19 02:15:50,90,0.469,4.48,-20.0
2020-03-19 02:15:50,91,0.425,4.45,-20.0
2020-03-19 02:15:50,92,0.429,4.49,-20.0
2020-03-19 02:15:50,93,0.481,4.49,-20.0
2020-03-19 02:15:50,94,0.469,4.47,-20.0
2020-03-19 02:15:50,95,0.425,4.45,-20.0
2020-03-19 02:15:50,96,0.429,4.49,-20.0
2020-03-19 14:15:14,1,0.432,4.5,23.3
2020-03-19 14:15:14,2,0.442,4.52,-20.0
2020-03-19 14:15:14,3,0.414,4.54,-20.0
2020-03-19 14:15:14,4,0.444,4.49,-20.0
2020-03-19 14:15:14,5,0.438,4.53,-20.0
2020-03-19 14:15:14,6,0.37,4.51,-20.0
2020-03-19 14:15:14,7,0.395,4.49,-20.0
2020-03-19 14:15:14,8,0.378,4.5,-20.0
2020-03-19 14:15:14,9,0.411,4.47,-20.0
2020-03-19 14:15:14,10,0.395,4.48,-20.0
2020-03-19 14:15:14,11,0.396,4.44,-20.0
2020-03-19 14:15:14,12,0.368,4.45,-20.0
2020-03-19 14:15:14,13,0.402,4.48,22.1
2020-03-19 14:15:14,14,0.358,4.49,-20.0
2020-03-19 14:15:14,15,0.401,4.53,-20.0
2020-03-19 14:15:14,16,0.431,4.52,-20.0
2020-03-19 14:15:14,17,0.389,4.48,-20.0
2020-03-19 14:15:14,18,0.388,4.48,-20.0
2020-03-19 14:15:14,19,0.392,4.47,-20.0
2020-03-19 14:15:14,20,0.406,4.47,-20.0
2020-03-19 14:15:14,21,0.431,4.47,-20.0
2020-03-19 14:15:14,22,0.369,4.46,-20.0
2020-03-19 14:15:14,23,0.386,4.47,-20.0
2020-03-19 14:15:14,24,0.394,4.47,-20.0
2020-03-19 14:15:14,25,0.342,4.5,19.1
2020-03-19 14:15:14,26,0.403,4.49,-20.0
2020-03-19 14:15:14,27,0.434,4.46,-20.0
2020-03-19 14:15:14,28,0.423,4.45,-20.0
2020-03-19 14:15:14,29,0.401,4.45,-20.0
2020-03-19 14:15:14,30,0.323,4.48,-20.0
2020-03-19 14:15:14,31,0.325,4.45,-20.0
2020-03-19 14:15:14,32,0.329,4.46,-20.0
2020-03-19 14:15:14,33,0.41,4.48,-20.0
2020-03-19 14:15:14,34,0.349,4.48,-20.0
2020-03-19 14:15:14,35,0.349,4.47,-20.0
2020-03-19 14:15:14,36,0.331,4.51,-20.0
2020-03-19 14:15:14,37,0.329,4.47,-20.0
2020-03-19 14:15:14,38,0.374,4.49,-20.0
2020-03-19 14:15:14,39,0.335,4.47,-20.0
2020-03-19 14:15:14,40,0.373,4.48,-20.0
2020-03-19 14:15:14,41,0.379,4.49,-20.0
2020-03-19 14:15:14,42,0.305,4.49,-20.0
2020-03-19 14:15:14,43,0.396,4.5,-20.0
2020-03-19 14:15:14,44,0.408,4.49,-20.0
2020-03-19 14:15:14,45,0.446,4.48,-20.0
2020-03-19 14:15:14,46,0.485,4.46,22.1
2020-03-19 14:15:14,47,0.451,4.48,-20.0
2020-03-19 14:15:14,48,0.382,4.47,-20.0
2020-03-19 14:15:14,49,0.405,4.46,-20.0
2020-03-19 14:15:14,50,0.344,4.44,-20.0
2020-03-19 14:15:14,51,0.395,4.46,-20.0
2020-03-19 14:15:14,52,0.353,4.42,-20.0
2020-03-19 14:15:14,53,0.325,4.42,-20.0
2020-03-19 14:15:14,54,0.39,4.42,-20.0
2020-03-19 14:15:14,55,0.398,4.42,-20.0
2020-03-19 14:15:14,56,0.391,4.44,-20.0
2020-03-19 14:15:14,57,0.382,4.46,-20.0
2020-03-19 14:15:14,58,0.368,4.5,18.8
2020-03-19 14:15:14,59,0.333,4.5,-20.0
2020-03-19 14:15:14,60,0.386,4.45,-20.0
2020-03-19 14:15:14,61,0.334,4.44,-20.0
2020-03-19 14:15:14,62,0.386,4.44,-20.0
2020-03-19 14:15:14,63,0.341,4.42,-20.0
2020-03-19 14:15:14,64,0.394,4.45,-20.0
2020-03-19 14:15:14,65,0.363,4.46,-20.0
2020-03-19 14:15:14,66,0.323,4.49,-20.0
2020-03-19 14:15:14,67,0.412,4.49,-20.0
2020-03-19 14:15:14,68,0.478,4.52,19.1
2020-03-19 14:15:14,69,0.434,4.49,-20.0
2020-03-19 14:15:14,70,0.425,4.46,-20.0
2020-03-19 14:15:14,71,0.34,4.44,-20.0
2020-03-19 14:15:14,72,0.363,4.48,-20.0
2020-03-19 14:15:14,73,0.358,4.47,-20.0
2020-03-19 14:15:14,74,0.396,4.5,-20.0
2020-03-19 14:15:14,75,0.44,4.53,-20.0
2020-03-19 14:15:14,76,0.389,4.53,-20.0
2020-03-19 14:15:14,77,0.351,4.51,-20.0
2020-03-19 14:15:14,78,0.362,4.51,-20.0
2020-03-19 14:15:14,79,0.414,4.49,-20.0
2020-03-19 14:15:14,80,0.373,4.46,-20.0
2020-03-19 14:15:14,81,0.335,4.45,-20.0
2020-03-19 14:15:14,82,0.386,4.47,-20.0
2020-03-19 14:15:14,83,0.371,4.52,-20.0
2020-03-19 14:15:14,84,0.392,4.46,-20.0
2020-03-19 14:15:14,85,0.351,4.48,-20.0
2020-03-19 14:15:14,86,0.481,4.49,-20.0
2020-03-19 14:15:14,87,0.467,4.47,-20.0
2020-03-19 14:15:14,88,0.424,4.45,-20.0
2020-03-19 14:15:14,89,0.431,4.49,-20.0
2020-03-19 14:15:14,90,0.392,4.46,-20.0
2020-03-19 14:15:14,91,0.351,4.49,-20.0
2020-03-19 14:15:14,92,0.367,4.52,-20.0
2020-03-19 14:15:14,93,0.481,4.49,-20.0
2020-03-19 14:15:14,94,0.467,4.48,-20.0
2020-03-19 14:15:14,95,0.424,4.45,-20.0
2020-03-19 14:15:14,96,0.431,4.5,-20.0
2020-03-20 02:14:43,1,0.431,4.49,23.3
2020-03-20 02:14:43,2,0.442,4.52,-20.0
2020-03-20 02:14:43,3,0.414,4.54,-20.0
2020-03-20 02:14:43,4,0.445,4.48,-20.0
2020-03-20 02:14:43,5,0.439,4.54,-20.0
2020-03-20 02:14:43,6,0.37,4.52,-20.0
2020-03-20 02:14:43,7,0.392,4.49,-20.0
2020-03-20 02:14:43,8,0.375,4.5,-20.0
2020-03-20 02:14:43,9,0.409,4.47,-20.0
2020-03-20 02:14:43,10,0.392,4.48,-20.0
2020-03-20 02:14:43,11,0.396,4.45,-20.0
2020-03-20 02:14:43,12,0.366,4.45,-20.0
2020-03-20 02:14:43,13,0.4,4.46,22.1
2020-03-20 02:14:43,14,0.356,4.48,-20.0
2020-03-20 02:14:43,15,0.402,4.53,-20.0
2020-03-20 02:14:43,16,0.427,4.53,-20.0
2020-03-20 02:14:43,17,0.39,4.49,-20.0
2020-03-20 02:14:43,18,0.395,4.49,-20.0
2020-03-20 02:14:43,19,0.391,4.48,-20.0
2020-03-20 02:14:43,20,0.402,4.47,-20.0
2020-03-20 02:14:43,21,0.429,4.47,-20.0
2020-03-20 02:14:43,22,0.426,4.46,-20.0
2020-03-20 02:14:43,23,0.383,4.47,-20.0
2020-03-20 02:14:43,24,0.389,4.48,-20.0
2020-03-20 02:14:43,25,0.341,4.49,19.5
2020-03-20 02:14:43,26,0.399,4.49,-20.0
2020-03-20 02:14:43,27,0.426,4.45,-20.0
2020-03-20 02:14:43,28,0.419,4.45,-20.0
2020-03-20 02:14:43,29,0.392,4.46,-20.0
2020-03-20 02:14:43,30,0.321,4.46,-20.0
2020-03-20 02:14:43,31,0.324,4.45,-20.0
2020-03-20 02:14:43,32,0.335,4.46,-20.0
2020-03-20 02:14:43,33,0.412,4.47,-20.0
2020-03-20 02:14:43,34,0.356,4.48,-20.0
2020-03-20 02:14:43,35,0.349,4.48,-20.0
2020-03-20 02:14:43,36,0.328,4.51,-20.0
2020-03-20 02:14:43,37,0.405,4.48,19.9
2020-03-20 02:14:43,38,0.326,4.46,-20.0
2020-03-20 02:14:43,39,0.331,4.46,-20.0
2020-03-20 02:14:43,40,0.373,4.49,-20.0
2020-03-20 02:14:43,41,0.339,4.47,-20.0
2020-03-20 02:14:43,42,0.375,4.48,-20.0
2020-03-20 02:14:43,43,0.381,4.49,-20.0
2020-03-20 02:14:43,44,0.304,4.51,-20.0
2020-03-20 02:14:43,45,0.396,4.49,-20.0
2020-03-20 02:14:43,46,0.41,4.48,-20.0
2020-03-20 02:14:43,47,0.451,4.47,-20.0
2020-03-20 02:14:43,48,0.454,4.48,-20.0
2020-03-20 02:14:43,49,0.379,4.47,-20.0
2020-03-20 02:14:43,50,0.405,4.46,-20.0
2020-03-20 02:14:43,51,0.356,4.45,-20.0
2020-03-20 02:14:43,52,0.396,4.45,-20.0
2020-03-20 02:14:43,53,0.359,4.42,-20.0
2020-03-20 02:14:43,54,0.324,4.42,-20.0
2020-03-20 02:14:43,55,0.392,4.42,-20.0
2020-03-20 02:14:43,56,0.403,4.42,-20.0
2020-03-20 02:14:43,57,0.393,4.43,-20.0
2020-03-20 02:14:43,58,0.367,4.5,19.2
2020-03-20 02:14:43,59,0.332,4.5,-20.0
2020-03-20 02:14:43,60,0.383,4.47,-20.0
2020-03-20 02:14:43,61,0.383,4.46,-20.0
2020-03-20 02:14:43,62,0.323,4.44,-20.0
2020-03-20 02:14:43,63,0.386,4.44,-20.0
2020-03-20 02:14:43,64,0.338,4.42,-20.0
2020-03-20 02:14:43,65,0.404,4.44,-20.0
2020-03-20 02:14:43,66,0.392,4.44,-20.0
2020-03-20 02:14:43,67,0.335,4.46,-20.0
2020-03-20 02:14:43,68,0.323,4.5,-20.0
2020-03-20 02:14:43,69,0.41,4.49,-20.0
2020-03-20 02:14:43,70,0.469,4.52,19.7
2020-03-20 02:14:43,71,0.424,4.5,-20.0
2020-03-20 02:14:43,72,0.425,4.46,-20.0
2020-03-20 02:14:43,73,0.338,4.43,-20.0
2020-03-20 02:14:43,74,0.36,4.48,-20.0
2020-03-20 02:14:43,75,0.351,4.46,-20.0
2020-03-20 02:14:43,76,0.453,4.53,-20.0
2020-03-20 02:14:43,77,0.389,4.54,-20.0
2020-03-20 02:14:43,78,0.35,4.51,-20.0
2020-03-20 02:14:43,79,0.362,4.51,-20.0
2020-03-20 02:14:43,80,0.417,4.49,-20.0
2020-03-20 02:14:43,81,0.379,4.48,21.1
2020-03-20 02:14:43,82,0.339,4.45,-20.0
2020-03-20 02:14:43,83,0.391,4.47,-20.0
2020-03-20 02:14:43,84,0.371,4.52,-20.0
2020-03-20 02:14:43,85,0.396,4.47,-20.0
2020-03-20 02:14:43,86,0.348,4.48,-20.0
2020-03-20 02:14:43,87,0.364,4.51,-20.0
2020-03-20 02:14:43,88,0.482,4.49,-20.0
2020-03-20 02:14:43,89,0.466,4.47,-20.0
2020-03-20 02:14:43,90,0.428,4.46,-20.0
2020-03-20 02:14:43,91,0.43,4.5,-20.0
2020-03-20 02:14:43,92,0.364,4.52,-20.0
2020-03-20 02:14:43,93,0.482,4.49,-20.0
2020-03-20 02:14:43,94,0.466,4.47,-20.0
2020-03-20 02:14:43,95,0.428,4.45,-20.0
2020-03-20 02:14:43,96,0.43,4.5,-20.0
2020-03-20 14:13:52,1,0.432,4.5,23.5
2020-03-20 14:13:52,2,0.444,4.52,-20.0
2020-03-20 14:13:52,3,0.418,4.54,-20.0
2020-03-20 14:13:52,4,0.445,4.49,-20.0
2020-03-20 14:13:52,5,0.438,4.53,-20.0
2020-03-20 14:13:52,6,0.371,4.51,-20.0
2020-03-20 14:13:52,7,0.398,4.49,-20.0
2020-03-20 14:13:52,8,0.38,4.51,-20.0
2020-03-20 14:13:52,9,0.413,4.47,-20.0
2020-03-20 14:13:52,10,0.389,4.48,-20.0
2020-03-20 14:13:52,11,0.396,4.45,-20.0
2020-03-20 14:13:52,12,0.371,4.45,-20.0
2020-03-20 14:13:52,13,0.41,4.47,22.5
2020-03-20 14:13:52,14,0.36,4.48,-20.0
2020-03-20 14:13:52,15,0.402,4.52,-20.0
2020-03-20 14:13:52,16,0.426,4.53,-20.0
2020-03-20 14:13:52,17,0.395,4.48,-20.0
2020-03-20 14:13:52,18,0.399,4.49,-20.0
2020-03-20 14:13:52,19,0.395,4.47,-20.0
2020-03-20 14:13:52,20,0.4,4.46,-20.0
2020-03-20 14:13:52,21,0.428,4.47,-20.0
2020-03-20 14:13:52,22,0.422,4.46,-20.0
2020-03-20 14:13:52,23,0.387,4.48,-20.0
2020-03-20 14:13:52,24,0.387,4.47,-20.0
2020-03-20 14:13:52,25,0.338,4.5,20.1
2020-03-20 14:13:52,26,0.401,4.48,-20.0
2020-03-20 14:13:52,27,0.443,4.45,-20.0
2020-03-20 14:13:52,28,0.432,4.45,-20.0
2020-03-20 14:13:52,29,0.404,4.45,-20.0
2020-03-20 14:13:52,30,0.324,4.46,-20.0
2020-03-20 14:13:52,31,0.326,4.45,-20.0
2020-03-20 14:13:52,32,0.342,4.45,-20.0
2020-03-20 14:13:52,33,0.418,4.47,-20.0
2020-03-20 14:13:52,34,0.36,4.48,-20.0
2020-03-20 14:13:52,35,0.323,4.5,-20.0
2020-03-20 14:13:52,36,0.397,4.47,20.5
2020-03-20 14:13:52,37,0.373,4.49,-20.0
2020-03-20 14:13:52,38,0.328,4.46,-20.0
2020-03-20 14:13:52,39,0.331,4.47,-20.0
2020-03-20 14:13:52,40,0.373,4.49,-20.0
2020-03-20 14:13:52,41,0.342,4.47,-20.0
2020-03-20 14:13:52,42,0.381,4.49,-20.0
2020-03-20 14:13:52,43,0.379,4.48,-20.0
2020-03-20 14:13:52,44,0.303,4.49,-20.0
2020-03-20 14:13:52,45,0.405,4.48,-20.0
2020-03-20 14:13:52,46,0.452,4.47,-20.0
2020-03-20 14:13:52,47,0.484,4.44,22.4
2020-03-20 14:13:52,48,0.435,4.48,-20.0
2020-03-20 14:13:52,49,0.38,4.46,-20.0
2020-03-20 14:13:52,50,0.407,4.46,-20.0
2020-03-20 14:13:52,51,0.363,4.45,-20.0
2020-03-20 14:13:52,52,0.406,4.45,-20.0
2020-03-20 14:13:52,53,0.364,4.43,-20.0
2020-03-20 14:13:52,54,0.326,4.42,-20.0
2020-03-20 14:13:52,55,0.391,4.42,-20.0
2020-03-20 14:13:52,56,0.384,4.42,-20.0
2020-03-20 14:13:52,57,0.41,4.44,-20.0
2020-03-20 14:13:52,58,0.388,4.46,-20.0
2020-03-20 14:13:52,59,0.364,4.49,19.8
2020-03-20 14:13:52,60,0.333,4.5,-20.0
2020-03-20 14:13:52,61,0.407,4.48,-20.0
2020-03-20 14:13:52,62,0.407,4.44,-20.0
2020-03-20 14:13:52,63,0.345,4.44,-20.0
2020-03-20 14:13:52,64,0.39,4.44,-20.0
2020-03-20 14:13:52,65,0.337,4.41,-20.0
2020-03-20 14:13:52,66,0.407,4.45,-20.0
2020-03-20 14:13:52,67,0.398,4.45,-20.0
2020-03-20 14:13:52,68,0.355,4.46,-20.0
2020-03-20 14:13:52,69,0.323,4.48,-20.0
2020-03-20 14:13:52,70,0.411,4.48,-20.0
2020-03-20 14:13:52,71,0.464,4.53,20.2
2020-03-20 14:13:52,72,0.429,4.51,-20.0
2020-03-20 14:13:52,73,0.429,4.46,-20.0
2020-03-20 14:13:52,74,0.338,4.44,-20.0
2020-03-20 14:13:52,75,0.391,4.5,-20.0
2020-03-20 14:13:52,76,0.449,4.53,-20.0
2020-03-20 14:13:52,77,0.388,4.53,-20.0
2020-03-20 14:13:52,78,0.349,4.51,-20.0
2020-03-20 14:13:52,79,0.365,4.5,-20.0
2020-03-20 14:13:52,80,0.417,4.49,-20.0
2020-03-20 14:13:52,81,0.38,4.48,21.4
2020-03-20 14:13:52,82,0.372,4.45,-20.0
2020-03-20 14:13:52,83,0.338,4.46,-20.0
2020-03-20 14:13:52,84,0.396,4.47,-20.0
2020-03-20 14:13:52,85,0.372,4.52,-20.0
2020-03-20 14:13:52,86,0.397,4.47,-20.0
2020-03-20 14:13:52,87,0.349,4.49,-20.0
2020-03-20 14:13:52,88,0.365,4.51,-20.0
2020-03-20 14:13:52,89,0.481,4.49,-20.0
2020-03-20 14:13:52,90,0.425,4.45,-20.0
2020-03-20 14:13:52,91,0.425,4.5,-20.0
2020-03-20 14:13:52,92,0.365,4.5,-20.0
2020-03-20 14:13:52,93,0.481,4.48,-20.0
2020-03-20 14:13:52,94,0.464,4.47,-20.0
2020-03-20 14:13:52,95,0.425,4.45,-20.0
2020-03-20 14:13:52,96,0.425,4.5,-20.0
2020-03-21 02:13:12,1,0.434,4.51,23.5
2020-03-21 02:13:12,2,0.439,4.53,-20.0
2020-03-21 02:13:12,3,0.416,4.53,-20.0
2020-03-21 02:13:12,4,0.445,4.49,-20.0
2020-03-21 02:13:12,5,0.44,4.5,-20.0
2020-03-21 02:13:12,6,0.371,4.49,-20.0
2020-03-21 02:13:12,7,0.397,4.49,-20.0
2020-03-21 02:13:12,8,0.383,4.51,-20.0
2020-03-21 02:13:12,9,0.41,4.47,-20.0
2020-03-21 02:13:12,10,0.389,4.5,-20.0
2020-03-21 02:13:12,11,0.395,4.45,-20.0
2020-03-21 02:13:12,12,0.364,4.46,-20.0
2020-03-21 02:13:12,13,0.409,4.47,22.6
2020-03-21 02:13:12,14,0.362,4.48,-20.0
2020-03-21 02:13:12,15,0.397,4.51,-20.0
2020-03-21 02:13:12,16,0.419,4.53,-20.0
2020-03-21 02:13:12,17,0.395,4.48,-20.0
2020-03-21 02:13:12,18,0.392,4.48,-20.0
2020-03-21 02:13:12,19,0.389,4.47,-20.0
2020-03-21 02:13:12,20,0.399,4.48,-20.0
2020-03-21 02:13:12,21,0.428,4.48,-20.0
2020-03-21 02:13:12,22,0.416,4.46,-20.0
2020-03-21 02:13:12,23,0.385,4.47,-20.0
2020-03-21 02:13:12,24,0.387,4.47,-20.0
2020-03-21 02:13:12,25,0.335,4.49,20.4
2020-03-21 02:13:12,26,0.403,4.47,-20.0
2020-03-21 02:13:12,27,0.45,4.45,-20.0
2020-03-21 02:13:12,28,0.431,4.47,-20.0
2020-03-21 02:13:12,29,0.407,4.46,-20.0
2020-03-21 02:13:12,30,0.324,4.47,-20.0
2020-03-21 02:13:12,31,0.328,4.45,-20.0
2020-03-21 02:13:12,32,0.346,4.46,-20.0
2020-03-21 02:13:12,33,0.418,4.47,-20.0
2020-03-21 02:13:12,34,0.362,4.5,-20.0
2020-03-21 02:13:12,35,0.349,4.47,-20.0
2020-03-21 02:13:12,36,0.322,4.49,-20.0
2020-03-21 02:13:12,37,0.399,4.48,20.8
2020-03-21 02:13:12,38,0.328,4.47,-20.0
2020-03-21 02:13:12,39,0.332,4.47,-20.0
2020-03-21 02:13:12,40,0.368,4.49,-20.0
2020-03-21 02:13:12,41,0.345,4.47,-20.0
2020-03-21 02:13:12,42,0.381,4.49,-20.0
2020-03-21 02:13:12,43,0.382,4.48,-20.0
2020-03-21 02:13:12,44,0.302,4.49,-20.0
2020-03-21 02:13:12,45,0.388,4.48,-20.0
2020-03-21 02:13:12,46,0.454,4.48,-20.0
2020-03-21 02:13:12,47,0.484,4.45,22.9
2020-03-21 02:13:12,48,0.434,4.47,-20.0
2020-03-21 02:13:12,49,0.377,4.46,-20.0
2020-03-21 02:13:12,50,0.405,4.46,-20.0
2020-03-21 02:13:12,51,0.36,4.45,-20.0
2020-03-21 02:13:12,52,0.4,4.46,-20.0
2020-03-21 02:13:12,53,0.366,4.42,-20.0
2020-03-21 02:13:12,54,0.327,4.42,-20.0
2020-03-21 02:13:12,55,0.39,4.42,-20.0
2020-03-21 02:13:12,56,0.386,4.42,-20.0
2020-03-21 02:13:12,57,0.406,4.44,-20.0
2020-03-21 02:13:12,58,0.38,4.45,-20.0
2020-03-21 02:13:12,59,0.362,4.48,20.3
2020-03-21 02:13:12,60,0.333,4.49,-20.0
2020-03-21 02:13:12,61,0.395,4.45,-20.0
2020-03-21 02:13:12,62,0.33,4.45,-20.0
2020-03-21 02:13:12,63,0.382,4.45,-20.0
2020-03-21 02:13:12,64,0.396,4.45,-20.0
2020-03-21 02:13:12,65,0.397,4.44,-20.0
2020-03-21 02:13:12,66,0.349,4.46,-20.0
2020-03-21 02:13:12,67,0.321,4.47,-20.0
2020-03-21 02:13:12,68,0.409,4.48,-20.0
2020-03-21 02:13:12,69,0.427,4.47,-20.0
2020-03-21 02:13:12,70,0.34,4.44,-20.0
2020-03-21 02:13:12,71,0.354,4.51,-20.0
2020-03-21 02:13:12,72,0.358,4.46,-20.0
2020-03-21 02:13:12,73,0.392,4.5,-20.0
2020-03-21 02:13:12,74,0.449,4.53,-20.0
2020-03-21 02:13:12,75,0.391,4.52,-20.0
2020-03-21 02:13:12,76,0.349,4.51,-20.0
2020-03-21 02:13:12,77,0.361,4.51,-20.0
2020-03-21 02:13:12,78,0.414,4.49,-20.0
2020-03-21 02:13:12,79,0.381,4.48,22.1
2020-03-21 02:13:12,80,0.37,4.46,-20.0
2020-03-21 02:13:12,81,0.339,4.46,-20.0
2020-03-21 02:13:12,82,0.395,4.48,-20.0
2020-03-21 02:13:12,83,0.371,4.51,-20.0
2020-03-21 02:13:12,84,0.396,4.46,-20.0
2020-03-21 02:13:12,85,0.351,4.48,-20.0
2020-03-21 02:13:12,86,0.365,4.49,-20.0
2020-03-21 02:13:12,87,0.481,4.48,-20.0
2020-03-21 02:13:12,88,0.464,4.46,-20.0
2020-03-21 02:13:12,89,0.426,4.45,-20.0
2020-03-21 02:13:12,90,0.425,4.51,-20.0
2020-03-21 02:13:12,91,0.351,4.48,-20.0
2020-03-21 02:13:12,92,0.365,4.49,-20.0
2020-03-21 02:13:12,93,0.481,4.49,-20.0
2020-03-21 02:13:12,94,0.464,4.45,-20.0
2020-03-21 02:13:12,95,0.426,4.45,-20.0
2020-03-21 02:13:12,96,0.425,4.51,-20.0
2020-03-21 14:12:17,1,0.433,4.51,23.6
2020-03-21 14:12:17,2,0.441,4.53,-20.0
2020-03-21 14:12:17,3,0.417,4.55,-20.0
2020-03-21 14:12:17,4,0.445,4.49,-20.0
2020-03-21 14:12:17,5,0.437,4.51,-20.0
2020-03-21 14:12:17,6,0.37,4.5,-20.0
2020-03-21 14:12:17,7,0.397,4.49,-20.0
2020-03-21 14:12:17,8,0.39,4.51,-20.0
2020-03-21 14:12:17,9,0.413,4.46,-20.0
2020-03-21 14:12:17,10,0.389,4.49,-20.0
2020-03-21 14:12:17,11,0.396,4.45,-20.0
2020-03-21 14:12:17,12,0.363,4.46,-20.0
2020-03-21 14:12:17,13,0.415,4.47,22.6
2020-03-21 14:12:17,14,0.372,4.49,-20.0
2020-03-21 14:12:17,15,0.4,4.51,-20.0
2020-03-21 14:12:17,16,0.422,4.52,-20.0
2020-03-21 14:12:17,17,0.382,4.48,-20.0
2020-03-21 14:12:17,18,0.382,4.48,-20.0
2020-03-21 14:12:17,19,0.393,4.48,-20.0
2020-03-21 14:12:17,20,0.398,4.49,-20.0
2020-03-21 14:12:17,21,0.427,4.48,-20.0
2020-03-21 14:12:17,22,0.412,4.45,-20.0
2020-03-21 14:12:17,23,0.381,4.48,-20.0
2020-03-21 14:12:17,24,0.389,4.48,-20.0
2020-03-21 14:12:17,25,0.337,4.49,20.5
2020-03-21 14:12:17,26,0.404,4.47,-20.0
2020-03-21 14:12:17,27,0.455,4.47,-20.0
2020-03-21 14:12:17,28,0.434,4.48,-20.0
2020-03-21 14:12:17,29,0.411,4.46,-20.0
2020-03-21 14:12:17,30,0.324,4.47,-20.0
2020-03-21 14:12:17,31,0.325,4.45,-20.0
2020-03-21 14:12:17,32,0.35,4.47,-20.0
2020-03-21 14:12:17,33,0.42,4.47,-20.0
2020-03-21 14:12:17,34,0.364,4.49,-20.0
2020-03-21 14:12:17,35,0.323,4.48,-20.0
2020-03-21 14:12:17,36,0.407,4.48,20.8
2020-03-21 14:12:17,37,0.377,4.48,-20.0
2020-03-21 14:12:17,38,0.328,4.46,-20.0
2020-03-21 14:12:17,39,0.33,4.47,-20.0
2020-03-21 14:12:17,40,0.372,4.5,-20.0
2020-03-21 14:12:17,41,0.348,4.48,-20.0
2020-03-21 14:12:17,42,0.384,4.49,-20.0
2020-03-21 14:12:17,43,0.381,4.49,-20.0
2020-03-21 14:12:17,44,0.305,4.49,-20.0
2020-03-21 14:12:17,45,0.39,4.47,-20.0
2020-03-21 14:12:17,46,0.407,4.48,-20.0
2020-03-21 14:12:17,47,0.434,4.47,-20.0
2020-03-21 14:12:17,48,0.378,4.45,-20.0
2020-03-21 14:12:17,49,0.402,4.44,-20.0
2020-03-21 14:12:17,50,0.355,4.44,-20.0
2020-03-21 14:12:17,51,0.397,4.46,-20.0
2020-03-21 14:12:17,52,0.396,4.42,-20.0
2020-03-21 14:12:17,53,0.387,4.42,-20.0
2020-03-21 14:12:17,54,0.406,4.44,-20.0
2020-03-21 14:12:17,55,0.382,4.45,-20.0
2020-03-21 14:12:17,56,0.363,4.48,20.1
2020-03-21 14:12:17,57,0.334,4.5,-20.0
2020-03-21 14:12:17,58,0.412,4.47,-20.0
2020-03-21 14:12:17,59,0.397,4.44,-20.0
2020-03-21 14:12:17,60,0.337,4.45,-20.0
2020-03-21 14:12:17,61,0.385,4.45,-20.0
2020-03-21 14:12:17,62,0.336,4.43,-20.0
2020-03-21 14:12:17,63,0.4,4.46,-20.0
2020-03-21 14:12:17,64,0.402,4.45,-20.0
2020-03-21 14:12:17,65,0.354,4.46,-20.0
2020-03-21 14:12:17,66,0.32,4.47,-20.0
2020-03-21 14:12:17,67,0.411,4.49,-20.0
2020-03-21 14:12:17,68,0.454,4.53,20.1
2020-03-21 14:12:17,69,0.431,4.52,-20.0
2020-03-21 14:12:17,70,0.428,4.46,-20.0
2020-03-21 14:12:17,71,0.341,4.44,-20.0
2020-03-21 14:12:17,72,0.354,4.51,-20.0
2020-03-21 14:12:17,73,0.36,4.46,-20.0
2020-03-21 14:12:17,74,0.391,4.51,-20.0
2020-03-21 14:12:17,75,0.345,4.5,-20.0
2020-03-21 14:12:17,76,0.36,4.5,-20.0
2020-03-21 14:12:17,77,0.414,4.5,-20.0
2020-03-21 14:12:17,78,0.382,4.49,21.1
2020-03-21 14:12:17,79,0.37,4.46,-20.0
2020-03-21 14:12:17,80,0.336,4.46,-20.0
2020-03-21 14:12:17,81,0.393,4.48,-20.0
2020-03-21 14:12:17,82,0.373,4.51,-20.0
2020-03-21 14:12:17,83,0.398,4.46,-20.0
2020-03-21 14:12:17,84,0.352,4.49,-20.0
2020-03-21 14:12:17,85,0.363,4.5,-20.0
2020-03-21 14:12:17,86,0.483,4.49,-20.0
2020-03-21 14:12:17,87,0.465,4.47,-20.0
2020-03-21 14:12:17,88,0.426,4.45,-20.0
2020-03-21 14:12:17,89,0.427,4.5,-20.0
2020-03-21 14:12:17,90,0.398,4.47,-20.0
2020-03-21 14:12:17,91,0.352,4.48,-20.0
2020-03-21 14:12:17,92,0.363,4.5,-20.0
2020-03-21 14:12:17,93,0.483,4.49,-20.0
2020-03-21 14:12:17,94,0.465,4.46,-20.0
2020-03-21 14:12:17,95,0.426,4.45,-20.0
2020-03-21 14:12:17,96,0.427,4.51,-20.0
2020-03-22 02:11:27,1,0.431,4.51,23.7
2020-03-22 02:11:27,2,0.44,4.52,-20.0
2020-03-22 02:11:27,3,0.417,4.53,-20.0
2020-03-22 02:11:27,4,0.445,4.49,-20.0
2020-03-22 02:11:27,5,0.433,4.51,-20.0
2020-03-22 02:11:27,6,0.37,4.5,-20.0
2020-03-22 02:11:27,7,0.392,4.48,-20.0
2020-03-22 02:11:27,8,0.387,4.51,-20.0
2020-03-22 02:11:27,9,0.417,4.47,-20.0
2020-03-22 02:11:27,10,0.385,4.49,-20.0
2020-03-22 02:11:27,11,0.395,4.45,-20.0
2020-03-22 02:11:27,12,0.363,4.45,-20.0
2020-03-22 02:11:27,13,0.421,4.47,22.7
2020-03-22 02:11:27,14,0.372,4.48,-20.0
2020-03-22 02:11:27,15,0.398,4.5,-20.0
2020-03-22 02:11:27,16,0.424,4.52,-20.0
2020-03-22 02:11:27,17,0.391,4.48,-20.0
2020-03-22 02:11:27,18,0.397,4.48,-20.0
2020-03-22 02:11:27,19,0.398,4.48,-20.0
2020-03-22 02:11:27,20,0.4,4.49,-20.0
2020-03-22 02:11:27,21,0.43,4.47,-20.0
2020-03-22 02:11:27,22,0.372,4.47,-20.0
2020-03-22 02:11:27,23,0.388,4.47,-20.0
2020-03-22 02:11:27,24,0.392,4.48,-20.0
2020-03-22 02:11:27,25,0.338,4.48,20.7
2020-03-22 02:11:27,26,0.403,4.47,-20.0
2020-03-22 02:11:27,27,0.454,4.46,-20.0
2020-03-22 02:11:27,28,0.433,4.47,-20.0
2020-03-22 02:11:27,29,0.412,4.45,-20.0
2020-03-22 02:11:27,30,0.324,4.48,-20.0
2020-03-22 02:11:27,31,0.325,4.47,-20.0
2020-03-22 02:11:27,32,0.347,4.47,-20.0
2020-03-22 02:11:27,33,0.424,4.48,-20.0
2020-03-22 02:11:27,34,0.37,4.49,-20.0
2020-03-22 02:11:27,35,0.35,4.47,-20.0
2020-03-22 02:11:27,36,0.321,4.49,-20.0
2020-03-22 02:11:27,37,0.409,4.47,21.0
2020-03-22 02:11:27,38,0.381,4.48,-20.0
2020-03-22 02:11:27,39,0.329,4.46,-20.0
2020-03-22 02:11:27,40,0.33,4.47,-20.0
2020-03-22 02:11:27,41,0.372,4.5,-20.0
2020-03-22 02:11:27,42,0.348,4.48,-20.0
2020-03-22 02:11:27,43,0.385,4.49,-20.0
2020-03-22 02:11:27,44,0.382,4.48,-20.0
2020-03-22 02:11:27,45,0.305,4.48,-20.0
2020-03-22 02:11:27,46,0.389,4.47,-20.0
2020-03-22 02:11:27,47,0.402,4.47,-20.0
2020-03-22 02:11:27,48,0.484,4.45,22.6
2020-03-22 02:11:27,49,0.432,4.48,-20.0
2020-03-22 02:11:27,50,0.377,4.46,-20.0
2020-03-22 02:11:27,51,0.399,4.46,-20.0
2020-03-22 02:11:27,52,0.398,4.46,-20.0
2020-03-22 02:11:27,53,0.363,4.43,-20.0
2020-03-22 02:11:27,54,0.326,4.42,-20.0
2020-03-22 02:11:27,55,0.392,4.42,-20.0
2020-03-22 02:11:27,56,0.392,4.42,-20.0
2020-03-22 02:11:27,57,0.399,4.44,-20.0
2020-03-22 02:11:27,58,0.367,4.44,-20.0
2020-03-22 02:11:27,59,0.365,4.49,20.4
2020-03-22 02:11:27,60,0.328,4.48,-20.0
2020-03-22 02:11:27,61,0.402,4.48,-20.0
2020-03-22 02:11:27,62,0.37,4.45,-20.0
2020-03-22 02:11:27,63,0.319,4.45,-20.0
2020-03-22 02:11:27,64,0.378,4.45,-20.0
2020-03-22 02:11:27,65,0.336,4.43,-20.0
2020-03-22 02:11:27,66,0.407,4.46,-20.0
2020-03-22 02:11:27,67,0.425,4.44,-20.0
2020-03-22 02:11:27,68,0.319,4.47,-20.0
2020-03-22 02:11:27,69,0.413,4.48,-20.0
2020-03-22 02:11:27,70,0.479,4.52,20.4
2020-03-22 02:11:27,71,0.452,4.51,-20.0
2020-03-22 02:11:27,72,0.542,4.46,-20.0
2020-03-22 02:11:27,73,0.343,4.44,-20.0
2020-03-22 02:11:27,74,0.355,4.52,-20.0
2020-03-22 02:11:27,75,0.378,4.47,-20.0
2020-03-22 02:11:27,76,0.412,4.5,-20.0
2020-03-22 02:11:27,77,0.467,4.53,-20.0
2020-03-22 02:11:27,78,0.392,4.51,-20.0
2020-03-22 02:11:27,79,0.347,4.5,-20.0
2020-03-22 02:11:27,80,0.426,4.49,-20.0
2020-03-22 02:11:27,81,0.389,4.48,21.2
2020-03-22 02:11:27,82,0.374,4.46,-20.0
2020-03-22 02:11:27,83,0.34,4.46,-20.0
2020-03-22 02:11:27,84,0.394,4.48,-20.0
2020-03-22 02:11:27,85,0.373,4.51,-20.0
2020-03-22 02:11:27,86,0.399,4.46,-20.0
2020-03-22 02:11:27,87,0.351,4.48,-20.0
2020-03-22 02:11:27,88,0.365,4.5,-20.0
2020-03-22 02:11:27,89,0.481,4.49,-20.0
2020-03-22 02:11:27,90,0.427,4.45,-20.0
2020-03-22 02:11:27,91,0.425,4.51,-20.0
2020-03-22 02:11:27,92,0.365,4.51,-20.0
2020-03-22 02:11:27,93,0.481,4.49,-20.0
2020-03-22 02:11:27,94,0.464,4.46,-20.0
2020-03-22 02:11:27,95,0.427,4.45,-20.0
2020-03-22 02:11:27,96,0.425,4.51,-20.0
2020-03-22 14:10:39,1,0.431,4.51,23.6
2020-03-22 14:10:39,2,0.438,4.53,-20.0
2020-03-22 14:10:39,3,0.418,4.54,-20.0
2020-03-22 14:10:39,4,0.445,4.47,-20.0
2020-03-22 14:10:39,5,0.432,4.52,-20.0
2020-03-22 14:10:39,6,0.367,4.49,-20.0
2020-03-22 14:10:39,7,0.39,4.48,-20.0
2020-03-22 14:10:39,8,0.384,4.5,-20.0
2020-03-22 14:10:39,9,0.413,4.47,-20.0
2020-03-22 14:10:39,10,0.389,4.49,-20.0
2020-03-22 14:10:39,11,0.395,4.45,-20.0
2020-03-22 14:10:39,12,0.363,4.46,-20.0
2020-03-22 14:10:39,13,0.414,4.48,22.9
2020-03-22 14:10:39,14,0.369,4.49,-20.0
2020-03-22 14:10:39,15,0.398,4.5,-20.0
2020-03-22 14:10:39,16,0.423,4.52,-20.0
2020-03-22 14:10:39,17,0.388,4.47,-20.0
2020-03-22 14:10:39,18,0.394,4.49,-20.0
2020-03-22 14:10:39,19,0.395,4.47,-20.0
2020-03-22 14:10:39,20,0.399,4.48,-20.0
2020-03-22 14:10:39,21,0.432,4.48,-20.0
2020-03-22 14:10:39,22,0.38,4.47,-20.0
2020-03-22 14:10:39,23,0.389,4.48,-20.0
2020-03-22 14:10:39,24,0.395,4.48,-20.0
2020-03-22 14:10:39,25,0.336,4.5,20.9
2020-03-22 14:10:39,26,0.403,4.48,-20.0
2020-03-22 14:10:39,27,0.451,4.46,-20.0
2020-03-22 14:10:39,28,0.432,4.47,-20.0
2020-03-22 14:10:39,29,0.402,4.45,-20.0
2020-03-22 14:10:39,30,0.324,4.48,-20.0
2020-03-22 14:10:39,31,0.326,4.46,-20.0
2020-03-22 14:10:39,32,0.361,4.46,-20.0
2020-03-22 14:10:39,33,0.439,4.48,-20.0
2020-03-22 14:10:39,34,0.369,4.48,-20.0
2020-03-22 14:10:39,35,0.352,4.47,-20.0
2020-03-22 14:10:39,36,0.325,4.49,-20.0
2020-03-22 14:10:39,37,0.422,4.48,21.3
2020-03-22 14:10:39,38,0.394,4.48,-20.0
2020-03-22 14:10:39,39,0.32,4.45,-20.0
2020-03-22 14:10:39,40,0.329,4.48,-20.0
2020-03-22 14:10:39,41,0.374,4.51,-20.0
2020-03-22 14:10:39,42,0.334,4.48,-20.0
2020-03-22 14:10:39,43,0.364,4.48,-20.0
2020-03-22 14:10:39,44,0.374,4.49,-20.0
2020-03-22 14:10:39,45,0.305,4.48,-20.0
2020-03-22 14:10:39,46,0.387,4.48,-20.0
2020-03-22 14:10:39,47,0.394,4.48,-20.0
2020-03-22 14:10:39,48,0.437,4.48,-20.0
2020-03-22 14:10:39,49,0.483,4.45,22.8
2020-03-22 14:10:39,50,0.435,4.47,-20.0
2020-03-22 14:10:39,51,0.379,4.45,-20.0
2020-03-22 14:10:39,52,0.4,4.45,-20.0
2020-03-22 14:10:39,53,0.337,4.44,-20.0
2020-03-22 14:10:39,54,0.383,4.45,-20.0
2020-03-22 14:10:39,55,0.354,4.42,-20.0
2020-03-22 14:10:39,56,0.327,4.42,-20.0
2020-03-22 14:10:39,57,0.396,4.43,-20.0
2020-03-22 14:10:39,58,0.384,4.42,-20.0
2020-03-22 14:10:39,59,0.383,4.43,-20.0
2020-03-22 14:10:39,60,0.349,4.45,-20.0
2020-03-22 14:10:39,61,0.369,4.49,20.7
2020-03-22 14:10:39,62,0.328,4.48,-20.0
2020-03-22 14:10:39,63,0.402,4.47,-20.0
2020-03-22 14:10:39,64,0.391,4.45,-20.0
2020-03-22 14:10:39,65,0.315,4.45,-20.0
2020-03-22 14:10:39,66,0.381,4.45,-20.0
2020-03-22 14:10:39,67,0.337,4.43,-20.0
2020-03-22 14:10:39,68,0.404,4.46,-20.0
2020-03-22 14:10:39,69,0.422,4.45,-20.0
2020-03-22 14:10:39,70,0.349,4.46,-20.0
2020-03-22 14:10:39,71,0.321,4.48,-20.0
2020-03-22 14:10:39,72,0.413,4.48,-20.0
2020-03-22 14:10:39,73,0.472,4.52,20.8
2020-03-22 14:10:39,74,0.424,4.51,-20.0
2020-03-22 14:10:39,75,0.373,4.46,-20.0
2020-03-22 14:10:39,76,0.341,4.44,-20.0
2020-03-22 14:10:39,77,0.353,4.51,-20.0
2020-03-22 14:10:39,78,0.376,4.47,-20.0
2020-03-22 14:10:39,79,0.408,4.5,-20.0
2020-03-22 14:10:39,80,0.464,4.54,-20.0
2020-03-22 14:10:39,81,0.393,4.53,-20.0
2020-03-22 14:10:39,82,0.348,4.5,-20.0
2020-03-22 14:10:39,83,0.364,4.5,-20.0
2020-03-22 14:10:39,84,0.422,4.49,-20.0
2020-03-22 14:10:39,85,0.388,4.48,22.0
2020-03-22 14:10:39,86,0.375,4.46,-20.0
2020-03-22 14:10:39,87,0.34,4.46,-20.0
2020-03-22 14:10:39,88,0.37,4.51,-20.0
2020-03-22 14:10:39,89,0.397,4.47,-20.0
2020-03-22 14:10:39,90,0.353,4.49,-20.0
2020-03-22 14:10:39,91,0.365,4.51,-20.0
2020-03-22 14:10:39,92,0.483,4.49,-20.0
2020-03-22 14:10:39,93,0.463,4.46,-20.0
2020-03-22 14:10:39,94,0.426,4.45,-20.0
2020-03-22 14:10:39,95,0.426,4.45,-20.0
2020-03-22 14:10:39,96,0.427,4.51,-20.0
2020-03-23 02:09:59,1,0.431,4.51,23.6
2020-03-23 02:09:59,2,0.438,4.53,-20.0
2020-03-23 02:09:59,3,0.417,4.54,-20.0
2020-03-23 02:09:59,4,0.444,4.5,-20.0
2020-03-23 02:09:59,5,0.434,4.53,-20.0
2020-03-23 02:09:59,6,0.366,4.5,-20.0
2020-03-23 02:09:59,7,0.388,4.48,-20.0
2020-03-23 02:09:59,8,0.383,4.51,-20.0
2020-03-23 02:09:59,9,0.41,4.47,-20.0
2020-03-23 02:09:59,10,0.389,4.49,-20.0
2020-03-23 02:09:59,11,0.396,4.45,-20.0
2020-03-23 02:09:59,12,0.368,4.45,-20.0
2020-03-23 02:09:59,13,0.414,4.47,22.7
2020-03-23 02:09:59,14,0.366,4.49,-20.0
2020-03-23 02:09:59,15,0.399,4.51,-20.0
2020-03-23 02:09:59,16,0.423,4.52,-20.0
2020-03-23 02:09:59,17,0.39,4.48,-20.0
2020-03-23 02:09:59,18,0.393,4.48,-20.0
2020-03-23 02:09:59,19,0.394,4.47,-20.0
2020-03-23 02:09:59,20,0.399,4.49,-20.0
2020-03-23 02:09:59,21,0.43,4.47,-20.0
2020-03-23 02:09:59,22,0.387,4.46,-20.0
2020-03-23 02:09:59,23,0.388,4.47,-20.0
2020-03-23 02:09:59,24,0.394,4.48,-20.0
2020-03-23 02:09:59,25,0.335,4.48,20.8
2020-03-23 02:09:59,26,0.4,4.48,-20.0
2020-03-23 02:09:59,27,0.454,4.46,-20.0
2020-03-23 02:09:59,28,0.432,4.47,-20.0
2020-03-23 02:09:59,29,0.403,4.45,-20.0
2020-03-23 02:09:59,30,0.323,4.47,-20.0
2020-03-23 02:09:59,31,0.325,4.46,-20.0
2020-03-23 02:09:59,32,0.357,4.47,-20.0
2020-03-23 02:09:59,33,0.434,4.47,-20.0
2020-03-23 02:09:59,34,0.371,4.48,-20.0
2020-03-23 02:09:59,35,0.349,4.47,-20.0
2020-03-23 02:09:59,36,0.324,4.48,-20.0
2020-03-23 02:09:59,37,0.417,4.48,21.2
2020-03-23 02:09:59,38,0.394,4.48,-20.0
2020-03-23 02:09:59,39,0.331,4.47,-20.0
2020-03-23 02:09:59,40,0.372,4.51,-20.0
2020-03-23 02:09:59,41,0.331,4.48,-20.0
2020-03-23 02:09:59,42,0.373,4.49,-20.0
2020-03-23 02:09:59,43,0.379,4.49,-20.0
2020-03-23 02:09:59,44,0.389,4.48,-20.0
2020-03-23 02:09:59,45,0.397,4.47,-20.0
2020-03-23 02:09:59,46,0.445,4.49,-20.0
2020-03-23 02:09:59,47,0.483,4.45,22.6
2020-03-23 02:09:59,48,0.379,4.46,-20.0
2020-03-23 02:09:59,49,0.404,4.46,-20.0
2020-03-23 02:09:59,50,0.339,4.45,-20.0
2020-03-23 02:09:59,51,0.385,4.46,-20.0
2020-03-23 02:09:59,52,0.346,4.43,-20.0
2020-03-23 02:09:59,53,0.327,4.42,-20.0
2020-03-23 02:09:59,54,0.393,4.42,-20.0
2020-03-23 02:09:59,55,0.374,4.42,-20.0
2020-03-23 02:09:59,56,0.368,4.44,-20.0
2020-03-23 02:09:59,57,0.345,4.45,-20.0
2020-03-23 02:09:59,58,0.369,4.49,20.6
2020-03-23 02:09:59,59,0.324,4.48,-20.0
2020-03-23 02:09:59,60,0.388,4.47,-20.0
2020-03-23 02:09:59,61,0.393,4.45,-20.0
2020-03-23 02:09:59,62,0.324,4.45,-20.0
2020-03-23 02:09:59,63,0.385,4.45,-20.0
2020-03-23 02:09:59,64,0.339,4.43,-20.0
2020-03-23 02:09:59,65,0.403,4.45,-20.0
2020-03-23 02:09:59,66,0.421,4.44,-20.0
2020-03-23 02:09:59,67,0.352,4.46,-20.0
2020-03-23 02:09:59,68,0.409,4.48,-20.0
2020-03-23 02:09:59,69,0.472,4.52,20.7
2020-03-23 02:09:59,70,0.426,4.51,-20.0
2020-03-23 02:09:59,71,0.422,4.47,-20.0
2020-03-23 02:09:59,72,0.342,4.44,-20.0
2020-03-23 02:09:59,73,0.354,4.51,-20.0
2020-03-23 02:09:59,74,0.374,4.47,-20.0
2020-03-23 02:09:59,75,0.403,4.49,-20.0
2020-03-23 02:09:59,76,0.457,4.53,-20.0
2020-03-23 02:09:59,77,0.391,4.52,-20.0
2020-03-23 02:09:59,78,0.35,4.51,-20.0
2020-03-23 02:09:59,79,0.362,4.5,-20.0
2020-03-23 02:09:59,80,0.42,4.49,-20.0
2020-03-23 02:09:59,81,0.386,4.48,21.7
2020-03-23 02:09:59,82,0.375,4.46,-20.0
2020-03-23 02:09:59,83,0.342,4.46,-20.0
2020-03-23 02:09:59,84,0.392,4.48,-20.0
2020-03-23 02:09:59,85,0.374,4.51,-20.0
2020-03-23 02:09:59,86,0.397,4.46,-20.0
2020-03-23 02:09:59,87,0.354,4.48,-20.0
2020-03-23 02:09:59,88,0.367,4.51,-20.0
2020-03-23 02:09:59,89,0.48,4.49,-20.0
2020-03-23 02:09:59,90,0.427,4.51,-20.0
2020-03-23 02:09:59,91,0.354,4.48,-20.0
2020-03-23 02:09:59,92,0.367,4.51,-20.0
2020-03-23 02:09:59,93,0.48,4.49,-20.0
2020-03-23 02:09:59,94,0.463,4.46,-20.0
2020-03-23 02:09:59,95,0.425,4.45,-20.0
2020-03-23 02:09:59,96,0.427,4.5,-20.0
2020-03-23 14:09:23,1,0.431,4.51,23.6
2020-03-23 14:09:23,2,0.438,4.52,-20.0
2020-03-23 14:09:23,3,0.415,4.53,-20.0
2020-03-23 14:09:23,4,0.445,4.49,-20.0
2020-03-23 14:09:23,5,0.435,4.52,-20.0
2020-03-23 14:09:23,6,0.36,4.5,-20.0
2020-03-23 14:09:23,7,0.39,4.47,-20.0
2020-03-23 14:09:23,8,0.38,4.5,-20.0
2020-03-23 14:09:23,9,0.412,4.47,-20.0
2020-03-23 14:09:23,10,0.39,4.5,-20.0
2020-03-23 14:09:23,11,0.397,4.45,-20.0
2020-03-23 14:09:23,12,0.367,4.46,-20.0
2020-03-23 14:09:23,13,0.411,4.47,22.8
2020-03-23 14:09:23,14,0.366,4.49,-20.0
2020-03-23 14:09:23,15,0.4,4.52,-20.0
2020-03-23 14:09:23,16,0.423,4.52,-20.0
2020-03-23 14:09:23,17,0.394,4.48,-20.0
2020-03-23 14:09:23,18,0.393,4.48,-20.0
2020-03-23 14:09:23,19,0.398,4.48,-20.0
2020-03-23 14:09:23,20,0.399,4.48,-20.0
2020-03-23 14:09:23,21,0.428,4.47,-20.0
2020-03-23 14:09:23,22,0.389,4.46,-20.0
2020-03-23 14:09:23,23,0.386,4.47,-20.0
2020-03-23 14:09:23,24,0.397,4.47,-20.0
2020-03-23 14:09:23,25,0.336,4.49,20.8
2020-03-23 14:09:23,26,0.398,4.48,-20.0
2020-03-23 14:09:23,27,0.453,4.45,-20.0
2020-03-23 14:09:23,28,0.432,4.46,-20.0
2020-03-23 14:09:23,29,0.406,4.45,-20.0
2020-03-23 14:09:23,30,0.323,4.46,-20.0
2020-03-23 14:09:23,31,0.321,4.45,-20.0
2020-03-23 14:09:23,32,0.342,4.46,-20.0
2020-03-23 14:09:23,33,0.427,4.48,-20.0
2020-03-23 14:09:23,34,0.36,4.48,-20.0
2020-03-23 14:09:23,35,0.321,4.49,-20.0
2020-03-23 14:09:23,36,0.387,4.46,21.2
2020-03-23 14:09:23,37,0.376,4.48,-20.0
2020-03-23 14:09:23,38,0.323,4.46,-20.0
2020-03-23 14:09:23,39,0.334,4.48,-20.0
2020-03-23 14:09:23,40,0.369,4.5,-20.0
2020-03-23 14:09:23,41,0.335,4.48,-20.0
2020-03-23 14:09:23,42,0.38,4.48,-20.0
2020-03-23 14:09:23,43,0.38,4.48,-20.0
2020-03-23 14:09:23,44,0.301,4.49,-20.0
2020-03-23 14:09:23,45,0.389,4.48,-20.0
2020-03-23 14:09:23,46,0.402,4.47,-20.0
2020-03-23 14:09:23,47,0.447,4.49,-20.0
2020-03-23 14:09:23,48,0.478,4.45,22.6
2020-03-23 14:09:23,49,0.435,4.47,-20.0
2020-03-23 14:09:23,50,0.381,4.46,-20.0
2020-03-23 14:09:23,51,0.404,4.45,-20.0
2020-03-23 14:09:23,52,0.34,4.45,-20.0
2020-03-23 14:09:23,53,0.383,4.45,-20.0
2020-03-23 14:09:23,54,0.326,4.42,-20.0
2020-03-23 14:09:23,55,0.396,4.42,-20.0
2020-03-23 14:09:23,56,0.382,4.42,-20.0
2020-03-23 14:09:23,57,0.375,4.44,-20.0
2020-03-23 14:09:23,58,0.354,4.44,-20.0
2020-03-23 14:09:23,59,0.367,4.49,20.5
2020-03-23 14:09:23,60,0.326,4.49,-20.0
2020-03-23 14:09:23,61,0.393,4.47,-20.0
2020-03-23 14:09:23,62,0.397,4.45,-20.0
2020-03-23 14:09:23,63,0.335,4.45,-20.0
2020-03-23 14:09:23,64,0.387,4.45,-20.0
2020-03-23 14:09:23,65,0.34,4.42,-20.0
2020-03-23 14:09:23,66,0.405,4.45,-20.0
2020-03-23 14:09:23,67,0.417,4.45,-20.0
2020-03-23 14:09:23,68,0.355,4.46,-20.0
2020-03-23 14:09:23,69,0.315,4.48,-20.0
2020-03-23 14:09:23,70,0.409,4.48,-20.0
2020-03-23 14:09:23,71,0.471,4.52,20.5
2020-03-23 14:09:23,72,0.428,4.51,-20.0
2020-03-23 14:09:23,73,0.423,4.46,-20.0
2020-03-23 14:09:23,74,0.34,4.44,-20.0
2020-03-23 14:09:23,75,0.354,4.51,-20.0
2020-03-23 14:09:23,76,0.368,4.48,-20.0
2020-03-23 14:09:23,77,0.399,4.5,-20.0
2020-03-23 14:09:23,78,0.452,4.52,-20.0
2020-03-23 14:09:23,79,0.393,4.52,-20.0
2020-03-23 14:09:23,80,0.349,4.5,-20.0
2020-03-23 14:09:23,81,0.364,4.5,-20.0
2020-03-23 14:09:23,82,0.418,4.49,-20.0
2020-03-23 14:09:23,83,0.375,4.46,-20.0
2020-03-23 14:09:23,84,0.341,4.46,-20.0
2020-03-23 14:09:23,85,0.389,4.48,-20.0
2020-03-23 14:09:23,86,0.375,4.51,-20.0
2020-03-23 14:09:23,87,0.397,4.47,-20.0
2020-03-23 14:09:23,88,0.355,4.48,-20.0
2020-03-23 14:09:23,89,0.365,4.51,-20.0
2020-03-23 14:09:23,90,0.48,4.48,-20.0
2020-03-23 14:09:23,91,0.46,4.46,-20.0
2020-03-23 14:09:23,92,0.42,4.44,-20.0
2020-03-23 14:09:23,93,0.424,4.51,-20.0
2020-03-23 14:09:23,94,0.46,4.45,-20.0
2020-03-23 14:09:23,95,0.42,4.45,-20.0
2020-03-23 14:09:23,96,0.424,4.5,-20.0
2020-03-24 02:08:27,1,0.429,4.5,23.6
2020-03-24 02:08:27,2,0.438,4.53,-20.0
2020-03-24 02:08:27,3,0.419,4.54,-20.0
2020-03-24 02:08:27,4,0.444,4.49,-20.0
2020-03-24 02:08:27,5,0.434,4.53,-20.0
2020-03-24 02:08:27,6,0.363,4.5,-20.0
2020-03-24 02:08:27,7,0.392,4.48,-20.0
2020-03-24 02:08:27,8,0.377,4.5,-20.0
2020-03-24 02:08:27,9,0.411,4.47,-20.0
2020-03-24 02:08:27,10,0.39,4.49,-20.0
2020-03-24 02:08:27,11,0.396,4.45,-20.0
2020-03-24 02:08:27,12,0.365,4.46,-20.0
2020-03-24 02:08:27,13,0.408,4.47,23.0
2020-03-24 02:08:27,14,0.362,4.48,-20.0
2020-03-24 02:08:27,15,0.395,4.52,-20.0
2020-03-24 02:08:27,16,0.424,4.52,-20.0
2020-03-24 02:08:27,17,0.395,4.49,-20.0
2020-03-24 02:08:27,18,0.391,4.48,-20.0
2020-03-24 02:08:27,19,0.396,4.48,-20.0
2020-03-24 02:08:27,20,0.4,4.48,-20.0
2020-03-24 02:08:27,21,0.432,4.48,-20.0
2020-03-24 02:08:27,22,0.387,4.46,-20.0
2020-03-24 02:08:27,23,0.385,4.47,-20.0
2020-03-24 02:08:27,24,0.396,4.49,-20.0
2020-03-24 02:08:27,25,0.338,4.49,20.8
2020-03-24 02:08:27,26,0.397,4.48,-20.0
2020-03-24 02:08:27,27,0.452,4.46,-20.0
2020-03-24 02:08:27,28,0.432,4.46,-20.0
2020-03-24 02:08:27,29,0.405,4.46,-20.0
2020-03-24 02:08:27,30,0.323,4.47,-20.0
2020-03-24 02:08:27,31,0.323,4.46,-20.0
2020-03-24 02:08:27,32,0.345,4.46,-20.0
2020-03-24 02:08:27,33,0.425,4.48,-20.0
2020-03-24 02:08:27,34,0.361,4.49,-20.0
2020-03-24 02:08:27,35,0.346,4.47,-20.0
2020-03-24 02:08:27,36,0.326,4.5,-20.0
2020-03-24 02:08:27,37,0.39,4.48,21.3
2020-03-24 02:08:27,38,0.375,4.49,-20.0
2020-03-24 02:08:27,39,0.326,4.46,-20.0
2020-03-24 02:08:27,40,0.33,4.46,-20.0
2020-03-24 02:08:27,41,0.366,4.5,-20.0
2020-03-24 02:08:27,42,0.335,4.47,-20.0
2020-03-24 02:08:27,43,0.381,4.48,-20.0
2020-03-24 02:08:27,44,0.383,4.48,-20.0
2020-03-24 02:08:27,45,0.302,4.49,-20.0
2020-03-24 02:08:27,46,0.389,4.48,-20.0
2020-03-24 02:08:27,47,0.4,4.48,-20.0
2020-03-24 02:08:27,48,0.449,4.48,-20.0
2020-03-24 02:08:27,49,0.475,4.45,23.1
2020-03-24 02:08:27,50,0.431,4.47,-20.0
2020-03-24 02:08:27,51,0.381,4.46,-20.0
2020-03-24 02:08:27,52,0.403,4.45,-20.0
2020-03-24 02:08:27,53,0.332,4.45,-20.0
2020-03-24 02:08:27,54,0.378,4.46,-20.0
2020-03-24 02:08:27,55,0.351,4.43,-20.0
2020-03-24 02:08:27,56,0.325,4.42,-20.0
2020-03-24 02:08:27,57,0.399,4.42,-20.0
2020-03-24 02:08:27,58,0.383,4.41,-20.0
2020-03-24 02:08:27,59,0.387,4.44,-20.0
2020-03-24 02:08:27,60,0.363,4.45,-20.0
2020-03-24 02:08:27,61,0.365,4.49,20.8
2020-03-24 02:08:27,62,0.325,4.48,-20.0
2020-03-24 02:08:27,63,0.386,4.47,-20.0
2020-03-24 02:08:27,64,0.43,4.45,-20.0
2020-03-24 02:08:27,65,0.363,4.44,-20.0
2020-03-24 02:08:27,66,0.388,4.45,-20.0
2020-03-24 02:08:27,67,0.338,4.43,-20.0
2020-03-24 02:08:27,68,0.394,4.45,-20.0
2020-03-24 02:08:27,69,0.415,4.45,-20.0
2020-03-24 02:08:27,70,0.355,4.46,-20.0
2020-03-24 02:08:27,71,0.318,4.48,-20.0
2020-03-24 02:08:27,72,0.413,4.48,-20.0
2020-03-24 02:08:27,73,0.472,4.52,20.9
2020-03-24 02:08:27,74,0.429,4.51,-20.0
2020-03-24 02:08:27,75,0.423,4.46,-20.0
2020-03-24 02:08:27,76,0.341,4.44,-20.0
2020-03-24 02:08:27,77,0.351,4.52,-20.0
2020-03-24 02:08:27,78,0.343,4.46,-20.0
2020-03-24 02:08:27,79,0.381,4.5,-20.0
2020-03-24 02:08:27,80,0.437,4.53,-20.0
2020-03-24 02:08:27,81,0.391,4.52,-20.0
2020-03-24 02:08:27,82,0.348,4.51,-20.0
2020-03-24 02:08:27,83,0.356,4.5,-20.0
2020-03-24 02:08:27,84,0.406,4.49,-20.0
2020-03-24 02:08:27,85,0.381,4.49,22.5
2020-03-24 02:08:27,86,0.372,4.46,-20.0
2020-03-24 02:08:27,87,0.342,4.46,-20.0
2020-03-24 02:08:27,88,0.385,4.48,-20.0
2020-03-24 02:08:27,89,0.373,4.52,-20.0
2020-03-24 02:08:27,90,0.398,4.47,-20.0
2020-03-24 02:08:27,91,0.356,4.48,-20.0
2020-03-24 02:08:27,92,0.368,4.51,-20.0
2020-03-24 02:08:27,93,0.481,4.49,-20.0
2020-03-24 02:08:27,94,0.461,4.46,-20.0
2020-03-24 02:08:27,95,0.422,4.45,-20.0
2020-03-24 02:08:27,96,0.423,4.51,-20.0
2020-03-24 14:07:33,1,0.428,4.51,23.6
2020-03-24 14:07:33,2,0.44,4.53,-20.0
2020-03-24 14:07:33,3,0.416,4.54,-20.0
2020-03-24 14:07:33,4,0.443,4.49,-20.0
2020-03-24 14:07:33,5,0.432,4.52,-20.0
2020-03-24 14:07:33,6,0.363,4.5,-20.0
2020-03-24 14:07:33,7,0.393,4.48,-20.0
2020-03-24 14:07:33,8,0.379,4.51,-20.0
2020-03-24 14:07:33,9,0.408,4.47,-20.0
2020-03-24 14:07:33,10,0.388,4.5,-20.0
2020-03-24 14:07:33,11,0.396,4.46,-20.0
2020-03-24 14:07:33,12,0.366,4.46,-20.0
2020-03-24 14:07:33,13,0.407,4.48,22.8
2020-03-24 14:07:33,14,0.359,4.48,-20.0
2020-03-24 14:07:33,15,0.395,4.52,-20.0
2020-03-24 14:07:33,16,0.424,4.51,-20.0
2020-03-24 14:07:33,17,0.395,4.47,-20.0
2020-03-24 14:07:33,18,0.396,4.49,-20.0
2020-03-24 14:07:33,19,0.397,4.47,-20.0
2020-03-24 14:07:33,20,0.399,4.49,-20.0
2020-03-24 14:07:33,21,0.43,4.48,-20.0
2020-03-24 14:07:33,22,0.389,4.46,-20.0
2020-03-24 14:07:33,23,0.376,4.48,-20.0
2020-03-24 14:07:33,24,0.392,4.48,-20.0
2020-03-24 14:07:33,25,0.338,4.49,20.7
2020-03-24 14:07:33,26,0.392,4.49,-20.0
2020-03-24 14:07:33,27,0.437,4.46,-20.0
2020-03-24 14:07:33,28,0.412,4.47,-20.0
2020-03-24 14:07:33,29,0.398,4.46,-20.0
2020-03-24 14:07:33,30,0.322,4.46,-20.0
2020-03-24 14:07:33,31,0.323,4.47,-20.0
2020-03-24 14:07:33,32,0.334,4.48,-20.0
2020-03-24 14:07:33,33,0.411,4.48,-20.0
2020-03-24 14:07:33,34,0.351,4.49,-20.0
2020-03-24 14:07:33,35,0.346,4.47,-20.0
2020-03-24 14:07:33,36,0.322,4.49,-20.0
2020-03-24 14:07:33,37,0.387,4.48,21.2
2020-03-24 14:07:33,38,0.368,4.48,-20.0
2020-03-24 14:07:33,39,0.338,4.47,-20.0
2020-03-24 14:07:33,40,0.327,4.47,-20.0
2020-03-24 14:07:33,41,0.366,4.5,-20.0
2020-03-24 14:07:33,42,0.339,4.48,-20.0
2020-03-24 14:07:33,43,0.384,4.49,-20.0
2020-03-24 14:07:33,44,0.384,4.48,-20.0
2020-03-24 14:07:33,45,0.303,4.49,-20.0
2020-03-24 14:07:33,46,0.39,4.48,-20.0
2020-03-24 14:07:33,47,0.401,4.47,-20.0
2020-03-24 14:07:33,48,0.451,4.48,-20.0
2020-03-24 14:07:33,49,0.477,4.45,22.6
2020-03-24 14:07:33,50,0.436,4.47,-20.0
2020-03-24 14:07:33,51,0.381,4.46,-20.0
2020-03-24 14:07:33,52,0.401,4.45,-20.0
2020-03-24 14:07:33,53,0.333,4.45,-20.0
2020-03-24 14:07:33,54,0.386,4.46,-20.0
2020-03-24 14:07:33,55,0.353,4.43,-20.0
2020-03-24 14:07:33,56,0.326,4.43,-20.0
2020-03-24 14:07:33,57,0.396,4.42,-20.0
2020-03-24 14:07:33,58,0.384,4.42,-20.0
2020-03-24 14:07:33,59,0.386,4.43,-20.0
2020-03-24 14:07:33,60,0.372,4.45,-20.0
2020-03-24 14:07:33,61,0.363,4.49,20.6
2020-03-24 14:07:33,62,0.326,4.49,-20.0
2020-03-24 14:07:33,63,0.389,4.47,-20.0
2020-03-24 14:07:33,64,0.408,4.44,-20.0
2020-03-24 14:07:33,65,0.349,4.45,-20.0
2020-03-24 14:07:33,66,0.387,4.45,-20.0
2020-03-24 14:07:33,67,0.337,4.43,-20.0
2020-03-24 14:07:33,68,0.388,4.46,-20.0
2020-03-24 14:07:33,69,0.4,4.45,-20.0
2020-03-24 14:07:33,70,0.353,4.46,-20.0
2020-03-24 14:07:33,71,0.315,4.49,-20.0
2020-03-24 14:07:33,72,0.41,4.48,-20.0
2020-03-24 14:07:33,73,0.465,4.52,20.5
2020-03-24 14:07:33,74,0.425,4.5,-20.0
2020-03-24 14:07:33,75,0.417,4.47,-20.0
2020-03-24 14:07:33,76,0.34,4.45,-20.0
2020-03-24 14:07:33,77,0.35,4.52,-20.0
2020-03-24 14:07:33,78,0.35,4.47,-20.0
2020-03-24 14:07:33,79,0.385,4.5,-20.0
2020-03-24 14:07:33,80,0.437,4.53,-20.0
2020-03-24 14:07:33,81,0.392,4.53,-20.0
2020-03-24 14:07:33,82,0.345,4.5,-20.0
2020-03-24 14:07:33,83,0.357,4.51,-20.0
2020-03-24 14:07:33,84,0.407,4.49,-20.0
2020-03-24 14:07:33,85,0.378,4.49,21.7
2020-03-24 14:07:33,86,0.371,4.46,-20.0
2020-03-24 14:07:33,87,0.339,4.46,-20.0
2020-03-24 14:07:33,88,0.385,4.48,-20.0
2020-03-24 14:07:33,89,0.363,4.52,-20.0
2020-03-24 14:07:33,90,0.394,4.47,-20.0
2020-03-24 14:07:33,91,0.352,4.48,-20.0
2020-03-24 14:07:33,92,0.366,4.51,-20.0
2020-03-24 14:07:33,93,0.478,4.48,-20.0
2020-03-24 14:07:33,94,0.463,4.46,-20.0
2020-03-24 14:07:33,95,0.42,4.44,-20.0
2020-03-24 14:07:33,96,0.425,4.51,-20.0
2020-03-25 02:06:46,1,0.426,4.51,23.7
2020-03-25 02:06:46,2,0.439,4.53,-20.0
2020-03-25 02:06:46,3,0.414,4.54,-20.0
2020-03-25 02:06:46,4,0.441,4.48,-20.0
2020-03-25 02:06:46,5,0.432,4.52,-20.0
2020-03-25 02:06:46,6,0.36,4.5,-20.0
2020-03-25 02:06:46,7,0.392,4.48,-20.0
2020-03-25 02:06:46,8,0.377,4.51,-20.0
2020-03-25 02:06:46,9,0.408,4.47,-20.0
2020-03-25 02:06:46,10,0.386,4.49,-20.0
2020-03-25 02:06:46,11,0.395,4.45,-20.0
2020-03-25 02:06:46,12,0.365,4.46,-20.0
2020-03-25 02:06:46,13,0.402,4.47,22.8
2020-03-25 02:06:46,14,0.359,4.47,-20.0
2020-03-25 02:06:46,15,0.396,4.52,-20.0
2020-03-25 02:06:46,16,0.424,4.52,-20.0
2020-03-25 02:06:46,17,0.393,4.48,-20.0
2020-03-25 02:06:46,18,0.391,4.48,-20.0
2020-03-25 02:06:46,19,0.397,4.48,-20.0
2020-03-25 02:06:46,20,0.398,4.49,-20.0
2020-03-25 02:06:46,21,0.428,4.47,-20.0
2020-03-25 02:06:46,22,0.393,4.46,-20.0
2020-03-25 02:06:46,23,0.377,4.47,-20.0
2020-03-25 02:06:46,24,0.392,4.48,-20.0
2020-03-25 02:06:46,25,0.34,4.5,20.7
2020-03-25 02:06:46,26,0.393,4.48,-20.0
2020-03-25 02:06:46,27,0.439,4.46,-20.0
2020-03-25 02:06:46,28,0.418,4.46,-20.0
2020-03-25 02:06:46,29,0.399,4.46,-20.0
2020-03-25 02:06:46,30,0.322,4.47,-20.0
2020-03-25 02:06:46,31,0.326,4.46,-20.0
2020-03-25 02:06:46,32,0.339,4.46,-20.0
2020-03-25 02:06:46,33,0.414,4.48,-20.0
2020-03-25 02:06:46,34,0.359,4.48,-20.0
2020-03-25 02:06:46,35,0.344,4.47,-20.0
2020-03-25 02:06:46,36,0.325,4.5,-20.0
2020-03-25 02:06:46,37,0.393,4.48,21.1
2020-03-25 02:06:46,38,0.373,4.49,-20.0
2020-03-25 02:06:46,39,0.337,4.47,-20.0
2020-03-25 02:06:46,40,0.328,4.48,-20.0
2020-03-25 02:06:46,41,0.365,4.5,-20.0
2020-03-25 02:06:46,42,0.336,4.47,-20.0
2020-03-25 02:06:46,43,0.384,4.49,-20.0
2020-03-25 02:06:46,44,0.387,4.48,-20.0
2020-03-25 02:06:46,45,0.305,4.49,-20.0
2020-03-25 02:06:46,46,0.393,4.48,-20.0
2020-03-25 02:06:46,47,0.401,4.47,-20.0
2020-03-25 02:06:46,48,0.45,4.49,-20.0
2020-03-25 02:06:46,49,0.483,4.45,22.7
2020-03-25 02:06:46,50,0.436,4.46,-20.0
2020-03-25 02:06:46,51,0.376,4.46,-20.0
2020-03-25 02:06:46,52,0.402,4.46,-20.0
2020-03-25 02:06:46,53,0.335,4.45,-20.0
2020-03-25 02:06:46,54,0.384,4.45,-20.0
2020-03-25 02:06:46,55,0.351,4.43,-20.0
2020-03-25 02:06:46,56,0.328,4.42,-20.0
2020-03-25 02:06:46,57,0.397,4.42,-20.0
2020-03-25 02:06:46,58,0.388,4.42,-20.0
2020-03-25 02:06:46,59,0.392,4.44,-20.0
2020-03-25 02:06:46,60,0.373,4.45,-20.0
2020-03-25 02:06:46,61,0.363,4.49,20.5
2020-03-25 02:06:46,62,0.327,4.49,-20.0
2020-03-25 02:06:46,63,0.396,4.47,-20.0
2020-03-25 02:06:46,64,0.406,4.45,-20.0
2020-03-25 02:06:46,65,0.347,4.45,-20.0
2020-03-25 02:06:46,66,0.387,4.46,-20.0
2020-03-25 02:06:46,67,0.334,4.42,-20.0
2020-03-25 02:06:46,68,0.393,4.45,-20.0
2020-03-25 02:06:46,69,0.401,4.45,-20.0
2020-03-25 02:06:46,70,0.361,4.46,-20.0
2020-03-25 02:06:46,71,0.317,4.49,-20.0
2020-03-25 02:06:46,72,0.406,4.48,-20.0
2020-03-25 02:06:46,73,0.467,4.52,20.4
2020-03-25 02:06:46,74,0.429,4.51,-20.0
2020-03-25 02:06:46,75,0.418,4.46,-20.0
2020-03-25 02:06:46,76,0.341,4.44,-20.0
2020-03-25 02:06:46,77,0.353,4.51,-20.0
2020-03-25 02:06:46,78,0.353,4.46,-20.0
2020-03-25 02:06:46,79,0.386,4.5,-20.0
2020-03-25 02:06:46,80,0.439,4.53,-20.0
2020-03-25 02:06:46,81,0.391,4.52,-20.0
2020-03-25 02:06:46,82,0.347,4.51,-20.0
2020-03-25 02:06:46,83,0.355,4.51,-20.0
2020-03-25 02:06:46,84,0.409,4.49,-20.0
2020-03-25 02:06:46,85,0.383,4.48,21.2
2020-03-25 02:06:46,86,0.37,4.46,-20.0
2020-03-25 02:06:46,87,0.34,4.46,-20.0
2020-03-25 02:06:46,88,0.387,4.47,-20.0
2020-03-25 02:06:46,89,0.363,4.51,-20.0
2020-03-25 02:06:46,90,0.395,4.46,-20.0
2020-03-25 02:06:46,91,0.348,4.48,-20.0
2020-03-25 02:06:46,92,0.366,4.5,-20.0
2020-03-25 02:06:46,93,0.475,4.49,-20.0
2020-03-25 02:06:46,94,0.461,4.46,-20.0
2020-03-25 02:06:46,95,0.419,4.45,-20.0
2020-03-25 02:06:46,96,0.424,4.51,-20.0
2020-03-25 14:06:00,1,0.427,4.51,23.6
2020-03-25 14:06:00,2,0.441,4.53,-20.0
2020-03-25 14:06:00,3,0.411,4.53,-20.0
2020-03-25 14:06:00,4,0.44,4.47,-20.0
2020-03-25 14:06:00,5,0.433,4.53,-20.0
2020-03-25 14:06:00,6,0.361,4.5,-20.0
2020-03-25 14:06:00,7,0.389,4.48,-20.0
2020-03-25 14:06:00,8,0.375,4.51,-20.0
2020-03-25 14:06:00,9,0.408,4.47,-20.0
2020-03-25 14:06:00,10,0.386,4.49,-20.0
2020-03-25 14:06:00,11,0.396,4.45,-20.0
2020-03-25 14:06:00,12,0.361,4.45,-20.0
2020-03-25 14:06:00,13,0.402,4.48,22.9
2020-03-25 14:06:00,14,0.359,4.48,-20.0
2020-03-25 14:06:00,15,0.396,4.52,-20.0
2020-03-25 14:06:00,16,0.423,4.52,-20.0
2020-03-25 14:06:00,17,0.392,4.48,-20.0
2020-03-25 14:06:00,18,0.388,4.48,-20.0
2020-03-25 14:06:00,19,0.393,4.49,-20.0
2020-03-25 14:06:00,20,0.397,4.49,-20.0
2020-03-25 14:06:00,21,0.428,4.48,-20.0
2020-03-25 14:06:00,22,0.394,4.46,-20.0
2020-03-25 14:06:00,23,0.382,4.47,-20.0
2020-03-25 14:06:00,24,0.395,4.49,-20.0
2020-03-25 14:06:00,25,0.34,4.49,20.8
2020-03-25 14:06:00,26,0.4,4.48,-20.0
2020-03-25 14:06:00,27,0.446,4.45,-20.0
2020-03-25 14:06:00,28,0.423,4.46,-20.0
2020-03-25 14:06:00,29,0.399,4.45,-20.0
2020-03-25 14:06:00,30,0.32,4.46,-20.0
2020-03-25 14:06:00,31,0.327,4.45,-20.0
2020-03-25 14:06:00,32,0.342,4.46,-20.0
2020-03-25 14:06:00,33,0.414,4.47,-20.0
2020-03-25 14:06:00,34,0.36,4.48,-20.0
2020-03-25 14:06:00,35,0.343,4.47,-20.0
2020-03-25 14:06:00,36,0.329,4.5,-20.0
2020-03-25 14:06:00,37,0.398,4.47,21.3
2020-03-25 14:06:00,38,0.369,4.47,-20.0
2020-03-25 14:06:00,39,0.339,4.47,-20.0
2020-03-25 14:06:00,40,0.33,4.47,-20.0
2020-03-25 14:06:00,41,0.364,4.49,-20.0
2020-03-25 14:06:00,42,0.339,4.48,-20.0
2020-03-25 14:06:00,43,0.384,4.48,-20.0
2020-03-25 14:06:00,44,0.387,4.48,-20.0
2020-03-25 14:06:00,45,0.305,4.48,-20.0
2020-03-25 14:06:00,46,0.395,4.48,-20.0
2020-03-25 14:06:00,47,0.406,4.48,-20.0
2020-03-25 14:06:00,48,0.448,4.49,-20.0
2020-03-25 14:06:00,49,0.481,4.45,23.0
2020-03-25 14:06:00,50,0.438,4.47,-20.0
2020-03-25 14:06:00,51,0.372,4.46,-20.0
2020-03-25 14:06:00,52,0.399,4.46,-20.0
2020-03-25 14:06:00,53,0.338,4.44,-20.0
2020-03-25 14:06:00,54,0.383,4.46,-20.0
2020-03-25 14:06:00,55,0.355,4.43,-20.0
2020-03-25 14:06:00,56,0.327,4.43,-20.0
2020-03-25 14:06:00,57,0.398,4.42,-20.0
2020-03-25 14:06:00,58,0.391,4.42,-20.0
2020-03-25 14:06:00,59,0.396,4.44,-20.0
2020-03-25 14:06:00,60,0.376,4.45,-20.0
2020-03-25 14:06:00,61,0.365,4.49,20.8
2020-03-25 14:06:00,62,0.33,4.49,-20.0
2020-03-25 14:06:00,63,0.402,4.48,-20.0
2020-03-25 14:06:00,64,0.406,4.45,-20.0
2020-03-25 14:06:00,65,0.348,4.44,-20.0
2020-03-25 14:06:00,66,0.386,4.45,-20.0
2020-03-25 14:06:00,67,0.335,4.42,-20.0
2020-03-25 14:06:00,68,0.392,4.46,-20.0
2020-03-25 14:06:00,69,0.401,4.45,-20.0
2020-03-25 14:06:00,70,0.366,4.46,-20.0
2020-03-25 14:06:00,71,0.319,4.49,-20.0
2020-03-25 14:06:00,72,0.408,4.48,-20.0
2020-03-25 14:06:00,73,0.469,4.52,20.9
2020-03-25 14:06:00,74,0.43,4.51,-20.0
2020-03-25 14:06:00,75,0.423,4.46,-20.0
2020-03-25 14:06:00,76,0.339,4.45,-20.0
2020-03-25 14:06:00,77,0.353,4.52,-20.0
2020-03-25 14:06:00,78,0.35,4.47,-20.0
2020-03-25 14:06:00,79,0.386,4.5,-20.0
2020-03-25 14:06:00,80,0.44,4.54,-20.0
2020-03-25 14:06:00,81,0.393,4.52,-20.0
2020-03-25 14:06:00,82,0.345,4.51,-20.0
2020-03-25 14:06:00,83,0.355,4.5,-20.0
2020-03-25 14:06:00,84,0.409,4.49,-20.0
2020-03-25 14:06:00,85,0.38,4.49,22.2
2020-03-25 14:06:00,86,0.371,4.46,-20.0
2020-03-25 14:06:00,87,0.34,4.46,-20.0
2020-03-25 14:06:00,88,0.387,4.48,-20.0
2020-03-25 14:06:00,89,0.367,4.51,-20.0
2020-03-25 14:06:00,90,0.396,4.47,-20.0
2020-03-25 14:06:00,91,0.35,4.48,-20.0
2020-03-25 14:06:00,92,0.368,4.51,-20.0
2020-03-25 14:06:00,93,0.475,4.49,-20.0
2020-03-25 14:06:00,94,0.461,4.46,-20.0
2020-03-25 14:06:00,95,0.421,4.45,-20.0
2020-03-25 14:06:00,96,0.427,4.5,-20.0
2020-03-26 02:05:10,1,0.429,4.51,23.6
2020-03-26 02:05:10,2,0.44,4.52,-20.0
2020-03-26 02:05:10,3,0.411,4.54,-20.0
2020-03-26 02:05:10,4,0.442,4.49,-20.0
2020-03-26 02:05:10,5,0.435,4.53,-20.0
2020-03-26 02:05:10,6,0.363,4.5,-20.0
2020-03-26 02:05:10,7,0.392,4.49,-20.0
2020-03-26 02:05:10,8,0.374,4.51,-20.0
2020-03-26 02:05:10,9,0.407,4.47,-20.0
2020-03-26 02:05:10,10,0.389,4.49,-20.0
2020-03-26 02:05:10,11,0.394,4.45,-20.0
2020-03-26 02:05:10,12,0.362,4.46,-20.0
2020-03-26 02:05:10,13,0.4,4.47,22.9
2020-03-26 02:05:10,14,0.356,4.48,-20.0
2020-03-26 02:05:10,15,0.398,4.51,-20.0
2020-03-26 02:05:10,16,0.423,4.52,-20.0
2020-03-26 02:05:10,17,0.391,4.48,-20.0
2020-03-26 02:05:10,18,0.388,4.5,-20.0
2020-03-26 02:05:10,19,0.393,4.49,-20.0
2020-03-26 02:05:10,20,0.397,4.49,-20.0
2020-03-26 02:05:10,21,0.428,4.47,-20.0
2020-03-26 02:05:10,22,0.395,4.47,-20.0
2020-03-26 02:05:10,23,0.386,4.48,-20.0
2020-03-26 02:05:10,24,0.396,4.48,-20.0
2020-03-26 02:05:10,25,0.341,4.5,20.8
2020-03-26 02:05:10,26,0.399,4.49,-20.0
2020-03-26 02:05:10,27,0.45,4.45,-20.0
2020-03-26 02:05:10,28,0.425,4.48,-20.0
2020-03-26 02:05:10,29,0.404,4.46,-20.0
2020-03-26 02:05:10,30,0.32,4.47,-20.0
2020-03-26 02:05:10,31,0.325,4.46,-20.0
2020-03-26 02:05:10,32,0.343,4.47,-20.0
2020-03-26 02:05:10,33,0.414,4.48,-20.0
2020-03-26 02:05:10,34,0.365,4.49,-20.0
2020-03-26 02:05:10,35,0.342,4.48,-20.0
2020-03-26 02:05:10,36,0.328,4.49,-20.0
2020-03-26 02:05:10,37,0.402,4.47,21.3
2020-03-26 02:05:10,38,0.373,4.49,-20.0
2020-03-26 02:05:10,39,0.336,4.46,-20.0
2020-03-26 02:05:10,40,0.331,4.47,-20.0
2020-03-26 02:05:10,41,0.365,4.5,-20.0
2020-03-26 02:05:10,42,0.339,4.48,-20.0
2020-03-26 02:05:10,43,0.389,4.49,-20.0
2020-03-26 02:05:10,44,0.388,4.48,-20.0
2020-03-26 02:05:10,45,0.309,4.49,-20.0
2020-03-26 02:05:10,46,0.397,4.47,-20.0
2020-03-26 02:05:10,47,0.408,4.48,-20.0
2020-03-26 02:05:10,48,0.444,4.48,-20.0
2020-03-26 02:05:10,49,0.48,4.45,22.9
2020-03-26 02:05:10,50,0.436,4.47,-20.0
2020-03-26 02:05:10,51,0.373,4.46,-20.0
2020-03-26 02:05:10,52,0.401,4.46,-20.0
2020-03-26 02:05:10,53,0.339,4.44,-20.0
2020-03-26 02:05:10,54,0.383,4.46,-20.0
2020-03-26 02:05:10,55,0.356,4.43,-20.0
2020-03-26 02:05:10,56,0.327,4.42,-20.0
2020-03-26 02:05:10,57,0.395,4.42,-20.0
2020-03-26 02:05:10,58,0.392,4.42,-20.0
2020-03-26 02:05:10,59,0.402,4.43,-20.0
2020-03-26 02:05:10,60,0.375,4.45,-20.0
2020-03-26 02:05:10,61,0.363,4.49,20.7
2020-03-26 02:05:10,62,0.326,4.49,-20.0
2020-03-26 02:05:10,63,0.421,4.48,-20.0
2020-03-26 02:05:10,64,0.425,4.45,-20.0
2020-03-26 02:05:10,65,0.351,4.45,-20.0
2020-03-26 02:05:10,66,0.386,4.45,-20.0
2020-03-26 02:05:10,67,0.338,4.43,-20.0
2020-03-26 02:05:10,68,0.422,4.45,-20.0
2020-03-26 02:05:10,69,0.433,4.44,-20.0
2020-03-26 02:05:10,70,0.385,4.46,-20.0
2020-03-26 02:05:10,71,0.317,4.48,-20.0
2020-03-26 02:05:10,72,0.411,4.48,-20.0
2020-03-26 02:05:10,73,0.49,4.52,20.9
2020-03-26 02:05:10,74,0.459,4.5,-20.0
2020-03-26 02:05:10,75,0.514,4.46,-20.0
2020-03-26 02:05:10,76,0.341,4.43,-20.0
2020-03-26 02:05:10,77,0.353,4.52,-20.0
2020-03-26 02:05:10,78,0.363,4.46,-20.0
2020-03-26 02:05:10,79,0.396,4.5,-20.0
2020-03-26 02:05:10,80,0.454,4.52,-20.0
2020-03-26 02:05:10,81,0.392,4.52,-20.0
2020-03-26 02:05:10,82,0.347,4.51,-20.0
2020-03-26 02:05:10,83,0.359,4.5,-20.0
2020-03-26 02:05:10,84,0.409,4.5,-20.0
2020-03-26 02:05:10,85,0.383,4.48,22.2
2020-03-26 02:05:10,86,0.369,4.47,-20.0
2020-03-26 02:05:10,87,0.339,4.46,-20.0
2020-03-26 02:05:10,88,0.387,4.47,-20.0
2020-03-26 02:05:10,89,0.366,4.51,-20.0
2020-03-26 02:05:10,90,0.392,4.47,-20.0
2020-03-26 02:05:10,91,0.349,4.47,-20.0
2020-03-26 02:05:10,92,0.367,4.5,-20.0
2020-03-26 02:05:10,93,0.478,4.49,-20.0
2020-03-26 02:05:10,94,0.465,4.47,-20.0
2020-03-26 02:05:10,95,0.422,4.45,-20.0
2020-03-26 02:05:10,96,0.426,4.51,-20.0
2020-03-26 14:04:17,1,0.426,4.51,23.7
2020-03-26 14:04:17,2,0.435,4.53,-20.0
2020-03-26 14:04:17,3,0.411,4.53,-20.0
2020-03-26 14:04:17,4,0.439,4.48,-20.0
2020-03-26 14:04:17,5,0.431,4.52,-20.0
2020-03-26 14:04:17,6,0.359,4.5,-20.0
2020-03-26 14:04:17,7,0.39,4.48,-20.0
2020-03-26 14:04:17,8,0.372,4.5,-20.0
2020-03-26 14:04:17,9,0.408,4.48,-20.0
2020-03-26 14:04:17,10,0.39,4.49,-20.0
2020-03-26 14:04:17,11,0.395,4.45,-20.0
2020-03-26 14:04:17,12,0.36,4.47,-20.0
2020-03-26 14:04:17,13,0.399,4.47,23.0
2020-03-26 14:04:17,14,0.353,4.47,-20.0
2020-03-26 14:04:17,15,0.397,4.51,-20.0
2020-03-26 14:04:17,16,0.423,4.52,-20.0
2020-03-26 14:04:17,17,0.392,4.47,-20.0
2020-03-26 14:04:17,18,0.385,4.48,-20.0
2020-03-26 14:04:17,19,0.396,4.47,-20.0
2020-03-26 14:04:17,20,0.399,4.49,-20.0
2020-03-26 14:04:17,21,0.429,4.48,-20.0
2020-03-26 14:04:17,22,0.389,4.46,-20.0
2020-03-26 14:04:17,23,0.378,4.47,-20.0
2020-03-26 14:04:17,24,0.403,4.49,-20.0
2020-03-26 14:04:17,25,0.337,4.48,21.0
2020-03-26 14:04:17,26,0.398,4.48,-20.0
2020-03-26 14:04:17,27,0.449,4.46,-20.0
2020-03-26 14:04:17,28,0.409,4.46,-20.0
2020-03-26 14:04:17,29,0.391,4.46,-20.0
2020-03-26 14:04:17,30,0.323,4.48,-20.0
2020-03-26 14:04:17,31,0.324,4.45,-20.0
2020-03-26 14:04:17,32,0.34,4.46,-20.0
2020-03-26 14:04:17,33,0.405,4.47,-20.0
2020-03-26 14:04:17,34,0.354,4.48,-20.0
2020-03-26 14:04:17,35,0.347,4.47,-20.0
2020-03-26 14:04:17,36,0.325,4.5,-20.0
2020-03-26 14:04:17,37,0.403,4.48,21.3
2020-03-26 14:04:17,38,0.375,4.48,-20.0
2020-03-26 14:04:17,39,0.335,4.46,-20.0
2020-03-26 14:04:17,40,0.333,4.47,-20.0
2020-03-26 14:04:17,41,0.365,4.51,-20.0
2020-03-26 14:04:17,42,0.34,4.47,-20.0
2020-03-26 14:04:17,43,0.389,4.48,-20.0
2020-03-26 14:04:17,44,0.387,4.48,-20.0
2020-03-26 14:04:17,45,0.309,4.49,-20.0
2020-03-26 14:04:17,46,0.398,4.48,-20.0
2020-03-26 14:04:17,47,0.416,4.48,-20.0
2020-03-26 14:04:17,48,0.446,4.49,-20.0
2020-03-26 14:04:17,49,0.495,4.45,22.8
2020-03-26 14:04:17,50,0.446,4.47,-20.0
2020-03-26 14:04:17,51,0.374,4.46,-20.0
2020-03-26 14:04:17,52,0.4,4.45,-20.0
2020-03-26 14:04:17,53,0.324,4.44,-20.0
2020-03-26 14:04:17,54,0.402,4.45,-20.0
2020-03-26 14:04:17,55,0.374,4.42,-20.0
2020-03-26 14:04:17,56,0.327,4.43,-20.0
2020-03-26 14:04:17,57,0.396,4.42,-20.0
2020-03-26 14:04:17,58,0.387,4.42,-20.0
2020-03-26 14:04:17,59,0.398,4.44,-20.0
2020-03-26 14:04:17,60,0.372,4.45,-20.0
2020-03-26 14:04:17,61,0.36,4.49,20.8
2020-03-26 14:04:17,62,0.329,4.49,-20.0
2020-03-26 14:04:17,63,0.402,4.47,-20.0
2020-03-26 14:04:17,64,0.412,4.45,-20.0
2020-03-26 14:04:17,65,0.341,4.45,-20.0
2020-03-26 14:04:17,66,0.382,4.45,-20.0
2020-03-26 14:04:17,67,0.334,4.43,-20.0
2020-03-26 14:04:17,68,0.398,4.45,-20.0
2020-03-26 14:04:17,69,0.417,4.45,-20.0
2020-03-26 14:04:17,70,0.368,4.46,-20.0
2020-03-26 14:04:17,71,0.315,4.48,-20.0
2020-03-26 14:04:17,72,0.41,4.48,-20.0
2020-03-26 14:04:17,73,0.481,4.52,21.2
2020-03-26 14:04:17,74,0.452,4.5,-20.0
2020-03-26 14:04:17,75,0.415,4.46,-20.0
2020-03-26 14:04:17,76,0.339,4.45,-20.0
2020-03-26 14:04:17,77,0.352,4.51,-20.0
2020-03-26 14:04:17,78,0.363,4.47,-20.0
2020-03-26 14:04:17,79,0.391,4.5,-20.0
2020-03-26 14:04:17,80,0.45,4.52,-20.0
2020-03-26 14:04:17,81,0.393,4.52,-20.0
2020-03-26 14:04:17,82,0.347,4.51,-20.0
2020-03-26 14:04:17,83,0.356,4.5,-20.0
2020-03-26 14:04:17,84,0.408,4.49,-20.0
2020-03-26 14:04:17,85,0.382,4.48,22.2
2020-03-26 14:04:17,86,0.367,4.46,-20.0
2020-03-26 14:04:17,87,0.339,4.46,-20.0
2020-03-26 14:04:17,88,0.383,4.48,-20.0
2020-03-26 14:04:17,89,0.367,4.51,-20.0
2020-03-26 14:04:17,90,0.392,4.46,-20.0
2020-03-26 14:04:17,91,0.348,4.48,-20.0
2020-03-26 14:04:17,92,0.367,4.51,-20.0
2020-03-26 14:04:17,93,0.479,4.49,-20.0
2020-03-26 14:04:17,94,0.464,4.46,-20.0
2020-03-26 14:04:17,95,0.423,4.45,-20.0
2020-03-26 14:04:17,96,0.426,4.51,-20.0
2020-03-27 02:03:32,1,0.428,4.51,23.7
2020-03-27 02:03:32,2,0.437,4.52,-20.0
2020-03-27 02:03:32,3,0.412,4.53,-20.0
2020-03-27 02:03:32,4,0.439,4.49,-20.0
2020-03-27 02:03:32,5,0.434,4.53,-20.0
2020-03-27 02:03:32,6,0.36,4.5,-20.0
2020-03-27 02:03:32,7,0.39,4.46,-20.0
2020-03-27 02:03:32,8,0.371,4.5,-20.0
2020-03-27 02:03:32,9,0.408,4.47,-20.0
2020-03-27 02:03:32,10,0.393,4.49,-20.0
2020-03-27 02:03:32,11,0.395,4.45,-20.0
2020-03-27 02:03:32,12,0.36,4.46,-20.0
2020-03-27 02:03:32,13,0.398,4.47,22.8
2020-03-27 02:03:32,14,0.352,4.48,-20.0
2020-03-27 02:03:32,15,0.396,4.51,-20.0
2020-03-27 02:03:32,16,0.422,4.52,-20.0
2020-03-27 02:03:32,17,0.397,4.48,-20.0
2020-03-27 02:03:32,18,0.389,4.48,-20.0
2020-03-27 02:03:32,19,0.396,4.48,-20.0
2020-03-27 02:03:32,20,0.401,4.47,-20.0
2020-03-27 02:03:32,21,0.431,4.47,-20.0
2020-03-27 02:03:32,22,0.394,4.46,-20.0
2020-03-27 02:03:32,23,0.383,4.46,-20.0
2020-03-27 02:03:32,24,0.402,4.48,-20.0
2020-03-27 02:03:32,25,0.337,4.49,20.8
2020-03-27 02:03:32,26,0.4,4.48,-20.0
2020-03-27 02:03:32,27,0.455,4.46,-20.0
2020-03-27 02:03:32,28,0.418,4.47,-20.0
2020-03-27 02:03:32,29,0.398,4.46,-20.0
2020-03-27 02:03:32,30,0.32,4.47,-20.0
2020-03-27 02:03:32,31,0.326,4.47,-20.0
2020-03-27 02:03:32,32,0.341,4.47,-20.0
2020-03-27 02:03:32,33,0.412,4.48,-20.0
2020-03-27 02:03:32,34,0.359,4.48,-20.0
2020-03-27 02:03:32,35,0.349,4.47,-20.0
2020-03-27 02:03:32,36,0.327,4.49,-20.0
2020-03-27 02:03:32,37,0.392,4.47,21.2
2020-03-27 02:03:32,38,0.363,4.48,-20.0
2020-03-27 02:03:32,39,0.327,4.47,-20.0
2020-03-27 02:03:32,40,0.333,4.47,-20.0
2020-03-27 02:03:32,41,0.363,4.5,-20.0
2020-03-27 02:03:32,42,0.329,4.48,-20.0
2020-03-27 02:03:32,43,0.371,4.48,-20.0
2020-03-27 02:03:32,44,0.378,4.48,-20.0
2020-03-27 02:03:32,45,0.305,4.5,-20.0
2020-03-27 02:03:32,46,0.398,4.48,-20.0
2020-03-27 02:03:32,47,0.396,4.49,-20.0
2020-03-27 02:03:32,48,0.45,4.48,-20.0
2020-03-27 02:03:32,49,0.491,4.45,22.7
2020-03-27 02:03:32,50,0.442,4.47,-20.0
2020-03-27 02:03:32,51,0.374,4.46,-20.0
2020-03-27 02:03:32,52,0.398,4.45,-20.0
2020-03-27 02:03:32,53,0.328,4.44,-20.0
2020-03-27 02:03:32,54,0.399,4.46,-20.0
2020-03-27 02:03:32,55,0.376,4.43,-20.0
2020-03-27 02:03:32,56,0.325,4.42,-20.0
2020-03-27 02:03:32,57,0.399,4.42,-20.0
2020-03-27 02:03:32,58,0.389,4.42,-20.0
2020-03-27 02:03:32,59,0.4,4.44,-20.0
2020-03-27 02:03:32,60,0.377,4.46,-20.0
2020-03-27 02:03:32,61,0.362,4.49,20.6
2020-03-27 02:03:32,62,0.327,4.49,-20.0
2020-03-27 02:03:32,63,0.405,4.47,-20.0
2020-03-27 02:03:32,64,0.407,4.45,-20.0
2020-03-27 02:03:32,65,0.343,4.44,-20.0
2020-03-27 02:03:32,66,0.384,4.45,-20.0
2020-03-27 02:03:32,67,0.336,4.43,-20.0
2020-03-27 02:03:32,68,0.402,4.45,-20.0
2020-03-27 02:03:32,69,0.418,4.45,-20.0
2020-03-27 02:03:32,70,0.367,4.45,-20.0
2020-03-27 02:03:32,71,0.312,4.49,-20.0
2020-03-27 02:03:32,72,0.414,4.49,-20.0
2020-03-27 02:03:32,73,0.48,4.52,20.8
2020-03-27 02:03:32,74,0.452,4.5,-20.0
2020-03-27 02:03:32,75,0.424,4.46,-20.0
2020-03-27 02:03:32,76,0.341,4.44,-20.0
2020-03-27 02:03:32,77,0.353,4.5,-20.0
2020-03-27 02:03:32,78,0.364,4.46,-20.0
2020-03-27 02:03:32,79,0.395,4.5,-20.0
2020-03-27 02:03:32,80,0.45,4.52,-20.0
2020-03-27 02:03:32,81,0.392,4.52,-20.0
2020-03-27 02:03:32,82,0.35,4.51,-20.0
2020-03-27 02:03:32,83,0.356,4.5,-20.0
2020-03-27 02:03:32,84,0.409,4.49,-20.0
2020-03-27 02:03:32,85,0.382,4.48,21.7
2020-03-27 02:03:32,86,0.368,4.46,-20.0
2020-03-27 02:03:32,87,0.34,4.46,-20.0
2020-03-27 02:03:32,88,0.383,4.47,-20.0
2020-03-27 02:03:32,89,0.367,4.51,-20.0
2020-03-27 02:03:32,90,0.392,4.47,-20.0
2020-03-27 02:03:32,91,0.351,4.48,-20.0
2020-03-27 02:03:32,92,0.37,4.51,-20.0
2020-03-27 02:03:32,93,0.481,4.48,-20.0
2020-03-27 02:03:32,94,0.469,4.47,-20.0
2020-03-27 02:03:32,95,0.422,4.45,-20.0
2020-03-27 02:03:32,96,0.429,4.5,-20.0
2020-03-27 14:02:43,1,0.429,4.51,23.7
2020-03-27 14:02:43,2,0.439,4.52,-20.0
2020-03-27 14:02:43,3,0.413,4.54,-20.0
2020-03-27 14:02:43,4,0.441,4.49,-20.0
2020-03-27 14:02:43,5,0.436,4.53,-20.0
2020-03-27 14:02:43,6,0.36,4.5,-20.0
2020-03-27 14:02:43,7,0.39,4.49,-20.0
2020-03-27 14:02:43,8,0.372,4.5,-20.0
2020-03-27 14:02:43,9,0.409,4.47,-20.0
2020-03-27 14:02:43,10,0.391,4.5,-20.0
2020-03-27 14:02:43,11,0.394,4.45,-20.0
2020-03-27 14:02:43,12,0.362,4.46,-20.0
2020-03-27 14:02:43,13,0.399,4.46,22.8
2020-03-27 14:02:43,14,0.352,4.47,-20.0
2020-03-27 14:02:43,15,0.397,4.52,-20.0
2020-03-27 14:02:43,16,0.421,4.52,-20.0
2020-03-27 14:02:43,17,0.393,4.48,-20.0
2020-03-27 14:02:43,18,0.392,4.49,-20.0
2020-03-27 14:02:43,19,0.393,4.48,-20.0
2020-03-27 14:02:43,20,0.403,4.49,-20.0
2020-03-27 14:02:43,21,0.434,4.48,-20.0
2020-03-27 14:02:43,22,0.395,4.47,-20.0
2020-03-27 14:02:43,23,0.385,4.47,-20.0
2020-03-27 14:02:43,24,0.4,4.47,-20.0
2020-03-27 14:02:43,25,0.339,4.49,20.8
2020-03-27 14:02:43,26,0.395,4.48,-20.0
2020-03-27 14:02:43,27,0.452,4.47,-20.0
2020-03-27 14:02:43,28,0.419,4.47,-20.0
2020-03-27 14:02:43,29,0.4,4.46,-20.0
2020-03-27 14:02:43,30,0.32,4.47,-20.0
2020-03-27 14:02:43,31,0.328,4.46,-20.0
2020-03-27 14:02:43,32,0.346,4.47,-20.0
2020-03-27 14:02:43,33,0.416,4.47,-20.0
2020-03-27 14:02:43,34,0.363,4.48,-20.0
2020-03-27 14:02:43,35,0.347,4.48,-20.0
2020-03-27 14:02:43,36,0.328,4.49,-20.0
2020-03-27 14:02:43,37,0.395,4.48,21.2
2020-03-27 14:02:43,38,0.371,4.48,-20.0
2020-03-27 14:02:43,39,0.329,4.47,-20.0
2020-03-27 14:02:43,40,0.333,4.47,-20.0
2020-03-27 14:02:43,41,0.364,4.5,-20.0
2020-03-27 14:02:43,42,0.33,4.47,-20.0
2020-03-27 14:02:43,43,0.375,4.48,-20.0
2020-03-27 14:02:43,44,0.381,4.48,-20.0
2020-03-27 14:02:43,45,0.307,4.49,-20.0
2020-03-27 14:02:43,46,0.397,4.48,-20.0
2020-03-27 14:02:43,47,0.397,4.48,-20.0
2020-03-27 14:02:43,48,0.447,4.48,-20.0
2020-03-27 14:02:43,49,0.488,4.46,22.6
2020-03-27 14:02:43,50,0.44,4.46,-20.0
2020-03-27 14:02:43,51,0.376,4.46,-20.0
2020-03-27 14:02:43,52,0.397,4.46,-20.0
2020-03-27 14:02:43,53,0.331,4.44,-20.0
2020-03-27 14:02:43,54,0.394,4.45,-20.0
2020-03-27 14:02:43,55,0.358,4.43,-20.0
2020-03-27 14:02:43,56,0.325,4.42,-20.0
2020-03-27 14:02:43,57,0.397,4.42,-20.0
2020-03-27 14:02:43,58,0.384,4.42,-20.0
2020-03-27 14:02:43,59,0.379,4.44,-20.0
2020-03-27 14:02:43,60,0.358,4.45,-20.0
2020-03-27 14:02:43,61,0.363,4.49,20.6
2020-03-27 14:02:43,62,0.331,4.48,-20.0
2020-03-27 14:02:43,63,0.408,4.48,-20.0
2020-03-27 14:02:43,64,0.409,4.45,-20.0
2020-03-27 14:02:43,65,0.345,4.44,-20.0
2020-03-27 14:02:43,66,0.383,4.45,-20.0
2020-03-27 14:02:43,67,0.337,4.43,-20.0
2020-03-27 14:02:43,68,0.404,4.45,-20.0
2020-03-27 14:02:43,69,0.418,4.44,-20.0
2020-03-27 14:02:43,70,0.371,4.45,-20.0
2020-03-27 14:02:43,71,0.313,4.48,-20.0
2020-03-27 14:02:43,72,0.411,4.48,-20.0
2020-03-27 14:02:43,73,0.479,4.52,20.8
2020-03-27 14:02:43,74,0.452,4.5,-20.0
2020-03-27 14:02:43,75,0.425,4.47,-20.0
2020-03-27 14:02:43,76,0.338,4.44,-20.0
2020-03-27 14:02:43,77,0.355,4.51,-20.0
2020-03-27 14:02:43,78,0.365,4.46,-20.0
2020-03-27 14:02:43,79,0.392,4.49,-20.0
2020-03-27 14:02:43,80,0.446,4.52,-20.0
2020-03-27 14:02:43,81,0.39,4.52,-20.0
2020-03-27 14:02:43,82,0.352,4.52,-20.0
2020-03-27 14:02:43,83,0.357,4.5,-20.0
2020-03-27 14:02:43,84,0.408,4.49,-20.0
2020-03-27 14:02:43,85,0.38,4.48,21.6
2020-03-27 14:02:43,86,0.368,4.46,-20.0
2020-03-27 14:02:43,87,0.339,4.46,-20.0
2020-03-27 14:02:43,88,0.386,4.48,-20.0
2020-03-27 14:02:43,89,0.369,4.51,-20.0
2020-03-27 14:02:43,90,0.395,4.46,-20.0
2020-03-27 14:02:43,91,0.352,4.48,-20.0
2020-03-27 14:02:43,92,0.369,4.51,-20.0
2020-03-27 14:02:43,93,0.482,4.49,-20.0
2020-03-27 14:02:43,94,0.467,4.46,-20.0
2020-03-27 14:02:43,95,0.421,4.45,-20.0
2020-03-27 14:02:43,96,0.423,4.5,-20.0
2020-03-28 02:02:00,1,0.429,4.51,23.6
2020-03-28 02:02:00,2,0.437,4.53,-20.0
2020-03-28 02:02:00,3,0.412,4.55,-20.0
2020-03-28 02:02:00,4,0.441,4.49,-20.0
2020-03-28 02:02:00,5,0.433,4.52,-20.0
2020-03-28 02:02:00,6,0.361,4.51,-20.0
2020-03-28 02:02:00,7,0.391,4.48,-20.0
2020-03-28 02:02:00,8,0.371,4.51,-20.0
2020-03-28 02:02:00,9,0.406,4.47,-20.0
2020-03-28 02:02:00,10,0.392,4.49,-20.0
2020-03-28 02:02:00,11,0.394,4.45,-20.0
2020-03-28 02:02:00,12,0.363,4.45,-20.0
2020-03-28 02:02:00,13,0.399,4.46,22.8
2020-03-28 02:02:00,14,0.35,4.48,-20.0
2020-03-28 02:02:00,15,0.398,4.51,-20.0
2020-03-28 02:02:00,16,0.418,4.51,-20.0
2020-03-28 02:02:00,17,0.4,4.49,-20.0
2020-03-28 02:02:00,18,0.395,4.49,-20.0
2020-03-28 02:02:00,19,0.389,4.47,-20.0
2020-03-28 02:02:00,20,0.402,4.49,-20.0
2020-03-28 02:02:00,21,0.432,4.48,-20.0
2020-03-28 02:02:00,22,0.396,4.46,-20.0
2020-03-28 02:02:00,23,0.386,4.47,-20.0
2020-03-28 02:02:00,24,0.401,4.49,-20.0
2020-03-28 02:02:00,25,0.343,4.49,20.8
2020-03-28 02:02:00,26,0.396,4.48,-20.0
2020-03-28 02:02:00,27,0.45,4.47,-20.0
2020-03-28 02:02:00,28,0.421,4.46,-20.0
2020-03-28 02:02:00,29,0.405,4.46,-20.0
2020-03-28 02:02:00,30,0.32,4.48,-20.0
2020-03-28 02:02:00,31,0.323,4.45,-20.0
2020-03-28 02:02:00,32,0.336,4.47,-20.0
2020-03-28 02:02:00,33,0.415,4.48,-20.0
2020-03-28 02:02:00,34,0.357,4.48,-20.0
2020-03-28 02:02:00,35,0.346,4.47,-20.0
2020-03-28 02:02:00,36,0.319,4.48,-20.0
2020-03-28 02:02:00,37,0.384,4.47,21.1
2020-03-28 02:02:00,38,0.361,4.48,-20.0
2020-03-28 02:02:00,39,0.321,4.47,-20.0
2020-03-28 02:02:00,40,0.332,4.46,-20.0
2020-03-28 02:02:00,41,0.363,4.5,-20.0
2020-03-28 02:02:00,42,0.331,4.47,-20.0
2020-03-28 02:02:00,43,0.379,4.48,-20.0
2020-03-28 02:02:00,44,0.382,4.49,-20.0
2020-03-28 02:02:00,45,0.308,4.49,-20.0
2020-03-28 02:02:00,46,0.398,4.48,-20.0
2020-03-28 02:02:00,47,0.399,4.48,-20.0
2020-03-28 02:02:00,48,0.449,4.48,-20.0
2020-03-28 02:02:00,49,0.489,4.45,22.7
2020-03-28 02:02:00,50,0.44,4.47,-20.0
2020-03-28 02:02:00,51,0.376,4.46,-20.0
2020-03-28 02:02:00,52,0.398,4.45,-20.0
2020-03-28 02:02:00,53,0.335,4.44,-20.0
2020-03-28 02:02:00,54,0.391,4.46,-20.0
2020-03-28 02:02:00,55,0.359,4.43,-20.0
2020-03-28 02:02:00,56,0.322,4.43,-20.0
2020-03-28 02:02:00,57,0.394,4.42,-20.0
2020-03-28 02:02:00,58,0.383,4.42,-20.0
2020-03-28 02:02:00,59,0.374,4.43,-20.0
2020-03-28 02:02:00,60,0.371,4.45,-20.0
2020-03-28 02:02:00,61,0.362,4.48,20.5
2020-03-28 02:02:00,62,0.328,4.48,-20.0
2020-03-28 02:02:00,63,0.426,4.47,-20.0
2020-03-28 02:02:00,64,0.402,4.45,-20.0
2020-03-28 02:02:00,65,0.346,4.44,-20.0
2020-03-28 02:02:00,66,0.385,4.44,-20.0
2020-03-28 02:02:00,67,0.336,4.43,-20.0
2020-03-28 02:02:00,68,0.41,4.45,-20.0
2020-03-28 02:02:00,69,0.403,4.44,-20.0
2020-03-28 02:02:00,70,0.363,4.45,-20.0
2020-03-28 02:02:00,71,0.315,4.48,-20.0
2020-03-28 02:02:00,72,0.412,4.49,-20.0
2020-03-28 02:02:00,73,0.471,4.52,20.7
2020-03-28 02:02:00,74,0.435,4.5,-20.0
2020-03-28 02:02:00,75,0.377,4.46,-20.0
2020-03-28 02:02:00,76,0.341,4.44,-20.0
2020-03-28 02:02:00,77,0.357,4.5,-20.0
2020-03-28 02:02:00,78,0.354,4.46,-20.0
2020-03-28 02:02:00,79,0.382,4.5,-20.0
2020-03-28 02:02:00,80,0.435,4.52,-20.0
2020-03-28 02:02:00,81,0.391,4.52,-20.0
2020-03-28 02:02:00,82,0.351,4.51,-20.0
2020-03-28 02:02:00,83,0.371,4.5,-20.0
2020-03-28 02:02:00,84,0.407,4.49,-20.0
2020-03-28 02:02:00,85,0.379,4.49,21.6
2020-03-28 02:02:00,86,0.367,4.46,-20.0
2020-03-28 02:02:00,87,0.339,4.46,-20.0
2020-03-28 02:02:00,88,0.388,4.48,-20.0
2020-03-28 02:02:00,89,0.37,4.51,-20.0
2020-03-28 02:02:00,90,0.394,4.46,-20.0
2020-03-28 02:02:00,91,0.352,4.49,-20.0
2020-03-28 02:02:00,92,0.365,4.51,-20.0
2020-03-28 02:02:00,93,0.479,4.49,-20.0
2020-03-28 02:02:00,94,0.464,4.46,-20.0
2020-03-28 02:02:00,95,0.418,4.45,-20.0
2020-03-28 02:02:00,96,0.421,4.51,-20.0
2020-03-28 14:01:07,1,0.428,4.51,23.7
2020-03-28 14:01:07,2,0.438,4.53,-20.0
2020-03-28 14:01:07,3,0.412,4.54,-20.0
2020-03-28 14:01:07,4,0.442,4.49,-20.0
2020-03-28 14:01:07,5,0.434,4.52,-20.0
2020-03-28 14:01:07,6,0.36,4.5,-20.0
2020-03-28 14:01:07,7,0.394,4.49,-20.0
2020-03-28 14:01:07,8,0.372,4.51,-20.0
2020-03-28 14:01:07,9,0.407,4.47,-20.0
2020-03-28 14:01:07,10,0.391,4.49,-20.0
2020-03-28 14:01:07,11,0.398,4.45,-20.0
2020-03-28 14:01:07,12,0.366,4.46,-20.0
2020-03-28 14:01:07,13,0.401,4.48,22.9
2020-03-28 14:01:07,14,0.35,4.48,-20.0
2020-03-28 14:01:07,15,0.4,4.52,-20.0
2020-03-28 14:01:07,16,0.418,4.52,-20.0
2020-03-28 14:01:07,17,0.393,4.48,-20.0
2020-03-28 14:01:07,18,0.392,4.48,-20.0
2020-03-28 14:01:07,19,0.39,4.47,-20.0
2020-03-28 14:01:07,20,0.403,4.49,-20.0
2020-03-28 14:01:07,21,0.433,4.48,-20.0
2020-03-28 14:01:07,22,0.395,4.46,-20.0
2020-03-28 14:01:07,23,0.388,4.48,-20.0
2020-03-28 14:01:07,24,0.398,4.48,-20.0
2020-03-28 14:01:07,25,0.346,4.5,20.9
2020-03-28 14:01:07,26,0.393,4.48,-20.0
2020-03-28 14:01:07,27,0.449,4.47,-20.0
2020-03-28 14:01:07,28,0.404,4.47,-20.0
2020-03-28 14:01:07,29,0.398,4.46,-20.0
2020-03-28 14:01:07,30,0.319,4.47,-20.0
2020-03-28 14:01:07,31,0.321,4.46,-20.0
2020-03-28 14:01:07,32,0.333,4.46,-20.0
2020-03-28 14:01:07,33,0.405,4.48,-20.0
2020-03-28 14:01:07,34,0.35,4.49,-20.0
2020-03-28 14:01:07,35,0.349,4.48,-20.0
2020-03-28 14:01:07,36,0.319,4.49,-20.0
2020-03-28 14:01:07,37,0.392,4.47,21.2
2020-03-28 14:01:07,38,0.365,4.49,-20.0
2020-03-28 14:01:07,39,0.323,4.46,-20.0
2020-03-28 14:01:07,40,0.332,4.48,-20.0
2020-03-28 14:01:07,41,0.363,4.5,-20.0
2020-03-28 14:01:07,42,0.336,4.47,-20.0
2020-03-28 14:01:07,43,0.38,4.48,-20.0
2020-03-28 14:01:07,44,0.385,4.48,-20.0
2020-03-28 14:01:07,45,0.311,4.5,-20.0
2020-03-28 14:01:07,46,0.395,4.48,-20.0
2020-03-28 14:01:07,47,0.402,4.47,-20.0
2020-03-28 14:01:07,48,0.455,4.48,-20.0
2020-03-28 14:01:07,49,0.486,4.45,22.9
2020-03-28 14:01:07,50,0.445,4.47,-20.0
2020-03-28 14:01:07,51,0.371,4.46,-20.0
2020-03-28 14:01:07,52,0.398,4.46,-20.0
2020-03-28 14:01:07,53,0.325,4.44,-20.0
2020-03-28 14:01:07,54,0.378,4.45,-20.0
2020-03-28 14:01:07,55,0.342,4.43,-20.0
2020-03-28 14:01:07,56,0.324,4.43,-20.0
2020-03-28 14:01:07,57,0.396,4.42,-20.0
2020-03-28 14:01:07,58,0.408,4.41,-20.0
2020-03-28 14:01:07,59,0.369,4.44,-20.0
2020-03-28 14:01:07,60,0.36,4.46,-20.0
2020-03-28 14:01:07,61,0.361,4.47,20.7
2020-03-28 14:01:07,62,0.331,4.49,-20.0
2020-03-28 14:01:07,63,0.403,4.47,-20.0
2020-03-28 14:01:07,64,0.385,4.45,-20.0
2020-03-28 14:01:07,65,0.335,4.45,-20.0
2020-03-28 14:01:07,66,0.384,4.45,-20.0
2020-03-28 14:01:07,67,0.336,4.42,-20.0
2020-03-28 14:01:07,68,0.411,4.45,-20.0
2020-03-28 14:01:07,69,0.397,4.44,-20.0
2020-03-28 14:01:07,70,0.36,4.46,-20.0
2020-03-28 14:01:07,71,0.317,4.48,-20.0
2020-03-28 14:01:07,72,0.412,4.49,-20.0
2020-03-28 14:01:07,73,0.476,4.52,21.0
2020-03-28 14:01:07,74,0.441,4.51,-20.0
2020-03-28 14:01:07,75,0.388,4.47,-20.0
2020-03-28 14:01:07,76,0.343,4.44,-20.0
2020-03-28 14:01:07,77,0.358,4.51,-20.0
2020-03-28 14:01:07,78,0.357,4.46,-20.0
2020-03-28 14:01:07,79,0.384,4.5,-20.0
2020-03-28 14:01:07,80,0.439,4.52,-20.0
2020-03-28 14:01:07,81,0.391,4.52,-20.0
2020-03-28 14:01:07,82,0.35,4.51,-20.0
2020-03-28 14:01:07,83,0.366,4.5,-20.0
2020-03-28 14:01:07,84,0.407,4.5,-20.0
2020-03-28 14:01:07,85,0.379,4.48,22.2
2020-03-28 14:01:07,86,0.366,4.46,-20.0
2020-03-28 14:01:07,87,0.339,4.46,-20.0
2020-03-28 14:01:07,88,0.388,4.47,-20.0
2020-03-28 14:01:07,89,0.372,4.51,-20.0
2020-03-28 14:01:07,90,0.394,4.47,-20.0
2020-03-28 14:01:07,91,0.357,4.48,-20.0
2020-03-28 14:01:07,92,0.366,4.5,-20.0
2020-03-28 14:01:07,93,0.481,4.49,-20.0
2020-03-28 14:01:07,94,0.464,4.47,-20.0
2020-03-28 14:01:07,95,0.42,4.45,-20.0
2020-03-28 14:01:07,96,0.423,4.5,-20.0
2020-03-29 02:00:21,1,0.429,4.51,23.7
2020-03-29 02:00:21,2,0.437,4.53,-20.0
2020-03-29 02:00:21,3,0.412,4.53,-20.0
2020-03-29 02:00:21,4,0.442,4.49,-20.0
2020-03-29 02:00:21,5,0.434,4.52,-20.0
2020-03-29 02:00:21,6,0.362,4.5,-20.0
2020-03-29 02:00:21,7,0.397,4.47,-20.0
2020-03-29 02:00:21,8,0.376,4.49,-20.0
2020-03-29 02:00:21,9,0.405,4.46,-20.0
2020-03-29 02:00:21,10,0.393,4.49,-20.0
2020-03-29 02:00:21,11,0.398,4.45,-20.0
2020-03-29 02:00:21,12,0.367,4.46,-20.0
2020-03-29 02:00:21,13,0.399,4.47,22.7
2020-03-29 02:00:21,14,0.349,4.48,-20.0
2020-03-29 02:00:21,15,0.4,4.51,-20.0
2020-03-29 02:00:21,16,0.421,4.51,-20.0
2020-03-29 02:00:21,17,0.39,4.47,-20.0
2020-03-29 02:00:21,18,0.391,4.49,-20.0
2020-03-29 02:00:21,19,0.382,4.48,-20.0
2020-03-29 02:00:21,20,0.404,4.49,-20.0
2020-03-29 02:00:21,21,0.429,4.48,-20.0
2020-03-29 02:00:21,22,0.404,4.46,-20.0
2020-03-29 02:00:21,23,0.379,4.49,-20.0
2020-03-29 02:00:21,24,0.384,4.48,-20.0
2020-03-29 02:00:21,25,0.343,4.49,20.8
2020-03-29 02:00:21,26,0.393,4.47,-20.0
2020-03-29 02:00:21,27,0.452,4.46,-20.0
2020-03-29 02:00:21,28,0.41,4.47,-20.0
2020-03-29 02:00:21,29,0.399,4.45,-20.0
2020-03-29 02:00:21,30,0.32,4.47,-20.0
2020-03-29 02:00:21,31,0.321,4.46,-20.0
2020-03-29 02:00:21,32,0.341,4.47,-20.0
2020-03-29 02:00:21,33,0.416,4.48,-20.0
2020-03-29 02:00:21,34,0.356,4.49,-20.0
2020-03-29 02:00:21,35,0.348,4.48,-20.0
2020-03-29 02:00:21,36,0.318,4.5,-20.0
2020-03-29 02:00:21,37,0.402,4.47,21.1
2020-03-29 02:00:21,38,0.369,4.48,-20.0
2020-03-29 02:00:21,39,0.328,4.47,-20.0
2020-03-29 02:00:21,40,0.331,4.46,-20.0
2020-03-29 02:00:21,41,0.367,4.5,-20.0
2020-03-29 02:00:21,42,0.337,4.48,-20.0
2020-03-29 02:00:21,43,0.386,4.49,-20.0
2020-03-29 02:00:21,44,0.385,4.48,-20.0
2020-03-29 02:00:21,45,0.31,4.49,-20.0
2020-03-29 02:00:21,46,0.394,4.47,-20.0
2020-03-29 02:00:21,47,0.407,4.47,-20.0
2020-03-29 02:00:21,48,0.452,4.48,-20.0
2020-03-29 02:00:21,49,0.479,4.45,22.7
2020-03-29 02:00:21,50,0.442,4.47,-20.0
2020-03-29 02:00:21,51,0.374,4.46,-20.0
2020-03-29 02:00:21,52,0.397,4.45,-20.0
2020-03-29 02:00:21,53,0.324,4.44,-20.0
2020-03-29 02:00:21,54,0.377,4.46,-20.0
2020-03-29 02:00:21,55,0.347,4.43,-20.0
2020-03-29 02:00:21,56,0.326,4.43,-20.0
2020-03-29 02:00:21,57,0.394,4.42,-20.0
2020-03-29 02:00:21,58,0.394,4.42,-20.0
2020-03-29 02:00:21,59,0.376,4.44,-20.0
2020-03-29 02:00:21,60,0.363,4.46,-20.0
2020-03-29 02:00:21,61,0.361,4.49,20.6
2020-03-29 02:00:21,62,0.331,4.49,-20.0
2020-03-29 02:00:21,63,0.408,4.47,-20.0
2020-03-29 02:00:21,64,0.39,4.45,-20.0
2020-03-29 02:00:21,65,0.336,4.45,-20.0
2020-03-29 02:00:21,66,0.386,4.46,-20.0
2020-03-29 02:00:21,67,0.338,4.42,-20.0
2020-03-29 02:00:21,68,0.412,4.46,-20.0
2020-03-29 02:00:21,69,0.404,4.44,-20.0
2020-03-29 02:00:21,70,0.364,4.46,-20.0
2020-03-29 02:00:21,71,0.318,4.48,-20.0
2020-03-29 02:00:21,72,0.413,4.48,-20.0
2020-03-29 02:00:21,73,0.475,4.51,20.7
2020-03-29 02:00:21,74,0.437,4.5,-20.0
2020-03-29 02:00:21,75,0.392,4.47,-20.0
2020-03-29 02:00:21,76,0.34,4.45,-20.0
2020-03-29 02:00:21,77,0.357,4.5,-20.0
2020-03-29 02:00:21,78,0.36,4.47,-20.0
2020-03-29 02:00:21,79,0.382,4.5,-20.0
2020-03-29 02:00:21,80,0.441,4.52,-20.0
2020-03-29 02:00:21,81,0.393,4.52,-20.0
2020-03-29 02:00:21,82,0.35,4.51,-20.0
2020-03-29 02:00:21,83,0.364,4.5,-20.0
2020-03-29 02:00:21,84,0.407,4.49,-20.0
2020-03-29 02:00:21,85,0.384,4.48,21.6
2020-03-29 02:00:21,86,0.365,4.46,-20.0
2020-03-29 02:00:21,87,0.34,4.46,-20.0
2020-03-29 02:00:21,88,0.387,4.48,-20.0
2020-03-29 02:00:21,89,0.365,4.5,-20.0
2020-03-29 02:00:21,90,0.388,4.46,-20.0
2020-03-29 02:00:21,91,0.355,4.48,-20.0
2020-03-29 02:00:21,92,0.366,4.5,-20.0
2020-03-29 02:00:21,93,0.478,4.48,-20.0
2020-03-29 02:00:21,94,0.463,4.46,-20.0
2020-03-29 02:00:21,95,0.415,4.45,-20.0
2020-03-29 02:00:21,96,0.42,4.5,-20.0
2020-03-29 13:59:49,1,0.429,4.51,23.6
2020-03-29 13:59:49,2,0.435,4.53,-20.0
2020-03-29 13:59:49,3,0.413,4.53,-20.0
2020-03-29 13:59:49,4,0.44,4.48,-20.0
2020-03-29 13:59:49,5,0.435,4.53,-20.0
2020-03-29 13:59:49,6,0.363,4.5,-20.0
2020-03-29 13:59:49,7,0.395,4.48,-20.0
2020-03-29 13:59:49,8,0.376,4.5,-20.0
2020-03-29 13:59:49,9,0.404,4.47,-20.0
2020-03-29 13:59:49,10,0.392,4.49,-20.0
2020-03-29 13:59:49,11,0.395,4.45,-20.0
2020-03-29 13:59:49,12,0.368,4.46,-20.0
2020-03-29 13:59:49,13,0.403,4.47,22.9
2020-03-29 13:59:49,14,0.351,4.48,-20.0
2020-03-29 13:59:49,15,0.397,4.51,-20.0
2020-03-29 13:59:49,16,0.421,4.51,-20.0
2020-03-29 13:59:49,17,0.393,4.47,-20.0
2020-03-29 13:59:49,18,0.392,4.49,-20.0
2020-03-29 13:59:49,19,0.391,4.48,-20.0
2020-03-29 13:59:49,20,0.402,4.49,-20.0
2020-03-29 13:59:49,21,0.429,4.48,-20.0
2020-03-29 13:59:49,22,0.407,4.46,-20.0
2020-03-29 13:59:49,23,0.389,4.47,-20.0
2020-03-29 13:59:49,24,0.392,4.49,-20.0
2020-03-29 13:59:49,25,0.34,4.49,20.9
2020-03-29 13:59:49,26,0.391,4.48,-20.0
2020-03-29 13:59:49,27,0.436,4.45,-20.0
2020-03-29 13:59:49,28,0.415,4.47,-20.0
2020-03-29 13:59:49,29,0.406,4.47,-20.0
2020-03-29 13:59:49,30,0.319,4.48,-20.0
2020-03-29 13:59:49,31,0.325,4.46,-20.0
2020-03-29 13:59:49,32,0.34,4.47,-20.0
2020-03-29 13:59:49,33,0.412,4.48,-20.0
2020-03-29 13:59:49,34,0.36,4.48,-20.0
2020-03-29 13:59:49,35,0.347,4.48,-20.0
2020-03-29 13:59:49,36,0.319,4.49,-20.0
2020-03-29 13:59:49,37,0.402,4.48,21.3
2020-03-29 13:59:49,38,0.37,4.48,-20.0
2020-03-29 13:59:49,39,0.329,4.47,-20.0
2020-03-29 13:59:49,40,0.331,4.47,-20.0
2020-03-29 13:59:49,41,0.369,4.5,-20.0
2020-03-29 13:59:49,42,0.339,4.47,-20.0
2020-03-29 13:59:49,43,0.387,4.48,-20.0
2020-03-29 13:59:49,44,0.39,4.48,-20.0
2020-03-29 13:59:49,45,0.309,4.48,-20.0
2020-03-29 13:59:49,46,0.392,4.47,-20.0
2020-03-29 13:59:49,47,0.404,4.48,-20.0
2020-03-29 13:59:49,48,0.453,4.48,-20.0
2020-03-29 13:59:49,49,0.481,4.45,22.9
2020-03-29 13:59:49,50,0.448,4.47,-20.0
2020-03-29 13:59:49,51,0.377,4.46,-20.0
2020-03-29 13:59:49,52,0.398,4.45,-20.0
2020-03-29 13:59:49,53,0.332,4.44,-20.0
2020-03-29 13:59:49,54,0.389,4.45,-20.0
2020-03-29 13:59:49,55,0.358,4.43,-20.0
2020-03-29 13:59:49,56,0.323,4.42,-20.0
2020-03-29 13:59:49,57,0.396,4.43,-20.0
2020-03-29 13:59:49,58,0.386,4.42,-20.0
2020-03-29 13:59:49,59,0.388,4.43,-20.0
2020-03-29 13:59:49,60,0.365,4.45,-20.0
2020-03-29 13:59:49,61,0.364,4.48,20.7
2020-03-29 13:59:49,62,0.333,4.49,-20.0
2020-03-29 13:59:49,63,0.398,4.47,-20.0
2020-03-29 13:59:49,64,0.4,4.45,-20.0
2020-03-29 13:59:49,65,0.341,4.45,-20.0
2020-03-29 13:59:49,66,0.386,4.45,-20.0
2020-03-29 13:59:49,67,0.341,4.43,-20.0
2020-03-29 13:59:49,68,0.405,4.45,-20.0
2020-03-29 13:59:49,69,0.402,4.45,-20.0
2020-03-29 13:59:49,70,0.363,4.46,-20.0
2020-03-29 13:59:49,71,0.317,4.48,-20.0
2020-03-29 13:59:49,72,0.413,4.49,-20.0
2020-03-29 13:59:49,73,0.467,4.51,20.9
2020-03-29 13:59:49,74,0.433,4.5,-20.0
2020-03-29 13:59:49,75,0.401,4.46,-20.0
2020-03-29 13:59:49,76,0.342,4.44,-20.0
2020-03-29 13:59:49,77,0.355,4.52,-20.0
2020-03-29 13:59:49,78,0.363,4.47,-20.0
2020-03-29 13:59:49,79,0.384,4.49,-20.0
2020-03-29 13:59:49,80,0.444,4.53,-20.0
2020-03-29 13:59:49,81,0.392,4.52,-20.0
2020-03-29 13:59:49,82,0.35,4.51,-20.0
2020-03-29 13:59:49,83,0.363,4.5,-20.0
2020-03-29 13:59:49,84,0.407,4.49,-20.0
2020-03-29 13:59:49,85,0.384,4.48,22.2
2020-03-29 13:59:49,86,0.367,4.46,-20.0
2020-03-29 13:59:49,87,0.339,4.46,-20.0
2020-03-29 13:59:49,88,0.388,4.47,-20.0
2020-03-29 13:59:49,89,0.366,4.51,-20.0
2020-03-29 13:59:49,90,0.391,4.46,-20.0
2020-03-29 13:59:49,91,0.354,4.48,-20.0
2020-03-29 13:59:49,92,0.369,4.51,-20.0
2020-03-29 13:59:49,93,0.477,4.49,-20.0
2020-03-29 13:59:49,94,0.464,4.47,-20.0
2020-03-29 13:59:49,95,0.418,4.45,-20.0
2020-03-29 13:59:49,96,0.422,4.5,-20.0
2020-03-30 01:59:01,1,0.43,4.51,23.7
2020-03-30 01:59:01,2,0.435,4.51,-20.0
2020-03-30 01:59:01,3,0.413,4.54,-20.0
2020-03-30 01:59:01,4,0.438,4.48,-20.0
2020-03-30 01:59:01,5,0.428,4.52,-20.0
2020-03-30 01:59:01,6,0.361,4.5,-20.0
2020-03-30 01:59:01,7,0.393,4.48,-20.0
2020-03-30 01:59:01,8,0.37,4.5,-20.0
2020-03-30 01:59:01,9,0.402,4.47,-20.0
2020-03-30 01:59:01,10,0.39,4.49,-20.0
2020-03-30 01:59:01,11,0.392,4.45,-20.0
2020-03-30 01:59:01,12,0.364,4.46,-20.0
2020-03-30 01:59:01,13,0.4,4.47,22.8
2020-03-30 01:59:01,14,0.352,4.46,-20.0
2020-03-30 01:59:01,15,0.396,4.52,-20.0
2020-03-30 01:59:01,16,0.422,4.52,-20.0
2020-03-30 01:59:01,17,0.397,4.48,-20.0
2020-03-30 01:59:01,18,0.395,4.48,-20.0
2020-03-30 01:59:01,19,0.395,4.49,-20.0
2020-03-30 01:59:01,20,0.401,4.48,-20.0
2020-03-30 01:59:01,21,0.429,4.47,-20.0
2020-03-30 01:59:01,22,0.401,4.45,-20.0
2020-03-30 01:59:01,23,0.397,4.47,-20.0
2020-03-30 01:59:01,24,0.4,4.48,-20.0
2020-03-30 01:59:01,25,0.343,4.49,20.9
2020-03-30 01:59:01,26,0.392,4.48,-20.0
2020-03-30 01:59:01,27,0.427,4.46,-20.0
2020-03-30 01:59:01,28,0.41,4.46,-20.0
2020-03-30 01:59:01,29,0.417,4.46,-20.0
2020-03-30 01:59:01,30,0.32,4.47,-20.0
2020-03-30 01:59:01,31,0.321,4.46,-20.0
2020-03-30 01:59:01,32,0.333,4.47,-20.0
2020-03-30 01:59:01,33,0.404,4.48,-20.0
2020-03-30 01:59:01,34,0.356,4.48,-20.0
2020-03-30 01:59:01,35,0.345,4.47,-20.0
2020-03-30 01:59:01,36,0.32,4.5,-20.0
2020-03-30 01:59:01,37,0.394,4.47,21.3
2020-03-30 01:59:01,38,0.368,4.49,-20.0
2020-03-30 01:59:01,39,0.337,4.47,-20.0
2020-03-30 01:59:01,40,0.33,4.48,-20.0
2020-03-30 01:59:01,41,0.367,4.5,-20.0
2020-03-30 01:59:01,42,0.339,4.47,-20.0
2020-03-30 01:59:01,43,0.386,4.48,-20.0
2020-03-30 01:59:01,44,0.39,4.49,-20.0
2020-03-30 01:59:01,45,0.307,4.49,-20.0
2020-03-30 01:59:01,46,0.391,4.48,-20.0
2020-03-30 01:59:01,47,0.401,4.47,-20.0
2020-03-30 01:59:01,48,0.453,4.48,-20.0
2020-03-30 01:59:01,49,0.484,4.45,22.7
2020-03-30 01:59:01,50,0.445,4.46,-20.0
2020-03-30 01:59:01,51,0.377,4.46,-20.0
2020-03-30 01:59:01,52,0.4,4.45,-20.0
2020-03-30 01:59:01,53,0.345,4.45,-20.0
2020-03-30 01:59:01,54,0.392,4.46,-20.0
2020-03-30 01:59:01,55,0.353,4.43,-20.0
2020-03-30 01:59:01,56,0.326,4.43,-20.0
2020-03-30 01:59:01,57,0.395,4.42,-20.0
2020-03-30 01:59:01,58,0.386,4.42,-20.0
2020-03-30 01:59:01,59,0.393,4.44,-20.0
2020-03-30 01:59:01,60,0.388,4.45,-20.0
2020-03-30 01:59:01,61,0.364,4.49,20.7
2020-03-30 01:59:01,62,0.332,4.48,-20.0
2020-03-30 01:59:01,63,0.378,4.46,-20.0
2020-03-30 01:59:01,64,0.39,4.45,-20.0
2020-03-30 01:59:01,65,0.341,4.44,-20.0
2020-03-30 01:59:01,66,0.388,4.45,-20.0
2020-03-30 01:59:01,67,0.34,4.43,-20.0
2020-03-30 01:59:01,68,0.371,4.45,-20.0
2020-03-30 01:59:01,69,0.368,4.45,-20.0
2020-03-30 01:59:01,70,0.345,4.45,-20.0
2020-03-30 01:59:01,71,0.315,4.49,-20.0
2020-03-30 01:59:01,72,0.415,4.49,-20.0
2020-03-30 01:59:01,73,0.449,4.51,20.8
2020-03-30 01:59:01,74,0.397,4.51,-20.0
2020-03-30 01:59:01,75,0.33,4.46,-20.0
2020-03-30 01:59:01,76,0.337,4.43,-20.0
2020-03-30 01:59:01,77,0.353,4.5,-20.0
2020-03-30 01:59:01,78,0.344,4.47,-20.0
2020-03-30 01:59:01,79,0.362,4.49,-20.0
2020-03-30 01:59:01,80,0.43,4.52,-20.0
2020-03-30 01:59:01,81,0.388,4.52,-20.0
2020-03-30 01:59:01,82,0.351,4.51,-20.0
2020-03-30 01:59:01,83,0.375,4.51,-20.0
2020-03-30 01:59:01,84,0.404,4.49,-20.0
2020-03-30 01:59:01,85,0.379,4.49,21.9
2020-03-30 01:59:01,86,0.368,4.46,-20.0
2020-03-30 01:59:01,87,0.335,4.46,-20.0
2020-03-30 01:59:01,88,0.386,4.48,-20.0
2020-03-30 01:59:01,89,0.368,4.51,-20.0
2020-03-30 01:59:01,90,0.393,4.47,-20.0
2020-03-30 01:59:01,91,0.357,4.48,-20.0
2020-03-30 01:59:01,92,0.37,4.51,-20.0
2020-03-30 01:59:01,93,0.477,4.49,-20.0
2020-03-30 01:59:01,94,0.464,4.46,-20.0
2020-03-30 01:59:01,95,0.417,4.46,-20.0
2020-03-30 01:59:01,96,0.421,4.51,-20.0
2020-03-30 13:58:28,1,0.43,4.51,23.6
2020-03-30 13:58:28,2,0.435,4.53,-20.0
2020-03-30 13:58:28,3,0.411,4.54,-20.0
2020-03-30 13:58:28,4,0.435,4.48,-20.0
2020-03-30 13:58:28,5,0.429,4.52,-20.0
2020-03-30 13:58:28,6,0.361,4.5,-20.0
2020-03-30 13:58:28,7,0.395,4.49,-20.0
2020-03-30 13:58:28,8,0.372,4.51,-20.0
2020-03-30 13:58:28,9,0.403,4.48,-20.0
2020-03-30 13:58:28,10,0.391,4.5,-20.0
2020-03-30 13:58:28,11,0.395,4.44,-20.0
2020-03-30 13:58:28,12,0.365,4.46,-20.0
2020-03-30 13:58:28,13,0.399,4.48,22.7
2020-03-30 13:58:28,14,0.351,4.48,-20.0
2020-03-30 13:58:28,15,0.398,4.51,-20.0
2020-03-30 13:58:28,16,0.426,4.51,-20.0
2020-03-30 13:58:28,17,0.401,4.48,-20.0
2020-03-30 13:58:28,18,0.396,4.48,-20.0
2020-03-30 13:58:28,19,0.393,4.47,-20.0
2020-03-30 13:58:28,20,0.398,4.49,-20.0
2020-03-30 13:58:28,21,0.427,4.49,-20.0
2020-03-30 13:58:28,22,0.401,4.47,-20.0
2020-03-30 13:58:28,23,0.396,4.47,-20.0
2020-03-30 13:58:28,24,0.407,4.48,-20.0
2020-03-30 13:58:28,25,0.339,4.49,20.8
2020-03-30 13:58:28,26,0.391,4.49,-20.0
2020-03-30 13:58:28,27,0.425,4.46,-20.0
2020-03-30 13:58:28,28,0.399,4.47,-20.0
2020-03-30 13:58:28,29,0.415,4.47,-20.0
2020-03-30 13:58:28,30,0.319,4.47,-20.0
2020-03-30 13:58:28,31,0.321,4.46,-20.0
2020-03-30 13:58:28,32,0.337,4.46,-20.0
2020-03-30 13:58:28,33,0.403,4.48,-20.0
2020-03-30 13:58:28,34,0.354,4.48,-20.0
2020-03-30 13:58:28,35,0.344,4.48,-20.0
2020-03-30 13:58:28,36,0.321,4.49,-20.0
2020-03-30 13:58:28,37,0.397,4.48,21.1
2020-03-30 13:58:28,38,0.366,4.49,-20.0
2020-03-30 13:58:28,39,0.338,4.46,-20.0
2020-03-30 13:58:28,40,0.33,4.46,-20.0
2020-03-30 13:58:28,41,0.367,4.51,-20.0
2020-03-30 13:58:28,42,0.337,4.47,-20.0
2020-03-30 13:58:28,43,0.388,4.49,-20.0
2020-03-30 13:58:28,44,0.393,4.49,-20.0
2020-03-30 13:58:28,45,0.302,4.49,-20.0
2020-03-30 13:58:28,46,0.392,4.48,-20.0
2020-03-30 13:58:28,47,0.382,4.47,-20.0
2020-03-30 13:58:28,48,0.436,4.48,-20.0
2020-03-30 13:58:28,49,0.493,4.45,22.7
2020-03-30 13:58:28,50,0.46,4.47,-20.0
2020-03-30 13:58:28,51,0.375,4.46,-20.0
2020-03-30 13:58:28,52,0.4,4.46,-20.0
2020-03-30 13:58:28,53,0.346,4.45,-20.0
2020-03-30 13:58:28,54,0.398,4.45,-20.0
2020-03-30 13:58:28,55,0.373,4.43,-20.0
2020-03-30 13:58:28,56,0.324,4.43,-20.0
2020-03-30 13:58:28,57,0.393,4.42,-20.0
2020-03-30 13:58:28,58,0.412,4.42,-20.0
2020-03-30 13:58:28,59,0.373,4.44,-20.0
2020-03-30 13:58:28,60,0.387,4.46,-20.0
2020-03-30 13:58:28,61,0.365,4.49,20.6
2020-03-30 13:58:28,62,0.332,4.49,-20.0
2020-03-30 13:58:28,63,0.38,4.47,-20.0
2020-03-30 13:58:28,64,0.388,4.45,-20.0
2020-03-30 13:58:28,65,0.337,4.45,-20.0
2020-03-30 13:58:28,66,0.389,4.44,-20.0
2020-03-30 13:58:28,67,0.342,4.42,-20.0
2020-03-30 13:58:28,68,0.367,4.45,-20.0
2020-03-30 13:58:28,69,0.384,4.44,-20.0
2020-03-30 13:58:28,70,0.355,4.45,-20.0
2020-03-30 13:58:28,71,0.315,4.48,-20.0
2020-03-30 13:58:28,72,0.416,4.49,-20.0
2020-03-30 13:58:28,73,0.456,4.51,20.8
2020-03-30 13:58:28,74,0.405,4.5,-20.0
2020-03-30 13:58:28,75,0.42,4.47,-20.0
2020-03-30 13:58:28,76,0.336,4.44,-20.0
2020-03-30 13:58:28,77,0.352,4.52,-20.0
2020-03-30 13:58:28,78,0.351,4.47,-20.0
2020-03-30 13:58:28,79,0.368,4.5,-20.0
2020-03-30 13:58:28,80,0.436,4.54,-20.0
2020-03-30 13:58:28,81,0.39,4.53,-20.0
2020-03-30 13:58:28,82,0.352,4.51,-20.0
2020-03-30 13:58:28,83,0.371,4.5,-20.0
2020-03-30 13:58:28,84,0.405,4.5,-20.0
2020-03-30 13:58:28,85,0.381,4.48,21.7
2020-03-30 13:58:28,86,0.368,4.46,-20.0
2020-03-30 13:58:28,87,0.334,4.46,-20.0
2020-03-30 13:58:28,88,0.385,4.48,-20.0
2020-03-30 13:58:28,89,0.366,4.51,-20.0
2020-03-30 13:58:28,90,0.395,4.46,-20.0
2020-03-30 13:58:28,91,0.357,4.48,-20.0
2020-03-30 13:58:28,92,0.371,4.51,-20.0
2020-03-30 13:58:28,93,0.477,4.49,-20.0
2020-03-30 13:58:28,94,0.465,4.47,-20.0
2020-03-30 13:58:28,95,0.416,4.46,-20.0
2020-03-30 13:58:28,96,0.42,4.51,-20.0
2020-03-31 01:57:45,1,0.425,4.51,23.7
2020-03-31 01:57:45,2,0.433,4.53,-20.0
2020-03-31 01:57:45,3,0.409,4.54,-20.0
2020-03-31 01:57:45,4,0.432,4.47,-20.0
2020-03-31 01:57:45,5,0.43,4.52,-20.0
2020-03-31 01:57:45,6,0.362,4.5,-20.0
2020-03-31 01:57:45,7,0.395,4.49,-20.0
2020-03-31 01:57:45,8,0.371,4.51,-20.0
2020-03-31 01:57:45,9,0.401,4.47,-20.0
2020-03-31 01:57:45,10,0.394,4.49,-20.0
2020-03-31 01:57:45,11,0.397,4.46,-20.0
2020-03-31 01:57:45,12,0.357,4.46,-20.0
2020-03-31 01:57:45,13,0.391,4.47,22.7
2020-03-31 01:57:45,14,0.345,4.48,-20.0
2020-03-31 01:57:45,15,0.399,4.51,-20.0
2020-03-31 01:57:45,16,0.424,4.52,-20.0
2020-03-31 01:57:45,17,0.408,4.49,-20.0
2020-03-31 01:57:45,18,0.385,4.48,-20.0
2020-03-31 01:57:45,19,0.388,4.47,-20.0
2020-03-31 01:57:45,20,0.398,4.48,-20.0
2020-03-31 01:57:45,21,0.432,4.47,-20.0
2020-03-31 01:57:45,22,0.411,4.46,-20.0
2020-03-31 01:57:45,23,0.4,4.48,-20.0
2020-03-31 01:57:45,24,0.403,4.48,-20.0
2020-03-31 01:57:45,25,0.34,4.49,20.8
2020-03-31 01:57:45,26,0.392,4.49,-20.0
2020-03-31 01:57:45,27,0.434,4.46,-20.0
2020-03-31 01:57:45,28,0.41,4.47,-20.0
2020-03-31 01:57:45,29,0.414,4.46,-20.0
2020-03-31 01:57:45,30,0.321,4.47,-20.0
2020-03-31 01:57:45,31,0.322,4.46,-20.0
2020-03-31 01:57:45,32,0.342,4.47,-20.0
2020-03-31 01:57:45,33,0.403,4.47,-20.0
2020-03-31 01:57:45,34,0.354,4.48,-20.0
2020-03-31 01:57:45,35,0.342,4.48,-20.0
2020-03-31 01:57:45,36,0.323,4.49,-20.0
2020-03-31 01:57:45,37,0.401,4.47,21.3
2020-03-31 01:57:45,38,0.372,4.49,-20.0
2020-03-31 01:57:45,39,0.339,4.47,-20.0
2020-03-31 01:57:45,40,0.329,4.47,-20.0
2020-03-31 01:57:45,41,0.366,4.5,-20.0
2020-03-31 01:57:45,42,0.334,4.48,-20.0
2020-03-31 01:57:45,43,0.387,4.48,-20.0
2020-03-31 01:57:45,44,0.394,4.48,-20.0
2020-03-31 01:57:45,45,0.302,4.49,-20.0
2020-03-31 01:57:45,46,0.394,4.48,-20.0
2020-03-31 01:57:45,47,0.392,4.49,-20.0
2020-03-31 01:57:45,48,0.443,4.48,-20.0
2020-03-31 01:57:45,49,0.492,4.45,22.7
2020-03-31 01:57:45,50,0.456,4.47,-20.0
2020-03-31 01:57:45,51,0.375,4.46,-20.0
2020-03-31 01:57:45,52,0.398,4.46,-20.0
2020-03-31 01:57:45,53,0.342,4.44,-20.0
2020-03-31 01:57:45,54,0.398,4.45,-20.0
2020-03-31 01:57:45,55,0.374,4.43,-20.0
2020-03-31 01:57:45,56,0.326,4.43,-20.0
2020-03-31 01:57:45,57,0.395,4.42,-20.0
2020-03-31 01:57:45,58,0.413,4.42,-20.0
2020-03-31 01:57:45,59,0.382,4.44,-20.0
2020-03-31 01:57:45,60,0.392,4.45,-20.0
2020-03-31 01:57:45,61,0.367,4.49,20.7
2020-03-31 01:57:45,62,0.328,4.49,-20.0
2020-03-31 01:57:45,63,0.385,4.47,-20.0
2020-03-31 01:57:45,64,0.388,4.45,-20.0
2020-03-31 01:57:45,65,0.341,4.45,-20.0
2020-03-31 01:57:45,66,0.388,4.46,-20.0
2020-03-31 01:57:45,67,0.343,4.43,-20.0
2020-03-31 01:57:45,68,0.373,4.46,-20.0
2020-03-31 01:57:45,69,0.39,4.44,-20.0
2020-03-31 01:57:45,70,0.356,4.46,-20.0
2020-03-31 01:57:45,71,0.318,4.48,-20.0
2020-03-31 01:57:45,72,0.414,4.47,-20.0
2020-03-31 01:57:45,73,0.459,4.52,21.0
2020-03-31 01:57:45,74,0.412,4.51,-20.0
2020-03-31 01:57:45,75,0.418,4.47,-20.0
2020-03-31 01:57:45,76,0.333,4.45,-20.0
2020-03-31 01:57:45,77,0.352,4.52,-20.0
2020-03-31 01:57:45,78,0.348,4.47,-20.0
2020-03-31 01:57:45,79,0.369,4.5,-20.0
2020-03-31 01:57:45,80,0.434,4.52,-20.0
2020-03-31 01:57:45,81,0.389,4.51,-20.0
2020-03-31 01:57:45,82,0.35,4.51,-20.0
2020-03-31 01:57:45,83,0.366,4.5,-20.0
2020-03-31 01:57:45,84,0.408,4.5,-20.0
2020-03-31 01:57:45,85,0.379,4.48,21.8
2020-03-31 01:57:45,86,0.37,4.47,-20.0
2020-03-31 01:57:45,87,0.337,4.46,-20.0
2020-03-31 01:57:45,88,0.385,4.48,-20.0
2020-03-31 01:57:45,89,0.37,4.51,-20.0
2020-03-31 01:57:45,90,0.395,4.47,-20.0
2020-03-31 01:57:45,91,0.358,4.47,-20.0
2020-03-31 01:57:45,92,0.369,4.5,-20.0
2020-03-31 01:57:45,93,0.479,4.49,-20.0
2020-03-31 01:57:45,94,0.466,4.46,-20.0
2020-03-31 01:57:45,95,0.416,4.45,-20.0
2020-03-31 01:57:45,96,0.422,4.51,-20.0
2020-03-31 13:56:59,1,0.428,4.51,23.6
2020-03-31 13:56:59,2,0.434,4.53,-20.0
2020-03-31 13:56:59,3,0.409,4.54,-20.0
2020-03-31 13:56:59,4,0.434,4.49,-20.0
2020-03-31 13:56:59,5,0.43,4.52,-20.0
2020-03-31 13:56:59,6,0.363,4.49,-20.0
2020-03-31 13:56:59,7,0.396,4.49,-20.0
2020-03-31 13:56:59,8,0.373,4.5,-20.0
2020-03-31 13:56:59,9,0.403,4.48,-20.0
2020-03-31 13:56:59,10,0.394,4.49,-20.0
2020-03-31 13:56:59,11,0.395,4.45,-20.0
2020-03-31 13:56:59,12,0.359,4.46,-20.0
2020-03-31 13:56:59,13,0.395,4.47,22.7
2020-03-31 13:56:59,14,0.349,4.48,-20.0
2020-03-31 13:56:59,15,0.4,4.52,-20.0
2020-03-31 13:56:59,16,0.425,4.52,-20.0
2020-03-31 13:56:59,17,0.407,4.48,-20.0
2020-03-31 13:56:59,18,0.389,4.49,-20.0
2020-03-31 13:56:59,19,0.39,4.47,-20.0
2020-03-31 13:56:59,20,0.397,4.48,-20.0
2020-03-31 13:56:59,21,0.43,4.48,-20.0
2020-03-31 13:56:59,22,0.408,4.47,-20.0
2020-03-31 13:56:59,23,0.397,4.47,-20.0
2020-03-31 13:56:59,24,0.398,4.48,-20.0
2020-03-31 13:56:59,25,0.341,4.5,20.6
2020-03-31 13:56:59,26,0.396,4.49,-20.0
2020-03-31 13:56:59,27,0.437,4.46,-20.0
2020-03-31 13:56:59,28,0.414,4.47,-20.0
2020-03-31 13:56:59,29,0.413,4.45,-20.0
2020-03-31 13:56:59,30,0.32,4.47,-20.0
2020-03-31 13:56:59,31,0.325,4.46,-20.0
2020-03-31 13:56:59,32,0.342,4.48,-20.0
2020-03-31 13:56:59,33,0.408,4.47,-20.0
2020-03-31 13:56:59,34,0.36,4.47,-20.0
2020-03-31 13:56:59,35,0.339,4.48,-20.0
2020-03-31 13:56:59,36,0.319,4.49,-20.0
2020-03-31 13:56:59,37,0.391,4.47,21.0
2020-03-31 13:56:59,38,0.363,4.49,-20.0
2020-03-31 13:56:59,39,0.328,4.46,-20.0
2020-03-31 13:56:59,40,0.327,4.48,-20.0
2020-03-31 13:56:59,41,0.366,4.5,-20.0
2020-03-31 13:56:59,42,0.32,4.48,-20.0
2020-03-31 13:56:59,43,0.376,4.48,-20.0
2020-03-31 13:56:59,44,0.382,4.48,-20.0
2020-03-31 13:56:59,45,0.301,4.49,-20.0
2020-03-31 13:56:59,46,0.394,4.47,-20.0
2020-03-31 13:56:59,47,0.396,4.47,-20.0
2020-03-31 13:56:59,48,0.445,4.48,-20.0
2020-03-31 13:56:59,49,0.488,4.45,22.6
2020-03-31 13:56:59,50,0.449,4.47,-20.0
2020-03-31 13:56:59,51,0.374,4.47,-20.0
2020-03-31 13:56:59,52,0.396,4.45,-20.0
2020-03-31 13:56:59,53,0.341,4.45,-20.0
2020-03-31 13:56:59,54,0.396,4.46,-20.0
2020-03-31 13:56:59,55,0.372,4.43,-20.0
2020-03-31 13:56:59,56,0.324,4.42,-20.0
2020-03-31 13:56:59,57,0.396,4.43,-20.0
2020-03-31 13:56:59,58,0.41,4.41,-20.0
2020-03-31 13:56:59,59,0.388,4.44,-20.0
2020-03-31 13:56:59,60,0.391,4.45,-20.0
2020-03-31 13:56:59,61,0.366,4.5,20.3
2020-03-31 13:56:59,62,0.326,4.49,-20.0
2020-03-31 13:56:59,63,0.392,4.48,-20.0
2020-03-31 13:56:59,64,0.391,4.45,-20.0
2020-03-31 13:56:59,65,0.347,4.45,-20.0
2020-03-31 13:56:59,66,0.384,4.44,-20.0
2020-03-31 13:56:59,67,0.343,4.43,-20.0
2020-03-31 13:56:59,68,0.38,4.46,-20.0
2020-03-31 13:56:59,69,0.393,4.45,-20.0
2020-03-31 13:56:59,70,0.365,4.46,-20.0
2020-03-31 13:56:59,71,0.318,4.48,-20.0
2020-03-31 13:56:59,72,0.416,4.49,-20.0
2020-03-31 13:56:59,73,0.461,4.52,20.4
2020-03-31 13:56:59,74,0.419,4.5,-20.0
2020-03-31 13:56:59,75,0.42,4.46,-20.0
2020-03-31 13:56:59,76,0.335,4.45,-20.0
2020-03-31 13:56:59,77,0.353,4.51,-20.0
2020-03-31 13:56:59,78,0.351,4.46,-20.0
2020-03-31 13:56:59,79,0.374,4.5,-20.0
2020-03-31 13:56:59,80,0.439,4.52,-20.0
2020-03-31 13:56:59,81,0.39,4.51,-20.0
2020-03-31 13:56:59,82,0.349,4.5,-20.0
2020-03-31 13:56:59,83,0.364,4.5,-20.0
2020-03-31 13:56:59,84,0.409,4.49,-20.0
2020-03-31 13:56:59,85,0.377,4.49,21.5
2020-03-31 13:56:59,86,0.37,4.46,-20.0
2020-03-31 13:56:59,87,0.34,4.45,-20.0
2020-03-31 13:56:59,88,0.386,4.48,-20.0
2020-03-31 13:56:59,89,0.371,4.51,-20.0
2020-03-31 13:56:59,90,0.394,4.47,-20.0
2020-03-31 13:56:59,91,0.358,4.49,-20.0
2020-03-31 13:56:59,92,0.367,4.51,-20.0
2020-03-31 13:56:59,93,0.479,4.5,-20.0
2020-03-31 13:56:59,94,0.461,4.46,-20.0
2020-03-31 13:56:59,95,0.418,4.46,-20.0
2020-03-31 13:56:59,96,0.421,4.5,-20.0
2020-04-01 01:56:14,1,0.429,4.5,23.6
2020-04-01 01:56:14,2,0.435,4.52,-20.0
2020-04-01 01:56:14,3,0.411,4.54,-20.0
2020-04-01 01:56:14,4,0.438,4.47,-20.0
2020-04-01 01:56:14,5,0.432,4.52,-20.0
2020-04-01 01:56:14,6,0.362,4.49,-20.0
2020-04-01 01:56:14,7,0.397,4.49,-20.0
2020-04-01 01:56:14,8,0.374,4.51,-20.0
2020-04-01 01:56:14,9,0.405,4.47,-20.0
2020-04-01 01:56:14,10,0.393,4.5,-20.0
2020-04-01 01:56:14,11,0.396,4.45,-20.0
2020-04-01 01:56:14,12,0.362,4.45,-20.0
2020-04-01 01:56:14,13,0.391,4.47,22.7
2020-04-01 01:56:14,14,0.345,4.47,-20.0
2020-04-01 01:56:14,15,0.399,4.52,-20.0
2020-04-01 01:56:14,16,0.426,4.52,-20.0
2020-04-01 01:56:14,17,0.406,4.48,-20.0
2020-04-01 01:56:14,18,0.392,4.49,-20.0
2020-04-01 01:56:14,19,0.392,4.48,-20.0
2020-04-01 01:56:14,20,0.396,4.49,-20.0
2020-04-01 01:56:14,21,0.429,4.48,-20.0
2020-04-01 01:56:14,22,0.404,4.46,-20.0
2020-04-01 01:56:14,23,0.395,4.48,-20.0
2020-04-01 01:56:14,24,0.398,4.47,-20.0
2020-04-01 01:56:14,25,0.34,4.49,20.7
2020-04-01 01:56:14,26,0.398,4.48,-20.0
2020-04-01 01:56:14,27,0.438,4.46,-20.0
2020-04-01 01:56:14,28,0.418,4.47,-20.0
2020-04-01 01:56:14,29,0.411,4.45,-20.0
2020-04-01 01:56:14,30,0.321,4.47,-20.0
2020-04-01 01:56:14,31,0.321,4.46,-20.0
2020-04-01 01:56:14,32,0.344,4.48,-20.0
2020-04-01 01:56:14,33,0.412,4.47,-20.0
2020-04-01 01:56:14,34,0.365,4.49,-20.0
2020-04-01 01:56:14,35,0.342,4.47,-20.0
2020-04-01 01:56:14,36,0.32,4.49,-20.0
2020-04-01 01:56:14,37,0.395,4.48,21.2
2020-04-01 01:56:14,38,0.371,4.48,-20.0
2020-04-01 01:56:14,39,0.327,4.46,-20.0
2020-04-01 01:56:14,40,0.33,4.47,-20.0
2020-04-01 01:56:14,41,0.362,4.51,-20.0
2020-04-01 01:56:14,42,0.326,4.48,-20.0
2020-04-01 01:56:14,43,0.379,4.48,-20.0
2020-04-01 01:56:14,44,0.387,4.48,-20.0
2020-04-01 01:56:14,45,0.3,4.48,-20.0
2020-04-01 01:56:14,46,0.391,4.48,-20.0
2020-04-01 01:56:14,47,0.398,4.48,-20.0
2020-04-01 01:56:14,48,0.447,4.48,-20.0
2020-04-01 01:56:14,49,0.492,4.45,22.6
2020-04-01 01:56:14,50,0.439,4.47,-20.0
2020-04-01 01:56:14,51,0.376,4.46,-20.0
2020-04-01 01:56:14,52,0.398,4.46,-20.0
2020-04-01 01:56:14,53,0.36,4.45,-20.0
2020-04-01 01:56:14,54,0.378,4.45,-20.0
2020-04-01 01:56:14,55,0.351,4.43,-20.0
2020-04-01 01:56:14,56,0.324,4.43,-20.0
2020-04-01 01:56:14,57,0.395,4.42,-20.0
2020-04-01 01:56:14,58,0.425,4.42,-20.0
2020-04-01 01:56:14,59,0.375,4.43,-20.0
2020-04-01 01:56:14,60,0.373,4.46,-20.0
2020-04-01 01:56:14,61,0.365,4.49,20.4
2020-04-01 01:56:14,62,0.326,4.49,-20.0
2020-04-01 01:56:14,63,0.384,4.47,-20.0
2020-04-01 01:56:14,64,0.378,4.45,-20.0
2020-04-01 01:56:14,65,0.342,4.45,-20.0
2020-04-01 01:56:14,66,0.385,4.45,-20.0
2020-04-01 01:56:14,67,0.343,4.42,-20.0
2020-04-01 01:56:14,68,0.379,4.46,-20.0
2020-04-01 01:56:14,69,0.39,4.44,-20.0
2020-04-01 01:56:14,70,0.356,4.46,-20.0
2020-04-01 01:56:14,71,0.316,4.49,-20.0
2020-04-01 01:56:14,72,0.411,4.49,-20.0
2020-04-01 01:56:14,73,0.444,4.52,20.4
2020-04-01 01:56:14,74,0.408,4.51,-20.0
2020-04-01 01:56:14,75,0.421,4.46,-20.0
2020-04-01 01:56:14,76,0.336,4.43,-20.0
2020-04-01 01:56:14,77,0.354,4.51,-20.0
2020-04-01 01:56:14,78,0.354,4.47,-20.0
2020-04-01 01:56:14,79,0.378,4.5,-20.0
2020-04-01 01:56:14,80,0.441,4.52,-20.0
2020-04-01 01:56:14,81,0.39,4.52,-20.0
2020-04-01 01:56:14,82,0.351,4.5,-20.0
2020-04-01 01:56:14,83,0.365,4.5,-20.0
2020-04-01 01:56:14,84,0.41,4.49,-20.0
2020-04-01 01:56:14,85,0.38,4.49,21.6
2020-04-01 01:56:14,86,0.368,4.45,-20.0
2020-04-01 01:56:14,87,0.339,4.46,-20.0
2020-04-01 01:56:14,88,0.385,4.47,-20.0
2020-04-01 01:56:14,89,0.369,4.51,-20.0
2020-04-01 01:56:14,90,0.394,4.47,-20.0
2020-04-01 01:56:14,91,0.355,4.48,-20.0
2020-04-01 01:56:14,92,0.367,4.51,-20.0
2020-04-01 01:56:14,93,0.479,4.49,-20.0
2020-04-01 01:56:14,94,0.462,4.46,-20.0
2020-04-01 01:56:14,95,0.418,4.45,-20.0
2020-04-01 01:56:14,96,0.422,4.5,-20.0
2020-04-01 13:55:06,1,0.43,4.51,23.6
2020-04-01 13:55:06,2,0.437,4.52,-20.0
2020-04-01 13:55:06,3,0.411,4.54,-20.0
2020-04-01 13:55:06,4,0.439,4.49,-20.0
2020-04-01 13:55:06,5,0.433,4.52,-20.0
2020-04-01 13:55:06,6,0.364,4.49,-20.0
2020-04-01 13:55:06,7,0.396,4.49,-20.0
2020-04-01 13:55:06,8,0.371,4.5,-20.0
2020-04-01 13:55:06,9,0.4,4.47,-20.0
2020-04-01 13:55:06,10,0.393,4.49,-20.0
2020-04-01 13:55:06,11,0.395,4.45,-20.0
2020-04-01 13:55:06,12,0.359,4.46,-20.0
2020-04-01 13:55:06,13,0.393,4.47,22.8
2020-04-01 13:55:06,14,0.345,4.48,-20.0
2020-04-01 13:55:06,15,0.4,4.52,-20.0
2020-04-01 13:55:06,16,0.426,4.52,-20.0
2020-04-01 13:55:06,17,0.401,4.48,-20.0
2020-04-01 13:55:06,18,0.391,4.48,-20.0
2020-04-01 13:55:06,19,0.387,4.48,-20.0
2020-04-01 13:55:06,20,0.396,4.49,-20.0
2020-04-01 13:55:06,21,0.427,4.48,-20.0
2020-04-01 13:55:06,22,0.406,4.47,-20.0
2020-04-01 13:55:06,23,0.381,4.48,-20.0
2020-04-01 13:55:06,24,0.383,4.48,-20.0
2020-04-01 13:55:06,25,0.34,4.49,20.7
2020-04-01 13:55:06,26,0.392,4.48,-20.0
2020-04-01 13:55:06,27,0.436,4.46,-20.0
2020-04-01 13:55:06,28,0.413,4.46,-20.0
2020-04-01 13:55:06,29,0.397,4.45,-20.0
2020-04-01 13:55:06,30,0.319,4.47,-20.0
2020-04-01 13:55:06,31,0.322,4.46,-20.0
2020-04-01 13:55:06,32,0.343,4.47,-20.0
2020-04-01 13:55:06,33,0.414,4.48,-20.0
2020-04-01 13:55:06,34,0.367,4.49,-20.0
2020-04-01 13:55:06,35,0.341,4.47,-20.0
2020-04-01 13:55:06,36,0.32,4.49,-20.0
2020-04-01 13:55:06,37,0.401,4.48,21.1
2020-04-01 13:55:06,38,0.374,4.48,-20.0
2020-04-01 13:55:06,39,0.328,4.46,-20.0
2020-04-01 13:55:06,40,0.33,4.46,-20.0
2020-04-01 13:55:06,41,0.364,4.5,-20.0
2020-04-01 13:55:06,42,0.332,4.48,-20.0
2020-04-01 13:55:06,43,0.382,4.48,-20.0
2020-04-01 13:55:06,44,0.388,4.48,-20.0
2020-04-01 13:55:06,45,0.301,4.5,-20.0
2020-04-01 13:55:06,46,0.39,4.48,-20.0
2020-04-01 13:55:06,47,0.398,4.48,-20.0
2020-04-01 13:55:06,48,0.451,4.47,-20.0
2020-04-01 13:55:06,49,0.494,4.45,22.7
2020-04-01 13:55:06,50,0.436,4.47,-20.0
2020-04-01 13:55:06,51,0.374,4.46,-20.0
2020-04-01 13:55:06,52,0.399,4.45,-20.0
2020-04-01 13:55:06,53,0.365,4.44,-20.0
2020-04-01 13:55:06,54,0.372,4.46,-20.0
2020-04-01 13:55:06,55,0.346,4.43,-20.0
2020-04-01 13:55:06,56,0.324,4.43,-20.0
2020-04-01 13:55:06,57,0.396,4.42,-20.0
2020-04-01 13:55:06,58,0.417,4.42,-20.0
2020-04-01 13:55:06,59,0.379,4.44,-20.0
2020-04-01 13:55:06,60,0.379,4.46,-20.0
2020-04-01 13:55:06,61,0.364,4.48,20.5
2020-04-01 13:55:06,62,0.328,4.49,-20.0
2020-04-01 13:55:06,63,0.388,4.47,-20.0
2020-04-01 13:55:06,64,0.383,4.45,-20.0
2020-04-01 13:55:06,65,0.341,4.45,-20.0
2020-04-01 13:55:06,66,0.385,4.45,-20.0
2020-04-01 13:55:06,67,0.343,4.42,-20.0
2020-04-01 13:55:06,68,0.384,4.46,-20.0
2020-04-01 13:55:06,69,0.394,4.45,-20.0
2020-04-01 13:55:06,70,0.359,4.46,-20.0
2020-04-01 13:55:06,71,0.319,4.48,-20.0
2020-04-01 13:55:06,72,0.409,4.48,-20.0
2020-04-01 13:55:06,73,0.448,4.52,20.6
2020-04-01 13:55:06,74,0.415,4.51,-20.0
2020-04-01 13:55:06,75,0.422,4.46,-20.0
2020-04-01 13:55:06,76,0.339,4.44,-20.0
2020-04-01 13:55:06,77,0.352,4.52,-20.0
2020-04-01 13:55:06,78,0.354,4.46,-20.0
2020-04-01 13:55:06,79,0.38,4.5,-20.0
2020-04-01 13:55:06,80,0.442,4.53,-20.0
2020-04-01 13:55:06,81,0.39,4.53,-20.0
2020-04-01 13:55:06,82,0.351,4.5,-20.0
2020-04-01 13:55:06,83,0.364,4.5,-20.0
2020-04-01 13:55:06,84,0.411,4.49,-20.0
2020-04-01 13:55:06,85,0.382,4.49,21.3
2020-04-01 13:55:06,86,0.369,4.46,-20.0
2020-04-01 13:55:06,87,0.337,4.46,-20.0
2020-04-01 13:55:06,88,0.386,4.48,-20.0
2020-04-01 13:55:06,89,0.371,4.51,-20.0
2020-04-01 13:55:06,90,0.394,4.47,-20.0
2020-04-01 13:55:06,91,0.354,4.48,-20.0
2020-04-01 13:55:06,92,0.363,4.5,-20.0
2020-04-01 13:55:06,93,0.478,4.49,-20.0
2020-04-01 13:55:06,94,0.464,4.46,-20.0
2020-04-01 13:55:06,95,0.418,4.45,-20.0
2020-04-01 13:55:06,96,0.425,4.51,-20.0
2020-04-02 01:54:13,1,0.431,4.5,23.6
2020-04-02 01:54:13,2,0.44,4.52,-20.0
2020-04-02 01:54:13,3,0.414,4.54,-20.0
2020-04-02 01:54:13,4,0.443,4.49,-20.0
2020-04-02 01:54:13,5,0.43,4.52,-20.0
2020-04-02 01:54:13,6,0.364,4.49,-20.0
2020-04-02 01:54:13,7,0.396,4.49,-20.0
2020-04-02 01:54:13,8,0.372,4.51,-20.0
2020-04-02 01:54:13,9,0.408,4.48,-20.0
2020-04-02 01:54:13,10,0.393,4.49,-20.0
2020-04-02 01:54:13,11,0.395,4.46,-20.0
2020-04-02 01:54:13,12,0.355,4.46,-20.0
2020-04-02 01:54:13,13,0.397,4.47,22.8
2020-04-02 01:54:13,14,0.352,4.49,-20.0
2020-04-02 01:54:13,15,0.401,4.52,-20.0
2020-04-02 01:54:13,16,0.424,4.52,-20.0
2020-04-02 01:54:13,17,0.394,4.48,-20.0
2020-04-02 01:54:13,18,0.382,4.48,-20.0
2020-04-02 01:54:13,19,0.39,4.48,-20.0
2020-04-02 01:54:13,20,0.396,4.48,-20.0
2020-04-02 01:54:13,21,0.425,4.48,-20.0
2020-04-02 01:54:13,22,0.405,4.46,-20.0
2020-04-02 01:54:13,23,0.383,4.48,-20.0
2020-04-02 01:54:13,24,0.387,4.48,-20.0
2020-04-02 01:54:13,25,0.339,4.5,20.7
2020-04-02 01:54:13,26,0.392,4.47,-20.0
2020-04-02 01:54:13,27,0.441,4.46,-20.0
2020-04-02 01:54:13,28,0.419,4.46,-20.0
2020-04-02 01:54:13,29,0.399,4.46,-20.0
2020-04-02 01:54:13,30,0.32,4.46,-20.0
2020-04-02 01:54:13,31,0.321,4.47,-20.0
2020-04-02 01:54:13,32,0.346,4.48,-20.0
2020-04-02 01:54:13,33,0.417,4.47,-20.0
2020-04-02 01:54:13,34,0.37,4.48,-20.0
2020-04-02 01:54:13,35,0.343,4.48,-20.0
2020-04-02 01:54:13,36,0.323,4.49,-20.0
2020-04-02 01:54:13,37,0.4,4.47,21.2
2020-04-02 01:54:13,38,0.378,4.48,-20.0
2020-04-02 01:54:13,39,0.328,4.46,-20.0
2020-04-02 01:54:13,40,0.331,4.46,-20.0
2020-04-02 01:54:13,41,0.368,4.5,-20.0
2020-04-02 01:54:13,42,0.337,4.48,-20.0
2020-04-02 01:54:13,43,0.384,4.49,-20.0
2020-04-02 01:54:13,44,0.387,4.48,-20.0
2020-04-02 01:54:13,45,0.303,4.49,-20.0
2020-04-02 01:54:13,46,0.391,4.48,-20.0
2020-04-02 01:54:13,47,0.399,4.47,-20.0
2020-04-02 01:54:13,48,0.452,4.48,-20.0
2020-04-02 01:54:13,49,0.493,4.45,22.8
2020-04-02 01:54:13,50,0.432,4.46,-20.0
2020-04-02 01:54:13,51,0.373,4.46,-20.0
2020-04-02 01:54:13,52,0.4,4.45,-20.0
2020-04-02 01:54:13,53,0.361,4.44,-20.0
2020-04-02 01:54:13,54,0.374,4.46,-20.0
2020-04-02 01:54:13,55,0.349,4.43,-20.0
2020-04-02 01:54:13,56,0.325,4.42,-20.0
2020-04-02 01:54:13,57,0.399,4.42,-20.0
2020-04-02 01:54:13,58,0.41,4.42,-20.0
2020-04-02 01:54:13,59,0.383,4.44,-20.0
2020-04-02 01:54:13,60,0.374,4.45,-20.0
2020-04-02 01:54:13,61,0.36,4.49,20.6
2020-04-02 01:54:13,62,0.329,4.49,-20.0
2020-04-02 01:54:13,63,0.384,4.47,-20.0
2020-04-02 01:54:13,64,0.382,4.45,-20.0
2020-04-02 01:54:13,65,0.333,4.45,-20.0
2020-04-02 01:54:13,66,0.382,4.45,-20.0
2020-04-02 01:54:13,67,0.337,4.43,-20.0
2020-04-02 01:54:13,68,0.379,4.46,-20.0
2020-04-02 01:54:13,69,0.396,4.44,-20.0
2020-04-02 01:54:13,70,0.36,4.46,-20.0
2020-04-02 01:54:13,71,0.317,4.48,-20.0
2020-04-02 01:54:13,72,0.407,4.48,-20.0
2020-04-02 01:54:13,73,0.455,4.52,20.9
2020-04-02 01:54:13,74,0.42,4.51,-20.0
2020-04-02 01:54:13,75,0.424,4.47,-20.0
2020-04-02 01:54:13,76,0.342,4.45,-20.0
2020-04-02 01:54:13,77,0.355,4.51,-20.0
2020-04-02 01:54:13,78,0.359,4.47,-20.0
2020-04-02 01:54:13,79,0.383,4.5,-20.0
2020-04-02 01:54:13,80,0.443,4.52,-20.0
2020-04-02 01:54:13,81,0.39,4.52,-20.0
2020-04-02 01:54:13,82,0.351,4.51,-20.0
2020-04-02 01:54:13,83,0.362,4.5,-20.0
2020-04-02 01:54:13,84,0.407,4.5,-20.0
2020-04-02 01:54:13,85,0.383,4.47,22.0
2020-04-02 01:54:13,86,0.371,4.46,-20.0
2020-04-02 01:54:13,87,0.343,4.46,-20.0
2020-04-02 01:54:13,88,0.387,4.47,-20.0
2020-04-02 01:54:13,89,0.372,4.51,-20.0
2020-04-02 01:54:13,90,0.394,4.46,-20.0
2020-04-02 01:54:13,91,0.355,4.48,-20.0
2020-04-02 01:54:13,92,0.366,4.5,-20.0
2020-04-02 01:54:13,93,0.48,4.48,-20.0
2020-04-02 01:54:13,94,0.467,4.46,-20.0
2020-04-02 01:54:13,95,0.422,4.45,-20.0
2020-04-02 01:54:13,96,0.426,4.5,-20.0
2020-04-02 13:53:26,1,0.432,4.51,23.6
2020-04-02 13:53:26,2,0.442,4.52,-20.0
2020-04-02 13:53:26,3,0.414,4.53,-20.0
2020-04-02 13:53:26,4,0.443,4.47,-20.0
2020-04-02 13:53:26,5,0.432,4.52,-20.0
2020-04-02 13:53:26,6,0.364,4.51,-20.0
2020-04-02 13:53:26,7,0.397,4.48,-20.0
2020-04-02 13:53:26,8,0.371,4.5,-20.0
2020-04-02 13:53:26,9,0.409,4.47,-20.0
2020-04-02 13:53:26,10,0.394,4.49,-20.0
2020-04-02 13:53:26,11,0.395,4.45,-20.0
2020-04-02 13:53:26,12,0.359,4.46,-20.0
2020-04-02 13:53:26,13,0.401,4.47,22.7
2020-04-02 13:53:26,14,0.352,4.48,-20.0
2020-04-02 13:53:26,15,0.4,4.52,-20.0
2020-04-02 13:53:26,16,0.424,4.52,-20.0
2020-04-02 13:53:26,17,0.39,4.48,-20.0
2020-04-02 13:53:26,18,0.377,4.49,-20.0
2020-04-02 13:53:26,19,0.383,4.49,-20.0
2020-04-02 13:53:26,20,0.396,4.48,-20.0
2020-04-02 13:53:26,21,0.427,4.47,-20.0
2020-04-02 13:53:26,22,0.404,4.46,-20.0
2020-04-02 13:53:26,23,0.371,4.47,-20.0
2020-04-02 13:53:26,24,0.376,4.48,-20.0
2020-04-02 13:53:26,25,0.337,4.5,20.6
2020-04-02 13:53:26,26,0.391,4.48,-20.0
2020-04-02 13:53:26,27,0.448,4.47,-20.0
2020-04-02 13:53:26,28,0.421,4.47,-20.0
2020-04-02 13:53:26,29,0.406,4.47,-20.0
2020-04-02 13:53:26,30,0.32,4.47,-20.0
2020-04-02 13:53:26,31,0.319,4.46,-20.0
2020-04-02 13:53:26,32,0.348,4.46,-20.0
2020-04-02 13:53:26,33,0.417,4.47,-20.0
2020-04-02 13:53:26,34,0.37,4.48,-20.0
2020-04-02 13:53:26,35,0.344,4.48,-20.0
2020-04-02 13:53:26,36,0.326,4.49,-20.0
2020-04-02 13:53:26,37,0.4,4.49,21.0
2020-04-02 13:53:26,38,0.378,4.48,-20.0
2020-04-02 13:53:26,39,0.327,4.46,-20.0
2020-04-02 13:53:26,40,0.331,4.47,-20.0
2020-04-02 13:53:26,41,0.368,4.5,-20.0
2020-04-02 13:53:26,42,0.339,4.47,-20.0
2020-04-02 13:53:26,43,0.385,4.49,-20.0
2020-04-02 13:53:26,44,0.388,4.49,-20.0
2020-04-02 13:53:26,45,0.3,4.5,-20.0
2020-04-02 13:53:26,46,0.39,4.49,-20.0
2020-04-02 13:53:26,47,0.397,4.47,-20.0
2020-04-02 13:53:26,48,0.449,4.48,-20.0
2020-04-02 13:53:26,49,0.486,4.45,22.7
2020-04-02 13:53:26,50,0.43,4.47,-20.0
2020-04-02 13:53:26,51,0.374,4.46,-20.0
2020-04-02 13:53:26,52,0.403,4.45,-20.0
2020-04-02 13:53:26,53,0.358,4.44,-20.0
2020-04-02 13:53:26,54,0.378,4.45,-20.0
2020-04-02 13:53:26,55,0.353,4.43,-20.0
2020-04-02 13:53:26,56,0.324,4.43,-20.0
2020-04-02 13:53:26,57,0.4,4.42,-20.0
2020-04-02 13:53:26,58,0.405,4.42,-20.0
2020-04-02 13:53:26,59,0.392,4.44,-20.0
2020-04-02 13:53:26,60,0.38,4.45,-20.0
2020-04-02 13:53:26,61,0.363,4.48,20.4
2020-04-02 13:53:26,62,0.33,4.49,-20.0
2020-04-02 13:53:26,63,0.392,4.48,-20.0
2020-04-02 13:53:26,64,0.388,4.45,-20.0
2020-04-02 13:53:26,65,0.34,4.44,-20.0
2020-04-02 13:53:26,66,0.38,4.45,-20.0
2020-04-02 13:53:26,67,0.337,4.42,-20.0
2020-04-02 13:53:26,68,0.383,4.45,-20.0
2020-04-02 13:53:26,69,0.401,4.44,-20.0
2020-04-02 13:53:26,70,0.368,4.46,-20.0
2020-04-02 13:53:26,71,0.319,4.48,-20.0
2020-04-02 13:53:26,72,0.41,4.49,-20.0
2020-04-02 13:53:26,73,0.458,4.52,20.4
2020-04-02 13:53:26,74,0.426,4.51,-20.0
2020-04-02 13:53:26,75,0.423,4.46,-20.0
2020-04-02 13:53:26,76,0.345,4.44,-20.0
2020-04-02 13:53:26,77,0.356,4.5,-20.0
2020-04-02 13:53:26,78,0.359,4.46,-20.0
2020-04-02 13:53:26,79,0.384,4.5,-20.0
2020-04-02 13:53:26,80,0.444,4.53,-20.0
2020-04-02 13:53:26,81,0.389,4.52,-20.0
2020-04-02 13:53:26,82,0.35,4.51,-20.0
2020-04-02 13:53:26,83,0.361,4.51,-20.0
2020-04-02 13:53:26,84,0.41,4.49,-20.0
2020-04-02 13:53:26,85,0.383,4.48,21.3
2020-04-02 13:53:26,86,0.372,4.46,-20.0
2020-04-02 13:53:26,87,0.345,4.46,-20.0
2020-04-02 13:53:26,88,0.387,4.47,-20.0
2020-04-02 13:53:26,89,0.372,4.51,-20.0
2020-04-02 13:53:26,90,0.395,4.47,-20.0
2020-04-02 13:53:26,91,0.355,4.48,-20.0
2020-04-02 13:53:26,92,0.365,4.51,-20.0
2020-04-02 13:53:26,93,0.478,4.49,-20.0
2020-04-02 13:53:26,94,0.465,4.47,-20.0
2020-04-02 13:53:26,95,0.421,4.45,-20.0
2020-04-02 13:53:26,96,0.422,4.5,-20.0
2020-04-03 01:52:35,1,0.432,4.51,23.6
2020-04-03 01:52:35,2,0.444,4.52,-20.0
2020-04-03 01:52:35,3,0.416,4.54,-20.0
2020-04-03 01:52:35,4,0.442,4.48,-20.0
2020-04-03 01:52:35,5,0.432,4.52,-20.0
2020-04-03 01:52:35,6,0.36,4.51,-20.0
2020-04-03 01:52:35,7,0.393,4.49,-20.0
2020-04-03 01:52:35,8,0.371,4.5,-20.0
2020-04-03 01:52:35,9,0.409,4.47,-20.0
2020-04-03 01:52:35,10,0.393,4.49,-20.0
2020-04-03 01:52:35,11,0.395,4.44,-20.0
2020-04-03 01:52:35,12,0.36,4.46,-20.0
2020-04-03 01:52:35,13,0.401,4.47,22.8
2020-04-03 01:52:35,14,0.352,4.49,-20.0
2020-04-03 01:52:35,15,0.4,4.52,-20.0
2020-04-03 01:52:35,16,0.423,4.52,-20.0
2020-04-03 01:52:35,17,0.39,4.48,-20.0
2020-04-03 01:52:35,18,0.384,4.49,-20.0
2020-04-03 01:52:35,19,0.389,4.48,-20.0
2020-04-03 01:52:35,20,0.398,4.48,-20.0
2020-04-03 01:52:35,21,0.429,4.48,-20.0
2020-04-03 01:52:35,22,0.402,4.47,-20.0
2020-04-03 01:52:35,23,0.376,4.47,-20.0
2020-04-03 01:52:35,24,0.381,4.47,-20.0
2020-04-03 01:52:35,25,0.338,4.5,20.8
2020-04-03 01:52:35,26,0.395,4.49,-20.0
2020-04-03 01:52:35,27,0.449,4.45,-20.0
2020-04-03 01:52:35,28,0.423,4.46,-20.0
2020-04-03 01:52:35,29,0.406,4.46,-20.0
2020-04-03 01:52:35,30,0.323,4.48,-20.0
2020-04-03 01:52:35,31,0.321,4.46,-20.0
2020-04-03 01:52:35,32,0.348,4.46,-20.0
2020-04-03 01:52:35,33,0.417,4.48,-20.0
2020-04-03 01:52:35,34,0.37,4.49,-20.0
2020-04-03 01:52:35,35,0.341,4.47,-20.0
2020-04-03 01:52:35,36,0.326,4.49,-20.0
2020-04-03 01:52:35,37,0.4,4.48,21.2
2020-04-03 01:52:35,38,0.379,4.48,-20.0
2020-04-03 01:52:35,39,0.327,4.47,-20.0
2020-04-03 01:52:35,40,0.331,4.47,-20.0
2020-04-03 01:52:35,41,0.369,4.5,-20.0
2020-04-03 01:52:35,42,0.34,4.47,-20.0
2020-04-03 01:52:35,43,0.388,4.48,-20.0
2020-04-03 01:52:35,44,0.383,4.49,-20.0
2020-04-03 01:52:35,45,0.3,4.5,-20.0
2020-04-03 01:52:35,46,0.391,4.49,-20.0
2020-04-03 01:52:35,47,0.401,4.47,-20.0
2020-04-03 01:52:35,48,0.45,4.48,-20.0
2020-04-03 01:52:35,49,0.482,4.46,22.7
2020-04-03 01:52:35,50,0.416,4.47,-20.0
2020-04-03 01:52:35,51,0.373,4.46,-20.0
2020-04-03 01:52:35,52,0.404,4.45,-20.0
2020-04-03 01:52:35,53,0.265,4.45,-20.0
2020-04-03 01:52:35,54,0.359,4.46,-20.0
2020-04-03 01:52:35,55,0.338,4.43,-20.0
2020-04-03 01:52:35,56,0.323,4.43,-20.0
2020-04-03 01:52:35,57,0.397,4.42,-20.0
2020-04-03 01:52:35,58,0.391,4.42,-20.0
2020-04-03 01:52:35,59,0.377,4.44,-20.0
2020-04-03 01:52:35,60,0.367,4.45,-20.0
2020-04-03 01:52:35,61,0.362,4.49,20.6
2020-04-03 01:52:35,62,0.327,4.5,-20.0
2020-04-03 01:52:35,63,0.396,4.47,-20.0
2020-04-03 01:52:35,64,0.391,4.45,-20.0
2020-04-03 01:52:35,65,0.343,4.45,-20.0
2020-04-03 01:52:35,66,0.381,4.45,-20.0
2020-04-03 01:52:35,67,0.34,4.43,-20.0
2020-04-03 01:52:35,68,0.386,4.45,-20.0
2020-04-03 01:52:35,69,0.402,4.44,-20.0
2020-04-03 01:52:35,70,0.374,4.46,-20.0
2020-04-03 01:52:35,71,0.32,4.49,-20.0
2020-04-03 01:52:35,72,0.411,4.48,-20.0
2020-04-03 01:52:35,73,0.462,4.52,20.9
2020-04-03 01:52:35,74,0.428,4.52,-20.0
2020-04-03 01:52:35,75,0.421,4.46,-20.0
2020-04-03 01:52:35,76,0.347,4.45,-20.0
2020-04-03 01:52:35,77,0.357,4.51,-20.0
2020-04-03 01:52:35,78,0.36,4.47,-20.0
2020-04-03 01:52:35,79,0.387,4.5,-20.0
2020-04-03 01:52:35,80,0.442,4.52,-20.0
2020-04-03 01:52:35,81,0.39,4.52,-20.0
2020-04-03 01:52:35,82,0.347,4.51,-20.0
2020-04-03 01:52:35,83,0.36,4.5,-20.0
2020-04-03 01:52:35,84,0.406,4.49,-20.0
2020-04-03 01:52:35,85,0.381,4.48,22.0
2020-04-03 01:52:35,86,0.372,4.46,-20.0
2020-04-03 01:52:35,87,0.345,4.46,-20.0
2020-04-03 01:52:35,88,0.387,4.47,-20.0
2020-04-03 01:52:35,89,0.37,4.51,-20.0
2020-04-03 01:52:35,90,0.398,4.46,-20.0
2020-04-03 01:52:35,91,0.356,4.49,-20.0
2020-04-03 01:52:35,92,0.371,4.51,-20.0
2020-04-03 01:52:35,94,0.465,4.46,-20.0
2020-04-03 01:52:35,95,0.421,4.45,-20.0
2020-04-03 01:52:35,96,0.424,4.5,-20.0
2020-04-03 13:51:38,1,0.433,4.51,23.6
2020-04-03 13:51:38,2,0.444,4.52,-20.0
2020-04-03 13:51:38,3,0.415,4.54,-20.0
2020-04-03 13:51:38,4,0.443,4.49,-20.0
2020-04-03 13:51:38,5,0.434,4.53,-20.0
2020-04-03 13:51:38,6,0.36,4.5,-20.0
2020-04-03 13:51:38,7,0.393,4.49,-20.0
2020-04-03 13:51:38,8,0.371,4.51,-20.0
2020-04-03 13:51:38,9,0.41,4.47,-20.0
2020-04-03 13:51:38,10,0.392,4.49,-20.0
2020-04-03 13:51:38,11,0.393,4.46,-20.0
2020-04-03 13:51:38,12,0.356,4.45,-20.0
2020-04-03 13:51:38,13,0.398,4.47,22.9
2020-04-03 13:51:38,14,0.349,4.49,-20.0
2020-04-03 13:51:38,15,0.397,4.51,-20.0
2020-04-03 13:51:38,16,0.422,4.52,-20.0
2020-04-03 13:51:38,17,0.392,4.49,-20.0
2020-04-03 13:51:38,18,0.383,4.49,-20.0
2020-04-03 13:51:38,19,0.391,4.47,-20.0
2020-04-03 13:51:38,20,0.397,4.48,-20.0
2020-04-03 13:51:38,21,0.431,4.47,-20.0
2020-04-03 13:51:38,22,0.396,4.47,-20.0
2020-04-03 13:51:38,23,0.376,4.48,-20.0
2020-04-03 13:51:38,24,0.384,4.48,-20.0
2020-04-03 13:51:38,25,0.337,4.49,20.8
2020-04-03 13:51:38,26,0.398,4.49,-20.0
2020-04-03 13:51:38,27,0.457,4.46,-20.0
2020-04-03 13:51:38,28,0.425,4.47,-20.0
2020-04-03 13:51:38,29,0.409,4.46,-20.0
2020-04-03 13:51:38,30,0.324,4.47,-20.0
2020-04-03 13:51:38,31,0.323,4.46,-20.0
2020-04-03 13:51:38,32,0.347,4.48,-20.0
2020-04-03 13:51:38,33,0.417,4.47,-20.0
2020-04-03 13:51:38,34,0.369,4.49,-20.0
2020-04-03 13:51:38,35,0.344,4.47,-20.0
2020-04-03 13:51:38,36,0.324,4.48,-20.0
2020-04-03 13:51:38,37,0.405,4.47,21.2
2020-04-03 13:51:38,38,0.382,4.48,-20.0
2020-04-03 13:51:38,39,0.325,4.46,-20.0
2020-04-03 13:51:38,40,0.332,4.47,-20.0
2020-04-03 13:51:38,41,0.369,4.5,-20.0
2020-04-03 13:51:38,42,0.339,4.48,-20.0
2020-04-03 13:51:38,43,0.386,4.49,-20.0
2020-04-03 13:51:38,44,0.385,4.48,-20.0
2020-04-03 13:51:38,45,0.303,4.48,-20.0
2020-04-03 13:51:38,46,0.392,4.48,-20.0
2020-04-03 13:51:38,47,0.4,4.48,-20.0
2020-04-03 13:51:38,48,0.454,4.49,-20.0
2020-04-03 13:51:38,49,0.467,4.45,23.0
2020-04-03 13:51:38,50,0.422,4.46,-20.0
2020-04-03 13:51:38,51,0.373,4.46,-20.0
2020-04-03 13:51:38,52,0.407,4.46,-20.0
2020-04-03 13:51:38,53,0.291,4.44,-20.0
2020-04-03 13:51:38,54,0.374,4.45,-20.0
2020-04-03 13:51:38,55,0.339,4.43,-20.0
2020-04-03 13:51:38,56,0.327,4.43,-20.0
2020-04-03 13:51:38,57,0.395,4.43,-20.0
2020-04-03 13:51:38,58,0.382,4.42,-20.0
2020-04-03 13:51:38,59,0.381,4.44,-20.0
2020-04-03 13:51:38,60,0.364,4.45,-20.0
2020-04-03 13:51:38,61,0.364,4.49,20.7
2020-04-03 13:51:38,62,0.328,4.49,-20.0
2020-04-03 13:51:38,63,0.393,4.48,-20.0
2020-04-03 13:51:38,64,0.395,4.46,-20.0
2020-04-03 13:51:38,65,0.35,4.45,-20.0
2020-04-03 13:51:38,66,0.383,4.45,-20.0
2020-04-03 13:51:38,67,0.34,4.43,-20.0
2020-04-03 13:51:38,68,0.388,4.46,-20.0
2020-04-03 13:51:38,69,0.404,4.44,-20.0
2020-04-03 13:51:38,70,0.378,4.46,-20.0
2020-04-03 13:51:38,71,0.319,4.48,-20.0
2020-04-03 13:51:38,72,0.414,4.48,-20.0
2020-04-03 13:51:38,73,0.462,4.52,20.8
2020-04-03 13:51:38,74,0.431,4.5,-20.0
2020-04-03 13:51:38,75,0.421,4.46,-20.0
2020-04-03 13:51:38,76,0.344,4.44,-20.0
2020-04-03 13:51:38,77,0.358,4.51,-20.0
2020-04-03 13:51:38,78,0.362,4.47,-20.0
2020-04-03 13:51:38,79,0.388,4.51,-20.0
2020-04-03 13:51:38,80,0.442,4.53,-20.0
2020-04-03 13:51:38,81,0.391,4.52,-20.0
2020-04-03 13:51:38,82,0.349,4.51,-20.0
2020-04-03 13:51:38,83,0.362,4.51,-20.0
2020-04-03 13:51:38,84,0.405,4.49,-20.0
2020-04-03 13:51:38,85,0.38,4.49,22.0
2020-04-03 13:51:38,86,0.374,4.47,-20.0
2020-04-03 13:51:38,87,0.344,4.46,-20.0
2020-04-03 13:51:38,88,0.388,4.47,-20.0
2020-04-03 13:51:38,89,0.374,4.51,-20.0
2020-04-03 13:51:38,90,0.397,4.47,-20.0
2020-04-03 13:51:38,91,0.353,4.49,-20.0
2020-04-03 13:51:38,92,0.365,4.5,-20.0
2020-04-03 13:51:38,93,0.48,4.48,-20.0
2020-04-03 13:51:38,94,0.463,4.46,-20.0
2020-04-03 13:51:38,95,0.42,4.45,-20.0
2020-04-03 13:51:38,96,0.423,4.5,-20.0
2020-04-04 01:51:00,1,0.432,4.51,23.6
2020-04-04 01:51:00,2,0.441,4.52,-20.0
2020-04-04 01:51:00,3,0.417,4.54,-20.0
2020-04-04 01:51:00,4,0.443,4.49,-20.0
2020-04-04 01:51:00,5,0.431,4.52,-20.0
2020-04-04 01:51:00,6,0.362,4.49,-20.0
2020-04-04 01:51:00,7,0.393,4.49,-20.0
2020-04-04 01:51:00,8,0.372,4.51,-20.0
2020-04-04 01:51:00,9,0.409,4.47,-20.0
2020-04-04 01:51:00,10,0.394,4.5,-20.0
2020-04-04 01:51:00,11,0.394,4.45,-20.0
2020-04-04 01:51:00,12,0.358,4.46,-20.0
2020-04-04 01:51:00,13,0.399,4.48,22.7
2020-04-04 01:51:00,14,0.351,4.48,-20.0
2020-04-04 01:51:00,15,0.397,4.51,-20.0
2020-04-04 01:51:00,16,0.423,4.53,-20.0
2020-04-04 01:51:00,17,0.391,4.49,-20.0
2020-04-04 01:51:00,18,0.385,4.48,-20.0
2020-04-04 01:51:00,19,0.394,4.48,-20.0
2020-04-04 01:51:00,20,0.397,4.49,-20.0
2020-04-04 01:51:00,21,0.432,4.48,-20.0
2020-04-04 01:51:00,22,0.397,4.47,-20.0
2020-04-04 01:51:00,23,0.383,4.47,-20.0
2020-04-04 01:51:00,24,0.388,4.48,-20.0
2020-04-04 01:51:00,25,0.338,4.48,20.7
2020-04-04 01:51:00,26,0.396,4.49,-20.0
2020-04-04 01:51:00,27,0.454,4.46,-20.0
2020-04-04 01:51:00,28,0.426,4.47,-20.0
2020-04-04 01:51:00,29,0.41,4.45,-20.0
2020-04-04 01:51:00,30,0.324,4.47,-20.0
2020-04-04 01:51:00,31,0.322,4.46,-20.0
2020-04-04 01:51:00,32,0.345,4.46,-20.0
2020-04-04 01:51:00,33,0.418,4.48,-20.0
2020-04-04 01:51:00,34,0.371,4.49,-20.0
2020-04-04 01:51:00,35,0.346,4.47,-20.0
2020-04-04 01:51:00,36,0.327,4.48,-20.0
2020-04-04 01:51:00,37,0.406,4.47,21.0
2020-04-04 01:51:00,38,0.379,4.48,-20.0
2020-04-04 01:51:00,39,0.331,4.47,-20.0
2020-04-04 01:51:00,40,0.333,4.47,-20.0
2020-04-04 01:51:00,41,0.369,4.5,-20.0
2020-04-04 01:51:00,42,0.341,4.48,-20.0
2020-04-04 01:51:00,43,0.368,4.49,-20.0
2020-04-04 01:51:00,44,0.376,4.48,-20.0
2020-04-04 01:51:00,45,0.301,4.48,-20.0
2020-04-04 01:51:00,46,0.39,4.49,-20.0
2020-04-04 01:51:00,47,0.386,4.48,-20.0
2020-04-04 01:51:00,48,0.442,4.48,-20.0
2020-04-04 01:51:00,49,0.466,4.45,22.6
2020-04-04 01:51:00,50,0.425,4.47,-20.0
2020-04-04 01:51:00,51,0.372,4.46,-20.0
2020-04-04 01:51:00,52,0.406,4.45,-20.0
2020-04-04 01:51:00,53,0.303,4.44,-20.0
2020-04-04 01:51:00,54,0.375,4.46,-20.0
2020-04-04 01:51:00,55,0.34,4.43,-20.0
2020-04-04 01:51:00,56,0.325,4.42,-20.0
2020-04-04 01:51:00,57,0.397,4.42,-20.0
2020-04-04 01:51:00,58,0.383,4.42,-20.0
2020-04-04 01:51:00,59,0.391,4.44,-20.0
2020-04-04 01:51:00,60,0.37,4.45,-20.0
2020-04-04 01:51:00,61,0.366,4.48,20.4
2020-04-04 01:51:00,62,0.329,4.49,-20.0
2020-04-04 01:51:00,63,0.395,4.47,-20.0
2020-04-04 01:51:00,64,0.398,4.45,-20.0
2020-04-04 01:51:00,65,0.353,4.45,-20.0
2020-04-04 01:51:00,66,0.382,4.45,-20.0
2020-04-04 01:51:00,67,0.34,4.43,-20.0
2020-04-04 01:51:00,68,0.394,4.45,-20.0
2020-04-04 01:51:00,69,0.407,4.44,-20.0
2020-04-04 01:51:00,70,0.375,4.45,-20.0
2020-04-04 01:51:00,71,0.32,4.48,-20.0
2020-04-04 01:51:00,72,0.415,4.48,-20.0
2020-04-04 01:51:00,73,0.464,4.52,20.4
2020-04-04 01:51:00,74,0.432,4.51,-20.0
2020-04-04 01:51:00,75,0.42,4.46,-20.0
2020-04-04 01:51:00,76,0.344,4.44,-20.0
2020-04-04 01:51:00,77,0.358,4.51,-20.0
2020-04-04 01:51:00,78,0.363,4.46,-20.0
2020-04-04 01:51:00,79,0.39,4.5,-20.0
2020-04-04 01:51:00,80,0.441,4.52,-20.0
2020-04-04 01:51:00,81,0.388,4.52,-20.0
2020-04-04 01:51:00,82,0.347,4.51,-20.0
2020-04-04 01:51:00,83,0.361,4.5,-20.0
2020-04-04 01:51:00,84,0.406,4.49,-20.0
2020-04-04 01:51:00,85,0.382,4.48,21.3
2020-04-04 01:51:00,86,0.372,4.46,-20.0
2020-04-04 01:51:00,87,0.343,4.46,-20.0
2020-04-04 01:51:00,88,0.386,4.48,-20.0
2020-04-04 01:51:00,89,0.374,4.51,-20.0
2020-04-04 01:51:00,90,0.395,4.47,-20.0
2020-04-04 01:51:00,91,0.356,4.48,-20.0
2020-04-04 01:51:00,92,0.366,4.51,-20.0
2020-04-04 01:51:00,93,0.48,4.49,-20.0
2020-04-04 01:51:00,94,0.462,4.46,-20.0
2020-04-04 01:51:00,95,0.421,4.45,-20.0
2020-04-04 01:51:00,96,0.424,4.5,-20.0
2020-04-04 13:50:14,1,0.43,4.51,23.5
2020-04-04 13:50:14,2,0.435,4.53,-20.0
2020-04-04 13:50:14,3,0.416,4.54,-20.0
2020-04-04 13:50:14,4,0.44,4.49,-20.0
2020-04-04 13:50:14,5,0.43,4.53,-20.0
2020-04-04 13:50:14,6,0.362,4.49,-20.0
2020-04-04 13:50:14,7,0.392,4.48,-20.0
2020-04-04 13:50:14,8,0.373,4.51,-20.0
2020-04-04 13:50:14,9,0.409,4.47,-20.0
2020-04-04 13:50:14,10,0.393,4.5,-20.0
2020-04-04 13:50:14,11,0.393,4.45,-20.0
2020-04-04 13:50:14,12,0.358,4.46,-20.0
2020-04-04 13:50:14,13,0.401,4.48,22.8
2020-04-04 13:50:14,14,0.351,4.48,-20.0
2020-04-04 13:50:14,15,0.397,4.52,-20.0
2020-04-04 13:50:14,16,0.423,4.52,-20.0
2020-04-04 13:50:14,17,0.391,4.47,-20.0
2020-04-04 13:50:14,18,0.391,4.48,-20.0
2020-04-04 13:50:14,19,0.395,4.48,-20.0
2020-04-04 13:50:14,20,0.398,4.48,-20.0
2020-04-04 13:50:14,21,0.43,4.47,-20.0
2020-04-04 13:50:14,22,0.398,4.47,-20.0
2020-04-04 13:50:14,23,0.384,4.47,-20.0
2020-04-04 13:50:14,24,0.391,4.48,-20.0
2020-04-04 13:50:14,25,0.338,4.5,20.8
2020-04-04 13:50:14,26,0.399,4.47,-20.0
2020-04-04 13:50:14,27,0.458,4.46,-20.0
2020-04-04 13:50:14,28,0.429,4.47,-20.0
2020-04-04 13:50:14,29,0.413,4.46,-20.0
2020-04-04 13:50:14,30,0.327,4.47,-20.0
2020-04-04 13:50:14,31,0.321,4.45,-20.0
2020-04-04 13:50:14,32,0.347,4.47,-20.0
2020-04-04 13:50:14,33,0.419,4.47,-20.0
2020-04-04 13:50:14,34,0.371,4.48,-20.0
2020-04-04 13:50:14,35,0.346,4.48,-20.0
2020-04-04 13:50:14,36,0.324,4.5,-20.0
2020-04-04 13:50:14,37,0.409,4.48,21.3
2020-04-04 13:50:14,38,0.385,4.49,-20.0
2020-04-04 13:50:14,39,0.33,4.46,-20.0
2020-04-04 13:50:14,40,0.332,4.48,-20.0
2020-04-04 13:50:14,41,0.369,4.5,-20.0
2020-04-04 13:50:14,42,0.342,4.47,-20.0
2020-04-04 13:50:14,43,0.376,4.48,-20.0
2020-04-04 13:50:14,44,0.376,4.48,-20.0
2020-04-04 13:50:14,45,0.302,4.49,-20.0
2020-04-04 13:50:14,46,0.391,4.48,-20.0
2020-04-04 13:50:14,47,0.394,4.48,-20.0
2020-04-04 13:50:14,48,0.445,4.49,-20.0
2020-04-04 13:50:14,49,0.467,4.45,22.7
2020-04-04 13:50:14,50,0.431,4.47,-20.0
2020-04-04 13:50:14,51,0.372,4.46,-20.0
2020-04-04 13:50:14,52,0.402,4.45,-20.0
2020-04-04 13:50:14,53,0.312,4.43,-20.0
2020-04-04 13:50:14,54,0.376,4.46,-20.0
2020-04-04 13:50:14,55,0.345,4.43,-20.0
2020-04-04 13:50:14,56,0.325,4.42,-20.0
2020-04-04 13:50:14,57,0.396,4.42,-20.0
2020-04-04 13:50:14,58,0.385,4.42,-20.0
2020-04-04 13:50:14,59,0.394,4.44,-20.0
2020-04-04 13:50:14,60,0.372,4.45,-20.0
2020-04-04 13:50:14,61,0.365,4.49,20.7
2020-04-04 13:50:14,62,0.331,4.49,-20.0
2020-04-04 13:50:14,63,0.396,4.47,-20.0
2020-04-04 13:50:14,64,0.4,4.45,-20.0
2020-04-04 13:50:14,65,0.352,4.45,-20.0
2020-04-04 13:50:14,66,0.383,4.45,-20.0
2020-04-04 13:50:14,67,0.338,4.43,-20.0
2020-04-04 13:50:14,68,0.394,4.45,-20.0
2020-04-04 13:50:14,69,0.406,4.44,-20.0
2020-04-04 13:50:14,70,0.377,4.46,-20.0
2020-04-04 13:50:14,71,0.321,4.48,-20.0
2020-04-04 13:50:14,72,0.416,4.48,-20.0
2020-04-04 13:50:14,73,0.467,4.51,21.1
2020-04-04 13:50:14,74,0.433,4.51,-20.0
2020-04-04 13:50:14,75,0.421,4.46,-20.0
2020-04-04 13:50:14,76,0.343,4.44,-20.0
2020-04-04 13:50:14,77,0.359,4.51,-20.0
2020-04-04 13:50:14,78,0.36,4.48,-20.0
2020-04-04 13:50:14,79,0.389,4.5,-20.0
2020-04-04 13:50:14,80,0.44,4.53,-20.0
2020-04-04 13:50:14,81,0.387,4.53,-20.0
2020-04-04 13:50:14,82,0.342,4.5,-20.0
2020-04-04 13:50:14,83,0.358,4.5,-20.0
2020-04-04 13:50:14,84,0.405,4.49,-20.0
2020-04-04 13:50:14,85,0.378,4.48,22.1
2020-04-04 13:50:14,86,0.371,4.46,-20.0
2020-04-04 13:50:14,87,0.34,4.46,-20.0
2020-04-04 13:50:14,88,0.384,4.48,-20.0
2020-04-04 13:50:14,89,0.365,4.51,-20.0
2020-04-04 13:50:14,90,0.391,4.46,-20.0
2020-04-04 13:50:14,91,0.354,4.48,-20.0
2020-04-04 13:50:14,92,0.365,4.5,-20.0
2020-04-04 13:50:14,93,0.481,4.49,-20.0
2020-04-04 13:50:14,94,0.461,4.46,-20.0
2020-04-04 13:50:14,95,0.421,4.46,-20.0
2020-04-04 13:50:14,96,0.426,4.51,-20.0
2020-04-05 01:49:22,1,0.431,4.51,23.6
2020-04-05 01:49:22,2,0.437,4.52,-20.0
2020-04-05 01:49:22,3,0.414,4.54,-20.0
2020-04-05 01:49:22,4,0.442,4.48,-20.0
2020-04-05 01:49:22,5,0.43,4.52,-20.0
2020-04-05 01:49:22,6,0.363,4.49,-20.0
2020-04-05 01:49:22,7,0.395,4.49,-20.0
2020-04-05 01:49:22,8,0.372,4.51,-20.0
2020-04-05 01:49:22,9,0.405,4.47,-20.0
2020-04-05 01:49:22,10,0.393,4.49,-20.0
2020-04-05 01:49:22,11,0.393,4.45,-20.0
2020-04-05 01:49:22,12,0.361,4.46,-20.0
2020-04-05 01:49:22,13,0.401,4.47,22.8
2020-04-05 01:49:22,14,0.351,4.49,-20.0
2020-04-05 01:49:22,15,0.394,4.52,-20.0
2020-04-05 01:49:22,16,0.422,4.52,-20.0
2020-04-05 01:49:22,17,0.391,4.48,-20.0
2020-04-05 01:49:22,18,0.391,4.49,-20.0
2020-04-05 01:49:22,19,0.397,4.47,-20.0
2020-04-05 01:49:22,20,0.397,4.48,-20.0
2020-04-05 01:49:22,21,0.431,4.48,-20.0
2020-04-05 01:49:22,22,0.399,4.47,-20.0
2020-04-05 01:49:22,23,0.391,4.48,-20.0
2020-04-05 01:49:22,24,0.393,4.48,-20.0
2020-04-05 01:49:22,25,0.339,4.5,20.8
2020-04-05 01:49:22,26,0.4,4.47,-20.0
2020-04-05 01:49:22,27,0.457,4.45,-20.0
2020-04-05 01:49:22,28,0.433,4.47,-20.0
2020-04-05 01:49:22,29,0.413,4.47,-20.0
2020-04-05 01:49:22,30,0.325,4.47,-20.0
2020-04-05 01:49:22,31,0.322,4.46,-20.0
2020-04-05 01:49:22,32,0.346,4.47,-20.0
2020-04-05 01:49:22,33,0.418,4.48,-20.0
2020-04-05 01:49:22,34,0.371,4.48,-20.0
2020-04-05 01:49:22,35,0.347,4.48,-20.0
2020-04-05 01:49:22,36,0.321,4.48,-20.0
2020-04-05 01:49:22,37,0.394,4.48,21.2
2020-04-05 01:49:22,38,0.362,4.48,-20.0
2020-04-05 01:49:22,39,0.317,4.46,-20.0
2020-04-05 01:49:22,40,0.331,4.46,-20.0
2020-04-05 01:49:22,41,0.368,4.5,-20.0
2020-04-05 01:49:22,42,0.33,4.48,-20.0
2020-04-05 01:49:22,43,0.367,4.48,-20.0
2020-04-05 01:49:22,44,0.369,4.48,-20.0
2020-04-05 01:49:22,45,0.3,4.48,-20.0
2020-04-05 01:49:22,46,0.392,4.48,-20.0
2020-04-05 01:49:22,47,0.399,4.47,-20.0
2020-04-05 01:49:22,48,0.452,4.48,-20.0
2020-04-05 01:49:22,49,0.494,4.45,22.8
2020-04-05 01:49:22,50,0.458,4.47,-20.0
2020-04-05 01:49:22,51,0.368,4.45,-20.0
2020-04-05 01:49:22,52,0.403,4.46,-20.0
2020-04-05 01:49:22,53,0.299,4.45,-20.0
2020-04-05 01:49:22,54,0.406,4.46,-20.0
2020-04-05 01:49:22,55,0.373,4.43,-20.0
2020-04-05 01:49:22,56,0.323,4.43,-20.0
2020-04-05 01:49:22,57,0.399,4.42,-20.0
2020-04-05 01:49:22,58,0.408,4.42,-20.0
2020-04-05 01:49:22,59,0.372,4.44,-20.0
2020-04-05 01:49:22,60,0.395,4.45,-20.0
2020-04-05 01:49:22,61,0.365,4.48,20.5
2020-04-05 01:49:22,62,0.327,4.49,-20.0
2020-04-05 01:49:22,63,0.376,4.46,-20.0
2020-04-05 01:49:22,64,0.398,4.45,-20.0
2020-04-05 01:49:22,65,0.352,4.45,-20.0
2020-04-05 01:49:22,66,0.384,4.45,-20.0
2020-04-05 01:49:22,67,0.338,4.43,-20.0
2020-04-05 01:49:22,68,0.393,4.46,-20.0
2020-04-05 01:49:22,69,0.408,4.45,-20.0
2020-04-05 01:49:22,70,0.378,4.46,-20.0
2020-04-05 01:49:22,71,0.322,4.47,-20.0
2020-04-05 01:49:22,72,0.413,4.48,-20.0
2020-04-05 01:49:22,73,0.47,4.52,20.7
2020-04-05 01:49:22,74,0.432,4.51,-20.0
2020-04-05 01:49:22,75,0.421,4.47,-20.0
2020-04-05 01:49:22,76,0.343,4.44,-20.0
2020-04-05 01:49:22,77,0.359,4.51,-20.0
2020-04-05 01:49:22,78,0.36,4.46,-20.0
2020-04-05 01:49:22,79,0.387,4.5,-20.0
2020-04-05 01:49:22,80,0.44,4.53,-20.0
2020-04-05 01:49:22,81,0.386,4.52,-20.0
2020-04-05 01:49:22,82,0.345,4.5,-20.0
2020-04-05 01:49:22,83,0.357,4.5,-20.0
2020-04-05 01:49:22,84,0.406,4.49,-20.0
2020-04-05 01:49:22,85,0.379,4.49,21.6
2020-04-05 01:49:22,86,0.372,4.46,-20.0
2020-04-05 01:49:22,87,0.341,4.46,-20.0
2020-04-05 01:49:22,88,0.386,4.47,-20.0
2020-04-05 01:49:22,89,0.369,4.51,-20.0
2020-04-05 01:49:22,90,0.388,4.46,-20.0
2020-04-05 01:49:22,91,0.356,4.49,-20.0
2020-04-05 01:49:22,92,0.365,4.5,-20.0
2020-04-05 01:49:22,93,0.48,4.49,-20.0
2020-04-05 01:49:22,94,0.463,4.47,-20.0
2020-04-05 01:49:22,95,0.42,4.45,-20.0
2020-04-05 01:49:22,96,0.426,4.5,-20.0
2020-04-05 13:48:39,1,0.427,4.51,23.6
2020-04-05 13:48:39,2,0.438,4.52,-20.0
2020-04-05 13:48:39,3,0.416,4.54,-20.0
2020-04-05 13:48:39,4,0.442,4.47,-20.0
2020-04-05 13:48:39,5,0.434,4.52,-20.0
2020-04-05 13:48:39,6,0.363,4.5,-20.0
2020-04-05 13:48:39,7,0.399,4.49,-20.0
2020-04-05 13:48:39,8,0.37,4.5,-20.0
2020-04-05 13:48:39,9,0.402,4.47,-20.0
2020-04-05 13:48:39,10,0.394,4.49,-20.0
2020-04-05 13:48:39,11,0.393,4.46,-20.0
2020-04-05 13:48:39,12,0.365,4.46,-20.0
2020-04-05 13:48:39,13,0.405,4.47,22.9
2020-04-05 13:48:39,14,0.353,4.49,-20.0
2020-04-05 13:48:39,15,0.394,4.52,-20.0
2020-04-05 13:48:39,16,0.421,4.52,-20.0
2020-04-05 13:48:39,17,0.391,4.48,-20.0
2020-04-05 13:48:39,18,0.395,4.49,-20.0
2020-04-05 13:48:39,19,0.394,4.47,-20.0
2020-04-05 13:48:39,20,0.397,4.49,-20.0
2020-04-05 13:48:39,21,0.43,4.48,-20.0
2020-04-05 13:48:39,22,0.399,4.46,-20.0
2020-04-05 13:48:39,23,0.394,4.48,-20.0
2020-04-05 13:48:39,24,0.393,4.48,-20.0
2020-04-05 13:48:39,25,0.341,4.5,20.8
2020-04-05 13:48:39,26,0.399,4.48,-20.0
2020-04-05 13:48:39,27,0.456,4.47,-20.0
2020-04-05 13:48:39,28,0.431,4.47,-20.0
2020-04-05 13:48:39,29,0.416,4.46,-20.0
2020-04-05 13:48:39,30,0.326,4.46,-20.0
2020-04-05 13:48:39,31,0.318,4.46,-20.0
2020-04-05 13:48:39,32,0.345,4.46,-20.0
2020-04-05 13:48:39,33,0.417,4.49,-20.0
2020-04-05 13:48:39,34,0.376,4.49,-20.0
2020-04-05 13:48:39,35,0.348,4.48,-20.0
2020-04-05 13:48:39,36,0.319,4.49,-20.0
2020-04-05 13:48:39,37,0.392,4.47,21.2
2020-04-05 13:48:39,38,0.366,4.48,-20.0
2020-04-05 13:48:39,39,0.321,4.47,-20.0
2020-04-05 13:48:39,40,0.331,4.47,-20.0
2020-04-05 13:48:39,41,0.365,4.51,-20.0
2020-04-05 13:48:39,42,0.333,4.48,-20.0
2020-04-05 13:48:39,43,0.374,4.48,-20.0
2020-04-05 13:48:39,44,0.376,4.48,-20.0
2020-04-05 13:48:39,45,0.299,4.48,-20.0
2020-04-05 13:48:39,46,0.392,4.48,-20.0
2020-04-05 13:48:39,47,0.401,4.49,-20.0
2020-04-05 13:48:39,48,0.449,4.48,-20.0
2020-04-05 13:48:39,49,0.494,4.45,22.9
2020-04-05 13:48:39,50,0.456,4.47,-20.0
2020-04-05 13:48:39,51,0.371,4.47,-20.0
2020-04-05 13:48:39,52,0.402,4.45,-20.0
2020-04-05 13:48:39,53,0.312,4.44,-20.0
2020-04-05 13:48:39,54,0.398,4.46,-20.0
2020-04-05 13:48:39,55,0.361,4.43,-20.0
2020-04-05 13:48:39,56,0.322,4.43,-20.0
2020-04-05 13:48:39,57,0.397,4.42,-20.0
2020-04-05 13:48:39,58,0.405,4.42,-20.0
2020-04-05 13:48:39,59,0.38,4.44,-20.0
2020-04-05 13:48:39,60,0.385,4.45,-20.0
2020-04-05 13:48:39,61,0.365,4.49,20.6
2020-04-05 13:48:39,62,0.323,4.49,-20.0
2020-04-05 13:48:39,63,0.387,4.48,-20.0
2020-04-05 13:48:39,64,0.4,4.45,-20.0
2020-04-05 13:48:39,65,0.353,4.45,-20.0
2020-04-05 13:48:39,66,0.384,4.46,-20.0
2020-04-05 13:48:39,67,0.338,4.43,-20.0
2020-04-05 13:48:39,68,0.381,4.45,-20.0
2020-04-05 13:48:39,69,0.404,4.44,-20.0
2020-04-05 13:48:39,70,0.371,4.46,-20.0
2020-04-05 13:48:39,71,0.32,4.47,-20.0
2020-04-05 13:48:39,72,0.412,4.48,-20.0
2020-04-05 13:48:39,73,0.457,4.52,20.8
2020-04-05 13:48:39,74,0.423,4.51,-20.0
2020-04-05 13:48:39,75,0.422,4.46,-20.0
2020-04-05 13:48:39,76,0.341,4.44,-20.0
2020-04-05 13:48:39,77,0.361,4.51,-20.0
2020-04-05 13:48:39,78,0.361,4.47,-20.0
2020-04-05 13:48:39,79,0.383,4.5,-20.0
2020-04-05 13:48:39,80,0.439,4.52,-20.0
2020-04-05 13:48:39,81,0.391,4.51,-20.0
2020-04-05 13:48:39,82,0.345,4.5,-20.0
2020-04-05 13:48:39,83,0.359,4.5,-20.0
2020-04-05 13:48:39,84,0.407,4.49,-20.0
2020-04-05 13:48:39,85,0.381,4.48,22.2
2020-04-05 13:48:39,86,0.372,4.47,-20.0
2020-04-05 13:48:39,87,0.342,4.46,-20.0
2020-04-05 13:48:39,88,0.387,4.48,-20.0
2020-04-05 13:48:39,89,0.37,4.51,-20.0
2020-04-05 13:48:39,90,0.388,4.46,-20.0
2020-04-05 13:48:39,91,0.354,4.48,-20.0
2020-04-05 13:48:39,92,0.368,4.5,-20.0
2020-04-05 13:48:39,93,0.479,4.48,-20.0
2020-04-05 13:48:39,94,0.465,4.46,-20.0
2020-04-05 13:48:39,95,0.418,4.45,-20.0
2020-04-05 13:48:39,96,0.426,4.51,-20.0
2020-04-06 01:47:34,1,0.43,4.5,23.6
2020-04-06 01:47:34,2,0.438,4.53,-20.0
2020-04-06 01:47:34,3,0.413,4.54,-20.0
2020-04-06 01:47:34,4,0.442,4.48,-20.0
2020-04-06 01:47:34,5,0.436,4.52,-20.0
2020-04-06 01:47:34,6,0.364,4.5,-20.0
2020-04-06 01:47:34,7,0.401,4.48,-20.0
2020-04-06 01:47:34,8,0.37,4.5,-20.0
2020-04-06 01:47:34,9,0.404,4.46,-20.0
2020-04-06 01:47:34,10,0.396,4.5,-20.0
2020-04-06 01:47:34,11,0.394,4.45,-20.0
2020-04-06 01:47:34,12,0.363,4.46,-20.0
2020-04-06 01:47:34,13,0.403,4.47,22.7
2020-04-06 01:47:34,14,0.354,4.48,-20.0
2020-04-06 01:47:34,15,0.396,4.52,-20.0
2020-04-06 01:47:34,16,0.424,4.52,-20.0
2020-04-06 01:47:34,17,0.395,4.48,-20.0
2020-04-06 01:47:34,18,0.391,4.49,-20.0
2020-04-06 01:47:34,19,0.394,4.48,-20.0
2020-04-06 01:47:34,20,0.396,4.48,-20.0
2020-04-06 01:47:34,21,0.431,4.48,-20.0
2020-04-06 01:47:34,22,0.4,4.46,-20.0
2020-04-06 01:47:34,23,0.394,4.48,-20.0
2020-04-06 01:47:34,24,0.391,4.48,-20.0
2020-04-06 01:47:34,25,0.342,4.5,20.7
2020-04-06 01:47:34,26,0.398,4.48,-20.0
2020-04-06 01:47:34,27,0.444,4.45,-20.0
2020-04-06 01:47:34,28,0.425,4.48,-20.0
2020-04-06 01:47:34,29,0.399,4.47,-20.0
2020-04-06 01:47:34,30,0.324,4.47,-20.0
2020-04-06 01:47:34,31,0.317,4.46,-20.0
2020-04-06 01:47:34,32,0.334,4.46,-20.0
2020-04-06 01:47:34,33,0.412,4.48,-20.0
2020-04-06 01:47:34,34,0.365,4.48,-20.0
2020-04-06 01:47:34,35,0.348,4.48,-20.0
2020-04-06 01:47:34,36,0.32,4.48,-20.0
2020-04-06 01:47:34,37,0.398,4.47,21.1
2020-04-06 01:47:34,38,0.372,4.48,-20.0
2020-04-06 01:47:34,39,0.323,4.47,-20.0
2020-04-06 01:47:34,40,0.334,4.48,-20.0
2020-04-06 01:47:34,41,0.367,4.51,-20.0
2020-04-06 01:47:34,42,0.335,4.47,-20.0
2020-04-06 01:47:34,43,0.378,4.49,-20.0
2020-04-06 01:47:34,44,0.38,4.49,-20.0
2020-04-06 01:47:34,45,0.3,4.49,-20.0
2020-04-06 01:47:34,46,0.395,4.48,-20.0
2020-04-06 01:47:34,47,0.405,4.48,-20.0
2020-04-06 01:47:34,48,0.456,4.48,-20.0
2020-04-06 01:47:34,49,0.49,4.45,22.7
2020-04-06 01:47:34,50,0.456,4.47,-20.0
2020-04-06 01:47:34,51,0.37,4.46,-20.0
2020-04-06 01:47:34,52,0.4,4.45,-20.0
2020-04-06 01:47:34,53,0.321,4.44,-20.0
2020-04-06 01:47:34,54,0.395,4.46,-20.0
2020-04-06 01:47:34,55,0.362,4.43,-20.0
2020-04-06 01:47:34,56,0.323,4.43,-20.0
2020-04-06 01:47:34,57,0.395,4.42,-20.0
2020-04-06 01:47:34,58,0.404,4.42,-20.0
2020-04-06 01:47:34,59,0.384,4.44,-20.0
2020-04-06 01:47:34,60,0.383,4.45,-20.0
2020-04-06 01:47:34,61,0.368,4.49,20.5
2020-04-06 01:47:34,62,0.324,4.49,-20.0
2020-04-06 01:47:34,63,0.395,4.47,-20.0
2020-04-06 01:47:34,64,0.404,4.45,-20.0
2020-04-06 01:47:34,65,0.354,4.45,-20.0
2020-04-06 01:47:34,66,0.386,4.45,-20.0
2020-04-06 01:47:34,67,0.338,4.43,-20.0
2020-04-06 01:47:34,68,0.386,4.45,-20.0
2020-04-06 01:47:34,69,0.407,4.45,-20.0
2020-04-06 01:47:34,70,0.37,4.45,-20.0
2020-04-06 01:47:34,71,0.319,4.48,-20.0
2020-04-06 01:47:34,72,0.413,4.48,-20.0
2020-04-06 01:47:34,73,0.459,4.51,20.5
2020-04-06 01:47:34,74,0.428,4.51,-20.0
2020-04-06 01:47:34,75,0.423,4.46,-20.0
2020-04-06 01:47:34,76,0.337,4.44,-20.0
2020-04-06 01:47:34,77,0.36,4.51,-20.0
2020-04-06 01:47:34,78,0.361,4.46,-20.0
2020-04-06 01:47:34,79,0.386,4.5,-20.0
2020-04-06 01:47:34,80,0.441,4.52,-20.0
2020-04-06 01:47:34,81,0.39,4.52,-20.0
2020-04-06 01:47:34,82,0.346,4.51,-20.0
2020-04-06 01:47:34,83,0.359,4.5,-20.0
2020-04-06 01:47:34,84,0.409,4.49,-20.0
2020-04-06 01:47:34,85,0.383,4.49,21.2
2020-04-06 01:47:34,86,0.374,4.46,-20.0
2020-04-06 01:47:34,87,0.342,4.46,-20.0
2020-04-06 01:47:34,88,0.389,4.47,-20.0
2020-04-06 01:47:34,89,0.372,4.51,-20.0
2020-04-06 01:47:34,90,0.392,4.46,-20.0
2020-04-06 01:47:34,91,0.357,4.48,-20.0
2020-04-06 01:47:34,92,0.37,4.51,-20.0
2020-04-06 01:47:34,93,0.48,4.49,-20.0
2020-04-06 01:47:34,94,0.466,4.48,-20.0
2020-04-06 01:47:34,95,0.422,4.45,-20.0
2020-04-06 01:47:34,96,0.429,4.5,-20.0
2020-04-06 13:46:47,1,0.434,4.51,23.7
2020-04-06 13:46:47,2,0.439,4.52,-20.0
2020-04-06 13:46:47,3,0.415,4.53,-20.0
2020-04-06 13:46:47,4,0.442,4.49,-20.0
2020-04-06 13:46:47,5,0.436,4.52,-20.0
2020-04-06 13:46:47,6,0.365,4.5,-20.0
2020-04-06 13:46:47,7,0.395,4.48,-20.0
2020-04-06 13:46:47,8,0.371,4.49,-20.0
2020-04-06 13:46:47,9,0.404,4.47,-20.0
2020-04-06 13:46:47,10,0.397,4.49,-20.0
2020-04-06 13:46:47,11,0.394,4.45,-20.0
2020-04-06 13:46:47,12,0.363,4.46,-20.0
2020-04-06 13:46:47,13,0.402,4.48,22.9
2020-04-06 13:46:47,14,0.354,4.48,-20.0
2020-04-06 13:46:47,15,0.398,4.52,-20.0
2020-04-06 13:46:47,16,0.423,4.52,-20.0
2020-04-06 13:46:47,17,0.395,4.49,-20.0
2020-04-06 13:46:47,18,0.394,4.48,-20.0
2020-04-06 13:46:47,19,0.394,4.48,-20.0
2020-04-06 13:46:47,20,0.397,4.48,-20.0
2020-04-06 13:46:47,21,0.431,4.47,-20.0
2020-04-06 13:46:47,22,0.4,4.47,-20.0
2020-04-06 13:46:47,23,0.392,4.47,-20.0
2020-04-06 13:46:47,24,0.395,4.48,-20.0
2020-04-06 13:46:47,25,0.34,4.49,20.9
2020-04-06 13:46:47,26,0.397,4.48,-20.0
2020-04-06 13:46:47,27,0.446,4.46,-20.0
2020-04-06 13:46:47,28,0.426,4.46,-20.0
2020-04-06 13:46:47,29,0.402,4.46,-20.0
2020-04-06 13:46:47,30,0.32,4.47,-20.0
2020-04-06 13:46:47,31,0.321,4.46,-20.0
2020-04-06 13:46:47,32,0.341,4.47,-20.0
2020-04-06 13:46:47,33,0.416,4.48,-20.0
2020-04-06 13:46:47,34,0.367,4.48,-20.0
2020-04-06 13:46:47,35,0.35,4.47,-20.0
2020-04-06 13:46:47,36,0.32,4.5,-20.0
2020-04-06 13:46:47,37,0.401,4.47,21.2
2020-04-06 13:46:47,38,0.375,4.49,-20.0
2020-04-06 13:46:47,39,0.328,4.46,-20.0
2020-04-06 13:46:47,40,0.332,4.47,-20.0
2020-04-06 13:46:47,41,0.367,4.5,-20.0
2020-04-06 13:46:47,42,0.337,4.48,-20.0
2020-04-06 13:46:47,43,0.381,4.48,-20.0
2020-04-06 13:46:47,44,0.383,4.48,-20.0
2020-04-06 13:46:47,45,0.305,4.49,-20.0
2020-04-06 13:46:47,46,0.396,4.48,-20.0
2020-04-06 13:46:47,47,0.408,4.47,-20.0
2020-04-06 13:46:47,48,0.455,4.48,-20.0
2020-04-06 13:46:47,49,0.487,4.46,22.7
2020-04-06 13:46:47,50,0.451,4.47,-20.0
2020-04-06 13:46:47,51,0.373,4.46,-20.0
2020-04-06 13:46:47,52,0.399,4.45,-20.0
2020-04-06 13:46:47,53,0.329,4.44,-20.0
2020-04-06 13:46:47,54,0.392,4.45,-20.0
2020-04-06 13:46:47,55,0.359,4.42,-20.0
2020-04-06 13:46:47,56,0.324,4.43,-20.0
2020-04-06 13:46:47,57,0.397,4.42,-20.0
2020-04-06 13:46:47,58,0.398,4.42,-20.0
2020-04-06 13:46:47,59,0.391,4.44,-20.0
2020-04-06 13:46:47,60,0.384,4.45,-20.0
2020-04-06 13:46:47,61,0.368,4.49,20.7
2020-04-06 13:46:47,62,0.32,4.49,-20.0
2020-04-06 13:46:47,63,0.381,4.47,-20.0
2020-04-06 13:46:47,64,0.401,4.45,-20.0
2020-04-06 13:46:47,65,0.344,4.45,-20.0
2020-04-06 13:46:47,66,0.383,4.45,-20.0
2020-04-06 13:46:47,67,0.336,4.43,-20.0
2020-04-06 13:46:47,68,0.378,4.46,-20.0
2020-04-06 13:46:47,69,0.404,4.45,-20.0
2020-04-06 13:46:47,70,0.367,4.46,-20.0
2020-04-06 13:46:47,71,0.319,4.47,-20.0
2020-04-06 13:46:47,72,0.41,4.48,-20.0
2020-04-06 13:46:47,73,0.46,4.52,20.8
2020-04-06 13:46:47,74,0.427,4.51,-20.0
2020-04-06 13:46:47,75,0.419,4.46,-20.0
2020-04-06 13:46:47,76,0.337,4.44,-20.0
2020-04-06 13:46:47,77,0.357,4.51,-20.0
2020-04-06 13:46:47,78,0.363,4.47,-20.0
2020-04-06 13:46:47,79,0.386,4.5,-20.0
2020-04-06 13:46:47,80,0.443,4.52,-20.0
2020-04-06 13:46:47,81,0.389,4.52,-20.0
2020-04-06 13:46:47,82,0.347,4.5,-20.0
2020-04-06 13:46:47,83,0.36,4.5,-20.0
2020-04-06 13:46:47,84,0.409,4.49,-20.0
2020-04-06 13:46:47,85,0.385,4.49,21.5
2020-04-06 13:46:47,86,0.373,4.46,-20.0
2020-04-06 13:46:47,87,0.342,4.46,-20.0
2020-04-06 13:46:47,88,0.388,4.47,-20.0
2020-04-06 13:46:47,89,0.37,4.5,-20.0
2020-04-06 13:46:47,90,0.392,4.47,-20.0
2020-04-06 13:46:47,91,0.355,4.48,-20.0
2020-04-06 13:46:47,92,0.374,4.51,-20.0
2020-04-06 13:46:47,93,0.482,4.49,-20.0
2020-04-06 13:46:47,94,0.468,4.46,-20.0
2020-04-06 13:46:47,95,0.424,4.45,-20.0
2020-04-06 13:46:47,96,0.432,4.5,-20.0
2020-04-07 01:46:01,1,0.433,4.51,23.6
2020-04-07 01:46:01,2,0.441,4.53,-20.0
2020-04-07 01:46:01,3,0.415,4.53,-20.0
2020-04-07 01:46:01,4,0.443,4.48,-20.0
2020-04-07 01:46:01,5,0.436,4.53,-20.0
2020-04-07 01:46:01,6,0.364,4.49,-20.0
2020-04-07 01:46:01,7,0.393,4.48,-20.0
2020-04-07 01:46:01,8,0.372,4.5,-20.0
2020-04-07 01:46:01,9,0.405,4.46,-20.0
2020-04-07 01:46:01,10,0.396,4.49,-20.0
2020-04-07 01:46:01,11,0.392,4.45,-20.0
2020-04-07 01:46:01,12,0.363,4.46,-20.0
2020-04-07 01:46:01,13,0.4,4.48,22.8
2020-04-07 01:46:01,14,0.354,4.48,-20.0
2020-04-07 01:46:01,15,0.397,4.52,-20.0
2020-04-07 01:46:01,16,0.422,4.52,-20.0
2020-04-07 01:46:01,17,0.394,4.48,-20.0
2020-04-07 01:46:01,18,0.391,4.49,-20.0
2020-04-07 01:46:01,19,0.387,4.48,-20.0
2020-04-07 01:46:01,20,0.396,4.49,-20.0
2020-04-07 01:46:01,21,0.431,4.48,-20.0
2020-04-07 01:46:01,22,0.403,4.46,-20.0
2020-04-07 01:46:01,23,0.379,4.48,-20.0
2020-04-07 01:46:01,24,0.388,4.49,-20.0
2020-04-07 01:46:01,25,0.339,4.49,20.9
2020-04-07 01:46:01,26,0.393,4.49,-20.0
2020-04-07 01:46:01,27,0.432,4.46,-20.0
2020-04-07 01:46:01,28,0.427,4.48,-20.0
2020-04-07 01:46:01,29,0.407,4.47,-20.0
2020-04-07 01:46:01,30,0.321,4.47,-20.0
2020-04-07 01:46:01,31,0.323,4.46,-20.0
2020-04-07 01:46:01,32,0.344,4.46,-20.0
2020-04-07 01:46:01,33,0.419,4.48,-20.0
2020-04-07 01:46:01,34,0.369,4.48,-20.0
2020-04-07 01:46:01,35,0.347,4.47,-20.0
2020-04-07 01:46:01,36,0.321,4.49,-20.0
2020-04-07 01:46:01,37,0.405,4.48,21.3
2020-04-07 01:46:01,38,0.378,4.48,-20.0
2020-04-07 01:46:01,39,0.329,4.46,-20.0
2020-04-07 01:46:01,40,0.331,4.48,-20.0
2020-04-07 01:46:01,41,0.368,4.5,-20.0
2020-04-07 01:46:01,42,0.339,4.47,-20.0
2020-04-07 01:46:01,43,0.383,4.48,-20.0
2020-04-07 01:46:01,44,0.385,4.48,-20.0
2020-04-07 01:46:01,45,0.306,4.5,-20.0
2020-04-07 01:46:01,46,0.395,4.47,-20.0
2020-04-07 01:46:01,47,0.407,4.47,-20.0
2020-04-07 01:46:01,48,0.458,4.49,-20.0
2020-04-07 01:46:01,49,0.465,4.46,22.7
2020-04-07 01:46:01,50,0.433,4.47,-20.0
2020-04-07 01:46:01,51,0.378,4.46,-20.0
2020-04-07 01:46:01,52,0.4,4.46,-20.0
2020-04-07 01:46:01,53,0.349,4.45,-20.0
2020-04-07 01:46:01,54,0.412,4.46,-20.0
2020-04-07 01:46:01,55,0.354,4.43,-20.0
2020-04-07 01:46:01,56,0.325,4.43,-20.0
2020-04-07 01:46:01,57,0.397,4.42,-20.0
2020-04-07 01:46:01,58,0.389,4.42,-20.0
2020-04-07 01:46:01,59,0.411,4.44,-20.0
2020-04-07 01:46:01,60,0.381,4.45,-20.0
2020-04-07 01:46:01,61,0.366,4.49,20.7
2020-04-07 01:46:01,62,0.323,4.49,-20.0
2020-04-07 01:46:01,63,0.39,4.48,-20.0
2020-04-07 01:46:01,64,0.404,4.45,-20.0
2020-04-07 01:46:01,65,0.35,4.44,-20.0
2020-04-07 01:46:01,66,0.386,4.45,-20.0
2020-04-07 01:46:01,67,0.333,4.43,-20.0
2020-04-07 01:46:01,68,0.384,4.45,-20.0
2020-04-07 01:46:01,69,0.409,4.45,-20.0
2020-04-07 01:46:01,70,0.372,4.46,-20.0
2020-04-07 01:46:01,71,0.32,4.47,-20.0
2020-04-07 01:46:01,72,0.408,4.49,-20.0
2020-04-07 01:46:01,73,0.463,4.51,21.0
2020-04-07 01:46:01,74,0.428,4.5,-20.0
2020-04-07 01:46:01,75,0.419,4.46,-20.0
2020-04-07 01:46:01,76,0.336,4.44,-20.0
2020-04-07 01:46:01,77,0.358,4.51,-20.0
2020-04-07 01:46:01,78,0.366,4.46,-20.0
2020-04-07 01:46:01,79,0.387,4.5,-20.0
2020-04-07 01:46:01,80,0.444,4.52,-20.0
2020-04-07 01:46:01,81,0.391,4.51,-20.0
2020-04-07 01:46:01,82,0.349,4.5,-20.0
2020-04-07 01:46:01,83,0.362,4.5,-20.0
2020-04-07 01:46:01,84,0.411,4.49,-20.0
2020-04-07 01:46:01,85,0.386,4.48,21.8
2020-04-07 01:46:01,86,0.373,4.46,-20.0
2020-04-07 01:46:01,87,0.34,4.46,-20.0
2020-04-07 01:46:01,88,0.386,4.47,-20.0
2020-04-07 01:46:01,89,0.371,4.51,-20.0
2020-04-07 01:46:01,90,0.393,4.46,-20.0
2020-04-07 01:46:01,91,0.358,4.48,-20.0
2020-04-07 01:46:01,92,0.369,4.5,-20.0
2020-04-07 01:46:01,93,0.482,4.49,-20.0
2020-04-07 01:46:01,94,0.465,4.46,-20.0
2020-04-07 01:46:01,95,0.422,4.45,-20.0
2020-04-07 01:46:01,96,0.427,4.51,-20.0
2020-04-07 13:45:14,1,0.434,4.51,23.7
2020-04-07 13:45:14,2,0.442,4.52,-20.0
2020-04-07 13:45:14,3,0.417,4.54,-20.0
2020-04-07 13:45:14,4,0.446,4.49,-20.0
2020-04-07 13:45:14,5,0.437,4.51,-20.0
2020-04-07 13:45:14,6,0.365,4.49,-20.0
2020-04-07 13:45:14,7,0.397,4.48,-20.0
2020-04-07 13:45:14,8,0.376,4.5,-20.0
2020-04-07 13:45:14,9,0.409,4.47,-20.0
2020-04-07 13:45:14,10,0.397,4.49,-20.0
2020-04-07 13:45:14,11,0.392,4.46,-20.0
2020-04-07 13:45:14,12,0.362,4.46,-20.0
2020-04-07 13:45:14,13,0.399,4.47,22.8
2020-04-07 13:45:14,14,0.355,4.49,-20.0
2020-04-07 13:45:14,15,0.399,4.52,-20.0
2020-04-07 13:45:14,16,0.423,4.52,-20.0
2020-04-07 13:45:14,17,0.395,4.48,-20.0
2020-04-07 13:45:14,18,0.391,4.49,-20.0
2020-04-07 13:45:14,19,0.39,4.48,-20.0
2020-04-07 13:45:14,20,0.398,4.48,-20.0
2020-04-07 13:45:14,21,0.427,4.48,-20.0
2020-04-07 13:45:14,22,0.402,4.46,-20.0
2020-04-07 13:45:14,23,0.382,4.48,-20.0
2020-04-07 13:45:14,24,0.389,4.48,-20.0
2020-04-07 13:45:14,25,0.342,4.49,20.9
2020-04-07 13:45:14,26,0.396,4.47,-20.0
2020-04-07 13:45:14,27,0.44,4.46,-20.0
2020-04-07 13:45:14,28,0.429,4.47,-20.0
2020-04-07 13:45:14,29,0.409,4.47,-20.0
2020-04-07 13:45:14,30,0.322,4.46,-20.0
2020-04-07 13:45:14,31,0.325,4.46,-20.0
2020-04-07 13:45:14,32,0.343,4.47,-20.0
2020-04-07 13:45:14,33,0.419,4.48,-20.0
2020-04-07 13:45:14,34,0.369,4.48,-20.0
2020-04-07 13:45:14,35,0.349,4.48,-20.0
2020-04-07 13:45:14,36,0.32,4.49,-20.0
2020-04-07 13:45:14,37,0.411,4.47,21.2
2020-04-07 13:45:14,38,0.383,4.48,-20.0
2020-04-07 13:45:14,39,0.333,4.46,-20.0
2020-04-07 13:45:14,40,0.329,4.47,-20.0
2020-04-07 13:45:14,41,0.369,4.5,-20.0
2020-04-07 13:45:14,42,0.339,4.48,-20.0
2020-04-07 13:45:14,43,0.385,4.48,-20.0
2020-04-07 13:45:14,44,0.385,4.48,-20.0
2020-04-07 13:45:14,45,0.306,4.49,-20.0
2020-04-07 13:45:14,46,0.393,4.47,-20.0
2020-04-07 13:45:14,47,0.406,4.48,-20.0
2020-04-07 13:45:14,48,0.454,4.48,-20.0
2020-04-07 13:45:14,49,0.469,4.46,22.8
2020-04-07 13:45:14,50,0.429,4.47,-20.0
2020-04-07 13:45:14,51,0.375,4.46,-20.0
2020-04-07 13:45:14,52,0.394,4.46,-20.0
2020-04-07 13:45:14,53,0.346,4.44,-20.0
2020-04-07 13:45:14,54,0.392,4.45,-20.0
2020-04-07 13:45:14,55,0.335,4.43,-20.0
2020-04-07 13:45:14,56,0.32,4.43,-20.0
2020-04-07 13:45:14,57,0.401,4.42,-20.0
2020-04-07 13:45:14,58,0.38,4.42,-20.0
2020-04-07 13:45:14,59,0.392,4.44,-20.0
2020-04-07 13:45:14,60,0.377,4.45,-20.0
2020-04-07 13:45:14,61,0.366,4.49,20.7
2020-04-07 13:45:14,62,0.326,4.49,-20.0
2020-04-07 13:45:14,63,0.397,4.47,-20.0
2020-04-07 13:45:14,64,0.402,4.45,-20.0
2020-04-07 13:45:14,65,0.356,4.45,-20.0
2020-04-07 13:45:14,66,0.386,4.45,-20.0
2020-04-07 13:45:14,67,0.338,4.43,-20.0
2020-04-07 13:45:14,68,0.388,4.45,-20.0
2020-04-07 13:45:14,69,0.41,4.45,-20.0
2020-04-07 13:45:14,70,0.375,4.46,-20.0
2020-04-07 13:45:14,71,0.321,4.48,-20.0
2020-04-07 13:45:14,72,0.408,4.47,-20.0
2020-04-07 13:45:14,73,0.466,4.51,20.7
2020-04-07 13:45:14,74,0.431,4.5,-20.0
2020-04-07 13:45:14,75,0.42,4.46,-20.0
2020-04-07 13:45:14,76,0.338,4.44,-20.0
2020-04-07 13:45:14,77,0.361,4.5,-20.0
2020-04-07 13:45:14,78,0.367,4.47,-20.0
2020-04-07 13:45:14,79,0.388,4.5,-20.0
2020-04-07 13:45:14,80,0.443,4.52,-20.0
2020-04-07 13:45:14,81,0.39,4.51,-20.0
2020-04-07 13:45:14,82,0.351,4.51,-20.0
2020-04-07 13:45:14,83,0.363,4.5,-20.0
2020-04-07 13:45:14,84,0.412,4.49,-20.0
2020-04-07 13:45:14,85,0.383,4.48,21.4
2020-04-07 13:45:14,86,0.375,4.47,-20.0
2020-04-07 13:45:14,87,0.341,4.46,-20.0
2020-04-07 13:45:14,88,0.388,4.48,-20.0
2020-04-07 13:45:14,89,0.372,4.5,-20.0
2020-04-07 13:45:14,90,0.394,4.47,-20.0
2020-04-07 13:45:14,91,0.356,4.48,-20.0
2020-04-07 13:45:14,92,0.371,4.5,-20.0
2020-04-07 13:45:14,93,0.483,4.48,-20.0
2020-04-07 13:45:14,94,0.465,4.47,-20.0
2020-04-07 13:45:14,95,0.423,4.46,-20.0
2020-04-07 13:45:14,96,0.427,4.5,-20.0
2020-04-08 01:44:35,1,0.434,4.51,23.7
2020-04-08 01:44:35,2,0.442,4.52,-20.0
2020-04-08 01:44:35,3,0.415,4.53,-20.0
2020-04-08 01:44:35,4,0.447,4.48,-20.0
2020-04-08 01:44:35,5,0.436,4.52,-20.0
2020-04-08 01:44:35,6,0.363,4.5,-20.0
2020-04-08 01:44:35,7,0.395,4.48,-20.0
2020-04-08 01:44:35,8,0.371,4.5,-20.0
2020-04-08 01:44:35,9,0.408,4.47,-20.0
2020-04-08 01:44:35,10,0.395,4.49,-20.0
2020-04-08 01:44:35,11,0.391,4.45,-20.0
2020-04-08 01:44:35,12,0.356,4.45,-20.0
2020-04-08 01:44:35,13,0.396,4.48,23.0
2020-04-08 01:44:35,14,0.351,4.48,-20.0
2020-04-08 01:44:35,15,0.399,4.52,-20.0
2020-04-08 01:44:35,16,0.423,4.53,-20.0
2020-04-08 01:44:35,17,0.394,4.48,-20.0
2020-04-08 01:44:35,18,0.393,4.49,-20.0
2020-04-08 01:44:35,19,0.39,4.47,-20.0
2020-04-08 01:44:35,20,0.401,4.49,-20.0
2020-04-08 01:44:35,21,0.426,4.47,-20.0
2020-04-08 01:44:35,22,0.401,4.46,-20.0
2020-04-08 01:44:35,23,0.382,4.47,-20.0
2020-04-08 01:44:35,24,0.39,4.48,-20.0
2020-04-08 01:44:35,25,0.341,4.5,20.9
2020-04-08 01:44:35,26,0.396,4.48,-20.0
2020-04-08 01:44:35,27,0.444,4.47,-20.0
2020-04-08 01:44:35,28,0.425,4.47,-20.0
2020-04-08 01:44:35,29,0.412,4.46,-20.0
2020-04-08 01:44:35,30,0.322,4.46,-20.0
2020-04-08 01:44:35,31,0.327,4.46,-20.0
2020-04-08 01:44:35,32,0.345,4.48,-20.0
2020-04-08 01:44:35,33,0.421,4.48,-20.0
2020-04-08 01:44:35,34,0.374,4.48,-20.0
2020-04-08 01:44:35,35,0.347,4.47,-20.0
2020-04-08 01:44:35,36,0.321,4.49,-20.0
2020-04-08 01:44:35,37,0.41,4.47,21.3
2020-04-08 01:44:35,38,0.385,4.48,-20.0
2020-04-08 01:44:35,39,0.331,4.46,-20.0
2020-04-08 01:44:35,40,0.328,4.47,-20.0
2020-04-08 01:44:35,41,0.366,4.5,-20.0
2020-04-08 01:44:35,42,0.343,4.48,-20.0
2020-04-08 01:44:35,43,0.382,4.49,-20.0
2020-04-08 01:44:35,44,0.386,4.48,-20.0
2020-04-08 01:44:35,45,0.306,4.49,-20.0
2020-04-08 01:44:35,46,0.393,4.48,-20.0
2020-04-08 01:44:35,47,0.405,4.48,-20.0
2020-04-08 01:44:35,48,0.457,4.49,-20.0
2020-04-08 01:44:35,49,0.474,4.45,23.0
2020-04-08 01:44:35,50,0.426,4.47,-20.0
2020-04-08 01:44:35,51,0.375,4.46,-20.0
2020-04-08 01:44:35,52,0.398,4.46,-20.0
2020-04-08 01:44:35,53,0.347,4.45,-20.0
2020-04-08 01:44:35,54,0.388,4.46,-20.0
2020-04-08 01:44:35,55,0.341,4.43,-20.0
2020-04-08 01:44:35,56,0.323,4.43,-20.0
2020-04-08 01:44:35,57,0.398,4.42,-20.0
2020-04-08 01:44:35,58,0.382,4.42,-20.0
2020-04-08 01:44:35,59,0.396,4.44,-20.0
2020-04-08 01:44:35,60,0.38,4.45,-20.0
2020-04-08 01:44:35,61,0.368,4.49,20.8
2020-04-08 01:44:35,62,0.327,4.49,-20.0
2020-04-08 01:44:35,63,0.402,4.47,-20.0
2020-04-08 01:44:35,64,0.405,4.45,-20.0
2020-04-08 01:44:35,65,0.357,4.45,-20.0
2020-04-08 01:44:35,66,0.387,4.45,-20.0
2020-04-08 01:44:35,67,0.339,4.43,-20.0
2020-04-08 01:44:35,68,0.394,4.45,-20.0
2020-04-08 01:44:35,69,0.408,4.45,-20.0
2020-04-08 01:44:35,70,0.379,4.47,-20.0
2020-04-08 01:44:35,71,0.321,4.48,-20.0
2020-04-08 01:44:35,72,0.41,4.48,-20.0
2020-04-08 01:44:35,73,0.467,4.51,21.1
2020-04-08 01:44:35,74,0.431,4.5,-20.0
2020-04-08 01:44:35,75,0.424,4.47,-20.0
2020-04-08 01:44:35,76,0.336,4.44,-20.0
2020-04-08 01:44:35,77,0.359,4.51,-20.0
2020-04-08 01:44:35,78,0.37,4.47,-20.0
2020-04-08 01:44:35,79,0.387,4.51,-20.0
2020-04-08 01:44:35,80,0.443,4.53,-20.0
2020-04-08 01:44:35,81,0.389,4.52,-20.0
2020-04-08 01:44:35,82,0.349,4.51,-20.0
2020-04-08 01:44:35,83,0.361,4.5,-20.0
2020-04-08 01:44:35,84,0.411,4.49,-20.0
2020-04-08 01:44:35,85,0.384,4.49,22.1
2020-04-08 01:44:35,86,0.375,4.47,-20.0
2020-04-08 01:44:35,87,0.343,4.46,-20.0
2020-04-08 01:44:35,88,0.384,4.48,-20.0
2020-04-08 01:44:35,89,0.37,4.51,-20.0
2020-04-08 01:44:35,90,0.394,4.47,-20.0
2020-04-08 01:44:35,91,0.356,4.48,-20.0
2020-04-08 01:44:35,92,0.369,4.5,-20.0
2020-04-08 01:44:35,93,0.481,4.49,-20.0
2020-04-08 01:44:35,94,0.464,4.47,-20.0
2020-04-08 01:44:35,95,0.417,4.45,-20.0
2020-04-08 01:44:35,96,0.423,4.51,-20.0
2020-04-08 13:43:58,1,0.435,4.5,23.6
2020-04-08 13:43:58,2,0.443,4.52,-20.0
2020-04-08 13:43:58,3,0.416,4.54,-20.0
2020-04-08 13:43:58,4,0.447,4.48,-20.0
2020-04-08 13:43:58,5,0.436,4.52,-20.0
2020-04-08 13:43:58,6,0.363,4.49,-20.0
2020-04-08 13:43:58,7,0.395,4.48,-20.0
2020-04-08 13:43:58,8,0.371,4.5,-20.0
2020-04-08 13:43:58,9,0.408,4.47,-20.0
2020-04-08 13:43:58,10,0.397,4.49,-20.0
2020-04-08 13:43:58,11,0.393,4.45,-20.0
2020-04-08 13:43:58,12,0.356,4.46,-20.0
2020-04-08 13:43:58,13,0.396,4.47,22.8
2020-04-08 13:43:58,14,0.353,4.48,-20.0
2020-04-08 13:43:58,15,0.398,4.52,-20.0
2020-04-08 13:43:58,16,0.418,4.51,-20.0
2020-04-08 13:43:58,17,0.393,4.48,-20.0
2020-04-08 13:43:58,18,0.396,4.48,-20.0
2020-04-08 13:43:58,19,0.389,4.48,-20.0
2020-04-08 13:43:58,20,0.399,4.49,-20.0
2020-04-08 13:43:58,21,0.429,4.48,-20.0
2020-04-08 13:43:58,22,0.399,4.46,-20.0
2020-04-08 13:43:58,23,0.382,4.47,-20.0
2020-04-08 13:43:58,24,0.393,4.46,-20.0
2020-04-08 13:43:58,25,0.339,4.48,21.0
2020-04-08 13:43:58,26,0.401,4.48,-20.0
2020-04-08 13:43:58,27,0.445,4.47,-20.0
2020-04-08 13:43:58,28,0.428,4.47,-20.0
2020-04-08 13:43:58,29,0.412,4.46,-20.0
2020-04-08 13:43:58,30,0.319,4.47,-20.0
2020-04-08 13:43:58,31,0.327,4.46,-20.0
2020-04-08 13:43:58,32,0.347,4.47,-20.0
2020-04-08 13:43:58,33,0.422,4.47,-20.0
2020-04-08 13:43:58,34,0.374,4.48,-20.0
2020-04-08 13:43:58,35,0.348,4.47,-20.0
2020-04-08 13:43:58,36,0.321,4.5,-20.0
2020-04-08 13:43:58,37,0.412,4.48,21.3
2020-04-08 13:43:58,38,0.386,4.49,-20.0
2020-04-08 13:43:58,39,0.328,4.48,-20.0
2020-04-08 13:43:58,40,0.328,4.46,-20.0
2020-04-08 13:43:58,41,0.365,4.5,-20.0
2020-04-08 13:43:58,42,0.343,4.47,-20.0
2020-04-08 13:43:58,43,0.384,4.48,-20.0
2020-04-08 13:43:58,44,0.387,4.48,-20.0
2020-04-08 13:43:58,45,0.306,4.49,-20.0
2020-04-08 13:43:58,46,0.394,4.48,-20.0
2020-04-08 13:43:58,47,0.407,4.48,-20.0
2020-04-08 13:43:58,48,0.434,4.48,-20.0
2020-04-08 13:43:58,49,0.47,4.45,22.7
2020-04-08 13:43:58,50,0.428,4.47,-20.0
2020-04-08 13:43:58,51,0.374,4.46,-20.0
2020-04-08 13:43:58,52,0.396,4.46,-20.0
2020-04-08 13:43:58,53,0.342,4.44,-20.0
2020-04-08 13:43:58,54,0.387,4.45,-20.0
2020-04-08 13:43:58,55,0.335,4.43,-20.0
2020-04-08 13:43:58,56,0.324,4.43,-20.0
2020-04-08 13:43:58,57,0.398,4.42,-20.0
2020-04-08 13:43:58,58,0.381,4.42,-20.0
2020-04-08 13:43:58,59,0.398,4.44,-20.0
2020-04-08 13:43:58,60,0.376,4.45,-20.0
2020-04-08 13:43:58,61,0.366,4.49,20.8
2020-04-08 13:43:58,62,0.329,4.5,-20.0
2020-04-08 13:43:58,63,0.402,4.48,-20.0
2020-04-08 13:43:58,64,0.407,4.45,-20.0
2020-04-08 13:43:58,65,0.355,4.45,-20.0
2020-04-08 13:43:58,66,0.387,4.45,-20.0
2020-04-08 13:43:58,67,0.339,4.43,-20.0
2020-04-08 13:43:58,68,0.395,4.45,-20.0
2020-04-08 13:43:58,69,0.411,4.44,-20.0
2020-04-08 13:43:58,70,0.381,4.46,-20.0
2020-04-08 13:43:58,71,0.321,4.48,-20.0
2020-04-08 13:43:58,72,0.409,4.48,-20.0
2020-04-08 13:43:58,73,0.469,4.52,21.2
2020-04-08 13:43:58,74,0.43,4.5,-20.0
2020-04-08 13:43:58,75,0.421,4.47,-20.0
2020-04-08 13:43:58,77,0.357,4.52,-20.0
2020-04-08 13:43:58,78,0.369,4.46,-20.0
2020-04-08 13:43:58,79,0.384,4.5,-20.0
2020-04-08 13:43:58,80,0.442,4.52,-20.0
2020-04-08 13:43:58,81,0.388,4.53,-20.0
2020-04-08 13:43:58,82,0.345,4.51,-20.0
2020-04-08 13:43:58,83,0.361,4.51,-20.0
2020-04-08 13:43:58,84,0.41,4.49,-20.0
2020-04-08 13:43:58,85,0.383,4.49,22.0
2020-04-08 13:43:58,86,0.375,4.46,-20.0
2020-04-08 13:43:58,87,0.343,4.46,-20.0
2020-04-08 13:43:58,88,0.386,4.47,-20.0
2020-04-08 13:43:58,89,0.369,4.51,-20.0
2020-04-08 13:43:58,90,0.395,4.46,-20.0
2020-04-08 13:43:58,91,0.356,4.48,-20.0
2020-04-08 13:43:58,92,0.371,4.5,-20.0
2020-04-08 13:43:58,93,0.481,4.49,-20.0
2020-04-08 13:43:58,94,0.467,4.46,-20.0
2020-04-08 13:43:58,95,0.419,4.46,-20.0
2020-04-08 13:43:58,96,0.426,4.51,-20.0
2020-04-09 01:43:17,1,0.434,4.51,23.6
2020-04-09 01:43:17,2,0.44,4.52,-20.0
2020-04-09 01:43:17,3,0.415,4.54,-20.0
2020-04-09 01:43:17,4,0.447,4.49,-20.0
2020-04-09 01:43:17,5,0.435,4.52,-20.0
2020-04-09 01:43:17,6,0.361,4.5,-20.0
2020-04-09 01:43:17,7,0.393,4.48,-20.0
2020-04-09 01:43:17,8,0.367,4.5,-20.0
2020-04-09 01:43:17,9,0.409,4.47,-20.0
2020-04-09 01:43:17,10,0.398,4.5,-20.0
2020-04-09 01:43:17,11,0.394,4.45,-20.0
2020-04-09 01:43:17,12,0.359,4.46,-20.0
2020-04-09 01:43:17,13,0.399,4.47,22.8
2020-04-09 01:43:17,14,0.354,4.49,-20.0
2020-04-09 01:43:17,15,0.399,4.51,-20.0
2020-04-09 01:43:17,16,0.421,4.52,-20.0
2020-04-09 01:43:17,17,0.398,4.48,-20.0
2020-04-09 01:43:17,18,0.395,4.48,-20.0
2020-04-09 01:43:17,19,0.388,4.48,-20.0
2020-04-09 01:43:17,20,0.398,4.48,-20.0
2020-04-09 01:43:17,21,0.429,4.48,-20.0
2020-04-09 01:43:17,22,0.397,4.46,-20.0
2020-04-09 01:43:17,23,0.384,4.48,-20.0
2020-04-09 01:43:17,24,0.397,4.48,-20.0
2020-04-09 01:43:17,25,0.341,4.5,20.8
2020-04-09 01:43:17,26,0.401,4.47,-20.0
2020-04-09 01:43:17,27,0.448,4.45,-20.0
2020-04-09 01:43:17,28,0.429,4.47,-20.0
2020-04-09 01:43:17,29,0.414,4.46,-20.0
2020-04-09 01:43:17,30,0.323,4.48,-20.0
2020-04-09 01:43:17,31,0.328,4.46,-20.0
2020-04-09 01:43:17,32,0.348,4.46,-20.0
2020-04-09 01:43:17,33,0.422,4.47,-20.0
2020-04-09 01:43:17,34,0.374,4.49,-20.0
2020-04-09 01:43:17,35,0.347,4.48,-20.0
2020-04-09 01:43:17,36,0.322,4.49,-20.0
2020-04-09 01:43:17,37,0.411,4.47,21.3
2020-04-09 01:43:17,38,0.384,4.48,-20.0
2020-04-09 01:43:17,39,0.328,4.46,-20.0
2020-04-09 01:43:17,40,0.328,4.47,-20.0
2020-04-09 01:43:17,41,0.367,4.51,-20.0
2020-04-09 01:43:17,42,0.344,4.48,-20.0
2020-04-09 01:43:17,43,0.386,4.48,-20.0
2020-04-09 01:43:17,44,0.386,4.48,-20.0
2020-04-09 01:43:17,45,0.306,4.5,-20.0
2020-04-09 01:43:17,46,0.395,4.47,-20.0
2020-04-09 01:43:17,47,0.406,4.48,-20.0
2020-04-09 01:43:17,48,0.439,4.48,-20.0
2020-04-09 01:43:17,49,0.472,4.45,22.7
2020-04-09 01:43:17,50,0.43,4.46,-20.0
2020-04-09 01:43:17,51,0.371,4.46,-20.0
2020-04-09 01:43:17,52,0.394,4.46,-20.0
2020-04-09 01:43:17,53,0.348,4.45,-20.0
2020-04-09 01:43:17,54,0.389,4.46,-20.0
2020-04-09 01:43:17,55,0.345,4.43,-20.0
2020-04-09 01:43:17,56,0.326,4.43,-20.0
2020-04-09 01:43:17,57,0.396,4.42,-20.0
2020-04-09 01:43:17,58,0.381,4.42,-20.0
2020-04-09 01:43:17,59,0.403,4.44,-20.0
2020-04-09 01:43:17,60,0.381,4.45,-20.0
2020-04-09 01:43:17,61,0.363,4.49,20.7
2020-04-09 01:43:17,62,0.33,4.49,-20.0
2020-04-09 01:43:17,63,0.403,4.48,-20.0
2020-04-09 01:43:17,64,0.407,4.45,-20.0
2020-04-09 01:43:17,65,0.353,4.45,-20.0
2020-04-09 01:43:17,66,0.386,4.45,-20.0
2020-04-09 01:43:17,67,0.339,4.43,-20.0
2020-04-09 01:43:17,68,0.396,4.46,-20.0
2020-04-09 01:43:17,69,0.412,4.44,-20.0
2020-04-09 01:43:17,70,0.385,4.46,-20.0
2020-04-09 01:43:17,71,0.32,4.48,-20.0
2020-04-09 01:43:17,72,0.409,4.48,-20.0
2020-04-09 01:43:17,73,0.467,4.52,20.9
2020-04-09 01:43:17,74,0.43,4.51,-20.0
2020-04-09 01:43:17,75,0.42,4.46,-20.0
2020-04-09 01:43:17,76,0.333,4.44,-20.0
2020-04-09 01:43:17,77,0.354,4.53,-20.0
2020-04-09 01:43:17,78,0.371,4.48,-20.0
2020-04-09 01:43:17,79,0.385,4.5,-20.0
2020-04-09 01:43:17,80,0.44,4.52,-20.0
2020-04-09 01:43:17,81,0.388,4.51,-20.0
2020-04-09 01:43:17,82,0.344,4.51,-20.0
2020-04-09 01:43:17,83,0.36,4.5,-20.0
2020-04-09 01:43:17,84,0.409,4.49,-20.0
2020-04-09 01:43:17,85,0.382,4.48,21.7
2020-04-09 01:43:17,86,0.373,4.47,-20.0
2020-04-09 01:43:17,87,0.345,4.46,-20.0
2020-04-09 01:43:17,88,0.387,4.48,-20.0
2020-04-09 01:43:17,89,0.364,4.5,-20.0
2020-04-09 01:43:17,90,0.393,4.46,-20.0
2020-04-09 01:43:17,91,0.355,4.48,-20.0
2020-04-09 01:43:17,92,0.368,4.49,-20.0
2020-04-09 01:43:17,93,0.478,4.48,-20.0
2020-04-09 01:43:17,94,0.462,4.46,-20.0
2020-04-09 01:43:17,95,0.417,4.45,-20.0
2020-04-09 01:43:17,96,0.423,4.51,-20.0
2020-04-09 13:42:46,1,0.433,4.51,23.6
2020-04-09 13:42:46,2,0.439,4.52,-20.0
2020-04-09 13:42:46,3,0.415,4.54,-20.0
2020-04-09 13:42:46,4,0.446,4.48,-20.0
2020-04-09 13:42:46,5,0.435,4.53,-20.0
2020-04-09 13:42:46,6,0.36,4.5,-20.0
2020-04-09 13:42:46,7,0.395,4.48,-20.0
2020-04-09 13:42:46,8,0.366,4.5,-20.0
2020-04-09 13:42:46,9,0.411,4.47,-20.0
2020-04-09 13:42:46,10,0.396,4.5,-20.0
2020-04-09 13:42:46,11,0.395,4.46,-20.0
2020-04-09 13:42:46,12,0.359,4.46,-20.0
2020-04-09 13:42:46,13,0.399,4.48,22.7
2020-04-09 13:42:46,14,0.354,4.48,-20.0
2020-04-09 13:42:46,15,0.4,4.51,-20.0
2020-04-09 13:42:46,16,0.423,4.53,-20.0
2020-04-09 13:42:46,17,0.4,4.47,-20.0
2020-04-09 13:42:46,18,0.394,4.48,-20.0
2020-04-09 13:42:46,19,0.386,4.47,-20.0
2020-04-09 13:42:46,20,0.399,4.48,-20.0
2020-04-09 13:42:46,21,0.431,4.48,-20.0
2020-04-09 13:42:46,22,0.399,4.47,-20.0
2020-04-09 13:42:46,23,0.384,4.48,-20.0
2020-04-09 13:42:46,24,0.395,4.49,-20.0
2020-04-09 13:42:46,25,0.341,4.49,20.8
2020-04-09 13:42:46,26,0.4,4.49,-20.0
2020-04-09 13:42:46,27,0.451,4.46,-20.0
2020-04-09 13:42:46,28,0.429,4.47,-20.0
2020-04-09 13:42:46,29,0.414,4.47,-20.0
2020-04-09 13:42:46,30,0.324,4.47,-20.0
2020-04-09 13:42:46,31,0.328,4.45,-20.0
2020-04-09 13:42:46,32,0.349,4.47,-20.0
2020-04-09 13:42:46,33,0.42,4.48,-20.0
2020-04-09 13:42:46,34,0.373,4.49,-20.0
2020-04-09 13:42:46,35,0.343,4.47,-20.0
2020-04-09 13:42:46,36,0.323,4.49,-20.0
2020-04-09 13:42:46,37,0.416,4.48,21.2
2020-04-09 13:42:46,38,0.383,4.49,-20.0
2020-04-09 13:42:46,39,0.329,4.47,-20.0
2020-04-09 13:42:46,40,0.329,4.47,-20.0
2020-04-09 13:42:46,41,0.367,4.5,-20.0
2020-04-09 13:42:46,42,0.331,4.48,-20.0
2020-04-09 13:42:46,43,0.372,4.49,-20.0
2020-04-09 13:42:46,44,0.371,4.49,-20.0
2020-04-09 13:42:46,45,0.302,4.49,-20.0
2020-04-09 13:42:46,46,0.395,4.48,-20.0
2020-04-09 13:42:46,47,0.396,4.49,-20.0
2020-04-09 13:42:46,48,0.43,4.48,-20.0
2020-04-09 13:42:46,49,0.469,4.45,22.6
2020-04-09 13:42:46,50,0.425,4.47,-20.0
2020-04-09 13:42:46,51,0.375,4.46,-20.0
2020-04-09 13:42:46,52,0.395,4.45,-20.0
2020-04-09 13:42:46,53,0.344,4.44,-20.0
2020-04-09 13:42:46,54,0.386,4.45,-20.0
2020-04-09 13:42:46,55,0.346,4.43,-20.0
2020-04-09 13:42:46,56,0.325,4.43,-20.0
2020-04-09 13:42:46,57,0.395,4.42,-20.0
2020-04-09 13:42:46,58,0.385,4.42,-20.0
2020-04-09 13:42:46,59,0.395,4.44,-20.0
2020-04-09 13:42:46,60,0.376,4.46,-20.0
2020-04-09 13:42:46,61,0.362,4.48,20.6
2020-04-09 13:42:46,62,0.331,4.49,-20.0
2020-04-09 13:42:46,63,0.407,4.46,-20.0
2020-04-09 13:42:46,64,0.407,4.45,-20.0
2020-04-09 13:42:46,65,0.353,4.45,-20.0
2020-04-09 13:42:46,66,0.386,4.46,-20.0
2020-04-09 13:42:46,67,0.339,4.42,-20.0
2020-04-09 13:42:46,68,0.401,4.46,-20.0
2020-04-09 13:42:46,69,0.416,4.44,-20.0
2020-04-09 13:42:46,70,0.383,4.46,-20.0
2020-04-09 13:42:46,71,0.322,4.48,-20.0
2020-04-09 13:42:46,72,0.409,4.49,-20.0
2020-04-09 13:42:46,73,0.467,4.52,20.5
2020-04-09 13:42:46,74,0.431,4.51,-20.0
2020-04-09 13:42:46,75,0.42,4.47,-20.0
2020-04-09 13:42:46,76,0.335,4.44,-20.0
2020-04-09 13:42:46,77,0.358,4.51,-20.0
2020-04-09 13:42:46,78,0.368,4.47,-20.0
2020-04-09 13:42:46,79,0.388,4.5,-20.0
2020-04-09 13:42:46,80,0.44,4.52,-20.0
2020-04-09 13:42:46,81,0.389,4.52,-20.0
2020-04-09 13:42:46,82,0.347,4.51,-20.0
2020-04-09 13:42:46,83,0.36,4.5,-20.0
2020-04-09 13:42:46,84,0.409,4.49,-20.0
2020-04-09 13:42:46,85,0.385,4.48,21.3
2020-04-09 13:42:46,86,0.374,4.46,-20.0
2020-04-09 13:42:46,87,0.344,4.46,-20.0
2020-04-09 13:42:46,88,0.386,4.47,-20.0
2020-04-09 13:42:46,89,0.365,4.51,-20.0
2020-04-09 13:42:46,90,0.392,4.46,-20.0
2020-04-09 13:42:46,91,0.356,4.47,-20.0
2020-04-09 13:42:46,92,0.367,4.5,-20.0
2020-04-09 13:42:46,93,0.48,4.48,-20.0
2020-04-09 13:42:46,94,0.463,4.47,-20.0
2020-04-09 13:42:46,95,0.417,4.46,-20.0
2020-04-09 13:42:46,96,0.423,4.5,-20.0
2020-04-10 01:41:52,1,0.43,4.51,23.6
2020-04-10 01:41:52,2,0.436,4.52,-20.0
2020-04-10 01:41:52,3,0.41,4.54,-20.0
2020-04-10 01:41:52,4,0.445,4.47,-20.0
2020-04-10 01:41:52,5,0.436,4.53,-20.0
2020-04-10 01:41:52,6,0.361,4.5,-20.0
2020-04-10 01:41:52,7,0.398,4.49,-20.0
2020-04-10 01:41:52,8,0.369,4.51,-20.0
2020-04-10 01:41:52,9,0.409,4.47,-20.0
2020-04-10 01:41:52,10,0.396,4.49,-20.0
2020-04-10 01:41:52,11,0.398,4.45,-20.0
2020-04-10 01:41:52,12,0.362,4.46,-20.0
2020-04-10 01:41:52,13,0.4,4.47,22.8
2020-04-10 01:41:52,14,0.357,4.48,-20.0
2020-04-10 01:41:52,15,0.4,4.52,-20.0
2020-04-10 01:41:52,16,0.422,4.53,-20.0
2020-04-10 01:41:52,17,0.401,4.48,-20.0
2020-04-10 01:41:52,18,0.394,4.49,-20.0
2020-04-10 01:41:52,19,0.389,4.48,-20.0
2020-04-10 01:41:52,20,0.399,4.49,-20.0
2020-04-10 01:41:52,21,0.427,4.48,-20.0
2020-04-10 01:41:52,22,0.398,4.47,-20.0
2020-04-10 01:41:52,23,0.385,4.47,-20.0
2020-04-10 01:41:52,24,0.398,4.47,-20.0
2020-04-10 01:41:52,25,0.342,4.49,20.8
2020-04-10 01:41:52,26,0.403,4.49,-20.0
2020-04-10 01:41:52,27,0.454,4.46,-20.0
2020-04-10 01:41:52,28,0.43,4.47,-20.0
2020-04-10 01:41:52,29,0.416,4.46,-20.0
2020-04-10 01:41:52,30,0.324,4.48,-20.0
2020-04-10 01:41:52,31,0.329,4.46,-20.0
2020-04-10 01:41:52,32,0.353,4.48,-20.0
2020-04-10 01:41:52,33,0.421,4.48,-20.0
2020-04-10 01:41:52,34,0.373,4.48,-20.0
2020-04-10 01:41:52,35,0.343,4.47,-20.0
2020-04-10 01:41:52,36,0.325,4.5,-20.0
2020-04-10 01:41:52,37,0.415,4.48,21.2
2020-04-10 01:41:52,38,0.38,4.49,-20.0
2020-04-10 01:41:52,39,0.329,4.47,-20.0
2020-04-10 01:41:52,40,0.331,4.47,-20.0
2020-04-10 01:41:52,41,0.365,4.5,-20.0
2020-04-10 01:41:52,42,0.335,4.47,-20.0
2020-04-10 01:41:52,43,0.37,4.48,-20.0
2020-04-10 01:41:52,44,0.371,4.48,-20.0
2020-04-10 01:41:52,45,0.302,4.49,-20.0
2020-04-10 01:41:52,46,0.394,4.46,-20.0
2020-04-10 01:41:52,47,0.394,4.48,-20.0
2020-04-10 01:41:52,48,0.431,4.48,-20.0
2020-04-10 01:41:52,49,0.478,4.45,22.7
2020-04-10 01:41:52,50,0.433,4.47,-20.0
2020-04-10 01:41:52,51,0.374,4.47,-20.0
2020-04-10 01:41:52,52,0.395,4.45,-20.0
2020-04-10 01:41:52,53,0.346,4.44,-20.0
2020-04-10 01:41:52,54,0.388,4.46,-20.0
2020-04-10 01:41:52,55,0.348,4.42,-20.0
2020-04-10 01:41:52,56,0.324,4.43,-20.0
2020-04-10 01:41:52,57,0.393,4.42,-20.0
2020-04-10 01:41:52,58,0.389,4.42,-20.0
2020-04-10 01:41:52,59,0.398,4.44,-20.0
2020-04-10 01:41:52,60,0.38,4.45,-20.0
2020-04-10 01:41:52,61,0.361,4.48,20.6
2020-04-10 01:41:52,62,0.328,4.49,-20.0
2020-04-10 01:41:52,63,0.407,4.48,-20.0
2020-04-10 01:41:52,64,0.405,4.45,-20.0
2020-04-10 01:41:52,65,0.358,4.45,-20.0
2020-04-10 01:41:52,66,0.384,4.45,-20.0
2020-04-10 01:41:52,67,0.338,4.43,-20.0
2020-04-10 01:41:52,68,0.401,4.45,-20.0
2020-04-10 01:41:52,69,0.415,4.45,-20.0
2020-04-10 01:41:52,70,0.384,4.46,-20.0
2020-04-10 01:41:52,71,0.318,4.48,-20.0
2020-04-10 01:41:52,72,0.409,4.48,-20.0
2020-04-10 01:41:52,73,0.467,4.51,20.9
2020-04-10 01:41:52,74,0.431,4.5,-20.0
2020-04-10 01:41:52,75,0.423,4.46,-20.0
2020-04-10 01:41:52,76,0.335,4.45,-20.0
2020-04-10 01:41:52,77,0.359,4.5,-20.0
2020-04-10 01:41:52,78,0.36,4.47,-20.0
2020-04-10 01:41:52,79,0.384,4.5,-20.0
2020-04-10 01:41:52,80,0.441,4.52,-20.0
2020-04-10 01:41:52,81,0.388,4.52,-20.0
2020-04-10 01:41:52,82,0.347,4.51,-20.0
2020-04-10 01:41:52,83,0.359,4.51,-20.0
2020-04-10 01:41:52,84,0.407,4.5,-20.0
2020-04-10 01:41:52,85,0.381,4.49,22.0
2020-04-10 01:41:52,86,0.371,4.46,-20.0
2020-04-10 01:41:52,87,0.342,4.46,-20.0
2020-04-10 01:41:52,88,0.384,4.48,-20.0
2020-04-10 01:41:52,89,0.367,4.51,-20.0
2020-04-10 01:41:52,90,0.393,4.47,-20.0
2020-04-10 01:41:52,91,0.356,4.48,-20.0
2020-04-10 01:41:52,92,0.365,4.51,-20.0
2020-04-10 01:41:52,93,0.48,4.49,-20.0
2020-04-10 01:41:52,94,0.463,4.47,-20.0
2020-04-10 01:41:52,95,0.417,4.45,-20.0
2020-04-10 01:41:52,96,0.423,4.5,-20.0
2020-04-10 13:40:59,1,0.433,4.51,23.7
2020-04-10 13:40:59,2,0.44,4.52,-20.0
2020-04-10 13:40:59,3,0.413,4.54,-20.0
2020-04-10 13:40:59,4,0.444,4.48,-20.0
2020-04-10 13:40:59,5,0.437,4.53,-20.0
2020-04-10 13:40:59,6,0.362,4.5,-20.0
2020-04-10 13:40:59,7,0.394,4.49,-20.0
2020-04-10 13:40:59,8,0.368,4.5,-20.0
2020-04-10 13:40:59,9,0.408,4.47,-20.0
2020-04-10 13:40:59,10,0.399,4.49,-20.0
2020-04-10 13:40:59,11,0.398,4.46,-20.0
2020-04-10 13:40:59,12,0.359,4.46,-20.0
2020-04-10 13:40:59,13,0.397,4.47,22.9
2020-04-10 13:40:59,14,0.354,4.49,-20.0
2020-04-10 13:40:59,15,0.401,4.52,-20.0
2020-04-10 13:40:59,16,0.425,4.51,-20.0
2020-04-10 13:40:59,17,0.402,4.48,-20.0
2020-04-10 13:40:59,18,0.392,4.49,-20.0
2020-04-10 13:40:59,19,0.387,4.48,-20.0
2020-04-10 13:40:59,20,0.398,4.48,-20.0
2020-04-10 13:40:59,21,0.429,4.48,-20.0
2020-04-10 13:40:59,22,0.402,4.46,-20.0
2020-04-10 13:40:59,23,0.389,4.47,-20.0
2020-04-10 13:40:59,24,0.398,4.48,-20.0
2020-04-10 13:40:59,25,0.342,4.49,20.8
2020-04-10 13:40:59,26,0.403,4.49,-20.0
2020-04-10 13:40:59,27,0.456,4.46,-20.0
2020-04-10 13:40:59,28,0.432,4.47,-20.0
2020-04-10 13:40:59,29,0.415,4.46,-20.0
2020-04-10 13:40:59,30,0.322,4.48,-20.0
2020-04-10 13:40:59,31,0.327,4.46,-20.0
2020-04-10 13:40:59,32,0.353,4.47,-20.0
2020-04-10 13:40:59,33,0.415,4.47,-20.0
2020-04-10 13:40:59,34,0.356,4.48,-20.0
2020-04-10 13:40:59,35,0.343,4.48,-20.0
2020-04-10 13:40:59,36,0.322,4.49,-20.0
2020-04-10 13:40:59,37,0.405,4.47,21.2
2020-04-10 13:40:59,38,0.367,4.48,-20.0
2020-04-10 13:40:59,39,0.313,4.47,-20.0
2020-04-10 13:40:59,40,0.33,4.47,-20.0
2020-04-10 13:40:59,41,0.364,4.5,-20.0
2020-04-10 13:40:59,42,0.32,4.48,-20.0
2020-04-10 13:40:59,43,0.361,4.48,-20.0
2020-04-10 13:40:59,44,0.375,4.48,-20.0
2020-04-10 13:40:59,45,0.303,4.5,-20.0
2020-04-10 13:40:59,46,0.395,4.48,-20.0
2020-04-10 13:40:59,47,0.398,4.48,-20.0
2020-04-10 13:40:59,48,0.438,4.47,-20.0
2020-04-10 13:40:59,49,0.469,4.45,22.8
2020-04-10 13:40:59,50,0.43,4.47,-20.0
2020-04-10 13:40:59,51,0.375,4.46,-20.0
2020-04-10 13:40:59,52,0.398,4.45,-20.0
2020-04-10 13:40:59,53,0.35,4.45,-20.0
2020-04-10 13:40:59,54,0.379,4.45,-20.0
2020-04-10 13:40:59,55,0.349,4.43,-20.0
2020-04-10 13:40:59,56,0.322,4.43,-20.0
2020-04-10 13:40:59,57,0.396,4.42,-20.0
2020-04-10 13:40:59,58,0.385,4.42,-20.0
2020-04-10 13:40:59,59,0.396,4.44,-20.0
2020-04-10 13:40:59,60,0.378,4.45,-20.0
2020-04-10 13:40:59,61,0.36,4.49,20.6
2020-04-10 13:40:59,62,0.327,4.49,-20.0
2020-04-10 13:40:59,63,0.407,4.47,-20.0
2020-04-10 13:40:59,64,0.406,4.45,-20.0
2020-04-10 13:40:59,65,0.355,4.45,-20.0
2020-04-10 13:40:59,66,0.384,4.45,-20.0
2020-04-10 13:40:59,67,0.337,4.42,-20.0
2020-04-10 13:40:59,68,0.402,4.45,-20.0
2020-04-10 13:40:59,69,0.411,4.45,-20.0
2020-04-10 13:40:59,70,0.379,4.46,-20.0
2020-04-10 13:40:59,71,0.318,4.48,-20.0
2020-04-10 13:40:59,72,0.406,4.49,-20.0
2020-04-10 13:40:59,73,0.467,4.52,20.8
2020-04-10 13:40:59,74,0.432,4.5,-20.0
2020-04-10 13:40:59,75,0.423,4.46,-20.0
2020-04-10 13:40:59,76,0.336,4.44,-20.0
2020-04-10 13:40:59,77,0.359,4.51,-20.0
2020-04-10 13:40:59,78,0.363,4.46,-20.0
2020-04-10 13:40:59,79,0.387,4.49,-20.0
2020-04-10 13:40:59,80,0.44,4.52,-20.0
2020-04-10 13:40:59,81,0.386,4.52,-20.0
2020-04-10 13:40:59,82,0.346,4.5,-20.0
2020-04-10 13:40:59,83,0.359,4.51,-20.0
2020-04-10 13:40:59,84,0.408,4.49,-20.0
2020-04-10 13:40:59,85,0.383,4.49,21.8
2020-04-10 13:40:59,86,0.37,4.47,-20.0
2020-04-10 13:40:59,87,0.342,4.46,-20.0
2020-04-10 13:40:59,88,0.383,4.47,-20.0
2020-04-10 13:40:59,89,0.369,4.51,-20.0
2020-04-10 13:40:59,90,0.394,4.46,-20.0
2020-04-10 13:40:59,91,0.356,4.48,-20.0
2020-04-10 13:40:59,92,0.366,4.51,-20.0
2020-04-10 13:40:59,93,0.479,4.49,-20.0
2020-04-10 13:40:59,94,0.463,4.46,-20.0
2020-04-10 13:40:59,95,0.419,4.45,-20.0
2020-04-10 13:40:59,96,0.422,4.5,-20.0
2020-04-11 13:39:09,1,0.433,4.52,23.6
2020-05-07 12:52:41,1,0.434,4.51,22.6
2020-05-07 12:52:41,2,0.441,4.51,-20.0
2020-05-07 12:52:41,3,0.417,4.53,-20.0
2020-05-07 12:52:41,4,0.445,4.48,-20.0
2020-05-07 12:52:41,5,0.435,4.51,-20.0
2020-05-07 12:52:41,6,0.366,4.49,-20.0
2020-05-07 12:52:41,7,0.396,4.48,-20.0
2020-05-07 12:52:41,8,0.374,4.5,-20.0
2020-05-07 12:52:41,9,0.414,4.47,-20.0
2020-05-07 12:52:41,10,0.395,4.48,-20.0
2020-05-07 12:52:41,11,0.396,4.45,-20.0
2020-05-07 12:52:41,12,0.367,4.46,-20.0
2020-05-07 12:52:41,13,0.399,4.48,21.6
2020-05-07 12:52:41,14,0.355,4.48,-20.0
2020-05-07 12:52:41,15,0.401,4.51,-20.0
2020-05-07 12:52:41,16,0.424,4.53,-20.0
2020-05-07 12:52:41,17,0.399,4.48,-20.0
2020-05-07 12:52:41,18,0.396,4.49,-20.0
2020-05-07 12:52:41,19,0.395,4.46,-20.0
2020-05-07 12:52:41,20,0.398,4.48,-20.0
2020-05-07 12:52:41,21,0.424,4.47,-20.0
2020-05-07 12:52:41,22,0.4,4.46,-20.0
2020-05-07 12:52:41,23,0.385,4.48,-20.0
2020-05-07 12:52:41,24,0.385,4.47,-20.0
2020-05-07 12:52:41,25,0.339,4.49,19.3
2020-05-07 12:52:41,26,0.404,4.48,-20.0
2020-05-07 12:52:41,27,0.446,4.46,-20.0
2020-05-07 12:52:41,28,0.422,4.47,-20.0
2020-05-07 12:52:41,29,0.402,4.46,-20.0
2020-05-07 12:52:41,30,0.321,4.47,-20.0
2020-05-07 12:52:41,31,0.324,4.45,-20.0
2020-05-07 12:52:41,32,0.342,4.46,-20.0
2020-05-07 12:52:41,33,0.421,4.48,-20.0
2020-05-07 12:52:41,34,0.366,4.49,-20.0
2020-05-07 12:52:41,35,0.351,4.48,-20.0
2020-05-07 12:52:41,36,0.329,4.5,-20.0
2020-05-07 12:52:41,37,0.414,4.49,19.6
2020-05-07 12:52:41,38,0.38,4.49,-20.0
2020-05-07 12:52:41,39,0.326,4.47,-20.0
2020-05-07 12:52:41,40,0.334,4.47,-20.0
2020-05-07 12:52:41,41,0.37,4.5,-20.0
2020-05-07 12:52:41,42,0.338,4.48,-20.0
2020-05-07 12:52:41,43,0.386,4.47,-20.0
2020-05-07 12:52:41,44,0.389,4.49,-20.0
2020-05-07 12:52:41,45,0.304,4.5,-20.0
2020-05-07 12:52:41,46,0.395,4.47,-20.0
2020-05-07 12:52:41,47,0.399,4.48,-20.0
2020-05-07 12:52:41,48,0.457,4.48,-20.0
2020-05-07 12:52:41,49,0.483,4.46,21.8
2020-05-07 12:52:41,50,0.436,4.47,-20.0
2020-05-07 12:52:41,51,0.376,4.46,-20.0
2020-05-07 12:52:41,52,0.398,4.45,-20.0
2020-05-07 12:52:41,53,0.345,4.44,-20.0
2020-05-07 12:52:41,54,0.384,4.46,-20.0
2020-05-07 12:52:41,55,0.341,4.43,-20.0
2020-05-07 12:52:41,56,0.328,4.43,-20.0
2020-05-07 12:52:41,57,0.396,4.42,-20.0
2020-05-07 12:52:41,58,0.375,4.42,-20.0
2020-05-07 12:52:41,59,0.39,4.44,-20.0
2020-05-07 12:52:41,60,0.353,4.46,-20.0
2020-05-07 12:52:41,61,0.365,4.48,19.0
2020-05-07 12:52:41,62,0.328,4.49,-20.0
2020-05-07 12:52:41,63,0.398,4.47,-20.0
2020-05-07 12:52:41,64,0.405,4.45,-20.0
2020-05-07 12:52:41,65,0.35,4.44,-20.0
2020-05-07 12:52:41,66,0.386,4.45,-20.0
2020-05-07 12:52:41,67,0.338,4.42,-20.0
2020-05-07 12:52:41,68,0.401,4.45,-20.0
2020-05-07 12:52:41,69,0.411,4.45,-20.0
2020-05-07 12:52:41,70,0.375,4.46,-20.0
2020-05-07 12:52:41,71,0.326,4.48,-20.0
2020-05-07 12:52:41,72,0.416,4.48,-20.0
2020-05-07 12:52:41,73,0.472,4.51,19.5
2020-05-07 12:52:41,74,0.437,4.5,-20.0
2020-05-07 12:52:41,75,0.422,4.46,-20.0
2020-05-07 12:52:41,76,0.342,4.44,-20.0
2020-05-07 12:52:41,77,0.363,4.49,-20.0
2020-05-07 12:52:41,78,0.367,4.47,-20.0
2020-05-07 12:52:41,79,0.391,4.49,-20.0
2020-05-07 12:52:41,80,0.445,4.52,-20.0
2020-05-07 12:52:41,81,0.395,4.51,-20.0
2020-05-07 12:52:41,82,0.356,4.5,-20.0
2020-05-07 12:52:41,83,0.362,4.5,-20.0
2020-05-07 12:52:41,84,0.412,4.49,-20.0
2020-05-07 12:52:41,85,0.387,4.49,20.3
2020-05-07 12:52:41,86,0.378,4.46,-20.0
2020-05-07 12:52:41,87,0.36,4.45,-20.0
2020-05-07 12:52:41,88,0.377,4.48,-20.0
2020-05-07 12:52:41,89,0.376,4.51,-20.0
2020-05-07 12:52:41,90,0.397,4.47,-20.0
2020-05-07 12:52:41,91,0.357,4.48,-20.0
2020-05-07 12:52:41,92,0.373,4.5,-20.0
2020-05-07 12:52:41,93,0.484,4.5,-20.0
2020-05-07 12:52:41,94,0.47,4.47,-20.0
2020-05-07 12:52:41,95,0.431,4.46,-20.0
2020-05-07 12:52:41,96,0.434,4.49,-20.0
2020-05-08 00:52:07,1,0.431,4.5,22.7
2020-05-08 00:52:07,2,0.438,4.51,-20.0
2020-05-08 00:52:07,3,0.416,4.53,-20.0
2020-05-08 00:52:07,4,0.444,4.47,-20.0
2020-05-08 00:52:07,5,0.435,4.52,-20.0
2020-05-08 00:52:07,6,0.363,4.5,-20.0
2020-05-08 00:52:07,7,0.395,4.48,-20.0
2020-05-08 00:52:07,8,0.374,4.5,-20.0
2020-05-08 00:52:07,9,0.412,4.48,-20.0
2020-05-08 00:52:07,10,0.394,4.49,-20.0
2020-05-08 00:52:07,11,0.394,4.45,-20.0
2020-05-08 00:52:07,12,0.358,4.46,-20.0
2020-05-08 00:52:07,13,0.4,4.46,21.8
2020-05-08 00:52:07,14,0.356,4.48,-20.0
2020-05-08 00:52:07,15,0.4,4.52,-20.0
2020-05-08 00:52:07,16,0.425,4.52,-20.0
2020-05-08 00:52:07,17,0.398,4.49,-20.0
2020-05-08 00:52:07,18,0.393,4.49,-20.0
2020-05-08 00:52:07,19,0.396,4.47,-20.0
2020-05-08 00:52:07,20,0.397,4.48,-20.0
2020-05-08 00:52:07,21,0.423,4.46,-20.0
2020-05-08 00:52:07,22,0.398,4.46,-20.0
2020-05-08 00:52:07,23,0.386,4.47,-20.0
2020-05-08 00:52:07,24,0.385,4.48,-20.0
2020-05-08 00:52:07,25,0.34,4.49,19.4
2020-05-08 00:52:07,26,0.404,4.48,-20.0
2020-05-08 00:52:07,27,0.445,4.46,-20.0
2020-05-08 00:52:07,28,0.426,4.47,-20.0
2020-05-08 00:52:07,29,0.407,4.45,-20.0
2020-05-08 00:52:07,30,0.323,4.47,-20.0
2020-05-08 00:52:07,31,0.325,4.46,-20.0
2020-05-08 00:52:07,32,0.344,4.47,-20.0
2020-05-08 00:52:07,33,0.419,4.47,-20.0
2020-05-08 00:52:07,34,0.368,4.48,-20.0
2020-05-08 00:52:07,35,0.35,4.48,-20.0
2020-05-08 00:52:07,36,0.327,4.5,-20.0
2020-05-08 00:52:07,37,0.414,4.48,19.7
2020-05-08 00:52:07,38,0.378,4.48,-20.0
2020-05-08 00:52:07,39,0.328,4.45,-20.0
2020-05-08 00:52:07,40,0.334,4.46,-20.0
2020-05-08 00:52:07,41,0.369,4.5,-20.0
2020-05-08 00:52:07,42,0.341,4.48,-20.0
2020-05-08 00:52:07,43,0.387,4.47,-20.0
2020-05-08 00:52:07,44,0.386,4.49,-20.0
2020-05-08 00:52:07,45,0.308,4.49,-20.0
2020-05-08 00:52:07,46,0.394,4.48,-20.0
2020-05-08 00:52:07,47,0.407,4.48,-20.0
2020-05-08 00:52:07,48,0.455,4.48,-20.0
2020-05-08 00:52:07,49,0.479,4.46,21.9
2020-05-08 00:52:07,50,0.438,4.47,-20.0
2020-05-08 00:52:07,51,0.377,4.47,-20.0
2020-05-08 00:52:07,52,0.401,4.46,-20.0
2020-05-08 00:52:07,53,0.346,4.45,-20.0
2020-05-08 00:52:07,54,0.384,4.45,-20.0
2020-05-08 00:52:07,55,0.351,4.43,-20.0
2020-05-08 00:52:07,56,0.329,4.42,-20.0
2020-05-08 00:52:07,57,0.399,4.42,-20.0
2020-05-08 00:52:07,58,0.377,4.41,-20.0
2020-05-08 00:52:07,59,0.393,4.44,-20.0
2020-05-08 00:52:07,60,0.364,4.45,-20.0
2020-05-08 00:52:07,61,0.364,4.48,19.2
2020-05-08 00:52:07,62,0.331,4.49,-20.0
2020-05-08 00:52:07,63,0.401,4.48,-20.0
2020-05-08 00:52:07,64,0.409,4.45,-20.0
2020-05-08 00:52:07,65,0.352,4.44,-20.0
2020-05-08 00:52:07,66,0.388,4.45,-20.0
2020-05-08 00:52:07,67,0.342,4.42,-20.0
2020-05-08 00:52:07,68,0.403,4.45,-20.0
2020-05-08 00:52:07,69,0.411,4.44,-20.0
2020-05-08 00:52:07,70,0.374,4.46,-20.0
2020-05-08 00:52:07,71,0.323,4.47,-20.0
2020-05-08 00:52:07,72,0.416,4.48,-20.0
2020-05-08 00:52:07,73,0.473,4.51,19.8
2020-05-08 00:52:07,74,0.435,4.5,-20.0
2020-05-08 00:52:07,75,0.42,4.46,-20.0
2020-05-08 00:52:07,76,0.344,4.44,-20.0
2020-05-08 00:52:07,77,0.362,4.49,-20.0
2020-05-08 00:52:07,78,0.369,4.46,-20.0
2020-05-08 00:52:07,79,0.394,4.49,-20.0
2020-05-08 00:52:07,80,0.445,4.51,-20.0
2020-05-08 00:52:07,81,0.395,4.52,-20.0
2020-05-08 00:52:07,82,0.354,4.5,-20.0
2020-05-08 00:52:07,83,0.361,4.5,-20.0
2020-05-08 00:52:07,84,0.41,4.49,-20.0
2020-05-08 00:52:07,85,0.388,4.48,20.6
2020-05-08 00:52:07,86,0.377,4.46,-20.0
2020-05-08 00:52:07,87,0.36,4.45,-20.0
2020-05-08 00:52:07,88,0.379,4.48,-20.0
2020-05-08 00:52:07,89,0.37,4.51,-20.0
2020-05-08 00:52:07,90,0.393,4.47,-20.0
2020-05-08 00:52:07,91,0.356,4.48,-20.0
2020-05-08 00:52:07,92,0.368,4.49,-20.0
2020-05-08 00:52:07,93,0.48,4.49,-20.0
2020-05-08 00:52:07,94,0.461,4.47,-20.0
2020-05-08 00:52:07,95,0.425,4.46,-20.0
2020-05-08 00:52:07,96,0.427,4.49,-20.0
2020-05-08 12:51:34,1,0.432,4.51,22.7
2020-05-08 12:51:34,2,0.438,4.52,-20.0
2020-05-08 12:51:34,3,0.417,4.53,-20.0
2020-05-08 12:51:34,4,0.445,4.48,-20.0
2020-05-08 12:51:34,5,0.436,4.52,-20.0
2020-05-08 12:51:34,6,0.364,4.49,-20.0
2020-05-08 12:51:34,7,0.393,4.48,-20.0
2020-05-08 12:51:34,8,0.373,4.5,-20.0
2020-05-08 12:51:34,9,0.412,4.47,-20.0
2020-05-08 12:51:34,10,0.395,4.49,-20.0
2020-05-08 12:51:34,11,0.395,4.45,-20.0
2020-05-08 12:51:34,12,0.359,4.45,-20.0
2020-05-08 12:51:34,13,0.399,4.47,21.6
2020-05-08 12:51:34,14,0.355,4.47,-20.0
2020-05-08 12:51:34,15,0.401,4.51,-20.0
2020-05-08 12:51:34,16,0.425,4.53,-20.0
2020-05-08 12:51:34,17,0.396,4.48,-20.0
2020-05-08 12:51:34,18,0.393,4.49,-20.0
2020-05-08 12:51:34,19,0.399,4.47,-20.0
2020-05-08 12:51:34,20,0.398,4.48,-20.0
2020-05-08 12:51:34,21,0.425,4.47,-20.0
2020-05-08 12:51:34,22,0.401,4.46,-20.0
2020-05-08 12:51:34,23,0.387,4.47,-20.0
2020-05-08 12:51:34,24,0.389,4.48,-20.0
2020-05-08 12:51:34,25,0.341,4.49,19.4
2020-05-08 12:51:34,26,0.402,4.48,-20.0
2020-05-08 12:51:34,27,0.446,4.46,-20.0
2020-05-08 12:51:34,28,0.43,4.47,-20.0
2020-05-08 12:51:34,29,0.41,4.46,-20.0
2020-05-08 12:51:34,30,0.325,4.47,-20.0
2020-05-08 12:51:34,31,0.328,4.46,-20.0
2020-05-08 12:51:34,32,0.349,4.47,-20.0
2020-05-08 12:51:34,33,0.42,4.48,-20.0
2020-05-08 12:51:34,34,0.371,4.48,-20.0
2020-05-08 12:51:34,35,0.35,4.48,-20.0
2020-05-08 12:51:34,36,0.326,4.5,-20.0
2020-05-08 12:51:34,37,0.415,4.48,19.7
2020-05-08 12:51:34,38,0.378,4.48,-20.0
2020-05-08 12:51:34,39,0.329,4.46,-20.0
2020-05-08 12:51:34,40,0.333,4.46,-20.0
2020-05-08 12:51:34,41,0.371,4.5,-20.0
2020-05-08 12:51:34,42,0.344,4.48,-20.0
2020-05-08 12:51:34,43,0.387,4.47,-20.0
2020-05-08 12:51:34,44,0.387,4.49,-20.0
2020-05-08 12:51:34,45,0.308,4.49,-20.0
2020-05-08 12:51:34,46,0.392,4.48,-20.0
2020-05-08 12:51:34,47,0.407,4.48,-20.0
2020-05-08 12:51:34,48,0.461,4.48,-20.0
2020-05-08 12:51:34,49,0.475,4.46,21.7
2020-05-08 12:51:34,50,0.435,4.47,-20.0
2020-05-08 12:51:34,51,0.376,4.47,-20.0
2020-05-08 12:51:34,52,0.403,4.46,-20.0
2020-05-08 12:51:34,53,0.346,4.44,-20.0
2020-05-08 12:51:34,54,0.385,4.45,-20.0
2020-05-08 12:51:34,55,0.351,4.43,-20.0
2020-05-08 12:51:34,56,0.331,4.43,-20.0
2020-05-08 12:51:34,57,0.4,4.42,-20.0
2020-05-08 12:51:34,58,0.381,4.42,-20.0
2020-05-08 12:51:34,59,0.397,4.44,-20.0
2020-05-08 12:51:34,60,0.37,4.45,-20.0
2020-05-08 12:51:34,61,0.363,4.48,19.1
2020-05-08 12:51:34,62,0.333,4.49,-20.0
2020-05-08 12:51:34,63,0.405,4.47,-20.0
2020-05-08 12:51:34,64,0.408,4.46,-20.0
2020-05-08 12:51:34,65,0.356,4.45,-20.0
2020-05-08 12:51:34,66,0.386,4.44,-20.0
2020-05-08 12:51:34,67,0.339,4.43,-20.0
2020-05-08 12:51:34,68,0.405,4.45,-20.0
2020-05-08 12:51:34,69,0.41,4.44,-20.0
2020-05-08 12:51:34,70,0.372,4.46,-20.0
2020-05-08 12:51:34,71,0.322,4.47,-20.0
2020-05-08 12:51:34,72,0.42,4.48,-20.0
2020-05-08 12:51:34,73,0.474,4.5,19.6
2020-05-08 12:51:34,74,0.435,4.49,-20.0
2020-05-08 12:51:34,75,0.42,4.46,-20.0
2020-05-08 12:51:34,76,0.345,4.44,-20.0
2020-05-08 12:51:34,77,0.361,4.51,-20.0
2020-05-08 12:51:34,78,0.37,4.46,-20.0
2020-05-08 12:51:34,79,0.394,4.5,-20.0
2020-05-08 12:51:34,80,0.447,4.51,-20.0
2020-05-08 12:51:34,81,0.396,4.52,-20.0
2020-05-08 12:51:34,82,0.357,4.5,-20.0
2020-05-08 12:51:34,83,0.363,4.5,-20.0
2020-05-08 12:51:34,84,0.411,4.48,-20.0
2020-05-08 12:51:34,85,0.389,4.48,20.5
2020-05-08 12:51:34,86,0.379,4.46,-20.0
2020-05-08 12:51:34,87,0.359,4.46,-20.0
2020-05-08 12:51:34,88,0.378,4.48,-20.0
2020-05-08 12:51:34,89,0.368,4.51,-20.0
2020-05-08 12:51:34,90,0.388,4.47,-20.0
2020-05-08 12:51:34,91,0.353,4.48,-20.0
2020-05-08 12:51:34,92,0.368,4.5,-20.0
2020-05-08 12:51:34,93,0.481,4.49,-20.0
2020-05-08 12:51:34,94,0.467,4.46,-20.0
2020-05-08 12:51:34,95,0.425,4.46,-20.0
2020-05-08 12:51:34,96,0.428,4.49,-20.0
2020-05-09 00:50:49,1,0.435,4.51,22.6
2020-05-09 00:50:49,2,0.44,4.51,-20.0
2020-05-09 00:50:49,3,0.415,4.53,-20.0
2020-05-09 00:50:49,4,0.444,4.48,-20.0
2020-05-09 00:50:49,5,0.432,4.51,-20.0
2020-05-09 00:50:49,6,0.362,4.49,-20.0
2020-05-09 00:50:49,7,0.391,4.48,-20.0
2020-05-09 00:50:49,8,0.37,4.51,-20.0
2020-05-09 00:50:49,9,0.411,4.46,-20.0
2020-05-09 00:50:49,10,0.393,4.48,-20.0
2020-05-09 00:50:49,11,0.394,4.45,-20.0
2020-05-09 00:50:49,12,0.357,4.45,-20.0
2020-05-09 00:50:49,13,0.401,4.47,21.8
2020-05-09 00:50:49,14,0.355,4.48,-20.0
2020-05-09 00:50:49,15,0.401,4.5,-20.0
2020-05-09 00:50:49,16,0.425,4.51,-20.0
2020-05-09 00:50:49,17,0.396,4.48,-20.0
2020-05-09 00:50:49,18,0.395,4.49,-20.0
2020-05-09 00:50:49,19,0.399,4.46,-20.0
2020-05-09 00:50:49,20,0.399,4.49,-20.0
2020-05-09 00:50:49,21,0.429,4.47,-20.0
2020-05-09 00:50:49,22,0.401,4.47,-20.0
2020-05-09 00:50:49,23,0.391,4.48,-20.0
2020-05-09 00:50:49,24,0.39,4.47,-20.0
2020-05-09 00:50:49,25,0.343,4.49,19.6
2020-05-09 00:50:49,26,0.402,4.48,-20.0
2020-05-09 00:50:49,27,0.448,4.45,-20.0
2020-05-09 00:50:49,28,0.433,4.47,-20.0
2020-05-09 00:50:49,29,0.413,4.47,-20.0
2020-05-09 00:50:49,30,0.328,4.46,-20.0
2020-05-09 00:50:49,31,0.327,4.46,-20.0
2020-05-09 00:50:49,32,0.349,4.47,-20.0
2020-05-09 00:50:49,33,0.42,4.47,-20.0
2020-05-09 00:50:49,34,0.372,4.48,-20.0
2020-05-09 00:50:49,35,0.35,4.48,-20.0
2020-05-09 00:50:49,36,0.332,4.49,-20.0
2020-05-09 00:50:49,37,0.417,4.48,19.9
2020-05-09 00:50:49,38,0.38,4.48,-20.0
2020-05-09 00:50:49,39,0.328,4.47,-20.0
2020-05-09 00:50:49,40,0.335,4.46,-20.0
2020-05-09 00:50:49,41,0.373,4.5,-20.0
2020-05-09 00:50:49,42,0.343,4.48,-20.0
2020-05-09 00:50:49,43,0.387,4.47,-20.0
2020-05-09 00:50:49,44,0.389,4.49,-20.0
2020-05-09 00:50:49,45,0.308,4.49,-20.0
2020-05-09 00:50:49,46,0.394,4.48,-20.0
2020-05-09 00:50:49,47,0.408,4.48,-20.0
2020-05-09 00:50:49,48,0.461,4.48,-20.0
2020-05-09 00:50:49,49,0.48,4.46,21.8
2020-05-09 00:50:49,50,0.435,4.47,-20.0
2020-05-09 00:50:49,51,0.377,4.46,-20.0
2020-05-09 00:50:49,52,0.404,4.45,-20.0
2020-05-09 00:50:49,53,0.346,4.45,-20.0
2020-05-09 00:50:49,54,0.385,4.46,-20.0
2020-05-09 00:50:49,55,0.352,4.43,-20.0
2020-05-09 00:50:49,56,0.329,4.43,-20.0
2020-05-09 00:50:49,57,0.399,4.42,-20.0
2020-05-09 00:50:49,58,0.384,4.42,-20.0
2020-05-09 00:50:49,59,0.402,4.44,-20.0
2020-05-09 00:50:49,60,0.374,4.45,-20.0
2020-05-09 00:50:49,61,0.366,4.49,19.3
2020-05-09 00:50:49,62,0.333,4.49,-20.0
2020-05-09 00:50:49,63,0.404,4.47,-20.0
2020-05-09 00:50:49,64,0.406,4.45,-20.0
2020-05-09 00:50:49,65,0.355,4.45,-20.0
2020-05-09 00:50:49,66,0.386,4.45,-20.0
2020-05-09 00:50:49,67,0.343,4.42,-20.0
2020-05-09 00:50:49,68,0.405,4.45,-20.0
2020-05-09 00:50:49,69,0.411,4.44,-20.0
2020-05-09 00:50:49,70,0.378,4.46,-20.0
2020-05-09 00:50:49,71,0.324,4.47,-20.0
2020-05-09 00:50:49,72,0.416,4.48,-20.0
2020-05-09 00:50:49,73,0.472,4.51,19.9
2020-05-09 00:50:49,74,0.435,4.5,-20.0
2020-05-09 00:50:49,75,0.421,4.47,-20.0
2020-05-09 00:50:49,76,0.343,4.44,-20.0
2020-05-09 00:50:49,77,0.36,4.5,-20.0
2020-05-09 00:50:49,78,0.37,4.46,-20.0
2020-05-09 00:50:49,79,0.392,4.5,-20.0
2020-05-09 00:50:49,80,0.444,4.51,-20.0
2020-05-09 00:50:49,81,0.394,4.51,-20.0
2020-05-09 00:50:49,82,0.357,4.5,-20.0
2020-05-09 00:50:49,83,0.362,4.5,-20.0
2020-05-09 00:50:49,84,0.412,4.49,-20.0
2020-05-09 00:50:49,85,0.39,4.48,20.7
2020-05-09 00:50:49,86,0.38,4.46,-20.0
2020-05-09 00:50:49,87,0.359,4.46,-20.0
2020-05-09 00:50:49,88,0.376,4.48,-20.0
2020-05-09 00:50:49,89,0.365,4.5,-20.0
2020-05-09 00:50:49,90,0.385,4.47,-20.0
2020-05-09 00:50:49,91,0.349,4.48,-20.0
2020-05-09 00:50:49,92,0.37,4.5,-20.0
2020-05-09 00:50:49,93,0.48,4.49,-20.0
2020-05-09 00:50:49,94,0.466,4.46,-20.0
2020-05-09 00:50:49,95,0.42,4.46,-20.0
2020-05-09 00:50:49,96,0.426,4.5,-20.0
2020-05-09 12:50:04,1,0.436,4.51,22.7
2020-05-09 12:50:04,2,0.439,4.52,-20.0
2020-05-09 12:50:04,3,0.416,4.53,-20.0
2020-05-09 12:50:04,4,0.444,4.47,-20.0
2020-05-09 12:50:04,5,0.431,4.51,-20.0
2020-05-09 12:50:04,6,0.363,4.49,-20.0
2020-05-09 12:50:04,7,0.389,4.48,-20.0
2020-05-09 12:50:04,8,0.37,4.5,-20.0
2020-05-09 12:50:04,9,0.41,4.46,-20.0
2020-05-09 12:50:04,10,0.392,4.49,-20.0
2020-05-09 12:50:04,11,0.394,4.44,-20.0
2020-05-09 12:50:04,12,0.36,4.45,-20.0
2020-05-09 12:50:04,13,0.401,4.48,21.9
2020-05-09 12:50:04,14,0.356,4.48,-20.0
2020-05-09 12:50:04,15,0.405,4.52,-20.0
2020-05-09 12:50:04,16,0.425,4.53,-20.0
2020-05-09 12:50:04,17,0.394,4.49,-20.0
2020-05-09 12:50:04,18,0.396,4.48,-20.0
2020-05-09 12:50:04,19,0.401,4.47,-20.0
2020-05-09 12:50:04,20,0.4,4.49,-20.0
2020-05-09 12:50:04,21,0.429,4.48,-20.0
2020-05-09 12:50:04,22,0.401,4.47,-20.0
2020-05-09 12:50:04,23,0.392,4.49,-20.0
2020-05-09 12:50:04,24,0.393,4.48,-20.0
2020-05-09 12:50:04,25,0.343,4.49,19.9
2020-05-09 12:50:04,26,0.403,4.48,-20.0
2020-05-09 12:50:04,27,0.453,4.46,-20.0
2020-05-09 12:50:04,28,0.434,4.47,-20.0
2020-05-09 12:50:04,29,0.416,4.46,-20.0
2020-05-09 12:50:04,30,0.33,4.48,-20.0
2020-05-09 12:50:04,31,0.328,4.46,-20.0
2020-05-09 12:50:04,32,0.349,4.46,-20.0
2020-05-09 12:50:04,33,0.422,4.47,-20.0
2020-05-09 12:50:04,34,0.373,4.49,-20.0
2020-05-09 12:50:04,35,0.352,4.47,-20.0
2020-05-09 12:50:04,36,0.33,4.49,-20.0
2020-05-09 12:50:04,37,0.418,4.47,20.2
2020-05-09 12:50:04,38,0.363,4.48,-20.0
2020-05-09 12:50:04,39,0.314,4.46,-20.0
2020-05-09 12:50:04,40,0.333,4.47,-20.0
2020-05-09 12:50:04,41,0.37,4.51,-20.0
2020-05-09 12:50:04,42,0.326,4.48,-20.0
2020-05-09 12:50:04,43,0.374,4.48,-20.0
2020-05-09 12:50:04,44,0.376,4.48,-20.0
2020-05-09 12:50:04,45,0.307,4.48,-20.0
2020-05-09 12:50:04,46,0.393,4.47,-20.0
2020-05-09 12:50:04,47,0.39,4.48,-20.0
2020-05-09 12:50:04,48,0.464,4.48,-20.0
2020-05-09 12:50:04,49,0.481,4.46,21.9
2020-05-09 12:50:04,50,0.43,4.47,-20.0
2020-05-09 12:50:04,51,0.379,4.46,-20.0
2020-05-09 12:50:04,52,0.406,4.45,-20.0
2020-05-09 12:50:04,53,0.345,4.44,-20.0
2020-05-09 12:50:04,54,0.385,4.46,-20.0
2020-05-09 12:50:04,55,0.354,4.43,-20.0
2020-05-09 12:50:04,56,0.329,4.43,-20.0
2020-05-09 12:50:04,57,0.397,4.42,-20.0
2020-05-09 12:50:04,58,0.385,4.42,-20.0
2020-05-09 12:50:04,59,0.402,4.44,-20.0
2020-05-09 12:50:04,60,0.372,4.45,-20.0
2020-05-09 12:50:04,61,0.366,4.48,19.7
2020-05-09 12:50:04,62,0.334,4.48,-20.0
2020-05-09 12:50:04,63,0.409,4.47,-20.0
2020-05-09 12:50:04,64,0.408,4.46,-20.0
2020-05-09 12:50:04,65,0.359,4.45,-20.0
2020-05-09 12:50:04,66,0.385,4.45,-20.0
2020-05-09 12:50:04,67,0.343,4.43,-20.0
2020-05-09 12:50:04,68,0.406,4.45,-20.0
2020-05-09 12:50:04,69,0.415,4.45,-20.0
2020-05-09 12:50:04,70,0.378,4.46,-20.0
2020-05-09 12:50:04,71,0.324,4.47,-20.0
2020-05-09 12:50:04,72,0.413,4.47,-20.0
2020-05-09 12:50:04,73,0.473,4.51,20.1
2020-05-09 12:50:04,74,0.435,4.5,-20.0
2020-05-09 12:50:04,75,0.422,4.46,-20.0
2020-05-09 12:50:04,76,0.343,4.44,-20.0
2020-05-09 12:50:04,77,0.36,4.51,-20.0
2020-05-09 12:50:04,78,0.371,4.46,-20.0
2020-05-09 12:50:04,79,0.389,4.5,-20.0
2020-05-09 12:50:04,80,0.442,4.52,-20.0
2020-05-09 12:50:04,81,0.394,4.51,-20.0
2020-05-09 12:50:04,82,0.358,4.5,-20.0
2020-05-09 12:50:04,83,0.362,4.5,-20.0
2020-05-09 12:50:04,84,0.409,4.49,-20.0
2020-05-09 12:50:04,85,0.39,4.49,20.8
2020-05-09 12:50:04,86,0.379,4.46,-20.0
2020-05-09 12:50:04,87,0.358,4.45,-20.0
2020-05-09 12:50:04,88,0.375,4.48,-20.0
2020-05-09 12:50:04,89,0.367,4.5,-20.0
2020-05-09 12:50:04,90,0.389,4.47,-20.0
2020-05-09 12:50:04,91,0.35,4.47,-20.0
2020-05-09 12:50:04,92,0.365,4.49,-20.0
2020-05-09 12:50:04,93,0.479,4.49,-20.0
2020-05-09 12:50:04,94,0.465,4.46,-20.0
2020-05-09 12:50:04,95,0.42,4.45,-20.0
2020-05-09 12:50:04,96,0.425,4.5,-20.0
2020-05-10 00:49:21,1,0.437,4.51,22.7
2020-05-10 00:49:21,2,0.44,4.51,-20.0
2020-05-10 00:49:21,3,0.415,4.53,-20.0
2020-05-10 00:49:21,4,0.444,4.48,-20.0
2020-05-10 00:49:21,5,0.432,4.51,-20.0
2020-05-10 00:49:21,6,0.363,4.5,-20.0
2020-05-10 00:49:21,7,0.39,4.48,-20.0
2020-05-10 00:49:21,8,0.372,4.5,-20.0
2020-05-10 00:49:21,9,0.41,4.47,-20.0
2020-05-10 00:49:21,10,0.396,4.49,-20.0
2020-05-10 00:49:21,11,0.392,4.45,-20.0
2020-05-10 00:49:21,12,0.361,4.46,-20.0
2020-05-10 00:49:21,13,0.402,4.47,21.9
2020-05-10 00:49:21,14,0.357,4.47,-20.0
2020-05-10 00:49:21,15,0.401,4.51,-20.0
2020-05-10 00:49:21,16,0.425,4.51,-20.0
2020-05-10 00:49:21,17,0.396,4.47,-20.0
2020-05-10 00:49:21,18,0.395,4.48,-20.0
2020-05-10 00:49:21,19,0.4,4.47,-20.0
2020-05-10 00:49:21,20,0.4,4.48,-20.0
2020-05-10 00:49:21,21,0.429,4.49,-20.0
2020-05-10 00:49:21,22,0.402,4.46,-20.0
2020-05-10 00:49:21,23,0.393,4.47,-20.0
2020-05-10 00:49:21,24,0.395,4.47,-20.0
2020-05-10 00:49:21,25,0.345,4.51,19.7
2020-05-10 00:49:21,26,0.406,4.47,-20.0
2020-05-10 00:49:21,27,0.458,4.46,-20.0
2020-05-10 00:49:21,28,0.431,4.47,-20.0
2020-05-10 00:49:21,29,0.416,4.47,-20.0
2020-05-10 00:49:21,30,0.331,4.47,-20.0
2020-05-10 00:49:21,31,0.325,4.45,-20.0
2020-05-10 00:49:21,32,0.347,4.46,-20.0
2020-05-10 00:49:21,33,0.42,4.48,-20.0
2020-05-10 00:49:21,34,0.373,4.48,-20.0
2020-05-10 00:49:21,35,0.351,4.48,-20.0
2020-05-10 00:49:21,36,0.328,4.49,-20.0
2020-05-10 00:49:21,37,0.419,4.48,20.1
2020-05-10 00:49:21,38,0.369,4.48,-20.0
2020-05-10 00:49:21,39,0.317,4.46,-20.0
2020-05-10 00:49:21,40,0.334,4.47,-20.0
2020-05-10 00:49:21,41,0.369,4.5,-20.0
2020-05-10 00:49:21,42,0.328,4.48,-20.0
2020-05-10 00:49:21,43,0.38,4.48,-20.0
2020-05-10 00:49:21,44,0.381,4.49,-20.0
2020-05-10 00:49:21,45,0.305,4.49,-20.0
2020-05-10 00:49:21,46,0.393,4.47,-20.0
2020-05-10 00:49:21,47,0.397,4.48,-20.0
2020-05-10 00:49:21,48,0.463,4.49,-20.0
2020-05-10 00:49:21,49,0.479,4.46,22.0
2020-05-10 00:49:21,50,0.434,4.47,-20.0
2020-05-10 00:49:21,51,0.377,4.46,-20.0
2020-05-10 00:49:21,52,0.401,4.45,-20.0
2020-05-10 00:49:21,53,0.344,4.44,-20.0
2020-05-10 00:49:21,54,0.384,4.46,-20.0
2020-05-10 00:49:21,55,0.354,4.43,-20.0
2020-05-10 00:49:21,56,0.328,4.43,-20.0
2020-05-10 00:49:21,57,0.398,4.42,-20.0
2020-05-10 00:49:21,58,0.385,4.42,-20.0
2020-05-10 00:49:21,59,0.401,4.44,-20.0
2020-05-10 00:49:21,60,0.372,4.45,-20.0
2020-05-10 00:49:21,61,0.366,4.48,19.6
2020-05-10 00:49:21,62,0.335,4.48,-20.0
2020-05-10 00:49:21,63,0.411,4.48,-20.0
2020-05-10 00:49:21,64,0.406,4.45,-20.0
2020-05-10 00:49:21,65,0.36,4.45,-20.0
2020-05-10 00:49:21,66,0.386,4.45,-20.0
2020-05-10 00:49:21,67,0.34,4.43,-20.0
2020-05-10 00:49:21,68,0.405,4.46,-20.0
2020-05-10 00:49:21,69,0.415,4.45,-20.0
2020-05-10 00:49:21,70,0.383,4.45,-20.0
2020-05-10 00:49:21,71,0.322,4.48,-20.0
2020-05-10 00:49:21,72,0.416,4.49,-20.0
2020-05-10 00:49:21,73,0.469,4.51,20.1
2020-05-10 00:49:21,74,0.425,4.49,-20.0
2020-05-10 00:49:21,75,0.424,4.46,-20.0
2020-05-10 00:49:21,76,0.342,4.44,-20.0
2020-05-10 00:49:21,77,0.358,4.5,-20.0
2020-05-10 00:49:21,78,0.365,4.46,-20.0
2020-05-10 00:49:21,79,0.385,4.5,-20.0
2020-05-10 00:49:21,80,0.441,4.51,-20.0
2020-05-10 00:49:21,81,0.394,4.52,-20.0
2020-05-10 00:49:21,82,0.354,4.51,-20.0
2020-05-10 00:49:21,83,0.36,4.5,-20.0
2020-05-10 00:49:21,84,0.408,4.49,-20.0
2020-05-10 00:49:21,85,0.392,4.48,20.9
2020-05-10 00:49:21,86,0.377,4.46,-20.0
2020-05-10 00:49:21,87,0.358,4.46,-20.0
2020-05-10 00:49:21,88,0.375,4.48,-20.0
2020-05-10 00:49:21,89,0.368,4.51,-20.0
2020-05-10 00:49:21,90,0.39,4.47,-20.0
2020-05-10 00:49:21,91,0.35,4.48,-20.0
2020-05-10 00:49:21,92,0.365,4.5,-20.0
2020-05-10 00:49:21,93,0.483,4.49,-20.0
2020-05-10 00:49:21,94,0.464,4.47,-20.0
2020-05-10 00:49:21,95,0.421,4.45,-20.0
2020-05-10 00:49:21,96,0.426,4.49,-20.0
2020-05-10 12:48:42,1,0.438,4.51,22.7
2020-05-10 12:48:42,2,0.443,4.52,-20.0
2020-05-10 12:48:42,3,0.417,4.53,-20.0
2020-05-10 12:48:42,4,0.443,4.48,-20.0
2020-05-10 12:48:42,5,0.434,4.52,-20.0
2020-05-10 12:48:42,6,0.36,4.49,-20.0
2020-05-10 12:48:42,7,0.39,4.48,-20.0
2020-05-10 12:48:42,8,0.373,4.49,-20.0
2020-05-10 12:48:42,9,0.411,4.47,-20.0
2020-05-10 12:48:42,10,0.396,4.49,-20.0
2020-05-10 12:48:42,11,0.394,4.45,-20.0
2020-05-10 12:48:42,12,0.361,4.45,-20.0
2020-05-10 12:48:42,13,0.403,4.47,21.7
2020-05-10 12:48:42,14,0.356,4.49,-20.0
2020-05-10 12:48:42,15,0.401,4.51,-20.0
2020-05-10 12:48:42,16,0.425,4.52,-20.0
2020-05-10 12:48:42,17,0.394,4.48,-20.0
2020-05-10 12:48:42,18,0.395,4.49,-20.0
2020-05-10 12:48:42,19,0.399,4.47,-20.0
2020-05-10 12:48:42,20,0.399,4.47,-20.0
2020-05-10 12:48:42,21,0.428,4.48,-20.0
2020-05-10 12:48:42,22,0.403,4.46,-20.0
2020-05-10 12:48:42,23,0.393,4.48,-20.0
2020-05-10 12:48:42,24,0.384,4.48,-20.0
2020-05-10 12:48:42,25,0.342,4.49,19.6
2020-05-10 12:48:42,26,0.402,4.49,-20.0
2020-05-10 12:48:42,27,0.446,4.46,-20.0
2020-05-10 12:48:42,28,0.427,4.46,-20.0
2020-05-10 12:48:42,29,0.401,4.47,-20.0
2020-05-10 12:48:42,30,0.324,4.47,-20.0
2020-05-10 12:48:42,31,0.323,4.46,-20.0
2020-05-10 12:48:42,32,0.337,4.47,-20.0
2020-05-10 12:48:42,33,0.413,4.47,-20.0
2020-05-10 12:48:42,34,0.375,4.49,-20.0
2020-05-10 12:48:42,35,0.352,4.47,-20.0
2020-05-10 12:48:42,36,0.328,4.5,-20.0
2020-05-10 12:48:42,37,0.42,4.48,19.9
2020-05-10 12:48:42,38,0.372,4.48,-20.0
2020-05-10 12:48:42,39,0.322,4.47,-20.0
2020-05-10 12:48:42,40,0.334,4.46,-20.0
2020-05-10 12:48:42,41,0.372,4.5,-20.0
2020-05-10 12:48:42,42,0.329,4.48,-20.0
2020-05-10 12:48:42,43,0.382,4.48,-20.0
2020-05-10 12:48:42,44,0.383,4.48,-20.0
2020-05-10 12:48:42,45,0.306,4.5,-20.0
2020-05-10 12:48:42,46,0.393,4.48,-20.0
2020-05-10 12:48:42,47,0.399,4.48,-20.0
2020-05-10 12:48:42,48,0.46,4.48,-20.0
2020-05-10 12:48:42,49,0.483,4.46,21.8
2020-05-10 12:48:42,50,0.436,4.47,-20.0
2020-05-10 12:48:42,51,0.377,4.46,-20.0
2020-05-10 12:48:42,52,0.402,4.46,-20.0
2020-05-10 12:48:42,53,0.346,4.44,-20.0
2020-05-10 12:48:42,54,0.386,4.46,-20.0
2020-05-10 12:48:42,55,0.357,4.43,-20.0
2020-05-10 12:48:42,56,0.329,4.43,-20.0
2020-05-10 12:48:42,57,0.398,4.42,-20.0
2020-05-10 12:48:42,58,0.387,4.42,-20.0
2020-05-10 12:48:42,59,0.399,4.44,-20.0
2020-05-10 12:48:42,60,0.37,4.45,-20.0
2020-05-10 12:48:42,61,0.367,4.49,19.3
2020-05-10 12:48:42,62,0.338,4.49,-20.0
2020-05-10 12:48:42,63,0.411,4.47,-20.0
2020-05-10 12:48:42,64,0.405,4.45,-20.0
2020-05-10 12:48:42,65,0.358,4.44,-20.0
2020-05-10 12:48:42,66,0.386,4.45,-20.0
2020-05-10 12:48:42,67,0.342,4.42,-20.0
2020-05-10 12:48:42,68,0.405,4.45,-20.0
2020-05-10 12:48:42,69,0.412,4.44,-20.0
2020-05-10 12:48:42,70,0.382,4.46,-20.0
2020-05-10 12:48:42,71,0.326,4.48,-20.0
2020-05-10 12:48:42,72,0.416,4.48,-20.0
2020-05-10 12:48:42,73,0.472,4.51,19.8
2020-05-10 12:48:42,74,0.427,4.49,-20.0
2020-05-10 12:48:42,75,0.425,4.46,-20.0
2020-05-10 12:48:42,76,0.343,4.44,-20.0
2020-05-10 12:48:42,77,0.36,4.5,-20.0
2020-05-10 12:48:42,78,0.366,4.46,-20.0
2020-05-10 12:48:42,79,0.386,4.49,-20.0
2020-05-10 12:48:42,80,0.441,4.51,-20.0
2020-05-10 12:48:42,81,0.394,4.52,-20.0
2020-05-10 12:48:42,82,0.355,4.5,-20.0
2020-05-10 12:48:42,83,0.359,4.5,-20.0
2020-05-10 12:48:42,84,0.407,4.49,-20.0
2020-05-10 12:48:42,85,0.392,4.48,20.5
2020-05-10 12:48:42,86,0.375,4.46,-20.0
2020-05-10 12:48:42,87,0.359,4.45,-20.0
2020-05-10 12:48:42,88,0.376,4.48,-20.0
2020-05-10 12:48:42,89,0.371,4.5,-20.0
2020-05-10 12:48:42,90,0.39,4.47,-20.0
2020-05-10 12:48:42,91,0.354,4.48,-20.0
2020-05-10 12:48:42,92,0.368,4.5,-20.0
2020-05-10 12:48:42,93,0.483,4.49,-20.0
2020-05-10 12:48:42,94,0.467,4.47,-20.0
2020-05-10 12:48:42,95,0.422,4.45,-20.0
2020-05-10 12:48:42,96,0.428,4.5,-20.0
2020-05-11 00:47:53,1,0.44,4.51,22.7
2020-05-11 00:47:53,2,0.444,4.51,-20.0
2020-05-11 00:47:53,3,0.417,4.52,-20.0
2020-05-11 00:47:53,4,0.441,4.48,-20.0
2020-05-11 00:47:53,5,0.435,4.52,-20.0
2020-05-11 00:47:53,6,0.361,4.5,-20.0
2020-05-11 00:47:53,7,0.391,4.48,-20.0
2020-05-11 00:47:53,8,0.372,4.5,-20.0
2020-05-11 00:47:53,9,0.412,4.47,-20.0
2020-05-11 00:47:53,10,0.396,4.49,-20.0
2020-05-11 00:47:53,11,0.396,4.44,-20.0
2020-05-11 00:47:53,12,0.364,4.46,-20.0
2020-05-11 00:47:53,13,0.403,4.48,21.7
2020-05-11 00:47:53,14,0.355,4.48,-20.0
2020-05-11 00:47:53,15,0.401,4.5,-20.0
2020-05-11 00:47:53,16,0.425,4.53,-20.0
2020-05-11 00:47:53,17,0.393,4.47,-20.0
2020-05-11 00:47:53,18,0.395,4.49,-20.0
2020-05-11 00:47:53,19,0.396,4.47,-20.0
2020-05-11 00:47:53,20,0.401,4.48,-20.0
2020-05-11 00:47:53,21,0.432,4.47,-20.0
2020-05-11 00:47:53,22,0.402,4.46,-20.0
2020-05-11 00:47:53,23,0.393,4.48,-20.0
2020-05-11 00:47:53,24,0.387,4.49,-20.0
2020-05-11 00:47:53,25,0.342,4.49,19.5
2020-05-11 00:47:53,26,0.404,4.48,-20.0
2020-05-11 00:47:53,27,0.444,4.46,-20.0
2020-05-11 00:47:53,28,0.429,4.48,-20.0
2020-05-11 00:47:53,29,0.406,4.46,-20.0
2020-05-11 00:47:53,30,0.323,4.47,-20.0
2020-05-11 00:47:53,31,0.329,4.46,-20.0
2020-05-11 00:47:53,32,0.341,4.46,-20.0
2020-05-11 00:47:53,33,0.415,4.47,-20.0
2020-05-11 00:47:53,34,0.375,4.49,-20.0
2020-05-11 00:47:53,35,0.354,4.47,-20.0
2020-05-11 00:47:53,36,0.33,4.5,-20.0
2020-05-11 00:47:53,37,0.422,4.48,19.8
2020-05-11 00:47:53,38,0.376,4.49,-20.0
2020-05-11 00:47:53,39,0.323,4.47,-20.0
2020-05-11 00:47:53,40,0.335,4.47,-20.0
2020-05-11 00:47:53,41,0.37,4.5,-20.0
2020-05-11 00:47:53,42,0.333,4.48,-20.0
2020-05-11 00:47:53,43,0.385,4.48,-20.0
2020-05-11 00:47:53,44,0.385,4.49,-20.0
2020-05-11 00:47:53,45,0.302,4.49,-20.0
2020-05-11 00:47:53,46,0.394,4.49,-20.0
2020-05-11 00:47:53,47,0.404,4.46,-20.0
2020-05-11 00:47:53,48,0.459,4.48,-20.0
2020-05-11 00:47:53,49,0.483,4.46,21.7
2020-05-11 00:47:53,50,0.437,4.47,-20.0
2020-05-11 00:47:53,51,0.378,4.47,-20.0
2020-05-11 00:47:53,52,0.404,4.46,-20.0
2020-05-11 00:47:53,53,0.345,4.45,-20.0
2020-05-11 00:47:53,54,0.386,4.46,-20.0
2020-05-11 00:47:53,55,0.357,4.43,-20.0
2020-05-11 00:47:53,56,0.33,4.43,-20.0
2020-05-11 00:47:53,57,0.399,4.42,-20.0
2020-05-11 00:47:53,58,0.39,4.42,-20.0
2020-05-11 00:47:53,59,0.404,4.44,-20.0
2020-05-11 00:47:53,60,0.37,4.45,-20.0
2020-05-11 00:47:53,61,0.366,4.48,19.2
2020-05-11 00:47:53,62,0.336,4.49,-20.0
2020-05-11 00:47:53,63,0.413,4.47,-20.0
2020-05-11 00:47:53,64,0.408,4.45,-20.0
2020-05-11 00:47:53,65,0.355,4.45,-20.0
2020-05-11 00:47:53,66,0.386,4.44,-20.0
2020-05-11 00:47:53,67,0.341,4.42,-20.0
2020-05-11 00:47:53,68,0.393,4.45,-20.0
2020-05-11 00:47:53,69,0.41,4.44,-20.0
2020-05-11 00:47:53,70,0.373,4.46,-20.0
2020-05-11 00:47:53,71,0.321,4.48,-20.0
2020-05-11 00:47:53,72,0.414,4.48,-20.0
2020-05-11 00:47:53,73,0.464,4.51,19.7
2020-05-11 00:47:53,74,0.422,4.5,-20.0
2020-05-11 00:47:53,75,0.427,4.47,-20.0
2020-05-11 00:47:53,76,0.343,4.44,-20.0
2020-05-11 00:47:53,77,0.36,4.51,-20.0
2020-05-11 00:47:53,78,0.366,4.46,-20.0
2020-05-11 00:47:53,79,0.386,4.49,-20.0
2020-05-11 00:47:53,80,0.441,4.51,-20.0
2020-05-11 00:47:53,81,0.395,4.51,-20.0
2020-05-11 00:47:53,82,0.357,4.5,-20.0
2020-05-11 00:47:53,83,0.361,4.49,-20.0
2020-05-11 00:47:53,84,0.409,4.49,-20.0
2020-05-11 00:47:53,85,0.391,4.48,20.5
2020-05-11 00:47:53,86,0.375,4.46,-20.0
2020-05-11 00:47:53,87,0.36,4.46,-20.0
2020-05-11 00:47:53,88,0.376,4.48,-20.0
2020-05-11 00:47:53,89,0.369,4.5,-20.0
2020-05-11 00:47:53,90,0.394,4.47,-20.0
2020-05-11 00:47:53,91,0.354,4.47,-20.0
2020-05-11 00:47:53,92,0.368,4.49,-20.0
2020-05-11 00:47:53,93,0.484,4.48,-20.0
2020-05-11 00:47:53,94,0.467,4.46,-20.0
2020-05-11 00:47:53,95,0.423,4.46,-20.0
2020-05-11 00:47:53,96,0.429,4.5,-20.0
2020-05-11 12:47:08,1,0.439,4.51,22.7
2020-05-11 12:47:08,2,0.445,4.51,-20.0
2020-05-11 12:47:08,3,0.414,4.52,-20.0
2020-05-11 12:47:08,4,0.441,4.48,-20.0
2020-05-11 12:47:08,5,0.438,4.52,-20.0
2020-05-11 12:47:08,6,0.36,4.5,-20.0
2020-05-11 12:47:08,7,0.392,4.47,-20.0
2020-05-11 12:47:08,8,0.375,4.5,-20.0
2020-05-11 12:47:08,9,0.41,4.46,-20.0
2020-05-11 12:47:08,10,0.396,4.49,-20.0
2020-05-11 12:47:08,11,0.396,4.44,-20.0
2020-05-11 12:47:08,12,0.364,4.45,-20.0
2020-05-11 12:47:08,13,0.4,4.48,21.7
2020-05-11 12:47:08,14,0.357,4.48,-20.0
2020-05-11 12:47:08,15,0.404,4.51,-20.0
2020-05-11 12:47:08,16,0.423,4.52,-20.0
2020-05-11 12:47:08,17,0.388,4.48,-20.0
2020-05-11 12:47:08,18,0.391,4.48,-20.0
2020-05-11 12:47:08,19,0.391,4.47,-20.0
2020-05-11 12:47:08,20,0.4,4.48,-20.0
2020-05-11 12:47:08,21,0.431,4.46,-20.0
2020-05-11 12:47:08,22,0.405,4.46,-20.0
2020-05-11 12:47:08,23,0.381,4.47,-20.0
2020-05-11 12:47:08,24,0.384,4.48,-20.0
2020-05-11 12:47:08,25,0.343,4.5,19.5
2020-05-11 12:47:08,26,0.406,4.49,-20.0
2020-05-11 12:47:08,27,0.447,4.46,-20.0
2020-05-11 12:47:08,28,0.429,4.47,-20.0
2020-05-11 12:47:08,29,0.411,4.46,-20.0
2020-05-11 12:47:08,30,0.324,4.47,-20.0
2020-05-11 12:47:08,31,0.332,4.45,-20.0
2020-05-11 12:47:08,32,0.343,4.46,-20.0
2020-05-11 12:47:08,33,0.416,4.47,-20.0
2020-05-11 12:47:08,34,0.374,4.48,-20.0
2020-05-11 12:47:08,35,0.353,4.48,-20.0
2020-05-11 12:47:08,36,0.331,4.49,-20.0
2020-05-11 12:47:08,37,0.421,4.47,19.8
2020-05-11 12:47:08,38,0.381,4.48,-20.0
2020-05-11 12:47:08,39,0.325,4.46,-20.0
2020-05-11 12:47:08,40,0.334,4.46,-20.0
2020-05-11 12:47:08,41,0.372,4.5,-20.0
2020-05-11 12:47:08,42,0.336,4.48,-20.0
2020-05-11 12:47:08,43,0.386,4.47,-20.0
2020-05-11 12:47:08,44,0.384,4.49,-20.0
2020-05-11 12:47:08,45,0.304,4.49,-20.0
2020-05-11 12:47:08,46,0.393,4.49,-20.0
2020-05-11 12:47:08,47,0.406,4.48,-20.0
2020-05-11 12:47:08,48,0.457,4.48,-20.0
2020-05-11 12:47:08,49,0.48,4.46,21.8
2020-05-11 12:47:08,50,0.437,4.47,-20.0
2020-05-11 12:47:08,51,0.376,4.46,-20.0
2020-05-11 12:47:08,52,0.405,4.46,-20.0
2020-05-11 12:47:08,53,0.344,4.44,-20.0
2020-05-11 12:47:08,54,0.384,4.46,-20.0
2020-05-11 12:47:08,55,0.358,4.42,-20.0
2020-05-11 12:47:08,56,0.329,4.43,-20.0
2020-05-11 12:47:08,57,0.397,4.42,-20.0
2020-05-11 12:47:08,58,0.389,4.42,-20.0
2020-05-11 12:47:08,59,0.405,4.44,-20.0
2020-05-11 12:47:08,60,0.368,4.45,-20.0
2020-05-11 12:47:08,61,0.366,4.49,19.2
2020-05-11 12:47:08,62,0.336,4.49,-20.0
2020-05-11 12:47:08,63,0.412,4.47,-20.0
2020-05-11 12:47:08,64,0.408,4.45,-20.0
2020-05-11 12:47:08,65,0.354,4.44,-20.0
2020-05-11 12:47:08,66,0.385,4.45,-20.0
2020-05-11 12:47:08,67,0.342,4.42,-20.0
2020-05-11 12:47:08,68,0.393,4.45,-20.0
2020-05-11 12:47:08,69,0.408,4.45,-20.0
2020-05-11 12:47:08,70,0.375,4.46,-20.0
2020-05-11 12:47:08,71,0.318,4.48,-20.0
2020-05-11 12:47:08,72,0.415,4.48,-20.0
2020-05-11 12:47:08,73,0.465,4.5,19.8
2020-05-11 12:47:08,74,0.426,4.49,-20.0
2020-05-11 12:47:08,75,0.425,4.45,-20.0
2020-05-11 12:47:08,76,0.345,4.44,-20.0
2020-05-11 12:47:08,77,0.359,4.5,-20.0
2020-05-11 12:47:08,78,0.366,4.46,-20.0
2020-05-11 12:47:08,79,0.386,4.49,-20.0
2020-05-11 12:47:08,80,0.437,4.51,-20.0
2020-05-11 12:47:08,81,0.394,4.51,-20.0
2020-05-11 12:47:08,82,0.354,4.51,-20.0
2020-05-11 12:47:08,83,0.363,4.5,-20.0
2020-05-11 12:47:08,84,0.41,4.49,-20.0
2020-05-11 12:47:08,85,0.39,4.48,20.5
2020-05-11 12:47:08,86,0.376,4.46,-20.0
2020-05-11 12:47:08,87,0.36,4.46,-20.0
2020-05-11 12:47:08,88,0.375,4.48,-20.0
2020-05-11 12:47:08,89,0.371,4.5,-20.0
2020-05-11 12:47:08,90,0.393,4.46,-20.0
2020-05-11 12:47:08,91,0.356,4.48,-20.0
2020-05-11 12:47:08,92,0.366,4.5,-20.0
2020-05-11 12:47:08,93,0.484,4.49,-20.0
2020-05-11 12:47:08,94,0.467,4.47,-20.0
2020-05-11 12:47:08,95,0.424,4.45,-20.0
2020-05-11 12:47:08,96,0.43,4.5,-20.0
2020-05-12 00:46:28,1,0.438,4.51,22.6
2020-05-12 00:46:28,2,0.443,4.51,-20.0
2020-05-12 00:46:28,3,0.415,4.52,-20.0
2020-05-12 00:46:28,4,0.443,4.47,-20.0
2020-05-12 00:46:28,5,0.436,4.51,-20.0
2020-05-12 00:46:28,6,0.362,4.5,-20.0
2020-05-12 00:46:28,7,0.393,4.48,-20.0
2020-05-12 00:46:28,8,0.375,4.49,-20.0
2020-05-12 00:46:28,9,0.409,4.47,-20.0
2020-05-12 00:46:28,10,0.396,4.48,-20.0
2020-05-12 00:46:28,11,0.396,4.45,-20.0
2020-05-12 00:46:28,12,0.366,4.46,-20.0
2020-05-12 00:46:28,13,0.4,4.47,21.6
2020-05-12 00:46:28,14,0.356,4.48,-20.0
2020-05-12 00:46:28,15,0.404,4.52,-20.0
2020-05-12 00:46:28,16,0.423,4.52,-20.0
2020-05-12 00:46:28,17,0.39,4.49,-20.0
2020-05-12 00:46:28,18,0.393,4.48,-20.0
2020-05-12 00:46:28,19,0.395,4.46,-20.0
2020-05-12 00:46:28,20,0.401,4.47,-20.0
2020-05-12 00:46:28,21,0.429,4.47,-20.0
2020-05-12 00:46:28,22,0.407,4.47,-20.0
2020-05-12 00:46:28,23,0.386,4.48,-20.0
2020-05-12 00:46:28,24,0.387,4.49,-20.0
2020-05-12 00:46:28,25,0.344,4.49,19.5
2020-05-12 00:46:28,26,0.404,4.49,-20.0
2020-05-12 00:46:28,27,0.448,4.46,-20.0
2020-05-12 00:46:28,28,0.427,4.46,-20.0
2020-05-12 00:46:28,29,0.414,4.46,-20.0
2020-05-12 00:46:28,30,0.326,4.47,-20.0
2020-05-12 00:46:28,31,0.334,4.45,-20.0
2020-05-12 00:46:28,32,0.346,4.47,-20.0
2020-05-12 00:46:28,33,0.418,4.48,-20.0
2020-05-12 00:46:28,34,0.373,4.49,-20.0
2020-05-12 00:46:28,35,0.351,4.47,-20.0
2020-05-12 00:46:28,36,0.33,4.49,-20.0
2020-05-12 00:46:28,37,0.422,4.47,19.8
2020-05-12 00:46:28,38,0.381,4.48,-20.0
2020-05-12 00:46:28,39,0.327,4.46,-20.0
2020-05-12 00:46:28,40,0.333,4.48,-20.0
2020-05-12 00:46:28,41,0.37,4.5,-20.0
2020-05-12 00:46:28,42,0.339,4.48,-20.0
2020-05-12 00:46:28,43,0.387,4.47,-20.0
2020-05-12 00:46:28,44,0.384,4.49,-20.0
2020-05-12 00:46:28,45,0.303,4.49,-20.0
2020-05-12 00:46:28,46,0.394,4.49,-20.0
2020-05-12 00:46:28,47,0.409,4.48,-20.0
2020-05-12 00:46:28,48,0.461,4.48,-20.0
2020-05-12 00:46:28,49,0.485,4.45,21.7
2020-05-12 00:46:28,50,0.44,4.47,-20.0
2020-05-12 00:46:28,51,0.379,4.46,-20.0
2020-05-12 00:46:28,52,0.405,4.45,-20.0
2020-05-12 00:46:28,53,0.346,4.45,-20.0
2020-05-12 00:46:28,54,0.384,4.46,-20.0
2020-05-12 00:46:28,55,0.362,4.43,-20.0
2020-05-12 00:46:28,56,0.331,4.42,-20.0
2020-05-12 00:46:28,57,0.398,4.42,-20.0
2020-05-12 00:46:28,58,0.382,4.41,-20.0
2020-05-12 00:46:28,59,0.387,4.44,-20.0
2020-05-12 00:46:28,60,0.36,4.45,-20.0
2020-05-12 00:46:28,61,0.368,4.49,19.2
2020-05-12 00:46:28,62,0.328,4.49,-20.0
2020-05-12 00:46:28,63,0.402,4.47,-20.0
2020-05-12 00:46:28,64,0.403,4.45,-20.0
2020-05-12 00:46:28,65,0.345,4.44,-20.0
2020-05-12 00:46:28,66,0.383,4.45,-20.0
2020-05-12 00:46:28,67,0.34,4.43,-20.0
2020-05-12 00:46:28,68,0.402,4.45,-20.0
2020-05-12 00:46:28,69,0.412,4.44,-20.0
2020-05-12 00:46:28,70,0.378,4.45,-20.0
2020-05-12 00:46:28,71,0.32,4.48,-20.0
2020-05-12 00:46:28,72,0.415,4.48,-20.0
2020-05-12 00:46:28,73,0.468,4.5,19.7
2020-05-12 00:46:28,74,0.429,4.5,-20.0
2020-05-12 00:46:28,75,0.424,4.46,-20.0
2020-05-12 00:46:28,76,0.344,4.44,-20.0
2020-05-12 00:46:28,77,0.363,4.5,-20.0
2020-05-12 00:46:28,78,0.368,4.47,-20.0
2020-05-12 00:46:28,79,0.389,4.49,-20.0
2020-05-12 00:46:28,80,0.441,4.51,-20.0
2020-05-12 00:46:28,81,0.395,4.51,-20.0
2020-05-12 00:46:28,82,0.357,4.5,-20.0
2020-05-12 00:46:28,83,0.365,4.5,-20.0
2020-05-12 00:46:28,84,0.411,4.49,-20.0
2020-05-12 00:46:28,85,0.391,4.48,20.4
2020-05-12 00:46:28,86,0.376,4.46,-20.0
2020-05-12 00:46:28,87,0.359,4.46,-20.0
2020-05-12 00:46:28,88,0.372,4.48,-20.0
2020-05-12 00:46:28,89,0.373,4.5,-20.0
2020-05-12 00:46:28,90,0.395,4.46,-20.0
2020-05-12 00:46:28,91,0.358,4.48,-20.0
2020-05-12 00:46:28,92,0.368,4.5,-20.0
2020-05-12 00:46:28,93,0.482,4.49,-20.0
2020-05-12 00:46:28,94,0.466,4.46,-20.0
2020-05-12 00:46:28,95,0.426,4.46,-20.0
2020-05-12 00:46:28,96,0.433,4.5,-20.0
2020-05-13 22:58:18,1,0.432,4.51,22.7
2020-05-13 22:58:18,2,0.445,4.51,-20.0
2020-05-13 22:58:18,3,0.415,4.53,-20.0
2020-05-13 22:58:18,4,0.442,4.47,-20.0
2020-05-13 22:58:18,5,0.437,4.51,-20.0
2020-05-13 22:58:18,6,0.364,4.5,-20.0
2020-05-13 22:58:18,7,0.394,4.48,-20.0
2020-05-13 22:58:18,8,0.373,4.5,-20.0
2020-05-13 22:58:18,9,0.41,4.48,-20.0
2020-05-13 22:58:18,10,0.396,4.49,-20.0
2020-05-13 22:58:18,11,0.396,4.45,-20.0
2020-05-13 22:58:18,12,0.365,4.46,-20.0
2020-05-13 22:58:18,13,0.4,4.48,21.8
2020-05-13 22:58:18,14,0.356,4.48,-20.0
2020-05-13 22:58:18,15,0.401,4.5,-20.0
2020-05-13 22:58:18,16,0.422,4.51,-20.0
2020-05-13 22:58:18,17,0.391,4.48,-20.0
2020-05-13 22:58:18,18,0.395,4.49,-20.0
2020-05-13 22:58:18,19,0.399,4.47,-20.0
2020-05-13 22:58:18,20,0.401,4.48,-20.0
2020-05-13 22:58:18,21,0.428,4.47,-20.0
2020-05-13 22:58:18,22,0.405,4.46,-20.0
2020-05-13 22:58:18,23,0.393,4.48,-20.0
2020-05-13 22:58:18,24,0.393,4.47,-20.0
2020-05-13 22:58:18,25,0.342,4.49,19.5
2020-05-13 22:58:18,26,0.407,4.47,-20.0
2020-05-13 22:58:18,27,0.451,4.46,-20.0
2020-05-13 22:58:18,28,0.436,4.47,-20.0
2020-05-13 22:58:18,29,0.422,4.46,-20.0
2020-05-13 22:58:18,30,0.326,4.47,-20.0
2020-05-13 22:58:18,31,0.331,4.46,-20.0
2020-05-13 22:58:18,32,0.349,4.47,-20.0
2020-05-13 22:58:18,33,0.422,4.47,-20.0
2020-05-13 22:58:18,34,0.364,4.49,-20.0
2020-05-13 22:58:18,35,0.347,4.48,-20.0
2020-05-13 22:58:18,36,0.326,4.49,-20.0
2020-05-13 22:58:18,37,0.403,4.48,19.8
2020-05-13 22:58:18,38,0.361,4.48,-20.0
2020-05-13 22:58:18,39,0.323,4.47,-20.0
2020-05-13 22:58:18,40,0.33,4.47,-20.0
2020-05-13 22:58:18,41,0.365,4.51,-20.0
2020-05-13 22:58:18,42,0.316,4.48,-20.0
2020-05-13 22:58:18,43,0.368,4.47,-20.0
2020-05-13 22:58:18,44,0.389,4.48,-20.0
2020-05-13 22:58:18,45,0.302,4.49,-20.0
2020-05-13 22:58:18,46,0.395,4.48,-20.0
2020-05-13 22:58:18,47,0.397,4.49,-20.0
2020-05-13 22:58:18,48,0.439,4.48,-20.0
2020-05-13 22:58:18,49,0.479,4.46,22.0
2020-05-13 22:58:18,50,0.438,4.47,-20.0
2020-05-13 22:58:18,51,0.378,4.47,-20.0
2020-05-13 22:58:18,52,0.399,4.46,-20.0
2020-05-13 22:58:18,53,0.346,4.44,-20.0
2020-05-13 22:58:18,54,0.381,4.46,-20.0
2020-05-13 22:58:18,55,0.345,4.43,-20.0
2020-05-13 22:58:18,56,0.328,4.43,-20.0
2020-05-13 22:58:18,57,0.396,4.42,-20.0
2020-05-13 22:58:18,58,0.389,4.42,-20.0
2020-05-13 22:58:18,59,0.399,4.44,-20.0
2020-05-13 22:58:18,60,0.374,4.45,-20.0
2020-05-13 22:58:18,61,0.366,4.48,19.3
2020-05-13 22:58:18,62,0.325,4.49,-20.0
2020-05-13 22:58:18,63,0.408,4.48,-20.0
2020-05-13 22:58:18,64,0.403,4.45,-20.0
2020-05-13 22:58:18,65,0.355,4.44,-20.0
2020-05-13 22:58:18,66,0.384,4.44,-20.0
2020-05-13 22:58:18,67,0.344,4.42,-20.0
2020-05-13 22:58:18,68,0.406,4.45,-20.0
2020-05-13 22:58:18,69,0.413,4.45,-20.0
2020-05-13 22:58:18,70,0.375,4.46,-20.0
2020-05-13 22:58:18,71,0.321,4.47,-20.0
2020-05-13 22:58:18,72,0.411,4.48,-20.0
2020-05-13 22:58:18,73,0.469,4.51,19.8
2020-05-13 22:58:18,74,0.431,4.5,-20.0
2020-05-13 22:58:18,75,0.425,4.47,-20.0
2020-05-13 22:58:18,76,0.347,4.44,-20.0
2020-05-13 22:58:18,77,0.365,4.51,-20.0
2020-05-13 22:58:18,78,0.372,4.47,-20.0
2020-05-13 22:58:18,79,0.392,4.5,-20.0
2020-05-13 22:58:18,80,0.442,4.51,-20.0
2020-05-13 22:58:18,81,0.392,4.51,-20.0
2020-05-13 22:58:18,82,0.356,4.5,-20.0
2020-05-13 22:58:18,83,0.36,4.5,-20.0
2020-05-13 22:58:18,84,0.411,4.49,-20.0
2020-05-13 22:58:18,85,0.376,4.48,20.6
2020-05-13 22:58:18,86,0.375,4.47,-20.0
2020-05-13 22:58:18,87,0.362,4.46,-20.0
2020-05-13 22:58:18,88,0.371,4.48,-20.0
2020-05-13 22:58:18,89,0.368,4.5,-20.0
2020-05-13 22:58:18,90,0.397,4.47,-20.0
2020-05-13 22:58:18,91,0.356,4.48,-20.0
2020-05-13 22:58:18,92,0.366,4.49,-20.0
2020-05-13 22:58:18,93,0.48,4.49,-20.0
2020-05-13 22:58:18,94,0.465,4.47,-20.0
2020-05-13 22:58:18,95,0.428,4.45,-20.0
2020-05-13 22:58:18,96,0.434,4.5,-20.0
2020-05-14 10:57:40,1,0.433,4.51,22.6
2020-05-14 10:57:40,2,0.445,4.51,-20.0
2020-05-14 10:57:40,3,0.413,4.53,-20.0
2020-05-14 10:57:40,4,0.441,4.47,-20.0
2020-05-14 10:57:40,5,0.436,4.51,-20.0
2020-05-14 10:57:40,6,0.367,4.5,-20.0
2020-05-14 10:57:40,7,0.396,4.48,-20.0
2020-05-14 10:57:40,8,0.375,4.49,-20.0
2020-05-14 10:57:40,9,0.409,4.47,-20.0
2020-05-14 10:57:40,10,0.394,4.49,-20.0
2020-05-14 10:57:40,11,0.394,4.44,-20.0
2020-05-14 10:57:40,12,0.364,4.45,-20.0
2020-05-14 10:57:40,13,0.4,4.47,21.7
2020-05-14 10:57:40,14,0.356,4.48,-20.0
2020-05-14 10:57:40,15,0.403,4.51,-20.0
2020-05-14 10:57:40,16,0.424,4.52,-20.0
2020-05-14 10:57:40,17,0.393,4.48,-20.0
2020-05-14 10:57:40,18,0.397,4.48,-20.0
2020-05-14 10:57:40,19,0.401,4.46,-20.0
2020-05-14 10:57:40,20,0.399,4.48,-20.0
2020-05-14 10:57:40,21,0.431,4.48,-20.0
2020-05-14 10:57:40,22,0.407,4.46,-20.0
2020-05-14 10:57:40,23,0.394,4.47,-20.0
2020-05-14 10:57:40,24,0.392,4.48,-20.0
2020-05-14 10:57:40,25,0.342,4.49,19.6
2020-05-14 10:57:40,26,0.405,4.48,-20.0
2020-05-14 10:57:40,27,0.45,4.46,-20.0
2020-05-14 10:57:40,28,0.434,4.46,-20.0
2020-05-14 10:57:40,29,0.422,4.47,-20.0
2020-05-14 10:57:40,30,0.325,4.48,-20.0
2020-05-14 10:57:40,31,0.329,4.46,-20.0
2020-05-14 10:57:40,32,0.349,4.47,-20.0
2020-05-14 10:57:40,33,0.421,4.48,-20.0
2020-05-14 10:57:40,34,0.368,4.49,-20.0
2020-05-14 10:57:40,35,0.348,4.48,-20.0
2020-05-14 10:57:40,36,0.325,4.49,-20.0
2020-05-14 10:57:40,37,0.409,4.47,19.9
2020-05-14 10:57:40,38,0.369,4.49,-20.0
2020-05-14 10:57:40,39,0.326,4.47,-20.0
2020-05-14 10:57:40,40,0.331,4.47,-20.0
2020-05-14 10:57:40,41,0.368,4.5,-20.0
2020-05-14 10:57:40,42,0.326,4.48,-20.0
2020-05-14 10:57:40,43,0.373,4.48,-20.0
2020-05-14 10:57:40,44,0.387,4.48,-20.0
2020-05-14 10:57:40,45,0.304,4.5,-20.0
2020-05-14 10:57:40,46,0.396,4.49,-20.0
2020-05-14 10:57:40,47,0.399,4.48,-20.0
2020-05-14 10:57:40,48,0.445,4.48,-20.0
2020-05-14 10:57:40,49,0.481,4.45,21.8
2020-05-14 10:57:40,50,0.436,4.47,-20.0
2020-05-14 10:57:40,51,0.376,4.47,-20.0
2020-05-14 10:57:40,52,0.399,4.45,-20.0
2020-05-14 10:57:40,53,0.343,4.44,-20.0
2020-05-14 10:57:40,54,0.38,4.46,-20.0
2020-05-14 10:57:40,55,0.351,4.43,-20.0
2020-05-14 10:57:40,56,0.329,4.43,-20.0
2020-05-14 10:57:40,57,0.397,4.42,-20.0
2020-05-14 10:57:40,58,0.391,4.42,-20.0
2020-05-14 10:57:40,59,0.409,4.44,-20.0
2020-05-14 10:57:40,60,0.38,4.45,-20.0
2020-05-14 10:57:40,61,0.367,4.49,19.4
2020-05-14 10:57:40,62,0.327,4.49,-20.0
2020-05-14 10:57:40,63,0.404,4.48,-20.0
2020-05-14 10:57:40,64,0.4,4.45,-20.0
2020-05-14 10:57:40,65,0.371,4.44,-20.0
2020-05-14 10:57:40,66,0.387,4.45,-20.0
2020-05-14 10:57:40,67,0.345,4.43,-20.0
2020-05-14 10:57:40,68,0.393,4.45,-20.0
2020-05-14 10:57:40,69,0.4,4.44,-20.0
2020-05-14 10:57:40,70,0.356,4.46,-20.0
2020-05-14 10:57:40,71,0.325,4.48,-20.0
2020-05-14 10:57:40,72,0.413,4.48,-20.0
2020-05-14 10:57:40,73,0.449,4.51,19.8
2020-05-14 10:57:40,74,0.416,4.5,-20.0
2020-05-14 10:57:40,75,0.37,4.46,-20.0
2020-05-14 10:57:40,76,0.344,4.44,-20.0
2020-05-14 10:57:40,77,0.366,4.5,-20.0
2020-05-14 10:57:40,78,0.356,4.46,-20.0
2020-05-14 10:57:40,79,0.382,4.5,-20.0
2020-05-14 10:57:40,80,0.433,4.52,-20.0
2020-05-14 10:57:40,81,0.391,4.51,-20.0
2020-05-14 10:57:40,82,0.353,4.51,-20.0
2020-05-14 10:57:40,83,0.354,4.5,-20.0
2020-05-14 10:57:40,84,0.404,4.48,-20.0
2020-05-14 10:57:40,85,0.377,4.49,20.5
2020-05-14 10:57:40,86,0.374,4.46,-20.0
2020-05-14 10:57:40,87,0.361,4.46,-20.0
2020-05-14 10:57:40,88,0.37,4.48,-20.0
2020-05-14 10:57:40,89,0.368,4.51,-20.0
2020-05-14 10:57:40,90,0.399,4.46,-20.0
2020-05-14 10:57:40,91,0.356,4.48,-20.0
2020-05-14 10:57:40,92,0.367,4.5,-20.0
2020-05-14 10:57:40,93,0.482,4.49,-20.0
2020-05-14 10:57:40,94,0.465,4.47,-20.0
2020-05-14 10:57:40,95,0.426,4.45,-20.0
2020-05-14 10:57:40,96,0.43,4.5,-20.0
2020-05-14 22:57:03,1,0.434,4.51,22.6
2020-05-14 22:57:03,2,0.445,4.51,-20.0
2020-05-14 22:57:03,3,0.414,4.52,-20.0
2020-05-14 22:57:03,4,0.44,4.47,-20.0
2020-05-14 22:57:03,5,0.437,4.52,-20.0
2020-05-14 22:57:03,6,0.368,4.5,-20.0
2020-05-14 22:57:03,7,0.396,4.48,-20.0
2020-05-14 22:57:03,8,0.373,4.5,-20.0
2020-05-14 22:57:03,9,0.412,4.47,-20.0
2020-05-14 22:57:03,10,0.397,4.49,-20.0
2020-05-14 22:57:03,11,0.395,4.45,-20.0
2020-05-14 22:57:03,12,0.364,4.46,-20.0
2020-05-14 22:57:03,13,0.4,4.47,21.7
2020-05-14 22:57:03,14,0.357,4.48,-20.0
2020-05-14 22:57:03,15,0.403,4.51,-20.0
2020-05-14 22:57:03,16,0.425,4.52,-20.0
2020-05-14 22:57:03,17,0.399,4.47,-20.0
2020-05-14 22:57:03,18,0.4,4.48,-20.0
2020-05-14 22:57:03,19,0.403,4.47,-20.0
2020-05-14 22:57:03,20,0.397,4.47,-20.0
2020-05-14 22:57:03,21,0.431,4.48,-20.0
2020-05-14 22:57:03,22,0.409,4.46,-20.0
2020-05-14 22:57:03,23,0.39,4.48,-20.0
2020-05-14 22:57:03,24,0.39,4.48,-20.0
2020-05-14 22:57:03,25,0.34,4.49,19.5
2020-05-14 22:57:03,26,0.399,4.47,-20.0
2020-05-14 22:57:03,27,0.43,4.45,-20.0
2020-05-14 22:57:03,28,0.435,4.46,-20.0
2020-05-14 22:57:03,29,0.42,4.47,-20.0
2020-05-14 22:57:03,30,0.322,4.47,-20.0
2020-05-14 22:57:03,31,0.329,4.46,-20.0
2020-05-14 22:57:03,32,0.346,4.46,-20.0
2020-05-14 22:57:03,33,0.418,4.48,-20.0
2020-05-14 22:57:03,34,0.378,4.49,-20.0
2020-05-14 22:57:03,35,0.349,4.47,-20.0
2020-05-14 22:57:03,36,0.326,4.5,-20.0
2020-05-14 22:57:03,37,0.409,4.47,19.8
2020-05-14 22:57:03,38,0.371,4.48,-20.0
2020-05-14 22:57:03,39,0.327,4.46,-20.0
2020-05-14 22:57:03,40,0.332,4.46,-20.0
2020-05-14 22:57:03,41,0.369,4.5,-20.0
2020-05-14 22:57:03,42,0.333,4.47,-20.0
2020-05-14 22:57:03,43,0.378,4.48,-20.0
2020-05-14 22:57:03,44,0.386,4.48,-20.0
2020-05-14 22:57:03,45,0.306,4.49,-20.0
2020-05-14 22:57:03,46,0.394,4.48,-20.0
2020-05-14 22:57:03,47,0.399,4.49,-20.0
2020-05-14 22:57:03,48,0.45,4.48,-20.0
2020-05-14 22:57:03,49,0.48,4.46,21.8
2020-05-14 22:57:03,50,0.438,4.47,-20.0
2020-05-14 22:57:03,51,0.376,4.47,-20.0
2020-05-14 22:57:03,52,0.399,4.46,-20.0
2020-05-14 22:57:03,53,0.343,4.44,-20.0
2020-05-14 22:57:03,54,0.38,4.46,-20.0
2020-05-14 22:57:03,55,0.35,4.43,-20.0
2020-05-14 22:57:03,56,0.327,4.42,-20.0
2020-05-14 22:57:03,57,0.396,4.42,-20.0
2020-05-14 22:57:03,58,0.376,4.42,-20.0
2020-05-14 22:57:03,59,0.423,4.43,-20.0
2020-05-14 22:57:03,60,0.39,4.45,-20.0
2020-05-14 22:57:03,61,0.367,4.49,19.2
2020-05-14 22:57:03,62,0.33,4.49,-20.0
2020-05-14 22:57:03,63,0.401,4.47,-20.0
2020-05-14 22:57:03,64,0.41,4.45,-20.0
2020-05-14 22:57:03,65,0.377,4.44,-20.0
2020-05-14 22:57:03,66,0.386,4.45,-20.0
2020-05-14 22:57:03,67,0.344,4.42,-20.0
2020-05-14 22:57:03,68,0.388,4.46,-20.0
2020-05-14 22:57:03,69,0.397,4.44,-20.0
2020-05-14 22:57:03,70,0.363,4.46,-20.0
2020-05-14 22:57:03,71,0.324,4.48,-20.0
2020-05-14 22:57:03,72,0.416,4.48,-20.0
2020-05-14 22:57:03,73,0.447,4.51,19.7
2020-05-14 22:57:03,74,0.404,4.49,-20.0
2020-05-14 22:57:03,75,0.381,4.46,-20.0
2020-05-14 22:57:03,76,0.342,4.44,-20.0
2020-05-14 22:57:03,77,0.364,4.5,-20.0
2020-05-14 22:57:03,78,0.352,4.47,-20.0
2020-05-14 22:57:03,79,0.383,4.49,-20.0
2020-05-14 22:57:03,80,0.435,4.51,-20.0
2020-05-14 22:57:03,81,0.392,4.51,-20.0
2020-05-14 22:57:03,82,0.352,4.51,-20.0
2020-05-14 22:57:03,83,0.36,4.5,-20.0
2020-05-14 22:57:03,84,0.407,4.49,-20.0
2020-05-14 22:57:03,85,0.381,4.48,20.5
2020-05-14 22:57:03,86,0.375,4.47,-20.0
2020-05-14 22:57:03,87,0.359,4.46,-20.0
2020-05-14 22:57:03,88,0.372,4.49,-20.0
2020-05-14 22:57:03,89,0.37,4.5,-20.0
2020-05-14 22:57:03,90,0.4,4.46,-20.0
2020-05-14 22:57:03,91,0.358,4.49,-20.0
2020-05-14 22:57:03,92,0.369,4.5,-20.0
2020-05-14 22:57:03,93,0.482,4.49,-20.0
2020-05-14 22:57:03,94,0.466,4.46,-20.0
2020-05-14 22:57:03,95,0.426,4.45,-20.0
2020-05-14 22:57:03,96,0.432,4.5,-20.0
2020-05-15 10:56:27,1,0.433,4.51,22.6
2020-05-15 10:56:27,2,0.442,4.52,-20.0
2020-05-15 10:56:27,3,0.415,4.52,-20.0
2020-05-15 10:56:27,4,0.439,4.47,-20.0
2020-05-15 10:56:27,5,0.437,4.51,-20.0
2020-05-15 10:56:27,6,0.365,4.5,-20.0
2020-05-15 10:56:27,7,0.396,4.48,-20.0
2020-05-15 10:56:27,8,0.373,4.49,-20.0
2020-05-15 10:56:27,9,0.409,4.47,-20.0
2020-05-15 10:56:27,10,0.397,4.48,-20.0
2020-05-15 10:56:27,11,0.392,4.44,-20.0
2020-05-15 10:56:27,12,0.368,4.46,-20.0
2020-05-15 10:56:27,13,0.403,4.48,21.8
2020-05-15 10:56:27,14,0.355,4.48,-20.0
2020-05-15 10:56:27,15,0.403,4.52,-20.0
2020-05-15 10:56:27,16,0.423,4.53,-20.0
2020-05-15 10:56:27,17,0.401,4.47,-20.0
2020-05-15 10:56:27,18,0.404,4.48,-20.0
2020-05-15 10:56:27,19,0.405,4.47,-20.0
2020-05-15 10:56:27,20,0.395,4.49,-20.0
2020-05-15 10:56:27,21,0.432,4.48,-20.0
2020-05-15 10:56:27,22,0.407,4.46,-20.0
2020-05-15 10:56:27,23,0.394,4.47,-20.0
2020-05-15 10:56:27,24,0.393,4.48,-20.0
2020-05-15 10:56:27,25,0.339,4.49,19.6
2020-05-15 10:56:27,26,0.398,4.48,-20.0
2020-05-15 10:56:27,27,0.444,4.46,-20.0
2020-05-15 10:56:27,28,0.44,4.47,-20.0
2020-05-15 10:56:27,29,0.42,4.46,-20.0
2020-05-15 10:56:27,30,0.321,4.47,-20.0
2020-05-15 10:56:27,31,0.328,4.46,-20.0
2020-05-15 10:56:27,32,0.345,4.47,-20.0
2020-05-15 10:56:27,33,0.42,4.48,-20.0
2020-05-15 10:56:27,34,0.376,4.48,-20.0
2020-05-15 10:56:27,35,0.349,4.48,-20.0
2020-05-15 10:56:27,36,0.325,4.5,-20.0
2020-05-15 10:56:27,37,0.408,4.47,19.9
2020-05-15 10:56:27,38,0.374,4.48,-20.0
2020-05-15 10:56:27,39,0.329,4.46,-20.0
2020-05-15 10:56:27,40,0.331,4.47,-20.0
2020-05-15 10:56:27,41,0.368,4.5,-20.0
2020-05-15 10:56:27,42,0.335,4.48,-20.0
2020-05-15 10:56:27,43,0.378,4.48,-20.0
2020-05-15 10:56:27,44,0.386,4.48,-20.0
2020-05-15 10:56:27,45,0.306,4.5,-20.0
2020-05-15 10:56:27,46,0.394,4.49,-20.0
2020-05-15 10:56:27,47,0.399,4.48,-20.0
2020-05-15 10:56:27,48,0.454,4.48,-20.0
2020-05-15 10:56:27,49,0.478,4.46,21.8
2020-05-15 10:56:27,50,0.439,4.47,-20.0
2020-05-15 10:56:27,51,0.375,4.47,-20.0
2020-05-15 10:56:27,52,0.399,4.45,-20.0
2020-05-15 10:56:27,53,0.343,4.45,-20.0
2020-05-15 10:56:27,54,0.381,4.46,-20.0
2020-05-15 10:56:27,55,0.349,4.43,-20.0
2020-05-15 10:56:27,56,0.328,4.43,-20.0
2020-05-15 10:56:27,57,0.395,4.42,-20.0
2020-05-15 10:56:27,58,0.381,4.42,-20.0
2020-05-15 10:56:27,59,0.42,4.43,-20.0
2020-05-15 10:56:27,60,0.388,4.45,-20.0
2020-05-15 10:56:27,61,0.368,4.49,19.4
2020-05-15 10:56:27,62,0.33,4.49,-20.0
2020-05-15 10:56:27,63,0.406,4.47,-20.0
2020-05-15 10:56:27,64,0.412,4.45,-20.0
2020-05-15 10:56:27,65,0.375,4.45,-20.0
2020-05-15 10:56:27,66,0.388,4.45,-20.0
2020-05-15 10:56:27,67,0.345,4.42,-20.0
2020-05-15 10:56:27,68,0.396,4.46,-20.0
2020-05-15 10:56:27,69,0.401,4.45,-20.0
2020-05-15 10:56:27,70,0.367,4.46,-20.0
2020-05-15 10:56:27,71,0.323,4.48,-20.0
2020-05-15 10:56:27,72,0.417,4.48,-20.0
2020-05-15 10:56:27,73,0.455,4.51,19.9
2020-05-15 10:56:27,74,0.414,4.5,-20.0
2020-05-15 10:56:27,75,0.392,4.46,-20.0
2020-05-15 10:56:27,76,0.344,4.44,-20.0
2020-05-15 10:56:27,77,0.364,4.51,-20.0
2020-05-15 10:56:27,78,0.355,4.47,-20.0
2020-05-15 10:56:27,79,0.383,4.49,-20.0
2020-05-15 10:56:27,80,0.436,4.51,-20.0
2020-05-15 10:56:27,81,0.395,4.51,-20.0
2020-05-15 10:56:27,82,0.352,4.51,-20.0
2020-05-15 10:56:27,83,0.362,4.5,-20.0
2020-05-15 10:56:27,84,0.408,4.49,-20.0
2020-05-15 10:56:27,85,0.38,4.48,20.7
2020-05-15 10:56:27,86,0.374,4.46,-20.0
2020-05-15 10:56:27,87,0.363,4.45,-20.0
2020-05-15 10:56:27,88,0.371,4.48,-20.0
2020-05-15 10:56:27,89,0.371,4.5,-20.0
2020-05-15 10:56:27,90,0.402,4.47,-20.0
2020-05-15 10:56:27,91,0.355,4.48,-20.0
2020-05-15 10:56:27,92,0.371,4.5,-20.0
2020-05-15 10:56:27,93,0.482,4.49,-20.0
2020-05-15 10:56:27,94,0.467,4.47,-20.0
2020-05-15 10:56:27,95,0.427,4.46,-20.0
2020-05-15 10:56:27,96,0.431,4.49,-20.0
2020-05-15 22:55:51,1,0.434,4.51,22.7
2020-05-15 22:55:51,2,0.444,4.51,-20.0
2020-05-15 22:55:51,3,0.415,4.53,-20.0
2020-05-15 22:55:51,4,0.441,4.48,-20.0
2020-05-15 22:55:51,5,0.437,4.51,-20.0
2020-05-15 22:55:51,6,0.365,4.49,-20.0
2020-05-15 22:55:51,7,0.393,4.48,-20.0
2020-05-15 22:55:51,8,0.37,4.52,-20.0
2020-05-15 22:55:51,9,0.41,4.47,-20.0
2020-05-15 22:55:51,10,0.395,4.49,-20.0
2020-05-15 22:55:51,11,0.393,4.45,-20.0
2020-05-15 22:55:51,12,0.36,4.46,-20.0
2020-05-15 22:55:51,13,0.403,4.47,22.0
2020-05-15 22:55:51,14,0.355,4.48,-20.0
2020-05-15 22:55:51,15,0.401,4.5,-20.0
2020-05-15 22:55:51,16,0.418,4.52,-20.0
2020-05-15 22:55:51,17,0.401,4.48,-20.0
2020-05-15 22:55:51,18,0.403,4.49,-20.0
2020-05-15 22:55:51,19,0.404,4.47,-20.0
2020-05-15 22:55:51,20,0.398,4.49,-20.0
2020-05-15 22:55:51,21,0.431,4.48,-20.0
2020-05-15 22:55:51,22,0.406,4.45,-20.0
2020-05-15 22:55:51,23,0.393,4.47,-20.0
2020-05-15 22:55:51,24,0.393,4.47,-20.0
2020-05-15 22:55:51,25,0.339,4.49,19.9
2020-05-15 22:55:51,26,0.4,4.48,-20.0
2020-05-15 22:55:51,27,0.443,4.46,-20.0
2020-05-15 22:55:51,28,0.439,4.47,-20.0
2020-05-15 22:55:51,29,0.42,4.46,-20.0
2020-05-15 22:55:51,30,0.322,4.47,-20.0
2020-05-15 22:55:51,31,0.326,4.46,-20.0
2020-05-15 22:55:51,32,0.342,4.47,-20.0
2020-05-15 22:55:51,33,0.421,4.47,-20.0
2020-05-15 22:55:51,34,0.374,4.48,-20.0
2020-05-15 22:55:51,35,0.348,4.47,-20.0
2020-05-15 22:55:51,36,0.327,4.49,-20.0
2020-05-15 22:55:51,37,0.41,4.47,20.2
2020-05-15 22:55:51,38,0.379,4.49,-20.0
2020-05-15 22:55:51,39,0.328,4.47,-20.0
2020-05-15 22:55:51,40,0.332,4.47,-20.0
2020-05-15 22:55:51,41,0.369,4.51,-20.0
2020-05-15 22:55:51,42,0.335,4.48,-20.0
2020-05-15 22:55:51,43,0.383,4.48,-20.0
2020-05-15 22:55:51,44,0.388,4.49,-20.0
2020-05-15 22:55:51,45,0.305,4.49,-20.0
2020-05-15 22:55:51,46,0.395,4.48,-20.0
2020-05-15 22:55:51,47,0.399,4.48,-20.0
2020-05-15 22:55:51,48,0.456,4.48,-20.0
2020-05-15 22:55:51,49,0.484,4.46,22.1
2020-05-15 22:55:51,50,0.439,4.47,-20.0
2020-05-15 22:55:51,51,0.377,4.46,-20.0
2020-05-15 22:55:51,52,0.404,4.46,-20.0
2020-05-15 22:55:51,53,0.344,4.44,-20.0
2020-05-15 22:55:51,54,0.383,4.46,-20.0
2020-05-15 22:55:51,55,0.354,4.42,-20.0
2020-05-15 22:55:51,56,0.328,4.43,-20.0
2020-05-15 22:55:51,57,0.394,4.43,-20.0
2020-05-15 22:55:51,58,0.382,4.42,-20.0
2020-05-15 22:55:51,59,0.415,4.44,-20.0
2020-05-15 22:55:51,60,0.386,4.45,-20.0
2020-05-15 22:55:51,61,0.368,4.48,19.8
2020-05-15 22:55:51,62,0.327,4.49,-20.0
2020-05-15 22:55:51,63,0.396,4.48,-20.0
2020-05-15 22:55:51,64,0.407,4.45,-20.0
2020-05-15 22:55:51,65,0.358,4.45,-20.0
2020-05-15 22:55:51,66,0.385,4.45,-20.0
2020-05-15 22:55:51,67,0.337,4.42,-20.0
2020-05-15 22:55:51,68,0.389,4.45,-20.0
2020-05-15 22:55:51,69,0.403,4.45,-20.0
2020-05-15 22:55:51,70,0.373,4.46,-20.0
2020-05-15 22:55:51,71,0.322,4.47,-20.0
2020-05-15 22:55:51,72,0.415,4.48,-20.0
2020-05-15 22:55:51,73,0.456,4.51,20.2
2020-05-15 22:55:51,75,0.402,4.46,-20.0
2020-05-15 22:55:51,76,0.344,4.44,-20.0
2020-05-15 22:55:51,77,0.363,4.51,-20.0
2020-05-15 22:55:51,78,0.36,4.47,-20.0
2020-05-15 22:55:51,79,0.383,4.5,-20.0
2020-05-15 22:55:51,80,0.44,4.51,-20.0
2020-05-15 22:55:51,81,0.395,4.51,-20.0
2020-05-15 22:55:51,82,0.353,4.51,-20.0
2020-05-15 22:55:51,83,0.363,4.5,-20.0
2020-05-15 22:55:51,84,0.409,4.49,-20.0
2020-05-15 22:55:51,85,0.38,4.48,21.0
2020-05-15 22:55:51,86,0.375,4.47,-20.0
2020-05-15 22:55:51,87,0.362,4.46,-20.0
2020-05-15 22:55:51,88,0.369,4.48,-20.0
2020-05-15 22:55:51,89,0.372,4.5,-20.0
2020-05-15 22:55:51,90,0.403,4.46,-20.0
2020-05-15 22:55:51,91,0.355,4.48,-20.0
2020-05-15 22:55:51,92,0.374,4.5,-20.0
2020-05-15 22:55:51,93,0.483,4.48,-20.0
2020-05-15 22:55:51,94,0.467,4.47,-20.0
2020-05-15 22:55:51,95,0.428,4.46,-20.0
2020-05-15 22:55:51,96,0.434,4.5,-20.0
2020-05-16 10:55:01,1,0.433,4.51,22.7
2020-05-16 10:55:01,2,0.443,4.51,-20.0
2020-05-16 10:55:01,3,0.414,4.53,-20.0
2020-05-16 10:55:01,4,0.442,4.49,-20.0
2020-05-16 10:55:01,5,0.437,4.5,-20.0
2020-05-16 10:55:01,6,0.365,4.49,-20.0
2020-05-16 10:55:01,7,0.394,4.49,-20.0
2020-05-16 10:55:01,8,0.371,4.5,-20.0
2020-05-16 10:55:01,9,0.409,4.47,-20.0
2020-05-16 10:55:01,10,0.394,4.49,-20.0
2020-05-16 10:55:01,11,0.395,4.44,-20.0
2020-05-16 10:55:01,12,0.361,4.45,-20.0
2020-05-16 10:55:01,13,0.403,4.47,21.7
2020-05-16 10:55:01,14,0.354,4.48,-20.0
2020-05-16 10:55:01,15,0.404,4.51,-20.0
2020-05-16 10:55:01,16,0.419,4.52,-20.0
2020-05-16 10:55:01,17,0.397,4.48,-20.0
2020-05-16 10:55:01,18,0.403,4.48,-20.0
2020-05-16 10:55:01,19,0.404,4.47,-20.0
2020-05-16 10:55:01,20,0.398,4.47,-20.0
2020-05-16 10:55:01,21,0.43,4.48,-20.0
2020-05-16 10:55:01,22,0.404,4.46,-20.0
2020-05-16 10:55:01,23,0.392,4.47,-20.0
2020-05-16 10:55:01,24,0.394,4.48,-20.0
2020-05-16 10:55:01,25,0.34,4.5,19.5
2020-05-16 10:55:01,26,0.402,4.48,-20.0
2020-05-16 10:55:01,27,0.445,4.46,-20.0
2020-05-16 10:55:01,28,0.437,4.47,-20.0
2020-05-16 10:55:01,29,0.42,4.46,-20.0
2020-05-16 10:55:01,30,0.323,4.47,-20.0
2020-05-16 10:55:01,31,0.328,4.46,-20.0
2020-05-16 10:55:01,32,0.345,4.47,-20.0
2020-05-16 10:55:01,33,0.421,4.48,-20.0
2020-05-16 10:55:01,34,0.375,4.49,-20.0
2020-05-16 10:55:01,35,0.35,4.48,-20.0
2020-05-16 10:55:01,36,0.327,4.49,-20.0
2020-05-16 10:55:01,37,0.415,4.47,19.8
2020-05-16 10:55:01,38,0.382,4.49,-20.0
2020-05-16 10:55:01,39,0.329,4.47,-20.0
2020-05-16 10:55:01,40,0.334,4.47,-20.0
2020-05-16 10:55:01,41,0.371,4.51,-20.0
2020-05-16 10:55:01,42,0.342,4.48,-20.0
2020-05-16 10:55:01,43,0.385,4.47,-20.0
2020-05-16 10:55:01,44,0.389,4.49,-20.0
2020-05-16 10:55:01,45,0.304,4.49,-20.0
2020-05-16 10:55:01,46,0.394,4.48,-20.0
2020-05-16 10:55:01,47,0.387,4.48,-20.0
2020-05-16 10:55:01,48,0.433,4.48,-20.0
2020-05-16 10:55:01,49,0.485,4.46,21.8
2020-05-16 10:55:01,50,0.44,4.47,-20.0
2020-05-16 10:55:01,51,0.379,4.46,-20.0
2020-05-16 10:55:01,52,0.404,4.46,-20.0
2020-05-16 10:55:01,53,0.345,4.44,-20.0
2020-05-16 10:55:01,54,0.383,4.46,-20.0
2020-05-16 10:55:01,55,0.358,4.43,-20.0
2020-05-16 10:55:01,56,0.327,4.43,-20.0
2020-05-16 10:55:01,57,0.394,4.42,-20.0
2020-05-16 10:55:01,58,0.383,4.42,-20.0
2020-05-16 10:55:01,59,0.412,4.44,-20.0
2020-05-16 10:55:01,60,0.383,4.45,-20.0
2020-05-16 10:55:01,61,0.366,4.48,19.2
2020-05-16 10:55:01,62,0.328,4.49,-20.0
2020-05-16 10:55:01,63,0.398,4.47,-20.0
2020-05-16 10:55:01,64,0.402,4.45,-20.0
2020-05-16 10:55:01,65,0.354,4.44,-20.0
2020-05-16 10:55:01,66,0.386,4.45,-20.0
2020-05-16 10:55:01,67,0.338,4.43,-20.0
2020-05-16 10:55:01,68,0.387,4.45,-20.0
2020-05-16 10:55:01,69,0.405,4.44,-20.0
2020-05-16 10:55:01,70,0.374,4.46,-20.0
2020-05-16 10:55:01,71,0.322,4.48,-20.0
2020-05-16 10:55:01,72,0.411,4.48,-20.0
2020-05-16 10:55:01,73,0.458,4.5,19.5
2020-05-16 10:55:01,74,0.427,4.5,-20.0
2020-05-16 10:55:01,75,0.407,4.47,-20.0
2020-05-16 10:55:01,76,0.341,4.44,-20.0
2020-05-16 10:55:01,77,0.364,4.51,-20.0
2020-05-16 10:55:01,78,0.361,4.46,-20.0
2020-05-16 10:55:01,79,0.384,4.5,-20.0
2020-05-16 10:55:01,80,0.439,4.51,-20.0
2020-05-16 10:55:01,81,0.395,4.51,-20.0
2020-05-16 10:55:01,82,0.353,4.51,-20.0
2020-05-16 10:55:01,83,0.362,4.5,-20.0
2020-05-16 10:55:01,84,0.41,4.49,-20.0
2020-05-16 10:55:01,85,0.382,4.49,20.2
2020-05-16 10:55:01,86,0.376,4.46,-20.0
2020-05-16 10:55:01,87,0.36,4.46,-20.0
2020-05-16 10:55:01,88,0.369,4.48,-20.0
2020-05-16 10:55:01,89,0.374,4.51,-20.0
2020-05-16 10:55:01,90,0.403,4.47,-20.0
2020-05-16 10:55:01,91,0.356,4.48,-20.0
2020-05-16 10:55:01,92,0.374,4.5,-20.0
2020-05-16 10:55:01,93,0.485,4.49,-20.0
2020-05-16 10:55:01,94,0.467,4.47,-20.0
2020-05-16 10:55:01,95,0.432,4.45,-20.0
2020-05-16 10:55:01,96,0.433,4.5,-20.0
2020-05-16 22:54:16,1,0.429,4.5,22.7
2020-05-16 22:54:16,2,0.441,4.51,-20.0
2020-05-16 22:54:16,3,0.41,4.52,-20.0
2020-05-16 22:54:16,4,0.441,4.48,-20.0
2020-05-16 22:54:16,5,0.436,4.51,-20.0
2020-05-16 22:54:16,6,0.363,4.5,-20.0
2020-05-16 22:54:16,7,0.392,4.47,-20.0
2020-05-16 22:54:16,8,0.377,4.49,-20.0
2020-05-16 22:54:16,9,0.409,4.48,-20.0
2020-05-16 22:54:16,10,0.397,4.48,-20.0
2020-05-16 22:54:16,11,0.396,4.45,-20.0
2020-05-16 22:54:16,12,0.365,4.45,-20.0
2020-05-16 22:54:16,13,0.401,4.47,21.7
2020-05-16 22:54:16,14,0.354,4.48,-20.0
2020-05-16 22:54:16,15,0.402,4.51,-20.0
2020-05-16 22:54:16,16,0.42,4.52,-20.0
2020-05-16 22:54:16,17,0.401,4.48,-20.0
2020-05-16 22:54:16,18,0.401,4.48,-20.0
2020-05-16 22:54:16,19,0.399,4.47,-20.0
2020-05-16 22:54:16,20,0.395,4.48,-20.0
2020-05-16 22:54:16,21,0.433,4.48,-20.0
2020-05-16 22:54:16,22,0.409,4.47,-20.0
2020-05-16 22:54:16,23,0.396,4.48,-20.0
2020-05-16 22:54:16,24,0.397,4.48,-20.0
2020-05-16 22:54:16,25,0.342,4.5,19.5
2020-05-16 22:54:16,26,0.405,4.49,-20.0
2020-05-16 22:54:16,27,0.448,4.45,-20.0
2020-05-16 22:54:16,28,0.439,4.46,-20.0
2020-05-16 22:54:16,29,0.424,4.46,-20.0
2020-05-16 22:54:16,30,0.323,4.47,-20.0
2020-05-16 22:54:16,31,0.33,4.45,-20.0
2020-05-16 22:54:16,32,0.348,4.46,-20.0
2020-05-16 22:54:16,33,0.423,4.48,-20.0
2020-05-16 22:54:16,34,0.377,4.48,-20.0
2020-05-16 22:54:16,35,0.349,4.48,-20.0
2020-05-16 22:54:16,36,0.327,4.5,-20.0
2020-05-16 22:54:16,37,0.411,4.47,19.8
2020-05-16 22:54:16,38,0.383,4.48,-20.0
2020-05-16 22:54:16,39,0.328,4.46,-20.0
2020-05-16 22:54:16,40,0.337,4.46,-20.0
2020-05-16 22:54:16,41,0.372,4.5,-20.0
2020-05-16 22:54:16,42,0.343,4.48,-20.0
2020-05-16 22:54:16,43,0.385,4.47,-20.0
2020-05-16 22:54:16,44,0.388,4.49,-20.0
2020-05-16 22:54:16,45,0.305,4.49,-20.0
2020-05-16 22:54:16,46,0.396,4.48,-20.0
2020-05-16 22:54:16,47,0.393,4.49,-20.0
2020-05-16 22:54:16,48,0.438,4.48,-20.0
2020-05-16 22:54:16,49,0.477,4.46,21.8
2020-05-16 22:54:16,50,0.438,4.47,-20.0
2020-05-16 22:54:16,51,0.379,4.46,-20.0
2020-05-16 22:54:16,52,0.406,4.45,-20.0
2020-05-16 22:54:16,53,0.353,4.44,-20.0
2020-05-16 22:54:16,54,0.387,4.46,-20.0
2020-05-16 22:54:16,55,0.346,4.43,-20.0
2020-05-16 22:54:16,56,0.325,4.42,-20.0
2020-05-16 22:54:16,57,0.393,4.42,-20.0
2020-05-16 22:54:16,58,0.37,4.41,-20.0
2020-05-16 22:54:16,59,0.394,4.44,-20.0
2020-05-16 22:54:16,60,0.38,4.45,-20.0
2020-05-16 22:54:16,61,0.369,4.49,19.2
2020-05-16 22:54:16,62,0.328,4.49,-20.0
2020-05-16 22:54:16,63,0.382,4.47,-20.0
2020-05-16 22:54:16,64,0.39,4.45,-20.0
2020-05-16 22:54:16,65,0.346,4.44,-20.0
2020-05-16 22:54:16,66,0.389,4.45,-20.0
2020-05-16 22:54:16,67,0.34,4.42,-20.0
2020-05-16 22:54:16,68,0.367,4.45,-20.0
2020-05-16 22:54:16,69,0.38,4.44,-20.0
2020-05-16 22:54:16,70,0.354,4.46,-20.0
2020-05-16 22:54:16,71,0.322,4.48,-20.0
2020-05-16 22:54:16,72,0.414,4.48,-20.0
2020-05-16 22:54:16,73,0.441,4.5,19.6
2020-05-16 22:54:16,74,0.398,4.49,-20.0
2020-05-16 22:54:16,75,0.366,4.46,-20.0
2020-05-16 22:54:16,76,0.339,4.45,-20.0
2020-05-16 22:54:16,77,0.361,4.5,-20.0
2020-05-16 22:54:16,78,0.378,4.47,-20.0
2020-05-16 22:54:16,79,0.375,4.5,-20.0
2020-05-16 22:54:16,80,0.436,4.51,-20.0
2020-05-16 22:54:16,81,0.397,4.51,-20.0
2020-05-16 22:54:16,82,0.352,4.5,-20.0
2020-05-16 22:54:16,83,0.368,4.51,-20.0
2020-05-16 22:54:16,84,0.419,4.49,-20.0
2020-05-16 22:54:16,85,0.382,4.48,20.2
2020-05-16 22:54:16,86,0.374,4.47,-20.0
2020-05-16 22:54:16,87,0.364,4.45,-20.0
2020-05-16 22:54:16,88,0.368,4.48,-20.0
2020-05-16 22:54:16,89,0.375,4.51,-20.0
2020-05-16 22:54:16,90,0.401,4.47,-20.0
2020-05-16 22:54:16,91,0.356,4.48,-20.0
2020-05-16 22:54:16,92,0.371,4.5,-20.0
2020-05-16 22:54:16,93,0.482,4.49,-20.0
2020-05-16 22:54:16,94,0.468,4.47,-20.0
2020-05-16 22:54:16,95,0.432,4.45,-20.0
2020-05-16 22:54:16,96,0.43,4.49,-20.0
2020-05-17 10:53:30,1,0.428,4.51,22.7
2020-05-17 10:53:30,2,0.44,4.51,-20.0
2020-05-17 10:53:30,3,0.412,4.52,-20.0
2020-05-17 10:53:30,4,0.443,4.47,-20.0
2020-05-17 10:53:30,5,0.435,4.52,-20.0
2020-05-17 10:53:30,6,0.365,4.5,-20.0
2020-05-17 10:53:30,7,0.394,4.48,-20.0
2020-05-17 10:53:30,8,0.377,4.49,-20.0
2020-05-17 10:53:30,9,0.411,4.47,-20.0
2020-05-17 10:53:30,10,0.397,4.49,-20.0
2020-05-17 10:53:30,11,0.396,4.45,-20.0
2020-05-17 10:53:30,12,0.364,4.46,-20.0
2020-05-17 10:53:30,13,0.4,4.47,21.8
2020-05-17 10:53:30,14,0.354,4.49,-20.0
2020-05-17 10:53:30,15,0.403,4.51,-20.0
2020-05-17 10:53:30,16,0.426,4.51,-20.0
2020-05-17 10:53:30,17,0.397,4.48,-20.0
2020-05-17 10:53:30,18,0.398,4.49,-20.0
2020-05-17 10:53:30,19,0.397,4.47,-20.0
2020-05-17 10:53:30,20,0.397,4.48,-20.0
2020-05-17 10:53:30,21,0.431,4.48,-20.0
2020-05-17 10:53:30,22,0.41,4.46,-20.0
2020-05-17 10:53:30,23,0.391,4.48,-20.0
2020-05-17 10:53:30,24,0.393,4.48,-20.0
2020-05-17 10:53:30,25,0.343,4.49,19.6
2020-05-17 10:53:30,26,0.409,4.48,-20.0
2020-05-17 10:53:30,27,0.454,4.46,-20.0
2020-05-17 10:53:30,28,0.447,4.47,-20.0
2020-05-17 10:53:30,29,0.417,4.46,-20.0
2020-05-17 10:53:30,30,0.321,4.47,-20.0
2020-05-17 10:53:30,31,0.328,4.46,-20.0
2020-05-17 10:53:30,32,0.351,4.47,-20.0
2020-05-17 10:53:30,33,0.428,4.48,-20.0
2020-05-17 10:53:30,34,0.383,4.48,-20.0
2020-05-17 10:53:30,35,0.347,4.48,-20.0
2020-05-17 10:53:30,36,0.324,4.5,-20.0
2020-05-17 10:53:30,37,0.397,4.47,19.9
2020-05-17 10:53:30,38,0.37,4.48,-20.0
2020-05-17 10:53:30,39,0.32,4.47,-20.0
2020-05-17 10:53:30,40,0.334,4.47,-20.0
2020-05-17 10:53:30,41,0.368,4.51,-20.0
2020-05-17 10:53:30,42,0.321,4.49,-20.0
2020-05-17 10:53:30,43,0.372,4.47,-20.0
2020-05-17 10:53:30,44,0.379,4.48,-20.0
2020-05-17 10:53:30,45,0.306,4.49,-20.0
2020-05-17 10:53:30,46,0.398,4.48,-20.0
2020-05-17 10:53:30,47,0.397,4.49,-20.0
2020-05-17 10:53:30,48,0.44,4.48,-20.0
2020-05-17 10:53:30,49,0.472,4.46,22.0
2020-05-17 10:53:30,50,0.436,4.47,-20.0
2020-05-17 10:53:30,51,0.378,4.47,-20.0
2020-05-17 10:53:30,52,0.406,4.45,-20.0
2020-05-17 10:53:30,53,0.356,4.44,-20.0
2020-05-17 10:53:30,54,0.379,4.46,-20.0
2020-05-17 10:53:30,55,0.342,4.43,-20.0
2020-05-17 10:53:30,56,0.324,4.43,-20.0
2020-05-17 10:53:30,57,0.395,4.42,-20.0
2020-05-17 10:53:30,58,0.367,4.42,-20.0
2020-05-17 10:53:30,59,0.386,4.44,-20.0
2020-05-17 10:53:30,60,0.368,4.44,-20.0
2020-05-17 10:53:30,61,0.367,4.49,19.3
2020-05-17 10:53:30,62,0.329,4.49,-20.0
2020-05-17 10:53:30,63,0.397,4.47,-20.0
2020-05-17 10:53:30,64,0.401,4.45,-20.0
2020-05-17 10:53:30,65,0.349,4.45,-20.0
2020-05-17 10:53:30,66,0.389,4.45,-20.0
2020-05-17 10:53:30,67,0.338,4.42,-20.0
2020-05-17 10:53:30,68,0.378,4.45,-20.0
2020-05-17 10:53:30,69,0.391,4.44,-20.0
2020-05-17 10:53:30,70,0.363,4.46,-20.0
2020-05-17 10:53:30,71,0.32,4.48,-20.0
2020-05-17 10:53:30,72,0.415,4.48,-20.0
2020-05-17 10:53:30,73,0.451,4.51,19.9
2020-05-17 10:53:30,74,0.409,4.5,-20.0
2020-05-17 10:53:30,75,0.442,4.47,-20.0
2020-05-17 10:53:30,76,0.342,4.44,-20.0
2020-05-17 10:53:30,77,0.36,4.5,-20.0
2020-05-17 10:53:30,78,0.38,4.47,-20.0
2020-05-17 10:53:30,79,0.381,4.5,-20.0
2020-05-17 10:53:30,80,0.441,4.51,-20.0
2020-05-17 10:53:30,81,0.397,4.51,-20.0
2020-05-17 10:53:30,82,0.353,4.5,-20.0
2020-05-17 10:53:30,83,0.367,4.5,-20.0
2020-05-17 10:53:30,84,0.417,4.49,-20.0
2020-05-17 10:53:30,85,0.383,4.48,20.7
2020-05-17 10:53:30,86,0.373,4.46,-20.0
2020-05-17 10:53:30,87,0.366,4.46,-20.0
2020-05-17 10:53:30,88,0.366,4.48,-20.0
2020-05-17 10:53:30,89,0.373,4.51,-20.0
2020-05-17 10:53:30,90,0.397,4.47,-20.0
2020-05-17 10:53:30,91,0.354,4.48,-20.0
2020-05-17 10:53:30,92,0.369,4.5,-20.0
2020-05-17 10:53:30,93,0.476,4.49,-20.0
2020-05-17 10:53:30,94,0.466,4.46,-20.0
2020-05-17 10:53:30,95,0.429,4.45,-20.0
2020-05-17 10:53:30,96,0.427,4.49,-20.0
2020-05-17 22:52:52,1,0.432,4.51,22.7
2020-05-17 22:52:52,2,0.441,4.51,-20.0
2020-05-17 22:52:52,3,0.412,4.53,-20.0
2020-05-17 22:52:52,4,0.441,4.47,-20.0
2020-05-17 22:52:52,5,0.433,4.51,-20.0
2020-05-17 22:52:52,6,0.364,4.49,-20.0
2020-05-17 22:52:52,7,0.395,4.48,-20.0
2020-05-17 22:52:52,8,0.376,4.49,-20.0
2020-05-17 22:52:52,9,0.408,4.47,-20.0
2020-05-17 22:52:52,10,0.395,4.48,-20.0
2020-05-17 22:52:52,11,0.396,4.45,-20.0
2020-05-17 22:52:52,12,0.364,4.45,-20.0
2020-05-17 22:52:52,13,0.401,4.47,21.7
2020-05-17 22:52:52,14,0.354,4.48,-20.0
2020-05-17 22:52:52,15,0.404,4.51,-20.0
2020-05-17 22:52:52,16,0.428,4.52,-20.0
2020-05-17 22:52:52,17,0.397,4.48,-20.0
2020-05-17 22:52:52,18,0.401,4.48,-20.0
2020-05-17 22:52:52,19,0.398,4.46,-20.0
2020-05-17 22:52:52,20,0.399,4.49,-20.0
2020-05-17 22:52:52,21,0.431,4.47,-20.0
2020-05-17 22:52:52,22,0.408,4.46,-20.0
2020-05-17 22:52:52,23,0.392,4.47,-20.0
2020-05-17 22:52:52,24,0.397,4.47,-20.0
2020-05-17 22:52:52,25,0.343,4.49,19.5
2020-05-17 22:52:52,26,0.412,4.48,-20.0
2020-05-17 22:52:52,27,0.45,4.46,-20.0
2020-05-17 22:52:52,28,0.445,4.48,-20.0
2020-05-17 22:52:52,29,0.418,4.46,-20.0
2020-05-17 22:52:52,30,0.322,4.47,-20.0
2020-05-17 22:52:52,31,0.33,4.46,-20.0
2020-05-17 22:52:52,32,0.351,4.46,-20.0
2020-05-17 22:52:52,33,0.426,4.47,-20.0
2020-05-17 22:52:52,34,0.38,4.48,-20.0
2020-05-17 22:52:52,35,0.346,4.48,-20.0
2020-05-17 22:52:52,36,0.327,4.5,-20.0
2020-05-17 22:52:52,37,0.402,4.48,19.9
2020-05-17 22:52:52,38,0.376,4.48,-20.0
2020-05-17 22:52:52,39,0.322,4.46,-20.0
2020-05-17 22:52:52,40,0.336,4.47,-20.0
2020-05-17 22:52:52,41,0.369,4.5,-20.0
2020-05-17 22:52:52,42,0.327,4.47,-20.0
2020-05-17 22:52:52,43,0.376,4.48,-20.0
2020-05-17 22:52:52,44,0.382,4.48,-20.0
2020-05-17 22:52:52,45,0.306,4.49,-20.0
2020-05-17 22:52:52,46,0.396,4.49,-20.0
2020-05-17 22:52:52,47,0.4,4.48,-20.0
2020-05-17 22:52:52,48,0.443,4.48,-20.0
2020-05-17 22:52:52,49,0.474,4.46,21.8
2020-05-17 22:52:52,50,0.442,4.47,-20.0
2020-05-17 22:52:52,51,0.378,4.46,-20.0
2020-05-17 22:52:52,52,0.405,4.46,-20.0
2020-05-17 22:52:52,53,0.359,4.44,-20.0
2020-05-17 22:52:52,54,0.383,4.46,-20.0
2020-05-17 22:52:52,55,0.351,4.43,-20.0
2020-05-17 22:52:52,56,0.325,4.43,-20.0
2020-05-17 22:52:52,57,0.397,4.42,-20.0
2020-05-17 22:52:52,58,0.374,4.42,-20.0
2020-05-17 22:52:52,59,0.394,4.44,-20.0
2020-05-17 22:52:52,60,0.371,4.45,-20.0
2020-05-17 22:52:52,61,0.368,4.49,19.2
2020-05-17 22:52:52,62,0.329,4.49,-20.0
2020-05-17 22:52:52,63,0.401,4.47,-20.0
2020-05-17 22:52:52,64,0.402,4.45,-20.0
2020-05-17 22:52:52,65,0.35,4.44,-20.0
2020-05-17 22:52:52,66,0.39,4.45,-20.0
2020-05-17 22:52:52,67,0.34,4.42,-20.0
2020-05-17 22:52:52,68,0.385,4.45,-20.0
2020-05-17 22:52:52,69,0.395,4.44,-20.0
2020-05-17 22:52:52,70,0.369,4.46,-20.0
2020-05-17 22:52:52,71,0.319,4.48,-20.0
2020-05-17 22:52:52,72,0.414,4.49,-20.0
2020-05-17 22:52:52,73,0.459,4.5,19.8
2020-05-17 22:52:52,74,0.415,4.49,-20.0
2020-05-17 22:52:52,75,0.433,4.46,-20.0
2020-05-17 22:52:52,76,0.343,4.44,-20.0
2020-05-17 22:52:52,77,0.362,4.5,-20.0
2020-05-17 22:52:52,78,0.378,4.46,-20.0
2020-05-17 22:52:52,79,0.385,4.5,-20.0
2020-05-17 22:52:52,80,0.442,4.52,-20.0
2020-05-17 22:52:52,81,0.397,4.51,-20.0
2020-05-17 22:52:52,82,0.354,4.5,-20.0
2020-05-17 22:52:52,83,0.365,4.49,-20.0
2020-05-17 22:52:52,84,0.416,4.5,-20.0
2020-05-17 22:52:52,85,0.387,4.49,20.6
2020-05-17 22:52:52,86,0.373,4.46,-20.0
2020-05-17 22:52:52,87,0.366,4.46,-20.0
2020-05-17 22:52:52,88,0.366,4.48,-20.0
2020-05-17 22:52:52,89,0.372,4.51,-20.0
2020-05-17 22:52:52,90,0.395,4.47,-20.0
2020-05-17 22:52:52,91,0.353,4.48,-20.0
2020-05-17 22:52:52,92,0.367,4.51,-20.0
2020-05-17 22:52:52,93,0.475,4.49,-20.0
2020-05-17 22:52:52,94,0.464,4.47,-20.0
2020-05-17 22:52:52,95,0.426,4.45,-20.0
2020-05-17 22:52:52,96,0.427,4.49,-20.0
2020-05-18 10:52:03,1,0.433,4.51,22.7
2020-05-18 10:52:03,2,0.443,4.51,-20.0
2020-05-18 10:52:03,3,0.415,4.52,-20.0
2020-05-18 10:52:03,4,0.442,4.48,-20.0
2020-05-18 10:52:03,5,0.434,4.51,-20.0
2020-05-18 10:52:03,6,0.364,4.5,-20.0
2020-05-18 10:52:03,7,0.395,4.48,-20.0
2020-05-18 10:52:03,8,0.378,4.5,-20.0
2020-05-18 10:52:03,9,0.411,4.48,-20.0
2020-05-18 10:52:03,10,0.397,4.49,-20.0
2020-05-18 10:52:03,11,0.4,4.45,-20.0
2020-05-18 10:52:03,12,0.365,4.45,-20.0
2020-05-18 10:52:03,13,0.401,4.46,21.7
2020-05-18 10:52:03,14,0.355,4.47,-20.0
2020-05-18 10:52:03,15,0.403,4.52,-20.0
2020-05-18 10:52:03,16,0.43,4.53,-20.0
2020-05-18 10:52:03,17,0.398,4.47,-20.0
2020-05-18 10:52:03,18,0.4,4.48,-20.0
2020-05-18 10:52:03,19,0.397,4.46,-20.0
2020-05-18 10:52:03,20,0.4,4.49,-20.0
2020-05-18 10:52:03,21,0.43,4.47,-20.0
2020-05-18 10:52:03,22,0.407,4.46,-20.0
2020-05-18 10:52:03,23,0.385,4.48,-20.0
2020-05-18 10:52:03,24,0.39,4.49,-20.0
2020-05-18 10:52:03,25,0.344,4.49,19.6
2020-05-18 10:52:03,26,0.406,4.48,-20.0
2020-05-18 10:52:03,27,0.446,4.46,-20.0
2020-05-18 10:52:03,28,0.438,4.47,-20.0
2020-05-18 10:52:03,29,0.407,4.47,-20.0
2020-05-18 10:52:03,30,0.321,4.48,-20.0
2020-05-18 10:52:03,31,0.325,4.46,-20.0
2020-05-18 10:52:03,32,0.334,4.47,-20.0
2020-05-18 10:52:03,33,0.425,4.48,-20.0
2020-05-18 10:52:03,34,0.377,4.49,-20.0
2020-05-18 10:52:03,35,0.347,4.48,-20.0
2020-05-18 10:52:03,36,0.326,4.5,-20.0
2020-05-18 10:52:03,37,0.407,4.48,19.9
2020-05-18 10:52:03,38,0.382,4.48,-20.0
2020-05-18 10:52:03,39,0.324,4.46,-20.0
2020-05-18 10:52:03,40,0.336,4.46,-20.0
2020-05-18 10:52:03,41,0.372,4.5,-20.0
2020-05-18 10:52:03,42,0.334,4.48,-20.0
2020-05-18 10:52:03,43,0.38,4.47,-20.0
2020-05-18 10:52:03,44,0.383,4.48,-20.0
2020-05-18 10:52:03,45,0.306,4.49,-20.0
2020-05-18 10:52:03,46,0.397,4.49,-20.0
2020-05-18 10:52:03,47,0.403,4.48,-20.0
2020-05-18 10:52:03,48,0.449,4.48,-20.0
2020-05-18 10:52:03,49,0.478,4.46,21.8
2020-05-18 10:52:03,50,0.443,4.47,-20.0
2020-05-18 10:52:03,51,0.381,4.46,-20.0
2020-05-18 10:52:03,52,0.405,4.45,-20.0
2020-05-18 10:52:03,53,0.353,4.44,-20.0
2020-05-18 10:52:03,54,0.383,4.46,-20.0
2020-05-18 10:52:03,55,0.353,4.43,-20.0
2020-05-18 10:52:03,56,0.327,4.43,-20.0
2020-05-18 10:52:03,57,0.399,4.42,-20.0
2020-05-18 10:52:03,58,0.38,4.42,-20.0
2020-05-18 10:52:03,59,0.397,4.44,-20.0
2020-05-18 10:52:03,60,0.377,4.45,-20.0
2020-05-18 10:52:03,61,0.369,4.49,19.3
2020-05-18 10:52:03,62,0.329,4.49,-20.0
2020-05-18 10:52:03,63,0.406,4.47,-20.0
2020-05-18 10:52:03,64,0.402,4.45,-20.0
2020-05-18 10:52:03,65,0.353,4.44,-20.0
2020-05-18 10:52:03,66,0.388,4.45,-20.0
2020-05-18 10:52:03,67,0.338,4.42,-20.0
2020-05-18 10:52:03,68,0.392,4.45,-20.0
2020-05-18 10:52:03,69,0.402,4.45,-20.0
2020-05-18 10:52:03,70,0.371,4.46,-20.0
2020-05-18 10:52:03,71,0.321,4.47,-20.0
2020-05-18 10:52:03,72,0.411,4.48,-20.0
2020-05-18 10:52:03,73,0.466,4.51,19.8
2020-05-18 10:52:03,74,0.422,4.49,-20.0
2020-05-18 10:52:03,75,0.435,4.47,-20.0
2020-05-18 10:52:03,76,0.343,4.44,-20.0
2020-05-18 10:52:03,77,0.359,4.5,-20.0
2020-05-18 10:52:03,78,0.367,4.46,-20.0
2020-05-18 10:52:03,79,0.387,4.5,-20.0
2020-05-18 10:52:03,80,0.442,4.51,-20.0
2020-05-18 10:52:03,81,0.392,4.52,-20.0
2020-05-18 10:52:03,82,0.351,4.5,-20.0
2020-05-18 10:52:03,83,0.362,4.5,-20.0
2020-05-18 10:52:03,84,0.414,4.48,-20.0
2020-05-18 10:52:03,85,0.382,4.48,20.5
2020-05-18 10:52:03,86,0.373,4.47,-20.0
2020-05-18 10:52:03,87,0.363,4.46,-20.0
2020-05-18 10:52:03,88,0.364,4.49,-20.0
2020-05-18 10:52:03,89,0.371,4.51,-20.0
2020-05-18 10:52:03,90,0.398,4.46,-20.0
2020-05-18 10:52:03,91,0.355,4.48,-20.0
2020-05-18 10:52:03,92,0.368,4.5,-20.0
2020-05-18 10:52:03,93,0.477,4.49,-20.0
2020-05-18 10:52:03,94,0.466,4.47,-20.0
2020-05-18 10:52:03,95,0.428,4.45,-20.0
2020-05-18 10:52:03,96,0.427,4.5,-20.0
2020-05-18 22:51:13,1,0.433,4.51,22.7
2020-05-18 22:51:13,2,0.442,4.5,-20.0
2020-05-18 22:51:13,3,0.417,4.52,-20.0
2020-05-18 22:51:13,4,0.442,4.47,-20.0
2020-05-18 22:51:13,5,0.436,4.51,-20.0
2020-05-18 22:51:13,6,0.363,4.49,-20.0
2020-05-18 22:51:13,7,0.394,4.48,-20.0
2020-05-18 22:51:13,8,0.377,4.5,-20.0
2020-05-18 22:51:13,9,0.41,4.46,-20.0
2020-05-18 22:51:13,10,0.398,4.48,-20.0
2020-05-18 22:51:13,11,0.397,4.45,-20.0
2020-05-18 22:51:13,12,0.366,4.45,-20.0
2020-05-18 22:51:13,13,0.402,4.46,21.7
2020-05-18 22:51:13,14,0.357,4.48,-20.0
2020-05-18 22:51:13,15,0.402,4.5,-20.0
2020-05-18 22:51:13,16,0.43,4.52,-20.0
2020-05-18 22:51:13,17,0.395,4.47,-20.0
2020-05-18 22:51:13,18,0.403,4.48,-20.0
2020-05-18 22:51:13,19,0.398,4.46,-20.0
2020-05-18 22:51:13,20,0.4,4.47,-20.0
2020-05-18 22:51:13,21,0.43,4.47,-20.0
2020-05-18 22:51:13,22,0.405,4.45,-20.0
2020-05-18 22:51:13,23,0.387,4.47,-20.0
2020-05-18 22:51:13,24,0.394,4.48,-20.0
2020-05-18 22:51:13,25,0.344,4.5,19.4
2020-05-18 22:51:13,26,0.406,4.49,-20.0
2020-05-18 22:51:13,27,0.447,4.47,-20.0
2020-05-18 22:51:13,28,0.437,4.47,-20.0
2020-05-18 22:51:13,29,0.411,4.46,-20.0
2020-05-18 22:51:13,30,0.322,4.47,-20.0
2020-05-18 22:51:13,31,0.325,4.46,-20.0
2020-05-18 22:51:13,32,0.337,4.46,-20.0
2020-05-18 22:51:13,33,0.425,4.48,-20.0
2020-05-18 22:51:13,34,0.378,4.48,-20.0
2020-05-18 22:51:13,35,0.35,4.48,-20.0
2020-05-18 22:51:13,36,0.326,4.49,-20.0
2020-05-18 22:51:13,37,0.411,4.47,19.7
2020-05-18 22:51:13,38,0.384,4.49,-20.0
2020-05-18 22:51:13,39,0.319,4.47,-20.0
2020-05-18 22:51:13,40,0.334,4.46,-20.0
2020-05-18 22:51:13,41,0.371,4.5,-20.0
2020-05-18 22:51:13,42,0.338,4.48,-20.0
2020-05-18 22:51:13,43,0.383,4.47,-20.0
2020-05-18 22:51:13,44,0.387,4.49,-20.0
2020-05-18 22:51:13,45,0.307,4.49,-20.0
2020-05-18 22:51:13,46,0.402,4.49,-20.0
2020-05-18 22:51:13,47,0.409,4.49,-20.0
2020-05-18 22:51:13,48,0.454,4.47,-20.0
2020-05-18 22:51:13,49,0.481,4.45,21.7
2020-05-18 22:51:13,50,0.44,4.47,-20.0
2020-05-18 22:51:13,51,0.379,4.46,-20.0
2020-05-18 22:51:13,52,0.404,4.45,-20.0
2020-05-18 22:51:13,53,0.351,4.44,-20.0
2020-05-18 22:51:13,54,0.382,4.46,-20.0
2020-05-18 22:51:13,55,0.35,4.42,-20.0
2020-05-18 22:51:13,56,0.327,4.43,-20.0
2020-05-18 22:51:13,57,0.398,4.42,-20.0
2020-05-18 22:51:13,58,0.383,4.42,-20.0
2020-05-18 22:51:13,59,0.397,4.43,-20.0
2020-05-18 22:51:13,60,0.37,4.46,-20.0
2020-05-18 22:51:13,61,0.37,4.48,19.1
2020-05-18 22:51:13,62,0.328,4.49,-20.0
2020-05-18 22:51:13,63,0.403,4.47,-20.0
2020-05-18 22:51:13,64,0.4,4.45,-20.0
2020-05-18 22:51:13,65,0.354,4.45,-20.0
2020-05-18 22:51:13,66,0.388,4.45,-20.0
2020-05-18 22:51:13,67,0.34,4.43,-20.0
2020-05-18 22:51:13,68,0.401,4.46,-20.0
2020-05-18 22:51:13,69,0.402,4.44,-20.0
2020-05-18 22:51:13,70,0.377,4.46,-20.0
2020-05-18 22:51:13,71,0.326,4.48,-20.0
2020-05-18 22:51:13,72,0.41,4.48,-20.0
2020-05-18 22:51:13,73,0.474,4.51,19.6
2020-05-18 22:51:13,74,0.431,4.49,-20.0
2020-05-18 22:51:13,75,0.435,4.46,-20.0
2020-05-18 22:51:13,76,0.342,4.44,-20.0
2020-05-18 22:51:13,77,0.361,4.5,-20.0
2020-05-18 22:51:13,78,0.354,4.46,-20.0
2020-05-18 22:51:13,79,0.391,4.49,-20.0
2020-05-18 22:51:13,80,0.443,4.51,-20.0
2020-05-18 22:51:13,81,0.392,4.51,-20.0
2020-05-18 22:51:13,82,0.352,4.5,-20.0
2020-05-18 22:51:13,83,0.354,4.5,-20.0
2020-05-18 22:51:13,84,0.416,4.49,-20.0
2020-05-18 22:51:13,85,0.385,4.48,20.3
2020-05-18 22:51:13,86,0.377,4.46,-20.0
2020-05-18 22:51:13,87,0.364,4.45,-20.0
2020-05-18 22:51:13,88,0.367,4.48,-20.0
2020-05-18 22:51:13,89,0.366,4.5,-20.0
2020-05-18 22:51:13,90,0.397,4.46,-20.0
2020-05-18 22:51:13,91,0.354,4.48,-20.0
2020-05-18 22:51:13,92,0.366,4.5,-20.0
2020-05-18 22:51:13,93,0.481,4.5,-20.0
2020-05-18 22:51:13,94,0.469,4.48,-20.0
2020-05-18 22:51:13,95,0.427,4.46,-20.0
2020-05-18 22:51:13,96,0.429,4.5,-20.0
2020-05-19 10:50:35,1,0.435,4.51,22.6
2020-05-19 10:50:35,2,0.443,4.51,-20.0
2020-05-19 10:50:35,3,0.417,4.52,-20.0
2020-05-19 10:50:35,4,0.444,4.48,-20.0
2020-05-19 10:50:35,5,0.435,4.5,-20.0
2020-05-19 10:50:35,6,0.364,4.5,-20.0
2020-05-19 10:50:35,7,0.395,4.47,-20.0
2020-05-19 10:50:35,8,0.38,4.5,-20.0
2020-05-19 10:50:35,9,0.41,4.47,-20.0
2020-05-19 10:50:35,10,0.399,4.49,-20.0
2020-05-19 10:50:35,11,0.395,4.45,-20.0
2020-05-19 10:50:35,12,0.369,4.46,-20.0
2020-05-19 10:50:35,13,0.403,4.48,21.7
2020-05-19 10:50:35,14,0.356,4.49,-20.0
2020-05-19 10:50:35,15,0.402,4.51,-20.0
2020-05-19 10:50:35,16,0.43,4.53,-20.0
2020-05-19 10:50:35,17,0.396,4.47,-20.0
2020-05-19 10:50:35,18,0.401,4.48,-20.0
2020-05-19 10:50:35,19,0.393,4.46,-20.0
2020-05-19 10:50:35,20,0.4,4.48,-20.0
2020-05-19 10:50:35,21,0.43,4.48,-20.0
2020-05-19 10:50:35,22,0.412,4.46,-20.0
2020-05-19 10:50:35,23,0.379,4.47,-20.0
2020-05-19 10:50:35,24,0.384,4.48,-20.0
2020-05-19 10:50:35,25,0.344,4.49,19.5
2020-05-19 10:50:35,26,0.401,4.48,-20.0
2020-05-19 10:50:35,27,0.429,4.45,-20.0
2020-05-19 10:50:35,28,0.438,4.47,-20.0
2020-05-19 10:50:35,29,0.416,4.46,-20.0
2020-05-19 10:50:35,30,0.322,4.47,-20.0
2020-05-19 10:50:35,31,0.327,4.45,-20.0
2020-05-19 10:50:35,32,0.328,4.46,-20.0
2020-05-19 10:50:35,33,0.416,4.48,-20.0
2020-05-19 10:50:35,34,0.383,4.48,-20.0
2020-05-19 10:50:35,35,0.35,4.48,-20.0
2020-05-19 10:50:35,36,0.324,4.5,-20.0
2020-05-19 10:50:35,37,0.397,4.47,19.8
2020-05-19 10:50:35,38,0.363,4.49,-20.0
2020-05-19 10:50:35,39,0.32,4.47,-20.0
2020-05-19 10:50:35,40,0.335,4.47,-20.0
2020-05-19 10:50:35,41,0.372,4.5,-20.0
2020-05-19 10:50:35,42,0.33,4.48,-20.0
2020-05-19 10:50:35,43,0.394,4.47,-20.0
2020-05-19 10:50:35,44,0.398,4.48,-20.0
2020-05-19 10:50:35,45,0.308,4.49,-20.0
2020-05-19 10:50:35,46,0.403,4.48,-20.0
2020-05-19 10:50:35,47,0.412,4.49,-20.0
2020-05-19 10:50:35,48,0.456,4.48,-20.0
2020-05-19 10:50:35,49,0.478,4.46,21.8
2020-05-19 10:50:35,50,0.438,4.47,-20.0
2020-05-19 10:50:35,51,0.38,4.46,-20.0
2020-05-19 10:50:35,52,0.407,4.45,-20.0
2020-05-19 10:50:35,53,0.352,4.44,-20.0
2020-05-19 10:50:35,54,0.382,4.45,-20.0
2020-05-19 10:50:35,55,0.353,4.43,-20.0
2020-05-19 10:50:35,56,0.328,4.42,-20.0
2020-05-19 10:50:35,57,0.398,4.42,-20.0
2020-05-19 10:50:35,58,0.385,4.42,-20.0
2020-05-19 10:50:35,59,0.382,4.44,-20.0
2020-05-19 10:50:35,60,0.372,4.45,-20.0
2020-05-19 10:50:35,61,0.372,4.49,19.2
2020-05-19 10:50:35,62,0.33,4.49,-20.0
2020-05-19 10:50:35,63,0.4,4.48,-20.0
2020-05-19 10:50:35,64,0.393,4.45,-20.0
2020-05-19 10:50:35,65,0.353,4.44,-20.0
2020-05-19 10:50:35,66,0.387,4.45,-20.0
2020-05-19 10:50:35,67,0.337,4.42,-20.0
2020-05-19 10:50:35,68,0.382,4.45,-20.0
2020-05-19 10:50:35,69,0.404,4.44,-20.0
2020-05-19 10:50:35,70,0.379,4.46,-20.0
2020-05-19 10:50:35,71,0.323,4.47,-20.0
2020-05-19 10:50:35,72,0.41,4.49,-20.0
2020-05-19 10:50:35,73,0.46,4.5,19.7
2020-05-19 10:50:35,74,0.41,4.49,-20.0
2020-05-19 10:50:35,75,0.434,4.46,-20.0
2020-05-19 10:50:35,76,0.342,4.44,-20.0
2020-05-19 10:50:35,77,0.359,4.51,-20.0
2020-05-19 10:50:35,78,0.354,4.47,-20.0
2020-05-19 10:50:35,79,0.386,4.49,-20.0
2020-05-19 10:50:35,80,0.44,4.51,-20.0
2020-05-19 10:50:35,81,0.393,4.51,-20.0
2020-05-19 10:50:35,82,0.352,4.5,-20.0
2020-05-19 10:50:35,83,0.355,4.5,-20.0
2020-05-19 10:50:35,84,0.414,4.48,-20.0
2020-05-19 10:50:35,85,0.386,4.49,20.5
2020-05-19 10:50:35,86,0.377,4.46,-20.0
2020-05-19 10:50:35,87,0.369,4.45,-20.0
2020-05-19 10:50:35,88,0.366,4.48,-20.0
2020-05-19 10:50:35,89,0.371,4.5,-20.0
2020-05-19 10:50:35,90,0.401,4.47,-20.0
2020-05-19 10:50:35,91,0.357,4.48,-20.0
2020-05-19 10:50:35,92,0.369,4.5,-20.0
2020-05-19 10:50:35,93,0.484,4.5,-20.0
2020-05-19 10:50:35,94,0.471,4.47,-20.0
2020-05-19 10:50:35,95,0.43,4.45,-20.0
2020-05-19 10:50:35,96,0.431,4.49,-20.0
2020-05-19 22:49:50,1,0.437,4.51,22.6
2020-05-19 22:49:50,2,0.44,4.52,-20.0
2020-05-19 22:49:50,3,0.416,4.53,-20.0
2020-05-19 22:49:50,4,0.444,4.47,-20.0
2020-05-19 22:49:50,5,0.436,4.51,-20.0
2020-05-19 22:49:50,6,0.368,4.49,-20.0
2020-05-19 22:49:50,7,0.397,4.48,-20.0
2020-05-19 22:49:50,8,0.378,4.5,-20.0
2020-05-19 22:49:50,9,0.41,4.48,-20.0
2020-05-19 22:49:50,10,0.398,4.49,-20.0
2020-05-19 22:49:50,11,0.395,4.44,-20.0
2020-05-19 22:49:50,12,0.369,4.45,-20.0
2020-05-19 22:49:50,13,0.402,4.48,21.7
2020-05-19 22:49:50,14,0.355,4.48,-20.0
2020-05-19 22:49:50,15,0.403,4.52,-20.0
2020-05-19 22:49:50,16,0.429,4.52,-20.0
2020-05-19 22:49:50,17,0.405,4.48,-20.0
2020-05-19 22:49:50,18,0.399,4.49,-20.0
2020-05-19 22:49:50,19,0.393,4.46,-20.0
2020-05-19 22:49:50,20,0.4,4.47,-20.0
2020-05-19 22:49:50,21,0.43,4.48,-20.0
2020-05-19 22:49:50,22,0.411,4.47,-20.0
2020-05-19 22:49:50,23,0.383,4.49,-20.0
2020-05-19 22:49:50,24,0.387,4.49,-20.0
2020-05-19 22:49:50,25,0.345,4.49,19.5
2020-05-19 22:49:50,26,0.404,4.49,-20.0
2020-05-19 22:49:50,27,0.434,4.46,-20.0
2020-05-19 22:49:50,28,0.432,4.46,-20.0
2020-05-19 22:49:50,29,0.42,4.46,-20.0
2020-05-19 22:49:50,30,0.325,4.48,-20.0
2020-05-19 22:49:50,31,0.329,4.45,-20.0
2020-05-19 22:49:50,32,0.33,4.46,-20.0
2020-05-19 22:49:50,33,0.415,4.48,-20.0
2020-05-19 22:49:50,34,0.38,4.48,-20.0
2020-05-19 22:49:50,35,0.351,4.48,-20.0
2020-05-19 22:49:50,36,0.325,4.5,-20.0
2020-05-19 22:49:50,37,0.396,4.47,19.8
2020-05-19 22:49:50,38,0.366,4.48,-20.0
2020-05-19 22:49:50,39,0.325,4.47,-20.0
2020-05-19 22:49:50,40,0.335,4.46,-20.0
2020-05-19 22:49:50,41,0.374,4.51,-20.0
2020-05-19 22:49:50,42,0.336,4.48,-20.0
2020-05-19 22:49:50,43,0.394,4.47,-20.0
2020-05-19 22:49:50,44,0.397,4.49,-20.0
2020-05-19 22:49:50,45,0.308,4.49,-20.0
2020-05-19 22:49:50,46,0.401,4.49,-20.0
2020-05-19 22:49:50,47,0.414,4.48,-20.0
2020-05-19 22:49:50,48,0.464,4.48,-20.0
2020-05-19 22:49:50,49,0.476,4.46,21.8
2020-05-19 22:49:50,50,0.434,4.47,-20.0
2020-05-19 22:49:50,51,0.379,4.46,-20.0
2020-05-19 22:49:50,52,0.404,4.46,-20.0
2020-05-19 22:49:50,53,0.351,4.44,-20.0
2020-05-19 22:49:50,54,0.384,4.46,-20.0
2020-05-19 22:49:50,55,0.354,4.43,-20.0
2020-05-19 22:49:50,56,0.329,4.42,-20.0
2020-05-19 22:49:50,57,0.397,4.42,-20.0
2020-05-19 22:49:50,58,0.388,4.42,-20.0
2020-05-19 22:49:50,59,0.386,4.44,-20.0
2020-05-19 22:49:50,60,0.376,4.45,-20.0
2020-05-19 22:49:50,61,0.374,4.48,19.2
2020-05-19 22:49:50,62,0.33,4.49,-20.0
2020-05-19 22:49:50,63,0.399,4.47,-20.0
2020-05-19 22:49:50,64,0.398,4.45,-20.0
2020-05-19 22:49:50,65,0.354,4.44,-20.0
2020-05-19 22:49:50,66,0.383,4.44,-20.0
2020-05-19 22:49:50,67,0.339,4.42,-20.0
2020-05-19 22:49:50,68,0.386,4.45,-20.0
2020-05-19 22:49:50,69,0.408,4.45,-20.0
2020-05-19 22:49:50,70,0.378,4.46,-20.0
2020-05-19 22:49:50,71,0.321,4.47,-20.0
2020-05-19 22:49:50,72,0.412,4.48,-20.0
2020-05-19 22:49:50,73,0.463,4.51,19.7
2020-05-19 22:49:50,74,0.416,4.5,-20.0
2020-05-19 22:49:50,75,0.427,4.46,-20.0
2020-05-19 22:49:50,76,0.339,4.44,-20.0
2020-05-19 22:49:50,77,0.358,4.5,-20.0
2020-05-19 22:49:50,78,0.359,4.47,-20.0
2020-05-19 22:49:50,79,0.386,4.49,-20.0
2020-05-19 22:49:50,80,0.44,4.5,-20.0
2020-05-19 22:49:50,81,0.393,4.52,-20.0
2020-05-19 22:49:50,82,0.351,4.51,-20.0
2020-05-19 22:49:50,83,0.356,4.49,-20.0
2020-05-19 22:49:50,84,0.413,4.49,-20.0
2020-05-19 22:49:50,85,0.384,4.49,20.5
2020-05-19 22:49:50,86,0.376,4.46,-20.0
2020-05-19 22:49:50,87,0.371,4.45,-20.0
2020-05-19 22:49:50,88,0.361,4.48,-20.0
2020-05-19 22:49:50,89,0.373,4.5,-20.0
2020-05-19 22:49:50,90,0.4,4.47,-20.0
2020-05-19 22:49:50,91,0.356,4.48,-20.0
2020-05-19 22:49:50,92,0.368,4.5,-20.0
2020-05-19 22:49:50,93,0.482,4.49,-20.0
2020-05-19 22:49:50,94,0.469,4.46,-20.0
2020-05-19 22:49:50,95,0.432,4.45,-20.0
2020-05-19 22:49:50,96,0.432,4.49,-20.0
2020-05-20 10:48:59,1,0.436,4.51,22.6
2020-05-20 10:48:59,2,0.443,4.5,-20.0
2020-05-20 10:48:59,3,0.417,4.52,-20.0
2020-05-20 10:48:59,4,0.444,4.48,-20.0
2020-05-20 10:48:59,5,0.438,4.52,-20.0
2020-05-20 10:48:59,6,0.369,4.49,-20.0
2020-05-20 10:48:59,7,0.393,4.47,-20.0
2020-05-20 10:48:59,8,0.372,4.5,-20.0
2020-05-20 10:48:59,9,0.409,4.46,-20.0
2020-05-20 10:48:59,10,0.396,4.49,-20.0
2020-05-20 10:48:59,11,0.392,4.45,-20.0
2020-05-20 10:48:59,12,0.364,4.45,-20.0
2020-05-20 10:48:59,13,0.4,4.46,21.6
2020-05-20 10:48:59,14,0.352,4.48,-20.0
2020-05-20 10:48:59,15,0.404,4.52,-20.0
2020-05-20 10:48:59,16,0.427,4.52,-20.0
2020-05-20 10:48:59,17,0.402,4.48,-20.0
2020-05-20 10:48:59,18,0.398,4.49,-20.0
2020-05-20 10:48:59,19,0.395,4.46,-20.0
2020-05-20 10:48:59,20,0.4,4.47,-20.0
2020-05-20 10:48:59,21,0.429,4.47,-20.0
2020-05-20 10:48:59,22,0.409,4.47,-20.0
2020-05-20 10:48:59,23,0.385,4.48,-20.0
2020-05-20 10:48:59,24,0.39,4.48,-20.0
2020-05-20 10:48:59,25,0.345,4.5,19.4
2020-05-20 10:48:59,26,0.4,4.48,-20.0
2020-05-20 10:48:59,27,0.441,4.46,-20.0
2020-05-20 10:48:59,28,0.427,4.48,-20.0
2020-05-20 10:48:59,29,0.418,4.46,-20.0
2020-05-20 10:48:59,30,0.323,4.46,-20.0
2020-05-20 10:48:59,31,0.327,4.46,-20.0
2020-05-20 10:48:59,32,0.326,4.46,-20.0
2020-05-20 10:48:59,33,0.418,4.47,-20.0
2020-05-20 10:48:59,34,0.371,4.48,-20.0
2020-05-20 10:48:59,35,0.352,4.47,-20.0
2020-05-20 10:48:59,36,0.326,4.5,-20.0
2020-05-20 10:48:59,37,0.396,4.48,19.7
2020-05-20 10:48:59,38,0.366,4.48,-20.0
2020-05-20 10:48:59,39,0.335,4.46,-20.0
2020-05-20 10:48:59,40,0.335,4.48,-20.0
2020-05-20 10:48:59,41,0.372,4.5,-20.0
2020-05-20 10:48:59,42,0.344,4.48,-20.0
2020-05-20 10:48:59,43,0.387,4.48,-20.0
2020-05-20 10:48:59,44,0.392,4.48,-20.0
2020-05-20 10:48:59,45,0.307,4.49,-20.0
2020-05-20 10:48:59,46,0.399,4.48,-20.0
2020-05-20 10:48:59,47,0.424,4.48,-20.0
2020-05-20 10:48:59,48,0.464,4.48,-20.0
2020-05-20 10:48:59,49,0.477,4.46,21.7
2020-05-20 10:48:59,50,0.433,4.47,-20.0
2020-05-20 10:48:59,51,0.379,4.46,-20.0
2020-05-20 10:48:59,52,0.401,4.46,-20.0
2020-05-20 10:48:59,53,0.35,4.44,-20.0
2020-05-20 10:48:59,54,0.384,4.45,-20.0
2020-05-20 10:48:59,55,0.345,4.43,-20.0
2020-05-20 10:48:59,56,0.327,4.42,-20.0
2020-05-20 10:48:59,57,0.397,4.42,-20.0
2020-05-20 10:48:59,58,0.383,4.42,-20.0
2020-05-20 10:48:59,59,0.379,4.44,-20.0
2020-05-20 10:48:59,60,0.361,4.45,-20.0
2020-05-20 10:48:59,61,0.37,4.48,19.2
2020-05-20 10:48:59,62,0.329,4.49,-20.0
2020-05-20 10:48:59,63,0.393,4.47,-20.0
2020-05-20 10:48:59,64,0.394,4.45,-20.0
2020-05-20 10:48:59,65,0.351,4.44,-20.0
2020-05-20 10:48:59,66,0.386,4.45,-20.0
2020-05-20 10:48:59,67,0.344,4.42,-20.0
2020-05-20 10:48:59,68,0.396,4.45,-20.0
2020-05-20 10:48:59,69,0.4,4.44,-20.0
2020-05-20 10:48:59,70,0.369,4.46,-20.0
2020-05-20 10:48:59,71,0.323,4.47,-20.0
2020-05-20 10:48:59,72,0.413,4.47,-20.0
2020-05-20 10:48:59,73,0.469,4.51,19.6
2020-05-20 10:48:59,74,0.422,4.49,-20.0
2020-05-20 10:48:59,75,0.428,4.45,-20.0
2020-05-20 10:48:59,76,0.339,4.44,-20.0
2020-05-20 10:48:59,77,0.357,4.5,-20.0
2020-05-20 10:48:59,78,0.359,4.47,-20.0
2020-05-20 10:48:59,79,0.386,4.5,-20.0
2020-05-20 10:48:59,80,0.446,4.51,-20.0
2020-05-20 10:48:59,81,0.393,4.51,-20.0
2020-05-20 10:48:59,82,0.35,4.51,-20.0
2020-05-20 10:48:59,83,0.353,4.5,-20.0
2020-05-20 10:48:59,84,0.416,4.49,-20.0
2020-05-20 10:48:59,85,0.388,4.49,20.4
2020-05-20 10:48:59,86,0.376,4.47,-20.0
2020-05-20 10:48:59,87,0.378,4.45,-20.0
2020-05-20 10:48:59,88,0.361,4.48,-20.0
2020-05-20 10:48:59,89,0.374,4.5,-20.0
2020-05-20 10:48:59,90,0.4,4.47,-20.0
2020-05-20 10:48:59,91,0.358,4.48,-20.0
2020-05-20 10:48:59,92,0.371,4.5,-20.0
2020-05-20 10:48:59,93,0.481,4.49,-20.0
2020-05-20 10:48:59,94,0.47,4.46,-20.0
2020-05-20 10:48:59,95,0.431,4.45,-20.0
2020-05-20 10:48:59,96,0.432,4.49,-20.0
2020-05-20 22:48:23,1,0.436,4.51,22.6
2020-05-20 22:48:23,2,0.442,4.51,-20.0
2020-05-20 22:48:23,3,0.416,4.53,-20.0
2020-05-20 22:48:23,4,0.444,4.47,-20.0
2020-05-20 22:48:23,5,0.44,4.51,-20.0
2020-05-20 22:48:23,6,0.367,4.5,-20.0
2020-05-20 22:48:23,7,0.397,4.48,-20.0
2020-05-20 22:48:23,8,0.372,4.5,-20.0
2020-05-20 22:48:23,9,0.408,4.47,-20.0
2020-05-20 22:48:23,10,0.397,4.49,-20.0
2020-05-20 22:48:23,11,0.393,4.44,-20.0
2020-05-20 22:48:23,12,0.365,4.45,-20.0
2020-05-20 22:48:23,13,0.399,4.47,21.6
2020-05-20 22:48:23,14,0.353,4.49,-20.0
2020-05-20 22:48:23,15,0.404,4.51,-20.0
2020-05-20 22:48:23,16,0.428,4.52,-20.0
2020-05-20 22:48:23,17,0.402,4.49,-20.0
2020-05-20 22:48:23,18,0.395,4.48,-20.0
2020-05-20 22:48:23,19,0.396,4.46,-20.0
2020-05-20 22:48:23,20,0.402,4.47,-20.0
2020-05-20 22:48:23,21,0.432,4.48,-20.0
2020-05-20 22:48:23,22,0.406,4.46,-20.0
2020-05-20 22:48:23,23,0.39,4.47,-20.0
2020-05-20 22:48:23,24,0.392,4.48,-20.0
2020-05-20 22:48:23,25,0.345,4.49,19.4
2020-05-20 22:48:23,26,0.4,4.48,-20.0
2020-05-20 22:48:23,27,0.443,4.46,-20.0
2020-05-20 22:48:23,28,0.425,4.47,-20.0
2020-05-20 22:48:23,29,0.416,4.46,-20.0
2020-05-20 22:48:23,30,0.325,4.47,-20.0
2020-05-20 22:48:23,31,0.325,4.47,-20.0
2020-05-20 22:48:23,32,0.326,4.47,-20.0
2020-05-20 22:48:23,33,0.409,4.48,-20.0
2020-05-20 22:48:23,34,0.367,4.48,-20.0
2020-05-20 22:48:23,35,0.349,4.48,-20.0
2020-05-20 22:48:23,36,0.327,4.5,-20.0
2020-05-20 22:48:23,37,0.407,4.47,19.7
2020-05-20 22:48:23,38,0.363,4.48,-20.0
2020-05-20 22:48:23,39,0.344,4.45,-20.0
2020-05-20 22:48:23,40,0.333,4.47,-20.0
2020-05-20 22:48:23,41,0.373,4.51,-20.0
2020-05-20 22:48:23,42,0.354,4.48,-20.0
2020-05-20 22:48:23,43,0.38,4.48,-20.0
2020-05-20 22:48:23,44,0.365,4.49,-20.0
2020-05-20 22:48:23,45,0.306,4.49,-20.0
2020-05-20 22:48:23,46,0.398,4.48,-20.0
2020-05-20 22:48:23,47,0.403,4.48,-20.0
2020-05-20 22:48:23,48,0.455,4.48,-20.0
2020-05-20 22:48:23,49,0.481,4.46,21.7
2020-05-20 22:48:23,50,0.434,4.47,-20.0
2020-05-20 22:48:23,51,0.378,4.46,-20.0
2020-05-20 22:48:23,52,0.402,4.46,-20.0
2020-05-20 22:48:23,53,0.348,4.44,-20.0
2020-05-20 22:48:23,54,0.385,4.45,-20.0
2020-05-20 22:48:23,55,0.348,4.43,-20.0
2020-05-20 22:48:23,56,0.329,4.43,-20.0
2020-05-20 22:48:23,57,0.399,4.42,-20.0
2020-05-20 22:48:23,58,0.384,4.42,-20.0
2020-05-20 22:48:23,59,0.381,4.44,-20.0
2020-05-20 22:48:23,60,0.364,4.45,-20.0
2020-05-20 22:48:23,61,0.369,4.48,19.1
2020-05-20 22:48:23,62,0.331,4.49,-20.0
2020-05-20 22:48:23,63,0.397,4.48,-20.0
2020-05-20 22:48:23,64,0.391,4.45,-20.0
2020-05-20 22:48:23,65,0.348,4.44,-20.0
2020-05-20 22:48:23,66,0.387,4.45,-20.0
2020-05-20 22:48:23,67,0.346,4.42,-20.0
2020-05-20 22:48:23,68,0.387,4.45,-20.0
2020-05-20 22:48:23,69,0.396,4.44,-20.0
2020-05-20 22:48:23,70,0.354,4.46,-20.0
2020-05-20 22:48:23,71,0.319,4.48,-20.0
2020-05-20 22:48:23,72,0.411,4.48,-20.0
2020-05-20 22:48:23,73,0.453,4.5,19.6
2020-05-20 22:48:23,74,0.418,4.49,-20.0
2020-05-20 22:48:23,75,0.421,4.46,-20.0
2020-05-20 22:48:23,76,0.342,4.45,-20.0
2020-05-20 22:48:23,77,0.36,4.5,-20.0
2020-05-20 22:48:23,78,0.371,4.46,-20.0
2020-05-20 22:48:23,79,0.396,4.49,-20.0
2020-05-20 22:48:23,80,0.451,4.51,-20.0
2020-05-20 22:48:23,81,0.391,4.51,-20.0
2020-05-20 22:48:23,82,0.348,4.51,-20.0
2020-05-20 22:48:23,83,0.356,4.5,-20.0
2020-05-20 22:48:23,84,0.415,4.48,-20.0
2020-05-20 22:48:23,85,0.388,4.48,20.5
2020-05-20 22:48:23,86,0.378,4.46,-20.0
2020-05-20 22:48:23,87,0.38,4.46,-20.0
2020-05-20 22:48:23,88,0.361,4.48,-20.0
2020-05-20 22:48:23,89,0.375,4.51,-20.0
2020-05-20 22:48:23,90,0.403,4.47,-20.0
2020-05-20 22:48:23,91,0.356,4.47,-20.0
2020-05-20 22:48:23,92,0.369,4.5,-20.0
2020-05-20 22:48:23,93,0.481,4.49,-20.0
2020-05-20 22:48:23,94,0.467,4.46,-20.0
2020-05-20 22:48:23,95,0.428,4.46,-20.0
2020-05-20 22:48:23,96,0.43,4.49,-20.0
2020-05-21 10:47:41,1,0.436,4.51,22.3
2020-05-21 10:47:41,2,0.438,4.51,-20.0
2020-05-21 10:47:41,3,0.412,4.52,-20.0
2020-05-21 10:47:41,4,0.441,4.47,-20.0
2020-05-21 10:47:41,5,0.436,4.51,-20.0
2020-05-21 10:47:41,6,0.366,4.49,-20.0
2020-05-21 10:47:41,7,0.396,4.47,-20.0
2020-05-21 10:47:41,8,0.373,4.5,-20.0
2020-05-21 10:47:41,9,0.41,4.47,-20.0
2020-05-21 10:47:41,10,0.398,4.49,-20.0
2020-05-21 10:47:41,11,0.395,4.44,-20.0
2020-05-21 10:47:41,12,0.369,4.45,-20.0
2020-05-21 10:47:41,13,0.4,4.46,21.4
2020-05-21 10:47:41,14,0.354,4.48,-20.0
2020-05-21 10:47:41,15,0.406,4.52,-20.0
2020-05-21 10:47:41,16,0.426,4.53,-20.0
2020-05-21 10:47:41,17,0.401,4.47,-20.0
2020-05-21 10:47:41,18,0.396,4.48,-20.0
2020-05-21 10:47:41,19,0.395,4.46,-20.0
2020-05-21 10:47:41,20,0.401,4.48,-20.0
2020-05-21 10:47:41,21,0.429,4.47,-20.0
2020-05-21 10:47:41,22,0.406,4.46,-20.0
2020-05-21 10:47:41,23,0.391,4.47,-20.0
2020-05-21 10:47:41,24,0.393,4.48,-20.0
2020-05-21 10:47:41,25,0.346,4.5,18.9
2020-05-21 10:47:41,26,0.403,4.49,-20.0
2020-05-21 10:47:41,27,0.442,4.46,-20.0
2020-05-21 10:47:41,28,0.424,4.47,-20.0
2020-05-21 10:47:41,29,0.419,4.46,-20.0
2020-05-21 10:47:41,30,0.325,4.47,-20.0
2020-05-21 10:47:41,31,0.327,4.46,-20.0
2020-05-21 10:47:41,32,0.327,4.47,-20.0
2020-05-21 10:47:41,33,0.405,4.48,-20.0
2020-05-21 10:47:41,34,0.353,4.48,-20.0
2020-05-21 10:47:41,35,0.348,4.48,-20.0
2020-05-21 10:47:41,36,0.328,4.5,-20.0
2020-05-21 10:47:41,37,0.39,4.48,19.3
2020-05-21 10:47:41,38,0.351,4.48,-20.0
2020-05-21 10:47:41,39,0.355,4.47,-20.0
2020-05-21 10:47:41,40,0.335,4.47,-20.0
2020-05-21 10:47:41,41,0.375,4.5,-20.0
2020-05-21 10:47:41,42,0.347,4.48,-20.0
2020-05-21 10:47:41,43,0.394,4.47,-20.0
2020-05-21 10:47:41,44,0.364,4.48,-20.0
2020-05-21 10:47:41,45,0.308,4.49,-20.0
2020-05-21 10:47:41,46,0.396,4.49,-20.0
2020-05-21 10:47:41,47,0.406,4.48,-20.0
2020-05-21 10:47:41,48,0.458,4.48,-20.0
2020-05-21 10:47:41,49,0.478,4.46,21.5
2020-05-21 10:47:41,50,0.432,4.47,-20.0
2020-05-21 10:47:41,51,0.378,4.46,-20.0
2020-05-21 10:47:41,52,0.402,4.46,-20.0
2020-05-21 10:47:41,53,0.346,4.45,-20.0
2020-05-21 10:47:41,54,0.383,4.45,-20.0
2020-05-21 10:47:41,55,0.356,4.43,-20.0
2020-05-21 10:47:41,56,0.33,4.42,-20.0
2020-05-21 10:47:41,57,0.401,4.42,-20.0
2020-05-21 10:47:41,58,0.384,4.42,-20.0
2020-05-21 10:47:41,59,0.386,4.44,-20.0
2020-05-21 10:47:41,60,0.366,4.45,-20.0
2020-05-21 10:47:41,61,0.367,4.48,18.6
2020-05-21 10:47:41,62,0.332,4.48,-20.0
2020-05-21 10:47:41,63,0.4,4.47,-20.0
2020-05-21 10:47:41,64,0.395,4.45,-20.0
2020-05-21 10:47:41,65,0.355,4.44,-20.0
2020-05-21 10:47:41,66,0.386,4.45,-20.0
2020-05-21 10:47:41,67,0.347,4.43,-20.0
2020-05-21 10:47:41,68,0.394,4.45,-20.0
2020-05-21 10:47:41,69,0.401,4.44,-20.0
2020-05-21 10:47:41,70,0.362,4.46,-20.0
2020-05-21 10:47:41,71,0.32,4.47,-20.0
2020-05-21 10:47:41,72,0.41,4.48,-20.0
2020-05-21 10:47:41,73,0.457,4.51,19.0
2020-05-21 10:47:41,74,0.426,4.49,-20.0
2020-05-21 10:47:41,75,0.428,4.46,-20.0
2020-05-21 10:47:41,76,0.344,4.44,-20.0
2020-05-21 10:47:41,77,0.36,4.5,-20.0
2020-05-21 10:47:41,78,0.36,4.46,-20.0
2020-05-21 10:47:41,79,0.394,4.5,-20.0
2020-05-21 10:47:41,80,0.454,4.51,-20.0
2020-05-21 10:47:41,81,0.391,4.51,-20.0
2020-05-21 10:47:41,82,0.347,4.5,-20.0
2020-05-21 10:47:41,83,0.358,4.5,-20.0
2020-05-21 10:47:41,84,0.416,4.48,-20.0
2020-05-21 10:47:41,85,0.389,4.48,19.8
2020-05-21 10:47:41,86,0.378,4.46,-20.0
2020-05-21 10:47:41,87,0.382,4.46,-20.0
2020-05-21 10:47:41,88,0.356,4.48,-20.0
2020-05-21 10:47:41,89,0.373,4.51,-20.0
2020-05-21 10:47:41,90,0.403,4.47,-20.0
2020-05-21 10:47:41,91,0.358,4.48,-20.0
2020-05-21 10:47:41,92,0.368,4.5,-20.0
2020-05-21 10:47:41,93,0.483,4.49,-20.0
2020-05-21 10:47:41,94,0.468,4.47,-20.0
2020-05-21 10:47:41,95,0.427,4.46,-20.0
2020-05-21 10:47:41,96,0.429,4.49,-20.0
2020-05-21 22:46:55,1,0.435,4.51,22.5
2020-05-21 22:46:55,2,0.439,4.51,-20.0
2020-05-21 22:46:55,3,0.411,4.51,-20.0
2020-05-21 22:46:55,4,0.444,4.48,-20.0
2020-05-21 22:46:55,5,0.436,4.51,-20.0
2020-05-21 22:46:55,6,0.367,4.5,-20.0
2020-05-21 22:46:55,7,0.396,4.48,-20.0
2020-05-21 22:46:55,8,0.374,4.5,-20.0
2020-05-21 22:46:55,9,0.41,4.47,-20.0
2020-05-21 22:46:55,10,0.399,4.49,-20.0
2020-05-21 22:46:55,11,0.397,4.45,-20.0
2020-05-21 22:46:55,12,0.369,4.45,-20.0
2020-05-21 22:46:55,13,0.399,4.47,21.5
2020-05-21 22:46:55,14,0.352,4.48,-20.0
2020-05-21 22:46:55,15,0.407,4.51,-20.0
2020-05-21 22:46:55,16,0.427,4.53,-20.0
2020-05-21 22:46:55,17,0.399,4.48,-20.0
2020-05-21 22:46:55,18,0.393,4.49,-20.0
2020-05-21 22:46:55,19,0.393,4.46,-20.0
2020-05-21 22:46:55,20,0.4,4.47,-20.0
2020-05-21 22:46:55,21,0.427,4.48,-20.0
2020-05-21 22:46:55,22,0.406,4.46,-20.0
2020-05-21 22:46:55,23,0.391,4.48,-20.0
2020-05-21 22:46:55,24,0.392,4.48,-20.0
2020-05-21 22:46:55,25,0.348,4.49,19.3
2020-05-21 22:46:55,26,0.4,4.48,-20.0
2020-05-21 22:46:55,27,0.446,4.46,-20.0
2020-05-21 22:46:55,28,0.42,4.46,-20.0
2020-05-21 22:46:55,29,0.422,4.47,-20.0
2020-05-21 22:46:55,30,0.325,4.46,-20.0
2020-05-21 22:46:55,31,0.328,4.45,-20.0
2020-05-21 22:46:55,32,0.331,4.47,-20.0
2020-05-21 22:46:55,33,0.424,4.48,-20.0
2020-05-21 22:46:55,34,0.37,4.48,-20.0
2020-05-21 22:46:55,35,0.349,4.48,-20.0
2020-05-21 22:46:55,36,0.329,4.51,-20.0
2020-05-21 22:46:55,37,0.37,4.49,19.6
2020-05-21 22:46:55,38,0.338,4.48,-20.0
2020-05-21 22:46:55,39,0.247,4.45,-20.0
2020-05-21 22:46:55,40,0.333,4.47,-20.0
2020-05-21 22:46:55,41,0.374,4.5,-20.0
2020-05-21 22:46:55,42,0.324,4.48,-20.0
2020-05-21 22:46:55,43,0.378,4.47,-20.0
2020-05-21 22:46:55,44,0.368,4.49,-20.0
2020-05-21 22:46:55,45,0.309,4.49,-20.0
2020-05-21 22:46:55,46,0.397,4.51,-20.0
2020-05-21 22:46:55,47,0.399,4.48,-20.0
2020-05-21 22:46:55,48,0.452,4.48,-20.0
2020-05-21 22:46:55,49,0.478,4.46,21.6
2020-05-21 22:46:55,50,0.432,4.47,-20.0
2020-05-21 22:46:55,51,0.378,4.47,-20.0
2020-05-21 22:46:55,52,0.401,4.45,-20.0
2020-05-21 22:46:55,53,0.345,4.44,-20.0
2020-05-21 22:46:55,54,0.384,4.46,-20.0
2020-05-21 22:46:55,55,0.361,4.43,-20.0
2020-05-21 22:46:55,56,0.33,4.42,-20.0
2020-05-21 22:46:55,57,0.398,4.42,-20.0
2020-05-21 22:46:55,58,0.384,4.42,-20.0
2020-05-21 22:46:55,59,0.393,4.44,-20.0
2020-05-21 22:46:55,60,0.373,4.45,-20.0
2020-05-21 22:46:55,61,0.371,4.48,19.0
2020-05-21 22:46:55,62,0.333,4.49,-20.0
2020-05-21 22:46:55,63,0.398,4.47,-20.0
2020-05-21 22:46:55,64,0.393,4.45,-20.0
2020-05-21 22:46:55,65,0.359,4.44,-20.0
2020-05-21 22:46:55,66,0.387,4.45,-20.0
2020-05-21 22:46:55,67,0.344,4.42,-20.0
2020-05-21 22:46:55,68,0.393,4.45,-20.0
2020-05-21 22:46:55,69,0.414,4.45,-20.0
2020-05-21 22:46:55,70,0.374,4.46,-20.0
2020-05-21 22:46:55,71,0.323,4.48,-20.0
2020-05-21 22:46:55,72,0.411,4.48,-20.0
2020-05-21 22:46:55,73,0.454,4.5,19.5
2020-05-21 22:46:55,74,0.421,4.49,-20.0
2020-05-21 22:46:55,75,0.432,4.47,-20.0
2020-05-21 22:46:55,76,0.342,4.44,-20.0
2020-05-21 22:46:55,77,0.36,4.5,-20.0
2020-05-21 22:46:55,78,0.358,4.46,-20.0
2020-05-21 22:46:55,79,0.388,4.5,-20.0
2020-05-21 22:46:55,80,0.447,4.51,-20.0
2020-05-21 22:46:55,81,0.388,4.51,-20.0
2020-05-21 22:46:55,82,0.349,4.51,-20.0
2020-05-21 22:46:55,83,0.355,4.5,-20.0
2020-05-21 22:46:55,84,0.411,4.5,-20.0
2020-05-21 22:46:55,85,0.379,4.48,20.3
2020-05-21 22:46:55,86,0.375,4.46,-20.0
2020-05-21 22:46:55,87,0.383,4.46,-20.0
2020-05-21 22:46:55,88,0.352,4.48,-20.0
2020-05-21 22:46:55,89,0.364,4.51,-20.0
2020-05-21 22:46:55,90,0.398,4.47,-20.0
2020-05-21 22:46:55,91,0.358,4.48,-20.0
2020-05-21 22:46:55,92,0.368,4.5,-20.0
2020-05-21 22:46:55,93,0.482,4.49,-20.0
2020-05-21 22:46:55,94,0.47,4.47,-20.0
2020-05-21 22:46:55,95,0.429,4.45,-20.0
2020-05-21 22:46:55,96,0.432,4.49,-20.0
2020-05-22 10:46:20,1,0.437,4.51,22.5
2020-05-22 10:46:20,2,0.442,4.5,-20.0
2020-05-22 10:46:20,3,0.41,4.53,-20.0
2020-05-22 10:46:20,4,0.444,4.47,-20.0
2020-05-22 10:46:20,5,0.437,4.5,-20.0
2020-05-22 10:46:20,6,0.366,4.5,-20.0
2020-05-22 10:46:20,7,0.397,4.48,-20.0
2020-05-22 10:46:20,8,0.375,4.5,-20.0
2020-05-22 10:46:20,9,0.411,4.47,-20.0
2020-05-22 10:46:20,10,0.398,4.48,-20.0
2020-05-22 10:46:20,11,0.395,4.45,-20.0
2020-05-22 10:46:20,12,0.368,4.45,-20.0
2020-05-22 10:46:20,13,0.4,4.46,21.5
2020-05-22 10:46:20,14,0.353,4.48,-20.0
2020-05-22 10:46:20,15,0.405,4.51,-20.0
2020-05-22 10:46:20,16,0.429,4.53,-20.0
2020-05-22 10:46:20,17,0.398,4.47,-20.0
2020-05-22 10:46:20,18,0.39,4.49,-20.0
2020-05-22 10:46:20,19,0.395,4.47,-20.0
2020-05-22 10:46:20,20,0.401,4.48,-20.0
2020-05-22 10:46:20,21,0.426,4.48,-20.0
2020-05-22 10:46:20,22,0.406,4.46,-20.0
2020-05-22 10:46:20,23,0.392,4.47,-20.0
2020-05-22 10:46:20,24,0.394,4.48,-20.0
2020-05-22 10:46:20,25,0.345,4.49,19.3
2020-05-22 10:46:20,26,0.401,4.49,-20.0
2020-05-22 10:46:20,27,0.448,4.46,-20.0
2020-05-22 10:46:20,28,0.424,4.47,-20.0
2020-05-22 10:46:20,29,0.427,4.46,-20.0
2020-05-22 10:46:20,30,0.325,4.48,-20.0
2020-05-22 10:46:20,31,0.325,4.47,-20.0
2020-05-22 10:46:20,32,0.332,4.46,-20.0
2020-05-22 10:46:20,33,0.418,4.47,-20.0
2020-05-22 10:46:20,34,0.368,4.48,-20.0
2020-05-22 10:46:20,35,0.352,4.48,-20.0
2020-05-22 10:46:20,36,0.329,4.49,-20.0
2020-05-22 10:46:20,37,0.377,4.47,19.6
2020-05-22 10:46:20,38,0.342,4.48,-20.0
2020-05-22 10:46:20,39,0.275,4.46,-20.0
2020-05-22 10:46:20,40,0.333,4.46,-20.0
2020-05-22 10:46:20,41,0.374,4.5,-20.0
2020-05-22 10:46:20,42,0.32,4.48,-20.0
2020-05-22 10:46:20,43,0.393,4.48,-20.0
2020-05-22 10:46:20,44,0.375,4.49,-20.0
2020-05-22 10:46:20,45,0.31,4.49,-20.0
2020-05-22 10:46:20,46,0.396,4.49,-20.0
2020-05-22 10:46:20,47,0.397,4.48,-20.0
2020-05-22 10:46:20,48,0.443,4.48,-20.0
2020-05-22 10:46:20,49,0.48,4.45,21.6
2020-05-22 10:46:20,50,0.434,4.47,-20.0
2020-05-22 10:46:20,51,0.378,4.46,-20.0
2020-05-22 10:46:20,52,0.4,4.46,-20.0
2020-05-22 10:46:20,53,0.345,4.45,-20.0
2020-05-22 10:46:20,54,0.382,4.46,-20.0
2020-05-22 10:46:20,55,0.361,4.43,-20.0
2020-05-22 10:46:20,56,0.329,4.43,-20.0
2020-05-22 10:46:20,57,0.397,4.42,-20.0
2020-05-22 10:46:20,58,0.384,4.42,-20.0
2020-05-22 10:46:20,59,0.401,4.44,-20.0
2020-05-22 10:46:20,60,0.37,4.45,-20.0
2020-05-22 10:46:20,61,0.367,4.48,18.9
2020-05-22 10:46:20,62,0.334,4.49,-20.0
2020-05-22 10:46:20,63,0.401,4.47,-20.0
2020-05-22 10:46:20,64,0.396,4.46,-20.0
2020-05-22 10:46:20,65,0.362,4.45,-20.0
2020-05-22 10:46:20,66,0.387,4.45,-20.0
2020-05-22 10:46:20,67,0.345,4.42,-20.0
2020-05-22 10:46:20,68,0.396,4.45,-20.0
2020-05-22 10:46:20,69,0.412,4.44,-20.0
2020-05-22 10:46:20,70,0.376,4.46,-20.0
2020-05-22 10:46:20,71,0.326,4.48,-20.0
2020-05-22 10:46:20,72,0.414,4.48,-20.0
2020-05-22 10:46:20,73,0.453,4.5,19.6
2020-05-22 10:46:20,74,0.42,4.5,-20.0
2020-05-22 10:46:20,75,0.427,4.46,-20.0
2020-05-22 10:46:20,76,0.342,4.44,-20.0
2020-05-22 10:46:20,77,0.362,4.5,-20.0
2020-05-22 10:46:20,78,0.356,4.46,-20.0
2020-05-22 10:46:20,79,0.386,4.5,-20.0
2020-05-22 10:46:20,80,0.442,4.51,-20.0
2020-05-22 10:46:20,81,0.392,4.51,-20.0
2020-05-22 10:46:20,82,0.349,4.51,-20.0
2020-05-22 10:46:20,83,0.355,4.49,-20.0
2020-05-22 10:46:20,84,0.408,4.49,-20.0
2020-05-22 10:46:20,85,0.38,4.49,20.3
2020-05-22 10:46:20,86,0.377,4.46,-20.0
2020-05-22 10:46:20,87,0.384,4.46,-20.0
2020-05-22 10:46:20,88,0.354,4.48,-20.0
2020-05-22 10:46:20,89,0.367,4.5,-20.0
2020-05-22 10:46:20,90,0.402,4.47,-20.0
2020-05-22 10:46:20,91,0.357,4.49,-20.0
2020-05-22 10:46:20,92,0.368,4.5,-20.0
2020-05-22 10:46:20,93,0.483,4.49,-20.0
2020-05-22 10:46:20,94,0.471,4.46,-20.0
2020-05-22 10:46:20,95,0.432,4.45,-20.0
2020-05-22 10:46:20,96,0.432,4.49,-20.0
2020-05-22 22:45:34,1,0.436,4.51,22.5
2020-05-22 22:45:34,2,0.443,4.5,-20.0
2020-05-22 22:45:34,3,0.412,4.53,-20.0
2020-05-22 22:45:34,4,0.443,4.47,-20.0
2020-05-22 22:45:34,5,0.436,4.5,-20.0
2020-05-22 22:45:34,6,0.366,4.5,-20.0
2020-05-22 22:45:34,7,0.397,4.48,-20.0
2020-05-22 22:45:34,8,0.374,4.5,-20.0
2020-05-22 22:45:34,9,0.411,4.47,-20.0
2020-05-22 22:45:34,10,0.396,4.49,-20.0
2020-05-22 22:45:34,11,0.394,4.44,-20.0
2020-05-22 22:45:34,12,0.367,4.46,-20.0
2020-05-22 22:45:34,13,0.4,4.47,21.6
2020-05-22 22:45:34,14,0.353,4.49,-20.0
2020-05-22 22:45:34,15,0.405,4.51,-20.0
2020-05-22 22:45:34,16,0.426,4.52,-20.0
2020-05-22 22:45:34,17,0.393,4.47,-20.0
2020-05-22 22:45:34,18,0.398,4.48,-20.0
2020-05-22 22:45:34,19,0.396,4.48,-20.0
2020-05-22 22:45:34,20,0.401,4.47,-20.0
2020-05-22 22:45:34,21,0.427,4.48,-20.0
2020-05-22 22:45:34,22,0.406,4.46,-20.0
2020-05-22 22:45:34,23,0.389,4.47,-20.0
2020-05-22 22:45:34,24,0.39,4.48,-20.0
2020-05-22 22:45:34,25,0.342,4.5,19.4
2020-05-22 22:45:34,26,0.395,4.48,-20.0
2020-05-22 22:45:34,27,0.434,4.46,-20.0
2020-05-22 22:45:34,28,0.429,4.47,-20.0
2020-05-22 22:45:34,29,0.413,4.46,-20.0
2020-05-22 22:45:34,30,0.321,4.48,-20.0
2020-05-22 22:45:34,31,0.322,4.45,-20.0
2020-05-22 22:45:34,32,0.327,4.46,-20.0
2020-05-22 22:45:34,33,0.416,4.47,-20.0
2020-05-22 22:45:34,34,0.365,4.49,-20.0
2020-05-22 22:45:34,35,0.351,4.47,-20.0
2020-05-22 22:45:34,36,0.327,4.5,-20.0
2020-05-22 22:45:34,37,0.384,4.47,19.7
2020-05-22 22:45:34,38,0.351,4.49,-20.0
2020-05-22 22:45:34,39,0.291,4.47,-20.0
2020-05-22 22:45:34,40,0.335,4.46,-20.0
2020-05-22 22:45:34,41,0.371,4.49,-20.0
2020-05-22 22:45:34,42,0.329,4.48,-20.0
2020-05-22 22:45:34,43,0.39,4.47,-20.0
2020-05-22 22:45:34,44,0.383,4.48,-20.0
2020-05-22 22:45:34,45,0.306,4.49,-20.0
2020-05-22 22:45:34,46,0.396,4.48,-20.0
2020-05-22 22:45:34,47,0.405,4.47,-20.0
2020-05-22 22:45:34,48,0.45,4.48,-20.0
2020-05-22 22:45:34,49,0.477,4.46,21.7
2020-05-22 22:45:34,50,0.44,4.47,-20.0
2020-05-22 22:45:34,51,0.38,4.46,-20.0
2020-05-22 22:45:34,52,0.404,4.45,-20.0
2020-05-22 22:45:34,53,0.346,4.45,-20.0
2020-05-22 22:45:34,54,0.381,4.45,-20.0
2020-05-22 22:45:34,55,0.363,4.43,-20.0
2020-05-22 22:45:34,56,0.331,4.42,-20.0
2020-05-22 22:45:34,57,0.397,4.43,-20.0
2020-05-22 22:45:34,58,0.387,4.42,-20.0
2020-05-22 22:45:34,59,0.398,4.43,-20.0
2020-05-22 22:45:34,60,0.365,4.45,-20.0
2020-05-22 22:45:34,61,0.367,4.48,19.0
2020-05-22 22:45:34,62,0.333,4.49,-20.0
2020-05-22 22:45:34,63,0.404,4.47,-20.0
2020-05-22 22:45:34,64,0.397,4.45,-20.0
2020-05-22 22:45:34,65,0.363,4.45,-20.0
2020-05-22 22:45:34,66,0.386,4.45,-20.0
2020-05-22 22:45:34,67,0.345,4.42,-20.0
2020-05-22 22:45:34,68,0.398,4.45,-20.0
2020-05-22 22:45:34,69,0.413,4.45,-20.0
2020-05-22 22:45:34,70,0.369,4.46,-20.0
2020-05-22 22:45:34,71,0.324,4.47,-20.0
2020-05-22 22:45:34,72,0.407,4.48,-20.0
2020-05-22 22:45:34,73,0.438,4.5,19.6
2020-05-22 22:45:34,74,0.429,4.5,-20.0
2020-05-22 22:45:34,75,0.444,4.46,-20.0
2020-05-22 22:45:34,76,0.34,4.44,-20.0
2020-05-22 22:45:34,77,0.362,4.5,-20.0
2020-05-22 22:45:34,78,0.346,4.46,-20.0
2020-05-22 22:45:34,79,0.377,4.5,-20.0
2020-05-22 22:45:34,80,0.454,4.51,-20.0
2020-05-22 22:45:34,81,0.392,4.51,-20.0
2020-05-22 22:45:34,82,0.35,4.51,-20.0
2020-05-22 22:45:34,83,0.353,4.5,-20.0
2020-05-22 22:45:34,84,0.401,4.48,-20.0
2020-05-22 22:45:34,85,0.375,4.48,20.4
2020-05-22 22:45:34,86,0.377,4.47,-20.0
2020-05-22 22:45:34,87,0.392,4.45,-20.0
2020-05-22 22:45:34,88,0.354,4.49,-20.0
2020-05-22 22:45:34,89,0.363,4.5,-20.0
2020-05-22 22:45:34,90,0.402,4.47,-20.0
2020-05-22 22:45:34,91,0.36,4.48,-20.0
2020-05-22 22:45:34,92,0.372,4.49,-20.0
2020-05-22 22:45:34,93,0.481,4.49,-20.0
2020-05-22 22:45:34,94,0.471,4.47,-20.0
2020-05-22 22:45:34,95,0.431,4.45,-20.0
2020-05-22 22:45:34,96,0.434,4.5,-20.0
2020-05-23 10:45:00,1,0.438,4.51,22.5
2020-05-23 10:45:00,2,0.443,4.51,-20.0
2020-05-23 10:45:00,3,0.41,4.52,-20.0
2020-05-23 10:45:00,4,0.444,4.47,-20.0
2020-05-23 10:45:00,5,0.436,4.51,-20.0
2020-05-23 10:45:00,6,0.365,4.49,-20.0
2020-05-23 10:45:00,7,0.398,4.48,-20.0
2020-05-23 10:45:00,8,0.375,4.5,-20.0
2020-05-23 10:45:00,9,0.411,4.47,-20.0
2020-05-23 10:45:00,10,0.395,4.48,-20.0
2020-05-23 10:45:00,11,0.394,4.45,-20.0
2020-05-23 10:45:00,12,0.368,4.46,-20.0
2020-05-23 10:45:00,13,0.402,4.48,21.6
2020-05-23 10:45:00,14,0.351,4.49,-20.0
2020-05-23 10:45:00,15,0.403,4.51,-20.0
2020-05-23 10:45:00,16,0.426,4.53,-20.0
2020-05-23 10:45:00,17,0.395,4.48,-20.0
2020-05-23 10:45:00,18,0.393,4.49,-20.0
2020-05-23 10:45:00,19,0.391,4.47,-20.0
2020-05-23 10:45:00,20,0.399,4.47,-20.0
2020-05-23 10:45:00,21,0.429,4.47,-20.0
2020-05-23 10:45:00,22,0.366,4.46,-20.0
2020-05-23 10:45:00,23,0.386,4.47,-20.0
2020-05-23 10:45:00,24,0.385,4.48,-20.0
2020-05-23 10:45:00,25,0.344,4.49,19.4
2020-05-23 10:45:00,26,0.397,4.48,-20.0
2020-05-23 10:45:00,27,0.426,4.46,-20.0
2020-05-23 10:45:00,28,0.434,4.47,-20.0
2020-05-23 10:45:00,29,0.411,4.47,-20.0
2020-05-23 10:45:00,30,0.319,4.47,-20.0
2020-05-23 10:45:00,31,0.323,4.46,-20.0
2020-05-23 10:45:00,32,0.337,4.46,-20.0
2020-05-23 10:45:00,33,0.423,4.48,-20.0
2020-05-23 10:45:00,34,0.366,4.49,-20.0
2020-05-23 10:45:00,35,0.351,4.48,-20.0
2020-05-23 10:45:00,36,0.33,4.49,-20.0
2020-05-23 10:45:00,37,0.394,4.49,19.7
2020-05-23 10:45:00,38,0.36,4.48,-20.0
2020-05-23 10:45:00,39,0.297,4.47,-20.0
2020-05-23 10:45:00,40,0.333,4.46,-20.0
2020-05-23 10:45:00,41,0.372,4.5,-20.0
2020-05-23 10:45:00,42,0.332,4.48,-20.0
2020-05-23 10:45:00,43,0.389,4.47,-20.0
2020-05-23 10:45:00,44,0.387,4.49,-20.0
2020-05-23 10:45:00,45,0.308,4.49,-20.0
2020-05-23 10:45:00,46,0.396,4.48,-20.0
2020-05-23 10:45:00,47,0.405,4.49,-20.0
2020-05-23 10:45:00,48,0.452,4.48,-20.0
2020-05-23 10:45:00,49,0.477,4.46,21.7
2020-05-23 10:45:00,50,0.44,4.47,-20.0
2020-05-23 10:45:00,51,0.381,4.46,-20.0
2020-05-23 10:45:00,52,0.405,4.46,-20.0
2020-05-23 10:45:00,53,0.346,4.44,-20.0
2020-05-23 10:45:00,54,0.382,4.46,-20.0
2020-05-23 10:45:00,55,0.36,4.43,-20.0
2020-05-23 10:45:00,56,0.328,4.42,-20.0
2020-05-23 10:45:00,57,0.399,4.42,-20.0
2020-05-23 10:45:00,58,0.395,4.42,-20.0
2020-05-23 10:45:00,59,0.388,4.44,-20.0
2020-05-23 10:45:00,60,0.356,4.46,-20.0
2020-05-23 10:45:00,61,0.369,4.49,19.1
2020-05-23 10:45:00,62,0.333,4.49,-20.0
2020-05-23 10:45:00,63,0.395,4.48,-20.0
2020-05-23 10:45:00,64,0.391,4.45,-20.0
2020-05-23 10:45:00,65,0.352,4.44,-20.0
2020-05-23 10:45:00,66,0.387,4.45,-20.0
2020-05-23 10:45:00,67,0.345,4.43,-20.0
2020-05-23 10:45:00,68,0.4,4.45,-20.0
2020-05-23 10:45:00,69,0.406,4.44,-20.0
2020-05-23 10:45:00,70,0.376,4.46,-20.0
2020-05-23 10:45:00,71,0.323,4.48,-20.0
2020-05-23 10:45:00,72,0.406,4.47,-20.0
2020-05-23 10:45:00,73,0.444,4.51,19.6
2020-05-23 10:45:00,74,0.438,4.49,-20.0
2020-05-23 10:45:00,75,0.439,4.46,-20.0
2020-05-23 10:45:00,76,0.338,4.44,-20.0
2020-05-23 10:45:00,77,0.362,4.5,-20.0
2020-05-23 10:45:00,78,0.352,4.47,-20.0
2020-05-23 10:45:00,79,0.381,4.49,-20.0
2020-05-23 10:45:00,80,0.45,4.51,-20.0
2020-05-23 10:45:00,81,0.391,4.51,-20.0
2020-05-23 10:45:00,82,0.35,4.5,-20.0
2020-05-23 10:45:00,83,0.357,4.49,-20.0
2020-05-23 10:45:00,84,0.407,4.5,-20.0
2020-05-23 10:45:00,85,0.377,4.49,20.4
2020-05-23 10:45:00,86,0.376,4.47,-20.0
2020-05-23 10:45:00,87,0.393,4.46,-20.0
2020-05-23 10:45:00,88,0.35,4.49,-20.0
2020-05-23 10:45:00,89,0.367,4.5,-20.0
2020-05-23 10:45:00,90,0.4,4.47,-20.0
2020-05-23 10:45:00,91,0.358,4.47,-20.0
2020-05-23 10:45:00,92,0.37,4.5,-20.0
2020-05-23 10:45:00,93,0.482,4.48,-20.0
2020-05-23 10:45:00,94,0.472,4.46,-20.0
2020-05-23 10:45:00,95,0.428,4.46,-20.0
2020-05-23 10:45:00,96,0.432,4.49,-20.0
2020-05-23 22:44:19,1,0.437,4.51,22.5
2020-05-23 22:44:19,2,0.444,4.5,-20.0
2020-05-23 22:44:19,3,0.411,4.52,-20.0
2020-05-23 22:44:19,4,0.446,4.48,-20.0
2020-05-23 22:44:19,5,0.435,4.51,-20.0
2020-05-23 22:44:19,6,0.37,4.49,-20.0
2020-05-23 22:44:19,7,0.397,4.47,-20.0
2020-05-23 22:44:19,8,0.377,4.5,-20.0
2020-05-23 22:44:19,9,0.414,4.47,-20.0
2020-05-23 22:44:19,10,0.397,4.49,-20.0
2020-05-23 22:44:19,11,0.393,4.44,-20.0
2020-05-23 22:44:19,12,0.371,4.46,-20.0
2020-05-23 22:44:19,13,0.401,4.47,21.6
2020-05-23 22:44:19,14,0.352,4.48,-20.0
2020-05-23 22:44:19,15,0.399,4.52,-20.0
2020-05-23 22:44:19,16,0.426,4.52,-20.0
2020-05-23 22:44:19,17,0.392,4.48,-20.0
2020-05-23 22:44:19,18,0.391,4.48,-20.0
2020-05-23 22:44:19,19,0.393,4.47,-20.0
2020-05-23 22:44:19,20,0.4,4.48,-20.0
2020-05-23 22:44:19,21,0.43,4.47,-20.0
2020-05-23 22:44:19,22,0.41,4.46,-20.0
2020-05-23 22:44:19,23,0.386,4.47,-20.0
2020-05-23 22:44:19,24,0.394,4.48,-20.0
2020-05-23 22:44:19,25,0.344,4.49,19.4
2020-05-23 22:44:19,26,0.402,4.48,-20.0
2020-05-23 22:44:19,27,0.431,4.47,-20.0
2020-05-23 22:44:19,28,0.429,4.47,-20.0
2020-05-23 22:44:19,29,0.408,4.46,-20.0
2020-05-23 22:44:19,30,0.318,4.48,-20.0
2020-05-23 22:44:19,31,0.324,4.45,-20.0
2020-05-23 22:44:19,32,0.339,4.46,-20.0
2020-05-23 22:44:19,33,0.42,4.48,-20.0
2020-05-23 22:44:19,34,0.369,4.49,-20.0
2020-05-23 22:44:19,35,0.35,4.48,-20.0
2020-05-23 22:44:19,36,0.331,4.5,-20.0
2020-05-23 22:44:19,37,0.399,4.47,19.7
2020-05-23 22:44:19,38,0.367,4.49,-20.0
2020-05-23 22:44:19,39,0.304,4.46,-20.0
2020-05-23 22:44:19,40,0.331,4.47,-20.0
2020-05-23 22:44:19,41,0.373,4.5,-20.0
2020-05-23 22:44:19,42,0.339,4.48,-20.0
2020-05-23 22:44:19,43,0.39,4.48,-20.0
2020-05-23 22:44:19,44,0.387,4.48,-20.0
2020-05-23 22:44:19,45,0.311,4.49,-20.0
2020-05-23 22:44:19,46,0.395,4.48,-20.0
2020-05-23 22:44:19,47,0.408,4.5,-20.0
2020-05-23 22:44:19,48,0.457,4.48,-20.0
2020-05-23 22:44:19,49,0.478,4.46,21.6
2020-05-23 22:44:19,50,0.442,4.47,-20.0
2020-05-23 22:44:19,51,0.382,4.46,-20.0
2020-05-23 22:44:19,52,0.405,4.45,-20.0
2020-05-23 22:44:19,53,0.346,4.44,-20.0
2020-05-23 22:44:19,54,0.384,4.45,-20.0
2020-05-23 22:44:19,55,0.358,4.42,-20.0
2020-05-23 22:44:19,56,0.327,4.42,-20.0
2020-05-23 22:44:19,57,0.399,4.42,-20.0
2020-05-23 22:44:19,58,0.396,4.42,-20.0
2020-05-23 22:44:19,59,0.391,4.43,-20.0
2020-05-23 22:44:19,60,0.362,4.45,-20.0
2020-05-23 22:44:19,61,0.37,4.49,19.1
2020-05-23 22:44:19,62,0.327,4.49,-20.0
2020-05-23 22:44:19,63,0.387,4.48,-20.0
2020-05-23 22:44:19,64,0.387,4.45,-20.0
2020-05-23 22:44:19,65,0.34,4.45,-20.0
2020-05-23 22:44:19,66,0.384,4.45,-20.0
2020-05-23 22:44:19,67,0.341,4.42,-20.0
2020-05-23 22:44:19,68,0.39,4.45,-20.0
2020-05-23 22:44:19,69,0.404,4.44,-20.0
2020-05-23 22:44:19,70,0.369,4.45,-20.0
2020-05-23 22:44:19,71,0.322,4.47,-20.0
2020-05-23 22:44:19,72,0.406,4.47,-20.0
2020-05-23 22:44:19,73,0.451,4.5,19.6
2020-05-23 22:44:19,74,0.436,4.5,-20.0
2020-05-23 22:44:19,75,0.435,4.47,-20.0
2020-05-23 22:44:19,76,0.338,4.44,-20.0
2020-05-23 22:44:19,77,0.363,4.5,-20.0
2020-05-23 22:44:19,78,0.355,4.47,-20.0
2020-05-23 22:44:19,79,0.382,4.49,-20.0
2020-05-23 22:44:19,80,0.446,4.51,-20.0
2020-05-23 22:44:19,81,0.391,4.51,-20.0
2020-05-23 22:44:19,82,0.351,4.5,-20.0
2020-05-23 22:44:19,83,0.359,4.5,-20.0
2020-05-23 22:44:19,84,0.409,4.48,-20.0
2020-05-23 22:44:19,85,0.381,4.48,20.3
2020-05-23 22:44:19,86,0.375,4.46,-20.0
2020-05-23 22:44:19,87,0.391,4.45,-20.0
2020-05-23 22:44:19,88,0.348,4.49,-20.0
2020-05-23 22:44:19,89,0.369,4.5,-20.0
2020-05-23 22:44:19,90,0.398,4.46,-20.0
2020-05-23 22:44:19,91,0.359,4.48,-20.0
2020-05-23 22:44:19,92,0.369,4.49,-20.0
2020-05-23 22:44:19,93,0.482,4.49,-20.0
2020-05-23 22:44:19,94,0.472,4.47,-20.0
2020-05-23 22:44:19,95,0.426,4.45,-20.0
2020-05-23 22:44:19,96,0.435,4.5,-20.0
2020-05-24 10:43:27,1,0.44,4.51,22.6
2020-05-24 10:43:27,2,0.444,4.51,-20.0
2020-05-24 10:43:27,3,0.413,4.53,-20.0
2020-05-24 10:43:27,4,0.446,4.47,-20.0
2020-05-24 10:43:27,5,0.433,4.51,-20.0
2020-05-24 10:43:27,6,0.369,4.48,-20.0
2020-05-24 10:43:27,7,0.4,4.47,-20.0
2020-05-24 10:43:27,8,0.378,4.51,-20.0
2020-05-24 10:43:27,9,0.415,4.46,-20.0
2020-05-24 10:43:27,10,0.398,4.49,-20.0
2020-05-24 10:43:27,11,0.393,4.46,-20.0
2020-05-24 10:43:27,12,0.373,4.45,-20.0
2020-05-24 10:43:27,13,0.41,4.46,21.6
2020-05-24 10:43:27,14,0.364,4.48,-20.0
2020-05-24 10:43:27,15,0.398,4.51,-20.0
2020-05-24 10:43:27,16,0.426,4.51,-20.0
2020-05-24 10:43:27,17,0.407,4.48,-20.0
2020-05-24 10:43:27,18,0.416,4.48,-20.0
2020-05-24 10:43:27,19,0.412,4.46,-20.0
2020-05-24 10:43:27,20,0.399,4.49,-20.0
2020-05-24 10:43:27,21,0.432,4.47,-20.0
2020-05-24 10:43:27,22,0.321,4.46,-20.0
2020-05-24 10:43:27,23,0.416,4.47,-20.0
2020-05-24 10:43:27,24,0.416,4.48,-20.0
2020-05-24 10:43:27,25,0.343,4.5,19.4
2020-05-24 10:43:27,26,0.404,4.49,-20.0
2020-05-24 10:43:27,27,0.415,4.46,-20.0
2020-05-24 10:43:27,28,0.397,4.46,-20.0
2020-05-24 10:43:27,29,0.417,4.46,-20.0
2020-05-24 10:43:27,30,0.321,4.47,-20.0
2020-05-24 10:43:27,31,0.325,4.45,-20.0
2020-05-24 10:43:27,32,0.323,4.46,-20.0
2020-05-24 10:43:27,33,0.398,4.48,-20.0
2020-05-24 10:43:27,34,0.351,4.48,-20.0
2020-05-24 10:43:27,35,0.351,4.48,-20.0
2020-05-24 10:43:27,36,0.33,4.49,-20.0
2020-05-24 10:43:27,37,0.394,4.49,19.7
2020-05-24 10:43:27,38,0.368,4.48,-20.0
2020-05-24 10:43:27,39,0.312,4.46,-20.0
2020-05-24 10:43:27,40,0.332,4.47,-20.0
2020-05-24 10:43:27,41,0.371,4.5,-20.0
2020-05-24 10:43:27,42,0.338,4.48,-20.0
2020-05-24 10:43:27,43,0.388,4.47,-20.0
2020-05-24 10:43:27,44,0.383,4.49,-20.0
2020-05-24 10:43:27,45,0.306,4.5,-20.0
2020-05-24 10:43:27,46,0.394,4.47,-20.0
2020-05-24 10:43:27,47,0.408,4.48,-20.0
2020-05-24 10:43:27,48,0.458,4.48,-20.0
2020-05-24 10:43:27,49,0.481,4.46,21.7
2020-05-24 10:43:27,50,0.442,4.47,-20.0
2020-05-24 10:43:27,51,0.383,4.46,-20.0
2020-05-24 10:43:27,52,0.404,4.46,-20.0
2020-05-24 10:43:27,53,0.345,4.44,-20.0
2020-05-24 10:43:27,54,0.384,4.45,-20.0
2020-05-24 10:43:27,55,0.356,4.42,-20.0
2020-05-24 10:43:27,56,0.329,4.42,-20.0
2020-05-24 10:43:27,57,0.4,4.42,-20.0
2020-05-24 10:43:27,58,0.392,4.41,-20.0
2020-05-24 10:43:27,59,0.397,4.44,-20.0
2020-05-24 10:43:27,60,0.367,4.45,-20.0
2020-05-24 10:43:27,61,0.369,4.49,19.1
2020-05-24 10:43:27,62,0.327,4.49,-20.0
2020-05-24 10:43:27,63,0.391,4.47,-20.0
2020-05-24 10:43:27,64,0.393,4.45,-20.0
2020-05-24 10:43:27,65,0.345,4.44,-20.0
2020-05-24 10:43:27,66,0.385,4.45,-20.0
2020-05-24 10:43:27,67,0.342,4.42,-20.0
2020-05-24 10:43:27,68,0.397,4.45,-20.0
2020-05-24 10:43:27,69,0.41,4.44,-20.0
2020-05-24 10:43:27,70,0.375,4.45,-20.0
2020-05-24 10:43:27,71,0.323,4.48,-20.0
2020-05-24 10:43:27,72,0.408,4.48,-20.0
2020-05-24 10:43:27,73,0.458,4.51,19.6
2020-05-24 10:43:27,74,0.404,4.49,-20.0
2020-05-24 10:43:27,75,0.438,4.46,-20.0
2020-05-24 10:43:27,76,0.34,4.44,-20.0
2020-05-24 10:43:27,77,0.364,4.5,-20.0
2020-05-24 10:43:27,78,0.359,4.46,-20.0
2020-05-24 10:43:27,79,0.387,4.5,-20.0
2020-05-24 10:43:27,80,0.443,4.51,-20.0
2020-05-24 10:43:27,81,0.39,4.52,-20.0
2020-05-24 10:43:27,82,0.353,4.5,-20.0
2020-05-24 10:43:27,83,0.36,4.5,-20.0
2020-05-24 10:43:27,84,0.407,4.49,-20.0
2020-05-24 10:43:27,85,0.382,4.48,20.5
2020-05-24 10:43:27,86,0.375,4.46,-20.0
2020-05-24 10:43:27,87,0.389,4.46,-20.0
2020-05-24 10:43:27,88,0.346,4.49,-20.0
2020-05-24 10:43:27,89,0.371,4.5,-20.0
2020-05-24 10:43:27,90,0.401,4.47,-20.0
2020-05-24 10:43:27,91,0.362,4.48,-20.0
2020-05-24 10:43:27,92,0.373,4.49,-20.0
2020-05-24 10:43:27,93,0.483,4.49,-20.0
2020-05-24 10:43:27,94,0.47,4.47,-20.0
2020-05-24 10:43:27,95,0.428,4.46,-20.0
2020-05-24 10:43:27,96,0.436,4.49,-20.0
2020-05-24 22:42:38,1,0.439,4.51,22.5
2020-05-24 22:42:38,2,0.443,4.51,-20.0
2020-05-24 22:42:38,3,0.412,4.53,-20.0
2020-05-24 22:42:38,4,0.443,4.47,-20.0
2020-05-24 22:42:38,5,0.431,4.5,-20.0
2020-05-24 22:42:38,6,0.364,4.49,-20.0
2020-05-24 22:42:38,7,0.396,4.48,-20.0
2020-05-24 22:42:38,8,0.372,4.5,-20.0
2020-05-24 22:42:38,9,0.414,4.46,-20.0
2020-05-24 22:42:38,10,0.396,4.48,-20.0
2020-05-24 22:42:38,11,0.391,4.44,-20.0
2020-05-24 22:42:38,12,0.365,4.45,-20.0
2020-05-24 22:42:38,13,0.406,4.47,21.6
2020-05-24 22:42:38,14,0.362,4.48,-20.0
2020-05-24 22:42:38,15,0.398,4.51,-20.0
2020-05-24 22:42:38,16,0.426,4.51,-20.0
2020-05-24 22:42:38,17,0.397,4.48,-20.0
2020-05-24 22:42:38,18,0.413,4.48,-20.0
2020-05-24 22:42:38,19,0.408,4.47,-20.0
2020-05-24 22:42:38,20,0.398,4.47,-20.0
2020-05-24 22:42:38,21,0.427,4.48,-20.0
2020-05-24 22:42:38,22,0.345,4.46,-20.0
2020-05-24 22:42:38,23,0.418,4.47,-20.0
2020-05-24 22:42:38,24,0.415,4.48,-20.0
2020-05-24 22:42:38,25,0.341,4.49,19.4
2020-05-24 22:42:38,26,0.407,4.48,-20.0
2020-05-24 22:42:38,27,0.408,4.47,-20.0
2020-05-24 22:42:38,28,0.408,4.46,-20.0
2020-05-24 22:42:38,29,0.417,4.45,-20.0
2020-05-24 22:42:38,30,0.322,4.47,-20.0
2020-05-24 22:42:38,31,0.326,4.46,-20.0
2020-05-24 22:42:38,32,0.35,4.47,-20.0
2020-05-24 22:42:38,33,0.407,4.48,-20.0
2020-05-24 22:42:38,34,0.359,4.49,-20.0
2020-05-24 22:42:38,35,0.352,4.48,-20.0
2020-05-24 22:42:38,36,0.327,4.5,-20.0
2020-05-24 22:42:38,37,0.411,4.48,19.7
2020-05-24 22:42:38,38,0.371,4.48,-20.0
2020-05-24 22:42:38,39,0.316,4.47,-20.0
2020-05-24 22:42:38,40,0.332,4.48,-20.0
2020-05-24 22:42:38,41,0.371,4.5,-20.0
2020-05-24 22:42:38,42,0.342,4.48,-20.0
2020-05-24 22:42:38,43,0.391,4.47,-20.0
2020-05-24 22:42:38,44,0.387,4.49,-20.0
2020-05-24 22:42:38,45,0.305,4.49,-20.0
2020-05-24 22:42:38,46,0.395,4.48,-20.0
2020-05-24 22:42:38,47,0.406,4.48,-20.0
2020-05-24 22:42:38,48,0.456,4.48,-20.0
2020-05-24 22:42:38,49,0.482,4.46,21.6
2020-05-24 22:42:38,50,0.443,4.47,-20.0
2020-05-24 22:42:38,51,0.383,4.46,-20.0
2020-05-24 22:42:38,52,0.403,4.46,-20.0
2020-05-24 22:42:38,53,0.344,4.44,-20.0
2020-05-24 22:42:38,54,0.384,4.46,-20.0
2020-05-24 22:42:38,55,0.358,4.43,-20.0
2020-05-24 22:42:38,56,0.33,4.42,-20.0
2020-05-24 22:42:38,57,0.403,4.42,-20.0
2020-05-24 22:42:38,58,0.385,4.42,-20.0
2020-05-24 22:42:38,59,0.381,4.44,-20.0
2020-05-24 22:42:38,60,0.355,4.45,-20.0
2020-05-24 22:42:38,61,0.37,4.49,19.1
2020-05-24 22:42:38,62,0.327,4.49,-20.0
2020-05-24 22:42:38,63,0.382,4.47,-20.0
2020-05-24 22:42:38,64,0.392,4.45,-20.0
2020-05-24 22:42:38,65,0.335,4.44,-20.0
2020-05-24 22:42:38,66,0.383,4.45,-20.0
2020-05-24 22:42:38,67,0.337,4.43,-20.0
2020-05-24 22:42:38,68,0.394,4.45,-20.0
2020-05-24 22:42:38,69,0.412,4.44,-20.0
2020-05-24 22:42:38,70,0.378,4.46,-20.0
2020-05-24 22:42:38,71,0.322,4.48,-20.0
2020-05-24 22:42:38,72,0.409,4.48,-20.0
2020-05-24 22:42:38,73,0.464,4.5,19.6
2020-05-24 22:42:38,74,0.409,4.5,-20.0
2020-05-24 22:42:38,75,0.437,4.46,-20.0
2020-05-24 22:42:38,76,0.342,4.44,-20.0
2020-05-24 22:42:38,77,0.363,4.5,-20.0
2020-05-24 22:42:38,78,0.359,4.47,-20.0
2020-05-24 22:42:38,79,0.391,4.49,-20.0
2020-05-24 22:42:38,80,0.445,4.51,-20.0
2020-05-24 22:42:38,81,0.39,4.51,-20.0
2020-05-24 22:42:38,82,0.352,4.51,-20.0
2020-05-24 22:42:38,83,0.362,4.49,-20.0
2020-05-24 22:42:38,84,0.411,4.49,-20.0
2020-05-24 22:42:38,85,0.387,4.49,20.4
2020-05-24 22:42:38,86,0.376,4.47,-20.0
2020-05-24 22:42:38,87,0.388,4.45,-20.0
2020-05-24 22:42:38,88,0.343,4.48,-20.0
2020-05-24 22:42:38,89,0.373,4.51,-20.0
2020-05-24 22:42:38,90,0.4,4.47,-20.0
2020-05-24 22:42:38,91,0.36,4.48,-20.0
2020-05-24 22:42:38,92,0.373,4.49,-20.0
2020-05-24 22:42:38,93,0.483,4.49,-20.0
2020-05-24 22:42:38,94,0.472,4.47,-20.0
2020-05-24 22:42:38,95,0.429,4.46,-20.0
2020-05-24 22:42:38,96,0.436,4.49,-20.0
2020-05-25 10:41:50,1,0.436,4.51,22.5
2020-05-25 10:41:50,2,0.442,4.51,-20.0
2020-05-25 10:41:50,3,0.413,4.52,-20.0
2020-05-25 10:41:50,4,0.442,4.48,-20.0
2020-05-25 10:41:50,5,0.432,4.51,-20.0
2020-05-25 10:41:50,6,0.362,4.49,-20.0
2020-05-25 10:41:50,7,0.396,4.48,-20.0
2020-05-25 10:41:50,8,0.371,4.5,-20.0
2020-05-25 10:41:50,9,0.413,4.47,-20.0
2020-05-25 10:41:50,10,0.395,4.49,-20.0
2020-05-25 10:41:50,11,0.394,4.44,-20.0
2020-05-25 10:41:50,12,0.366,4.46,-20.0
2020-05-25 10:41:50,13,0.406,4.47,21.5
2020-05-25 10:41:50,14,0.361,4.48,-20.0
2020-05-25 10:41:50,15,0.398,4.52,-20.0
2020-05-25 10:41:50,16,0.428,4.51,-20.0
2020-05-25 10:41:50,17,0.41,4.47,-20.0
2020-05-25 10:41:50,18,0.42,4.49,-20.0
2020-05-25 10:41:50,19,0.41,4.46,-20.0
2020-05-25 10:41:50,20,0.401,4.48,-20.0
2020-05-25 10:41:50,21,0.427,4.47,-20.0
2020-05-25 10:41:50,22,0.478,4.46,-20.0
2020-05-25 10:41:50,23,0.438,4.47,-20.0
2020-05-25 10:41:50,24,0.43,4.48,-20.0
2020-05-25 10:41:50,25,0.34,4.5,19.4
2020-05-25 10:41:50,26,0.403,4.49,-20.0
2020-05-25 10:41:50,27,0.39,4.46,-20.0
2020-05-25 10:41:50,28,0.448,4.47,-20.0
2020-05-25 10:41:50,29,0.442,4.46,-20.0
2020-05-25 10:41:50,30,0.323,4.47,-20.0
2020-05-25 10:41:50,31,0.329,4.46,-20.0
2020-05-25 10:41:50,32,0.323,4.47,-20.0
2020-05-25 10:41:50,33,0.374,4.47,-20.0
2020-05-25 10:41:50,34,0.381,4.48,-20.0
2020-05-25 10:41:50,35,0.353,4.47,-20.0
2020-05-25 10:41:50,36,0.327,4.5,-20.0
2020-05-25 10:41:50,37,0.396,4.47,19.7
2020-05-25 10:41:50,38,0.355,4.48,-20.0
2020-05-25 10:41:50,39,0.335,4.46,-20.0
2020-05-25 10:41:50,40,0.332,4.48,-20.0
2020-05-25 10:41:50,41,0.369,4.51,-20.0
2020-05-25 10:41:50,42,0.34,4.48,-20.0
2020-05-25 10:41:50,43,0.398,4.48,-20.0
2020-05-25 10:41:50,44,0.396,4.49,-20.0
2020-05-25 10:41:50,45,0.304,4.5,-20.0
2020-05-25 10:41:50,46,0.397,4.48,-20.0
2020-05-25 10:41:50,47,0.413,4.48,-20.0
2020-05-25 10:41:50,48,0.442,4.48,-20.0
2020-05-25 10:41:50,49,0.481,4.45,21.7
2020-05-25 10:41:50,50,0.439,4.47,-20.0
2020-05-25 10:41:50,51,0.382,4.46,-20.0
2020-05-25 10:41:50,52,0.402,4.46,-20.0
2020-05-25 10:41:50,53,0.344,4.44,-20.0
2020-05-25 10:41:50,54,0.385,4.45,-20.0
2020-05-25 10:41:50,55,0.36,4.43,-20.0
2020-05-25 10:41:50,56,0.329,4.43,-20.0
2020-05-25 10:41:50,57,0.402,4.42,-20.0
2020-05-25 10:41:50,58,0.39,4.42,-20.0
2020-05-25 10:41:50,59,0.383,4.44,-20.0
2020-05-25 10:41:50,60,0.359,4.45,-20.0
2020-05-25 10:41:50,61,0.37,4.48,19.1
2020-05-25 10:41:50,62,0.331,4.49,-20.0
2020-05-25 10:41:50,63,0.383,4.48,-20.0
2020-05-25 10:41:50,64,0.394,4.45,-20.0
2020-05-25 10:41:50,65,0.346,4.45,-20.0
2020-05-25 10:41:50,66,0.385,4.45,-20.0
2020-05-25 10:41:50,67,0.338,4.42,-20.0
2020-05-25 10:41:50,68,0.397,4.45,-20.0
2020-05-25 10:41:50,69,0.416,4.44,-20.0
2020-05-25 10:41:50,70,0.385,4.46,-20.0
2020-05-25 10:41:50,71,0.323,4.48,-20.0
2020-05-25 10:41:50,72,0.41,4.48,-20.0
2020-05-25 10:41:50,73,0.488,4.51,19.6
2020-05-25 10:41:50,74,0.436,4.5,-20.0
2020-05-25 10:41:50,75,0.447,4.46,-20.0
2020-05-25 10:41:50,76,0.345,4.45,-20.0
2020-05-25 10:41:50,77,0.365,4.5,-20.0
2020-05-25 10:41:50,78,0.354,4.46,-20.0
2020-05-25 10:41:50,79,0.413,4.5,-20.0
2020-05-25 10:41:50,80,0.462,4.51,-20.0
2020-05-25 10:41:50,81,0.392,4.51,-20.0
2020-05-25 10:41:50,82,0.354,4.51,-20.0
2020-05-25 10:41:50,83,0.354,4.5,-20.0
2020-05-25 10:41:50,84,0.407,4.49,-20.0
2020-05-25 10:41:50,85,0.402,4.49,20.4
2020-05-25 10:41:50,86,0.38,4.47,-20.0
2020-05-25 10:41:50,87,0.396,4.45,-20.0
2020-05-25 10:41:50,88,0.336,4.49,-20.0
2020-05-25 10:41:50,89,0.368,4.5,-20.0
2020-05-25 10:41:50,90,0.396,4.47,-20.0
2020-05-25 10:41:50,91,0.359,4.48,-20.0
2020-05-25 10:41:50,92,0.374,4.5,-20.0
2020-05-25 10:41:50,93,0.482,4.49,-20.0
2020-05-25 10:41:50,94,0.471,4.47,-20.0
2020-05-25 10:41:50,95,0.426,4.46,-20.0
2020-05-25 10:41:50,96,0.434,4.5,-20.0
2020-05-25 22:41:07,1,0.432,4.51,22.6
2020-05-25 22:41:07,2,0.437,4.51,-20.0
2020-05-25 22:41:07,3,0.41,4.52,-20.0
2020-05-25 22:41:07,4,0.44,4.48,-20.0
2020-05-25 22:41:07,5,0.432,4.51,-20.0
2020-05-25 22:41:07,6,0.363,4.49,-20.0
2020-05-25 22:41:07,7,0.391,4.47,-20.0
2020-05-25 22:41:07,8,0.37,4.5,-20.0
2020-05-25 22:41:07,9,0.414,4.46,-20.0
2020-05-25 22:41:07,10,0.397,4.49,-20.0
2020-05-25 22:41:07,11,0.394,4.45,-20.0
2020-05-25 22:41:07,12,0.365,4.46,-20.0
2020-05-25 22:41:07,13,0.404,4.48,21.6
2020-05-25 22:41:07,14,0.358,4.49,-20.0
2020-05-25 22:41:07,15,0.401,4.51,-20.0
2020-05-25 22:41:07,16,0.427,4.53,-20.0
2020-05-25 22:41:07,17,0.405,4.47,-20.0
2020-05-25 22:41:07,18,0.409,4.49,-20.0
2020-05-25 22:41:07,19,0.402,4.46,-20.0
2020-05-25 22:41:07,20,0.402,4.48,-20.0
2020-05-25 22:41:07,21,0.431,4.49,-20.0
2020-05-25 22:41:07,22,0.425,4.46,-20.0
2020-05-25 22:41:07,23,0.434,4.48,-20.0
2020-05-25 22:41:07,24,0.415,4.48,-20.0
2020-05-25 22:41:07,25,0.341,4.49,19.4
2020-05-25 22:41:07,26,0.402,4.48,-20.0
2020-05-25 22:41:07,27,0.415,4.46,-20.0
2020-05-25 22:41:07,28,0.459,4.48,-20.0
2020-05-25 22:41:07,29,0.445,4.47,-20.0
2020-05-25 22:41:07,30,0.326,4.47,-20.0
2020-05-25 22:41:07,31,0.33,4.46,-20.0
2020-05-25 22:41:07,32,0.342,4.46,-20.0
2020-05-25 22:41:07,33,0.398,4.48,-20.0
2020-05-25 22:41:07,34,0.391,4.48,-20.0
2020-05-25 22:41:07,35,0.353,4.48,-20.0
2020-05-25 22:41:07,36,0.326,4.49,-20.0
2020-05-25 22:41:07,37,0.411,4.48,19.7
2020-05-25 22:41:07,38,0.375,4.48,-20.0
2020-05-25 22:41:07,39,0.326,4.46,-20.0
2020-05-25 22:41:07,40,0.33,4.47,-20.0
2020-05-25 22:41:07,41,0.368,4.5,-20.0
2020-05-25 22:41:07,42,0.342,4.48,-20.0
2020-05-25 22:41:07,43,0.396,4.48,-20.0
2020-05-25 22:41:07,44,0.394,4.48,-20.0
2020-05-25 22:41:07,45,0.304,4.5,-20.0
2020-05-25 22:41:07,46,0.397,4.48,-20.0
2020-05-25 22:41:07,47,0.407,4.49,-20.0
2020-05-25 22:41:07,48,0.447,4.48,-20.0
2020-05-25 22:41:07,49,0.481,4.46,21.8
2020-05-25 22:41:07,50,0.443,4.47,-20.0
2020-05-25 22:41:07,51,0.382,4.46,-20.0
2020-05-25 22:41:07,52,0.404,4.46,-20.0
2020-05-25 22:41:07,53,0.345,4.44,-20.0
2020-05-25 22:41:07,54,0.386,4.46,-20.0
2020-05-25 22:41:07,55,0.35,4.43,-20.0
2020-05-25 22:41:07,56,0.328,4.42,-20.0
2020-05-25 22:41:07,57,0.4,4.42,-20.0
2020-05-25 22:41:07,58,0.378,4.42,-20.0
2020-05-25 22:41:07,59,0.376,4.44,-20.0
2020-05-25 22:41:07,60,0.349,4.46,-20.0
2020-05-25 22:41:07,61,0.367,4.49,19.1
2020-05-25 22:41:07,62,0.331,4.49,-20.0
2020-05-25 22:41:07,63,0.389,4.47,-20.0
2020-05-25 22:41:07,64,0.403,4.45,-20.0
2020-05-25 22:41:07,65,0.356,4.44,-20.0
2020-05-25 22:41:07,66,0.386,4.44,-20.0
2020-05-25 22:41:07,67,0.338,4.42,-20.0
2020-05-25 22:41:07,68,0.396,4.45,-20.0
2020-05-25 22:41:07,69,0.416,4.45,-20.0
2020-05-25 22:41:07,70,0.38,4.46,-20.0
2020-05-25 22:41:07,71,0.323,4.48,-20.0
2020-05-25 22:41:07,72,0.414,4.48,-20.0
2020-05-25 22:41:07,73,0.478,4.5,19.7
2020-05-25 22:41:07,74,0.431,4.49,-20.0
2020-05-25 22:41:07,75,0.437,4.47,-20.0
2020-05-25 22:41:07,76,0.344,4.44,-20.0
2020-05-25 22:41:07,77,0.366,4.5,-20.0
2020-05-25 22:41:07,78,0.358,4.47,-20.0
2020-05-25 22:41:07,79,0.406,4.5,-20.0
2020-05-25 22:41:07,80,0.458,4.51,-20.0
2020-05-25 22:41:07,81,0.392,4.51,-20.0
2020-05-25 22:41:07,82,0.354,4.5,-20.0
2020-05-25 22:41:07,83,0.357,4.5,-20.0
2020-05-25 22:41:07,84,0.41,4.49,-20.0
2020-05-25 22:41:07,85,0.4,4.48,20.4
2020-05-25 22:41:07,86,0.38,4.46,-20.0
2020-05-25 22:41:07,87,0.4,4.46,-20.0
2020-05-25 22:41:07,88,0.336,4.49,-20.0
2020-05-25 22:41:07,89,0.37,4.51,-20.0
2020-05-25 22:41:07,90,0.399,4.46,-20.0
2020-05-25 22:41:07,91,0.357,4.48,-20.0
2020-05-25 22:41:07,92,0.377,4.5,-20.0
2020-05-25 22:41:07,93,0.484,4.49,-20.0
2020-05-25 22:41:07,94,0.471,4.47,-20.0
2020-05-25 22:41:07,95,0.426,4.45,-20.0
2020-05-25 22:41:07,96,0.432,4.49,-20.0
2020-05-26 10:40:21,1,0.429,4.51,22.6
2020-05-26 10:40:21,2,0.439,4.51,-20.0
2020-05-26 10:40:21,3,0.413,4.52,-20.0
2020-05-26 10:40:21,4,0.442,4.47,-20.0
2020-05-26 10:40:21,5,0.434,4.52,-20.0
2020-05-26 10:40:21,6,0.367,4.49,-20.0
2020-05-26 10:40:21,7,0.392,4.48,-20.0
2020-05-26 10:40:21,8,0.373,4.5,-20.0
2020-05-26 10:40:21,9,0.415,4.46,-20.0
2020-05-26 10:40:21,10,0.4,4.49,-20.0
2020-05-26 10:40:21,11,0.392,4.45,-20.0
2020-05-26 10:40:21,12,0.367,4.46,-20.0
2020-05-26 10:40:21,13,0.406,4.47,21.5
2020-05-26 10:40:21,14,0.357,4.49,-20.0
2020-05-26 10:40:21,15,0.4,4.52,-20.0
2020-05-26 10:40:21,16,0.428,4.52,-20.0
2020-05-26 10:40:21,17,0.4,4.49,-20.0
2020-05-26 10:40:21,18,0.408,4.49,-20.0
2020-05-26 10:40:21,19,0.402,4.46,-20.0
2020-05-26 10:40:21,20,0.402,4.48,-20.0
2020-05-26 10:40:21,21,0.432,4.48,-20.0
2020-05-26 10:40:21,22,0.425,4.47,-20.0
2020-05-26 10:40:21,23,0.435,4.47,-20.0
2020-05-26 10:40:21,24,0.422,4.49,-20.0
2020-05-26 10:40:21,25,0.34,4.5,19.3
2020-05-26 10:40:21,26,0.4,4.49,-20.0
2020-05-26 10:40:21,27,0.436,4.46,-20.0
2020-05-26 10:40:21,28,0.465,4.48,-20.0
2020-05-26 10:40:21,29,0.452,4.46,-20.0
2020-05-26 10:40:21,30,0.324,4.47,-20.0
2020-05-26 10:40:21,31,0.326,4.46,-20.0
2020-05-26 10:40:21,32,0.308,4.46,-20.0
2020-05-26 10:40:21,33,0.418,4.48,-20.0
2020-05-26 10:40:21,34,0.385,4.49,-20.0
2020-05-26 10:40:21,35,0.352,4.48,-20.0
2020-05-26 10:40:21,36,0.325,4.49,-20.0
2020-05-26 10:40:21,37,0.382,4.48,19.7
2020-05-26 10:40:21,38,0.344,4.48,-20.0
2020-05-26 10:40:21,39,0.31,4.46,-20.0
2020-05-26 10:40:21,40,0.332,4.47,-20.0
2020-05-26 10:40:21,41,0.37,4.5,-20.0
2020-05-26 10:40:21,42,0.339,4.48,-20.0
2020-05-26 10:40:21,43,0.405,4.48,-20.0
2020-05-26 10:40:21,44,0.401,4.48,-20.0
2020-05-26 10:40:21,45,0.305,4.49,-20.0
2020-05-26 10:40:21,46,0.397,4.48,-20.0
2020-05-26 10:40:21,47,0.411,4.48,-20.0
2020-05-26 10:40:21,48,0.449,4.48,-20.0
2020-05-26 10:40:21,49,0.482,4.46,21.7
2020-05-26 10:40:21,50,0.443,4.47,-20.0
2020-05-26 10:40:21,51,0.382,4.46,-20.0
2020-05-26 10:40:21,52,0.406,4.46,-20.0
2020-05-26 10:40:21,53,0.346,4.44,-20.0
2020-05-26 10:40:21,54,0.386,4.46,-20.0
2020-05-26 10:40:21,55,0.354,4.43,-20.0
2020-05-26 10:40:21,56,0.331,4.42,-20.0
2020-05-26 10:40:21,57,0.399,4.42,-20.0
2020-05-26 10:40:21,58,0.382,4.42,-20.0
2020-05-26 10:40:21,59,0.384,4.44,-20.0
2020-05-26 10:40:21,60,0.358,4.46,-20.0
2020-05-26 10:40:21,61,0.366,4.49,19.0
2020-05-26 10:40:21,62,0.333,4.49,-20.0
2020-05-26 10:40:21,63,0.393,4.47,-20.0
2020-05-26 10:40:21,64,0.404,4.45,-20.0
2020-05-26 10:40:21,65,0.353,4.45,-20.0
2020-05-26 10:40:21,66,0.385,4.45,-20.0
2020-05-26 10:40:21,67,0.341,4.42,-20.0
2020-05-26 10:40:21,68,0.399,4.46,-20.0
2020-05-26 10:40:21,69,0.416,4.45,-20.0
2020-05-26 10:40:21,70,0.38,4.46,-20.0
2020-05-26 10:40:21,71,0.32,4.48,-20.0
2020-05-26 10:40:21,72,0.415,4.47,-20.0
2020-05-26 10:40:21,73,0.474,4.5,19.6
2020-05-26 10:40:21,74,0.431,4.5,-20.0
2020-05-26 10:40:21,75,0.433,4.46,-20.0
2020-05-26 10:40:21,76,0.342,4.44,-20.0
2020-05-26 10:40:21,77,0.365,4.5,-20.0
2020-05-26 10:40:21,78,0.359,4.46,-20.0
2020-05-26 10:40:21,79,0.402,4.5,-20.0
2020-05-26 10:40:21,80,0.452,4.51,-20.0
2020-05-26 10:40:21,81,0.39,4.51,-20.0
2020-05-26 10:40:21,82,0.354,4.5,-20.0
2020-05-26 10:40:21,83,0.359,4.51,-20.0
2020-05-26 10:40:21,84,0.408,4.48,-20.0
2020-05-26 10:40:21,85,0.396,4.48,20.4
2020-05-26 10:40:21,86,0.377,4.47,-20.0
2020-05-26 10:40:21,87,0.403,4.45,-20.0
2020-05-26 10:40:21,88,0.332,4.49,-20.0
2020-05-26 10:40:21,89,0.372,4.5,-20.0
2020-05-26 10:40:21,90,0.399,4.47,-20.0
2020-05-26 10:40:21,91,0.359,4.48,-20.0
2020-05-26 10:40:21,92,0.372,4.5,-20.0
2020-05-26 10:40:21,93,0.481,4.49,-20.0
2020-05-26 10:40:21,94,0.469,4.46,-20.0
2020-05-26 10:40:21,95,0.419,4.45,-20.0
2020-05-26 10:40:21,96,0.427,4.49,-20.0
2020-05-27 02:57:17,1,0.43,4.51,22.6
2020-05-27 02:57:17,2,0.439,4.51,-20.0
2020-05-27 02:57:17,3,0.414,4.53,-20.0
2020-05-27 02:57:17,4,0.444,4.47,-20.0
2020-05-27 02:57:17,5,0.434,4.52,-20.0
2020-05-27 02:57:17,6,0.366,4.49,-20.0
2020-05-27 02:57:17,7,0.395,4.48,-20.0
2020-05-27 02:57:17,8,0.378,4.5,-20.0
2020-05-27 02:57:17,9,0.413,4.48,-20.0
2020-05-27 02:57:17,10,0.399,4.48,-20.0
2020-05-27 02:57:17,11,0.395,4.45,-20.0
2020-05-27 02:57:17,12,0.369,4.45,-20.0
2020-05-27 02:57:17,13,0.405,4.48,21.6
2020-05-27 02:57:17,14,0.358,4.48,-20.0
2020-05-27 02:57:17,15,0.402,4.52,-20.0
2020-05-27 02:57:17,16,0.426,4.52,-20.0
2020-05-27 02:57:17,17,0.403,4.48,-20.0
2020-05-27 02:57:17,18,0.406,4.49,-20.0
2020-05-27 02:57:17,19,0.401,4.47,-20.0
2020-05-27 02:57:17,20,0.401,4.48,-20.0
2020-05-27 02:57:17,21,0.432,4.47,-20.0
2020-05-27 02:57:17,22,0.421,4.45,-20.0
2020-05-27 02:57:17,23,0.425,4.47,-20.0
2020-05-27 02:57:17,24,0.417,4.48,-20.0
2020-05-27 02:57:17,25,0.34,4.49,19.3
2020-05-27 02:57:17,26,0.397,4.48,-20.0
2020-05-27 02:57:17,27,0.445,4.47,-20.0
2020-05-27 02:57:17,28,0.457,4.48,-20.0
2020-05-27 02:57:17,29,0.446,4.46,-20.0
2020-05-27 02:57:17,30,0.324,4.47,-20.0
2020-05-27 02:57:17,31,0.328,4.45,-20.0
2020-05-27 02:57:17,32,0.316,4.47,-20.0
2020-05-27 02:57:17,33,0.42,4.48,-20.0
2020-05-27 02:57:17,34,0.374,4.48,-20.0
2020-05-27 02:57:17,35,0.349,4.48,-20.0
2020-05-27 02:57:17,36,0.325,4.5,-20.0
2020-05-27 02:57:17,37,0.38,4.47,19.7
2020-05-27 02:57:17,38,0.336,4.49,-20.0
2020-05-27 02:57:17,39,0.305,4.46,-20.0
2020-05-27 02:57:17,40,0.333,4.46,-20.0
2020-05-27 02:57:17,41,0.37,4.5,-20.0
2020-05-27 02:57:17,42,0.33,4.48,-20.0
2020-05-27 02:57:17,43,0.403,4.47,-20.0
2020-05-27 02:57:17,44,0.395,4.49,-20.0
2020-05-27 02:57:17,45,0.307,4.49,-20.0
2020-05-27 02:57:17,46,0.397,4.48,-20.0
2020-05-27 02:57:17,47,0.412,4.48,-20.0
2020-05-27 02:57:17,48,0.448,4.48,-20.0
2020-05-27 02:57:17,49,0.48,4.46,21.7
2020-05-27 02:57:17,50,0.443,4.47,-20.0
2020-05-27 02:57:17,51,0.381,4.46,-20.0
2020-05-27 02:57:17,52,0.404,4.45,-20.0
2020-05-27 02:57:17,53,0.346,4.44,-20.0
2020-05-27 02:57:17,54,0.385,4.46,-20.0
2020-05-27 02:57:17,55,0.353,4.43,-20.0
2020-05-27 02:57:17,56,0.333,4.42,-20.0
2020-05-27 02:57:17,57,0.397,4.42,-20.0
2020-05-27 02:57:17,58,0.386,4.42,-20.0
2020-05-27 02:57:17,59,0.388,4.44,-20.0
2020-05-27 02:57:17,60,0.364,4.45,-20.0
2020-05-27 02:57:17,61,0.368,4.49,19.1
2020-05-27 02:57:17,62,0.333,4.49,-20.0
2020-05-27 02:57:17,63,0.398,4.47,-20.0
2020-05-27 02:57:17,64,0.405,4.45,-20.0
2020-05-27 02:57:17,65,0.356,4.44,-20.0
2020-05-27 02:57:17,66,0.385,4.44,-20.0
2020-05-27 02:57:17,67,0.341,4.43,-20.0
2020-05-27 02:57:17,68,0.402,4.45,-20.0
2020-05-27 02:57:17,69,0.415,4.44,-20.0
2020-05-27 02:57:17,70,0.382,4.46,-20.0
2020-05-27 02:57:17,71,0.32,4.47,-20.0
2020-05-27 02:57:17,72,0.413,4.48,-20.0
2020-05-27 02:57:17,73,0.472,4.51,19.6
2020-05-27 02:57:17,74,0.434,4.49,-20.0
2020-05-27 02:57:17,75,0.43,4.47,-20.0
2020-05-27 02:57:17,76,0.345,4.44,-20.0
2020-05-27 02:57:17,77,0.367,4.5,-20.0
2020-05-27 02:57:17,78,0.361,4.47,-20.0
2020-05-27 02:57:17,79,0.4,4.5,-20.0
2020-05-27 02:57:17,80,0.451,4.51,-20.0
2020-05-27 02:57:17,81,0.393,4.51,-20.0
2020-05-27 02:57:17,82,0.351,4.5,-20.0
2020-05-27 02:57:17,83,0.357,4.5,-20.0
2020-05-27 02:57:17,84,0.406,4.49,-20.0
2020-05-27 02:57:17,85,0.392,4.49,20.4
2020-05-27 02:57:17,86,0.375,4.46,-20.0
2020-05-27 02:57:17,87,0.398,4.46,-20.0
2020-05-27 02:57:17,88,0.332,4.49,-20.0
2020-05-27 02:57:17,89,0.367,4.5,-20.0
2020-05-27 02:57:17,90,0.393,4.47,-20.0
2020-05-27 02:57:17,91,0.358,4.48,-20.0
2020-05-27 02:57:17,92,0.372,4.49,-20.0
2020-05-27 02:57:17,93,0.478,4.48,-20.0
2020-05-27 02:57:17,94,0.472,4.47,-20.0
2020-05-27 02:57:17,95,0.42,4.45,-20.0
2020-05-27 02:57:17,96,0.425,4.49,-20.0
2020-05-27 14:56:47,1,0.431,4.51,22.6
2020-05-27 14:56:47,2,0.44,4.51,-20.0
2020-05-27 14:56:47,3,0.417,4.53,-20.0
2020-05-27 14:56:47,4,0.446,4.48,-20.0
2020-05-27 14:56:47,5,0.435,4.51,-20.0
2020-05-27 14:56:47,6,0.368,4.5,-20.0
2020-05-27 14:56:47,7,0.395,4.48,-20.0
2020-05-27 14:56:47,8,0.377,4.49,-20.0
2020-05-27 14:56:47,9,0.412,4.46,-20.0
2020-05-27 14:56:47,10,0.397,4.49,-20.0
2020-05-27 14:56:47,11,0.394,4.43,-20.0
2020-05-27 14:56:47,12,0.367,4.45,-20.0
2020-05-27 14:56:47,13,0.401,4.46,21.6
2020-05-27 14:56:47,14,0.358,4.47,-20.0
2020-05-27 14:56:47,15,0.4,4.51,-20.0
2020-05-27 14:56:47,16,0.426,4.52,-20.0
2020-05-27 14:56:47,17,0.399,4.48,-20.0
2020-05-27 14:56:47,18,0.402,4.49,-20.0
2020-05-27 14:56:47,19,0.401,4.48,-20.0
2020-05-27 14:56:47,20,0.402,4.48,-20.0
2020-05-27 14:56:47,21,0.43,4.48,-20.0
2020-05-27 14:56:47,22,0.418,4.46,-20.0
2020-05-27 14:56:47,23,0.418,4.47,-20.0
2020-05-27 14:56:47,24,0.412,4.49,-20.0
2020-05-27 14:56:47,25,0.342,4.5,19.4
2020-05-27 14:56:47,26,0.401,4.49,-20.0
2020-05-27 14:56:47,27,0.45,4.46,-20.0
2020-05-27 14:56:47,28,0.456,4.47,-20.0
2020-05-27 14:56:47,29,0.436,4.45,-20.0
2020-05-27 14:56:47,30,0.327,4.47,-20.0
2020-05-27 14:56:47,31,0.329,4.46,-20.0
2020-05-27 14:56:47,32,0.32,4.46,-20.0
2020-05-27 14:56:47,33,0.419,4.48,-20.0
2020-05-27 14:56:47,34,0.374,4.48,-20.0
2020-05-27 14:56:47,35,0.35,4.48,-20.0
2020-05-27 14:56:47,36,0.323,4.49,-20.0
2020-05-27 14:56:47,37,0.386,4.47,19.8
2020-05-27 14:56:47,38,0.344,4.49,-20.0
2020-05-27 14:56:47,39,0.311,4.47,-20.0
2020-05-27 14:56:47,40,0.333,4.47,-20.0
2020-05-27 14:56:47,41,0.372,4.51,-20.0
2020-05-27 14:56:47,42,0.332,4.48,-20.0
2020-05-27 14:56:47,43,0.399,4.48,-20.0
2020-05-27 14:56:47,44,0.394,4.49,-20.0
2020-05-27 14:56:47,45,0.307,4.49,-20.0
2020-05-27 14:56:47,46,0.393,4.48,-20.0
2020-05-27 14:56:47,47,0.411,4.48,-20.0
2020-05-27 14:56:47,48,0.45,4.48,-20.0
2020-05-27 14:56:47,49,0.481,4.46,21.8
2020-05-27 14:56:47,50,0.442,4.47,-20.0
2020-05-27 14:56:47,51,0.383,4.46,-20.0
2020-05-27 14:56:47,52,0.405,4.46,-20.0
2020-05-27 14:56:47,53,0.345,4.45,-20.0
2020-05-27 14:56:47,54,0.386,4.46,-20.0
2020-05-27 14:56:47,55,0.357,4.43,-20.0
2020-05-27 14:56:47,56,0.332,4.42,-20.0
2020-05-27 14:56:47,57,0.398,4.42,-20.0
2020-05-27 14:56:47,58,0.387,4.42,-20.0
2020-05-27 14:56:47,59,0.394,4.43,-20.0
2020-05-27 14:56:47,60,0.368,4.45,-20.0
2020-05-27 14:56:47,61,0.366,4.49,19.1
2020-05-27 14:56:47,62,0.333,4.49,-20.0
2020-05-27 14:56:47,63,0.405,4.47,-20.0
2020-05-27 14:56:47,64,0.405,4.45,-20.0
2020-05-27 14:56:47,65,0.356,4.44,-20.0
2020-05-27 14:56:47,66,0.385,4.45,-20.0
2020-05-27 14:56:47,67,0.344,4.43,-20.0
2020-05-27 14:56:47,68,0.4,4.45,-20.0
2020-05-27 14:56:47,69,0.415,4.44,-20.0
2020-05-27 14:56:47,70,0.386,4.46,-20.0
2020-05-27 14:56:47,71,0.319,4.47,-20.0
2020-05-27 14:56:47,72,0.413,4.48,-20.0
2020-05-27 14:56:47,73,0.47,4.5,19.6
2020-05-27 14:56:47,74,0.435,4.49,-20.0
2020-05-27 14:56:47,75,0.426,4.46,-20.0
2020-05-27 14:56:47,76,0.344,4.44,-20.0
2020-05-27 14:56:47,77,0.368,4.51,-20.0
2020-05-27 14:56:47,78,0.365,4.47,-20.0
2020-05-27 14:56:47,79,0.399,4.49,-20.0
2020-05-27 14:56:47,80,0.446,4.51,-20.0
2020-05-27 14:56:47,81,0.395,4.51,-20.0
2020-05-27 14:56:47,82,0.351,4.51,-20.0
2020-05-27 14:56:47,83,0.36,4.5,-20.0
2020-05-27 14:56:47,84,0.408,4.5,-20.0
2020-05-27 14:56:47,85,0.389,4.49,20.4
2020-05-27 14:56:47,86,0.373,4.47,-20.0
2020-05-27 14:56:47,87,0.398,4.46,-20.0
2020-05-27 14:56:47,88,0.333,4.48,-20.0
2020-05-27 14:56:47,89,0.369,4.51,-20.0
2020-05-27 14:56:47,90,0.397,4.47,-20.0
2020-05-27 14:56:47,91,0.358,4.47,-20.0
2020-05-27 14:56:47,92,0.374,4.49,-20.0
2020-05-27 14:56:47,93,0.481,4.49,-20.0
2020-05-27 14:56:47,94,0.468,4.46,-20.0
2020-05-27 14:56:47,95,0.42,4.45,-20.0
2020-05-27 14:56:47,96,0.426,4.49,-20.0
2020-05-28 02:56:11,1,0.432,4.51,22.6
2020-05-28 02:56:11,2,0.439,4.51,-20.0
2020-05-28 02:56:11,3,0.416,4.52,-20.0
2020-05-28 02:56:11,4,0.445,4.47,-20.0
2020-05-28 02:56:11,5,0.433,4.5,-20.0
2020-05-28 02:56:11,6,0.368,4.49,-20.0
2020-05-28 02:56:11,7,0.396,4.48,-20.0
2020-05-28 02:56:11,8,0.375,4.5,-20.0
2020-05-28 02:56:11,9,0.411,4.47,-20.0
2020-05-28 02:56:11,10,0.395,4.49,-20.0
2020-05-28 02:56:11,11,0.395,4.45,-20.0
2020-05-28 02:56:11,12,0.366,4.46,-20.0
2020-05-28 02:56:11,13,0.401,4.46,21.6
2020-05-28 02:56:11,14,0.358,4.48,-20.0
2020-05-28 02:56:11,15,0.401,4.51,-20.0
2020-05-28 02:56:11,16,0.424,4.51,-20.0
2020-05-28 02:56:11,17,0.396,4.48,-20.0
2020-05-28 02:56:11,18,0.4,4.49,-20.0
2020-05-28 02:56:11,19,0.402,4.46,-20.0
2020-05-28 02:56:11,20,0.403,4.47,-20.0
2020-05-28 02:56:11,21,0.429,4.48,-20.0
2020-05-28 02:56:11,22,0.415,4.46,-20.0
2020-05-28 02:56:11,23,0.412,4.47,-20.0
2020-05-28 02:56:11,24,0.401,4.49,-20.0
2020-05-28 02:56:11,25,0.341,4.49,19.4
2020-05-28 02:56:11,26,0.4,4.48,-20.0
2020-05-28 02:56:11,27,0.438,4.46,-20.0
2020-05-28 02:56:11,28,0.444,4.47,-20.0
2020-05-28 02:56:11,29,0.42,4.46,-20.0
2020-05-28 02:56:11,30,0.319,4.47,-20.0
2020-05-28 02:56:11,31,0.324,4.46,-20.0
2020-05-28 02:56:11,32,0.312,4.46,-20.0
2020-05-28 02:56:11,33,0.413,4.48,-20.0
2020-05-28 02:56:11,34,0.365,4.49,-20.0
2020-05-28 02:56:11,35,0.353,4.48,-20.0
2020-05-28 02:56:11,36,0.321,4.49,-20.0
2020-05-28 02:56:11,37,0.391,4.48,19.8
2020-05-28 02:56:11,38,0.354,4.49,-20.0
2020-05-28 02:56:11,39,0.316,4.47,-20.0
2020-05-28 02:56:11,40,0.332,4.47,-20.0
2020-05-28 02:56:11,41,0.373,4.5,-20.0
2020-05-28 02:56:11,42,0.333,4.48,-20.0
2020-05-28 02:56:11,43,0.395,4.47,-20.0
2020-05-28 02:56:11,44,0.393,4.49,-20.0
2020-05-28 02:56:11,45,0.306,4.49,-20.0
2020-05-28 02:56:11,46,0.396,4.49,-20.0
2020-05-28 02:56:11,47,0.405,4.48,-20.0
2020-05-28 02:56:11,48,0.448,4.48,-20.0
2020-05-28 02:56:11,49,0.481,4.46,21.8
2020-05-28 02:56:11,50,0.443,4.47,-20.0
2020-05-28 02:56:11,51,0.379,4.47,-20.0
2020-05-28 02:56:11,52,0.404,4.45,-20.0
2020-05-28 02:56:11,53,0.346,4.44,-20.0
2020-05-28 02:56:11,54,0.386,4.45,-20.0
2020-05-28 02:56:11,55,0.359,4.43,-20.0
2020-05-28 02:56:11,56,0.331,4.42,-20.0
2020-05-28 02:56:11,57,0.396,4.42,-20.0
2020-05-28 02:56:11,58,0.387,4.42,-20.0
2020-05-28 02:56:11,59,0.399,4.44,-20.0
2020-05-28 02:56:11,60,0.374,4.45,-20.0
2020-05-28 02:56:11,61,0.365,4.49,19.2
2020-05-28 02:56:11,62,0.333,4.49,-20.0
2020-05-28 02:56:11,63,0.41,4.48,-20.0
2020-05-28 02:56:11,64,0.408,4.45,-20.0
2020-05-28 02:56:11,65,0.358,4.44,-20.0
2020-05-28 02:56:11,66,0.384,4.45,-20.0
2020-05-28 02:56:11,67,0.344,4.43,-20.0
2020-05-28 02:56:11,68,0.401,4.45,-20.0
2020-05-28 02:56:11,69,0.416,4.45,-20.0
2020-05-28 02:56:11,70,0.384,4.46,-20.0
2020-05-28 02:56:11,71,0.32,4.47,-20.0
2020-05-28 02:56:11,72,0.415,4.47,-20.0
2020-05-28 02:56:11,73,0.471,4.51,19.6
2020-05-28 02:56:11,74,0.424,4.49,-20.0
2020-05-28 02:56:11,75,0.428,4.45,-20.0
2020-05-28 02:56:11,76,0.343,4.44,-20.0
2020-05-28 02:56:11,77,0.366,4.5,-20.0
2020-05-28 02:56:11,78,0.36,4.47,-20.0
2020-05-28 02:56:11,79,0.397,4.5,-20.0
2020-05-28 02:56:11,80,0.445,4.51,-20.0
2020-05-28 02:56:11,81,0.392,4.51,-20.0
2020-05-28 02:56:11,82,0.352,4.5,-20.0
2020-05-28 02:56:11,83,0.36,4.5,-20.0
2020-05-28 02:56:11,84,0.408,4.48,-20.0
2020-05-28 02:56:11,85,0.388,4.48,20.4
2020-05-28 02:56:11,86,0.375,4.47,-20.0
2020-05-28 02:56:11,87,0.398,4.45,-20.0
2020-05-28 02:56:11,88,0.334,4.48,-20.0
2020-05-28 02:56:11,89,0.37,4.5,-20.0
2020-05-28 02:56:11,90,0.4,4.47,-20.0
2020-05-28 02:56:11,91,0.358,4.48,-20.0
2020-05-28 02:56:11,92,0.375,4.5,-20.0
2020-05-28 02:56:11,93,0.482,4.48,-20.0
2020-05-28 02:56:11,94,0.47,4.47,-20.0
2020-05-28 02:56:11,95,0.426,4.46,-20.0
2020-05-28 02:56:11,96,0.428,4.49,-20.0
2020-05-28 14:55:33,1,0.434,4.51,22.6
2020-05-28 14:55:33,2,0.441,4.51,-20.0
2020-05-28 14:55:33,3,0.419,4.53,-20.0
2020-05-28 14:55:33,4,0.446,4.47,-20.0
2020-05-28 14:55:33,5,0.436,4.51,-20.0
2020-05-28 14:55:33,6,0.369,4.49,-20.0
2020-05-28 14:55:33,7,0.398,4.48,-20.0
2020-05-28 14:55:33,8,0.378,4.5,-20.0
2020-05-28 14:55:33,9,0.412,4.46,-20.0
2020-05-28 14:55:33,10,0.396,4.49,-20.0
2020-05-28 14:55:33,11,0.398,4.46,-20.0
2020-05-28 14:55:33,12,0.368,4.46,-20.0
2020-05-28 14:55:33,13,0.4,4.48,21.6
2020-05-28 14:55:33,14,0.357,4.48,-20.0
2020-05-28 14:55:33,15,0.401,4.51,-20.0
2020-05-28 14:55:33,16,0.425,4.52,-20.0
2020-05-28 14:55:33,17,0.396,4.47,-20.0
2020-05-28 14:55:33,18,0.4,4.48,-20.0
2020-05-28 14:55:33,19,0.402,4.46,-20.0
2020-05-28 14:55:33,20,0.402,4.48,-20.0
2020-05-28 14:55:33,21,0.43,4.47,-20.0
2020-05-28 14:55:33,22,0.412,4.46,-20.0
2020-05-28 14:55:33,23,0.409,4.47,-20.0
2020-05-28 14:55:33,24,0.399,4.49,-20.0
2020-05-28 14:55:33,25,0.343,4.49,19.4
2020-05-28 14:55:33,26,0.401,4.48,-20.0
2020-05-28 14:55:33,27,0.441,4.45,-20.0
2020-05-28 14:55:33,28,0.441,4.47,-20.0
2020-05-28 14:55:33,29,0.421,4.47,-20.0
2020-05-28 14:55:33,30,0.323,4.47,-20.0
2020-05-28 14:55:33,31,0.325,4.45,-20.0
2020-05-28 14:55:33,32,0.324,4.46,-20.0
2020-05-28 14:55:33,33,0.417,4.48,-20.0
2020-05-28 14:55:33,34,0.368,4.49,-20.0
2020-05-28 14:55:33,35,0.35,4.48,-20.0
2020-05-28 14:55:33,36,0.322,4.5,-20.0
2020-05-28 14:55:33,37,0.395,4.48,19.8
2020-05-28 14:55:33,38,0.361,4.48,-20.0
2020-05-28 14:55:33,39,0.32,4.47,-20.0
2020-05-28 14:55:33,40,0.332,4.47,-20.0
2020-05-28 14:55:33,41,0.371,4.5,-20.0
2020-05-28 14:55:33,42,0.338,4.48,-20.0
2020-05-28 14:55:33,43,0.395,4.47,-20.0
2020-05-28 14:55:33,44,0.391,4.48,-20.0
2020-05-28 14:55:33,45,0.306,4.5,-20.0
2020-05-28 14:55:33,46,0.394,4.48,-20.0
2020-05-28 14:55:33,47,0.406,4.48,-20.0
2020-05-28 14:55:33,48,0.449,4.48,-20.0
2020-05-28 14:55:33,49,0.483,4.46,21.8
2020-05-28 14:55:33,50,0.444,4.46,-20.0
2020-05-28 14:55:33,51,0.379,4.46,-20.0
2020-05-28 14:55:33,52,0.404,4.46,-20.0
2020-05-28 14:55:33,53,0.348,4.45,-20.0
2020-05-28 14:55:33,54,0.384,4.45,-20.0
2020-05-28 14:55:33,55,0.363,4.43,-20.0
2020-05-28 14:55:33,56,0.332,4.42,-20.0
2020-05-28 14:55:33,57,0.394,4.42,-20.0
2020-05-28 14:55:33,58,0.391,4.42,-20.0
2020-05-28 14:55:33,59,0.402,4.44,-20.0
2020-05-28 14:55:33,60,0.377,4.45,-20.0
2020-05-28 14:55:33,61,0.366,4.49,19.2
2020-05-28 14:55:33,62,0.331,4.49,-20.0
2020-05-28 14:55:33,63,0.411,4.47,-20.0
2020-05-28 14:55:33,64,0.404,4.46,-20.0
2020-05-28 14:55:33,65,0.355,4.44,-20.0
2020-05-28 14:55:33,66,0.384,4.45,-20.0
2020-05-28 14:55:33,67,0.345,4.43,-20.0
2020-05-28 14:55:33,68,0.404,4.45,-20.0
2020-05-28 14:55:33,69,0.415,4.45,-20.0
2020-05-28 14:55:33,70,0.383,4.46,-20.0
2020-05-28 14:55:33,71,0.319,4.47,-20.0
2020-05-28 14:55:33,72,0.414,4.48,-20.0
2020-05-28 14:55:33,73,0.471,4.51,19.6
2020-05-28 14:55:33,74,0.427,4.49,-20.0
2020-05-28 14:55:33,75,0.427,4.46,-20.0
2020-05-28 14:55:33,76,0.343,4.44,-20.0
2020-05-28 14:55:33,77,0.361,4.5,-20.0
2020-05-28 14:55:33,78,0.365,4.46,-20.0
2020-05-28 14:55:33,79,0.398,4.49,-20.0
2020-05-28 14:55:33,80,0.447,4.5,-20.0
2020-05-28 14:55:33,81,0.393,4.51,-20.0
2020-05-28 14:55:33,82,0.353,4.5,-20.0
2020-05-28 14:55:33,83,0.362,4.5,-20.0
2020-05-28 14:55:33,84,0.408,4.49,-20.0
2020-05-28 14:55:33,85,0.386,4.48,20.5
2020-05-28 14:55:33,86,0.372,4.47,-20.0
2020-05-28 14:55:33,87,0.398,4.45,-20.0
2020-05-28 14:55:33,88,0.335,4.49,-20.0
2020-05-28 14:55:33,89,0.368,4.5,-20.0
2020-05-28 14:55:33,90,0.402,4.47,-20.0
2020-05-28 14:55:33,91,0.358,4.48,-20.0
2020-05-28 14:55:33,92,0.372,4.49,-20.0
2020-05-28 14:55:33,93,0.485,4.49,-20.0
2020-05-28 14:55:33,94,0.469,4.46,-20.0
2020-05-28 14:55:33,95,0.426,4.46,-20.0
2020-05-28 14:55:33,96,0.431,4.49,-20.0
2020-05-29 02:55:01,1,0.432,4.51,22.6
2020-05-29 02:55:01,2,0.441,4.51,-20.0
2020-05-29 02:55:01,3,0.418,4.53,-20.0
2020-05-29 02:55:01,4,0.447,4.47,-20.0
2020-05-29 02:55:01,5,0.436,4.5,-20.0
2020-05-29 02:55:01,6,0.369,4.48,-20.0
2020-05-29 02:55:01,7,0.396,4.48,-20.0
2020-05-29 02:55:01,8,0.378,4.49,-20.0
2020-05-29 02:55:01,9,0.411,4.47,-20.0
2020-05-29 02:55:01,10,0.396,4.49,-20.0
2020-05-29 02:55:01,11,0.401,4.45,-20.0
2020-05-29 02:55:01,12,0.362,4.46,-20.0
2020-05-29 02:55:01,13,0.397,4.47,21.7
2020-05-29 02:55:01,14,0.354,4.48,-20.0
2020-05-29 02:55:01,15,0.402,4.5,-20.0
2020-05-29 02:55:01,16,0.424,4.51,-20.0
2020-05-29 02:55:01,17,0.394,4.48,-20.0
2020-05-29 02:55:01,18,0.398,4.49,-20.0
2020-05-29 02:55:01,19,0.398,4.46,-20.0
2020-05-29 02:55:01,20,0.398,4.47,-20.0
2020-05-29 02:55:01,21,0.429,4.47,-20.0
2020-05-29 02:55:01,22,0.412,4.46,-20.0
2020-05-29 02:55:01,23,0.405,4.48,-20.0
2020-05-29 02:55:01,24,0.399,4.48,-20.0
2020-05-29 02:55:01,25,0.344,4.49,19.4
2020-05-29 02:55:01,26,0.402,4.48,-20.0
2020-05-29 02:55:01,27,0.44,4.47,-20.0
2020-05-29 02:55:01,28,0.437,4.47,-20.0
2020-05-29 02:55:01,29,0.421,4.46,-20.0
2020-05-29 02:55:01,30,0.322,4.47,-20.0
2020-05-29 02:55:01,31,0.324,4.46,-20.0
2020-05-29 02:55:01,32,0.332,4.46,-20.0
2020-05-29 02:55:01,33,0.417,4.47,-20.0
2020-05-29 02:55:01,34,0.371,4.49,-20.0
2020-05-29 02:55:01,35,0.351,4.48,-20.0
2020-05-29 02:55:01,36,0.321,4.49,-20.0
2020-05-29 02:55:01,37,0.404,4.47,19.8
2020-05-29 02:55:01,38,0.366,4.48,-20.0
2020-05-29 02:55:01,39,0.323,4.47,-20.0
2020-05-29 02:55:01,40,0.332,4.47,-20.0
2020-05-29 02:55:01,41,0.37,4.5,-20.0
2020-05-29 02:55:01,42,0.342,4.48,-20.0
2020-05-29 02:55:01,43,0.394,4.48,-20.0
2020-05-29 02:55:01,44,0.39,4.49,-20.0
2020-05-29 02:55:01,45,0.306,4.49,-20.0
2020-05-29 02:55:01,46,0.393,4.49,-20.0
2020-05-29 02:55:01,47,0.407,4.47,-20.0
2020-05-29 02:55:01,48,0.447,4.48,-20.0
2020-05-29 02:55:01,49,0.485,4.46,21.8
2020-05-29 02:55:01,50,0.441,4.47,-20.0
2020-05-29 02:55:01,51,0.381,4.47,-20.0
2020-05-29 02:55:01,52,0.405,4.46,-20.0
2020-05-29 02:55:01,53,0.348,4.44,-20.0
2020-05-29 02:55:01,54,0.385,4.46,-20.0
2020-05-29 02:55:01,55,0.36,4.42,-20.0
2020-05-29 02:55:01,56,0.332,4.42,-20.0
2020-05-29 02:55:01,57,0.397,4.42,-20.0
2020-05-29 02:55:01,58,0.392,4.42,-20.0
2020-05-29 02:55:01,59,0.402,4.44,-20.0
2020-05-29 02:55:01,60,0.379,4.45,-20.0
2020-05-29 02:55:01,61,0.369,4.48,19.2
2020-05-29 02:55:01,62,0.332,4.49,-20.0
2020-05-29 02:55:01,63,0.413,4.48,-20.0
2020-05-29 02:55:01,64,0.405,4.45,-20.0
2020-05-29 02:55:01,65,0.342,4.44,-20.0
2020-05-29 02:55:01,66,0.384,4.45,-20.0
2020-05-29 02:55:01,67,0.341,4.42,-20.0
2020-05-29 02:55:01,68,0.396,4.45,-20.0
2020-05-29 02:55:01,69,0.41,4.45,-20.0
2020-05-29 02:55:01,70,0.37,4.46,-20.0
2020-05-29 02:55:01,71,0.317,4.47,-20.0
2020-05-29 02:55:01,72,0.413,4.48,-20.0
2020-05-29 02:55:01,73,0.473,4.5,19.6
2020-05-29 02:55:01,74,0.431,4.49,-20.0
2020-05-29 02:55:01,75,0.429,4.46,-20.0
2020-05-29 02:55:01,76,0.343,4.44,-20.0
2020-05-29 02:55:01,77,0.361,4.5,-20.0
2020-05-29 02:55:01,78,0.365,4.46,-20.0
2020-05-29 02:55:01,79,0.395,4.5,-20.0
2020-05-29 02:55:01,80,0.446,4.51,-20.0
2020-05-29 02:55:01,81,0.394,4.51,-20.0
2020-05-29 02:55:01,82,0.354,4.51,-20.0
2020-05-29 02:55:01,83,0.363,4.5,-20.0
2020-05-29 02:55:01,84,0.41,4.49,-20.0
2020-05-29 02:55:01,85,0.39,4.48,20.4
2020-05-29 02:55:01,86,0.375,4.46,-20.0
2020-05-29 02:55:01,87,0.397,4.45,-20.0
2020-05-29 02:55:01,88,0.337,4.49,-20.0
2020-05-29 02:55:01,89,0.371,4.5,-20.0
2020-05-29 02:55:01,90,0.403,4.47,-20.0
2020-05-29 02:55:01,91,0.358,4.48,-20.0
2020-05-29 02:55:01,92,0.373,4.5,-20.0
2020-05-29 02:55:01,93,0.485,4.49,-20.0
2020-05-29 02:55:01,94,0.47,4.47,-20.0
2020-05-29 02:55:01,95,0.426,4.45,-20.0
2020-05-29 02:55:01,96,0.431,4.49,-20.0
2020-05-29 14:54:29,1,0.432,4.5,22.6
2020-05-29 14:54:29,2,0.441,4.51,-20.0
2020-05-29 14:54:29,3,0.417,4.53,-20.0
2020-05-29 14:54:29,4,0.447,4.47,-20.0
2020-05-29 14:54:29,5,0.436,4.51,-20.0
2020-05-29 14:54:29,6,0.366,4.49,-20.0
2020-05-29 14:54:29,7,0.394,4.48,-20.0
2020-05-29 14:54:29,8,0.377,4.5,-20.0
2020-05-29 14:54:29,9,0.412,4.48,-20.0
2020-05-29 14:54:29,10,0.396,4.48,-20.0
2020-05-29 14:54:29,11,0.404,4.45,-20.0
2020-05-29 14:54:29,12,0.364,4.46,-20.0
2020-05-29 14:54:29,13,0.399,4.46,21.7
2020-05-29 14:54:29,14,0.355,4.48,-20.0
2020-05-29 14:54:29,15,0.403,4.51,-20.0
2020-05-29 14:54:29,16,0.425,4.51,-20.0
2020-05-29 14:54:29,17,0.395,4.48,-20.0
2020-05-29 14:54:29,18,0.397,4.49,-20.0
2020-05-29 14:54:29,19,0.396,4.46,-20.0
2020-05-29 14:54:29,20,0.4,4.47,-20.0
2020-05-29 14:54:29,21,0.429,4.48,-20.0
2020-05-29 14:54:29,22,0.408,4.46,-20.0
2020-05-29 14:54:29,23,0.402,4.47,-20.0
2020-05-29 14:54:29,24,0.398,4.48,-20.0
2020-05-29 14:54:29,25,0.345,4.5,19.4
2020-05-29 14:54:29,26,0.405,4.49,-20.0
2020-05-29 14:54:29,27,0.443,4.47,-20.0
2020-05-29 14:54:29,28,0.44,4.47,-20.0
2020-05-29 14:54:29,29,0.423,4.45,-20.0
2020-05-29 14:54:29,30,0.323,4.47,-20.0
2020-05-29 14:54:29,31,0.323,4.46,-20.0
2020-05-29 14:54:29,33,0.419,4.48,-20.0
2020-05-29 14:54:29,34,0.372,4.48,-20.0
2020-05-29 14:54:29,35,0.35,4.48,-20.0
2020-05-29 14:54:29,36,0.324,4.49,-20.0
2020-05-29 14:54:29,37,0.407,4.47,19.8
2020-05-29 14:54:29,38,0.371,4.48,-20.0
2020-05-29 14:54:29,39,0.325,4.46,-20.0
2020-05-29 14:54:29,40,0.33,4.47,-20.0
2020-05-29 14:54:29,41,0.374,4.5,-20.0
2020-05-29 14:54:29,42,0.345,4.48,-20.0
2020-05-29 14:54:29,43,0.391,4.48,-20.0
2020-05-29 14:54:29,44,0.388,4.49,-20.0
2020-05-29 14:54:29,45,0.305,4.5,-20.0
2020-05-29 14:54:29,46,0.395,4.48,-20.0
2020-05-29 14:54:29,47,0.403,4.48,-20.0
2020-05-29 14:54:29,48,0.451,4.49,-20.0
2020-05-29 14:54:29,49,0.482,4.46,21.8
2020-05-29 14:54:29,50,0.445,4.47,-20.0
2020-05-29 14:54:29,51,0.384,4.46,-20.0
2020-05-29 14:54:29,52,0.405,4.46,-20.0
2020-05-29 14:54:29,53,0.346,4.45,-20.0
2020-05-29 14:54:29,54,0.384,4.46,-20.0
2020-05-29 14:54:29,55,0.36,4.43,-20.0
2020-05-29 14:54:29,56,0.332,4.43,-20.0
2020-05-29 14:54:29,57,0.397,4.42,-20.0
2020-05-29 14:54:29,58,0.393,4.42,-20.0
2020-05-29 14:54:29,59,0.403,4.44,-20.0
2020-05-29 14:54:29,60,0.379,4.45,-20.0
2020-05-29 14:54:29,61,0.369,4.48,19.2
2020-05-29 14:54:29,62,0.333,4.49,-20.0
2020-05-29 14:54:29,63,0.414,4.47,-20.0
2020-05-29 14:54:29,64,0.406,4.45,-20.0
2020-05-29 14:54:29,65,0.347,4.44,-20.0
2020-05-29 14:54:29,66,0.386,4.44,-20.0
2020-05-29 14:54:29,67,0.339,4.42,-20.0
2020-05-29 14:54:29,68,0.401,4.45,-20.0
2020-05-29 14:54:29,69,0.415,4.44,-20.0
2020-05-29 14:54:29,70,0.374,4.46,-20.0
2020-05-29 14:54:29,71,0.316,4.48,-20.0
2020-05-29 14:54:29,72,0.413,4.48,-20.0
2020-05-29 14:54:29,73,0.475,4.51,19.6
2020-05-29 14:54:29,74,0.434,4.5,-20.0
2020-05-29 14:54:29,75,0.426,4.47,-20.0
2020-05-29 14:54:29,76,0.34,4.44,-20.0
2020-05-29 14:54:29,77,0.361,4.51,-20.0
2020-05-29 14:54:29,78,0.366,4.46,-20.0
2020-05-29 14:54:29,79,0.396,4.49,-20.0
2020-05-29 14:54:29,80,0.448,4.51,-20.0
2020-05-29 14:54:29,81,0.396,4.51,-20.0
2020-05-29 14:54:29,82,0.353,4.5,-20.0
2020-05-29 14:54:29,83,0.361,4.5,-20.0
2020-05-29 14:54:29,84,0.409,4.48,-20.0
2020-05-29 14:54:29,85,0.389,4.49,20.4
2020-05-29 14:54:29,86,0.377,4.46,-20.0
2020-05-29 14:54:29,87,0.395,4.45,-20.0
2020-05-29 14:54:29,88,0.337,4.49,-20.0
2020-05-29 14:54:29,89,0.373,4.5,-20.0
2020-05-29 14:54:29,90,0.4,4.47,-20.0
2020-05-29 14:54:29,91,0.36,4.48,-20.0
2020-05-29 14:54:29,92,0.373,4.5,-20.0
2020-05-29 14:54:29,93,0.484,4.49,-20.0
2020-05-29 14:54:29,94,0.465,4.47,-20.0
2020-05-29 14:54:29,95,0.426,4.45,-20.0
2020-05-29 14:54:29,96,0.431,4.5,-20.0
2020-05-30 02:54:01,1,0.434,4.51,22.6
2020-05-30 02:54:01,2,0.439,4.5,-20.0
2020-05-30 02:54:01,3,0.413,4.53,-20.0
2020-05-30 02:54:01,4,0.444,4.47,-20.0
2020-05-30 02:54:01,5,0.435,4.51,-20.0
2020-05-30 02:54:01,6,0.364,4.5,-20.0
2020-05-30 02:54:01,7,0.39,4.47,-20.0
2020-05-30 02:54:01,8,0.373,4.5,-20.0
2020-05-30 02:54:01,9,0.413,4.47,-20.0
2020-05-30 02:54:01,10,0.396,4.49,-20.0
2020-05-30 02:54:01,11,0.404,4.45,-20.0
2020-05-30 02:54:01,12,0.364,4.46,-20.0
2020-05-30 02:54:01,13,0.401,4.47,21.7
2020-05-30 02:54:01,14,0.357,4.48,-20.0
2020-05-30 02:54:01,15,0.403,4.51,-20.0
2020-05-30 02:54:01,16,0.423,4.53,-20.0
2020-05-30 02:54:01,17,0.394,4.48,-20.0
2020-05-30 02:54:01,18,0.396,4.48,-20.0
2020-05-30 02:54:01,19,0.397,4.46,-20.0
2020-05-30 02:54:01,20,0.4,4.47,-20.0
2020-05-30 02:54:01,21,0.431,4.48,-20.0
2020-05-30 02:54:01,22,0.407,4.46,-20.0
2020-05-30 02:54:01,23,0.401,4.47,-20.0
2020-05-30 02:54:01,24,0.399,4.47,-20.0
2020-05-30 02:54:01,25,0.345,4.5,19.4
2020-05-30 02:54:01,26,0.406,4.49,-20.0
2020-05-30 02:54:01,27,0.447,4.47,-20.0
2020-05-30 02:54:01,28,0.441,4.48,-20.0
2020-05-30 02:54:01,29,0.42,4.47,-20.0
2020-05-30 02:54:01,30,0.324,4.47,-20.0
2020-05-30 02:54:01,31,0.324,4.45,-20.0
2020-05-30 02:54:01,32,0.345,4.47,-20.0
2020-05-30 02:54:01,33,0.419,4.47,-20.0
2020-05-30 02:54:01,34,0.373,4.49,-20.0
2020-05-30 02:54:01,35,0.35,4.48,-20.0
2020-05-30 02:54:01,36,0.326,4.5,-20.0
2020-05-30 02:54:01,37,0.411,4.49,19.8
2020-05-30 02:54:01,38,0.378,4.48,-20.0
2020-05-30 02:54:01,39,0.327,4.48,-20.0
2020-05-30 02:54:01,40,0.33,4.48,-20.0
2020-05-30 02:54:01,41,0.373,4.5,-20.0
2020-05-30 02:54:01,42,0.345,4.48,-20.0
2020-05-30 02:54:01,43,0.392,4.47,-20.0
2020-05-30 02:54:01,44,0.387,4.48,-20.0
2020-05-30 02:54:01,45,0.307,4.49,-20.0
2020-05-30 02:54:01,46,0.397,4.48,-20.0
2020-05-30 02:54:01,47,0.4,4.48,-20.0
2020-05-30 02:54:01,48,0.449,4.48,-20.0
2020-05-30 02:54:01,49,0.48,4.46,21.8
2020-05-30 02:54:01,50,0.444,4.47,-20.0
2020-05-30 02:54:01,51,0.381,4.46,-20.0
2020-05-30 02:54:01,52,0.403,4.46,-20.0
2020-05-30 02:54:01,53,0.345,4.45,-20.0
2020-05-30 02:54:01,54,0.384,4.45,-20.0
2020-05-30 02:54:01,55,0.349,4.43,-20.0
2020-05-30 02:54:01,56,0.328,4.42,-20.0
2020-05-30 02:54:01,57,0.395,4.42,-20.0
2020-05-30 02:54:01,58,0.381,4.42,-20.0
2020-05-30 02:54:01,59,0.406,4.44,-20.0
2020-05-30 02:54:01,60,0.38,4.45,-20.0
2020-05-30 02:54:01,61,0.368,4.49,19.2
2020-05-30 02:54:01,62,0.33,4.49,-20.0
2020-05-30 02:54:01,63,0.413,4.48,-20.0
2020-05-30 02:54:01,64,0.407,4.45,-20.0
2020-05-30 02:54:01,65,0.354,4.44,-20.0
2020-05-30 02:54:01,66,0.386,4.45,-20.0
2020-05-30 02:54:01,67,0.339,4.42,-20.0
2020-05-30 02:54:01,68,0.404,4.45,-20.0
2020-05-30 02:54:01,69,0.413,4.45,-20.0
2020-05-30 02:54:01,70,0.374,4.46,-20.0
2020-05-30 02:54:01,71,0.32,4.48,-20.0
2020-05-30 02:54:01,72,0.415,4.48,-20.0
2020-05-30 02:54:01,73,0.476,4.51,19.6
2020-05-30 02:54:01,74,0.436,4.5,-20.0
2020-05-30 02:54:01,75,0.425,4.46,-20.0
2020-05-30 02:54:01,76,0.339,4.44,-20.0
2020-05-30 02:54:01,77,0.361,4.5,-20.0
2020-05-30 02:54:01,78,0.367,4.46,-20.0
2020-05-30 02:54:01,79,0.395,4.5,-20.0
2020-05-30 02:54:01,80,0.446,4.51,-20.0
2020-05-30 02:54:01,81,0.396,4.51,-20.0
2020-05-30 02:54:01,82,0.352,4.51,-20.0
2020-05-30 02:54:01,83,0.361,4.49,-20.0
2020-05-30 02:54:01,84,0.409,4.49,-20.0
2020-05-30 02:54:01,85,0.392,4.49,20.4
2020-05-30 02:54:01,86,0.376,4.46,-20.0
2020-05-30 02:54:01,87,0.396,4.45,-20.0
2020-05-30 02:54:01,88,0.337,4.48,-20.0
2020-05-30 02:54:01,89,0.374,4.5,-20.0
2020-05-30 02:54:01,90,0.401,4.47,-20.0
2020-05-30 02:54:01,91,0.363,4.48,-20.0
2020-05-30 02:54:01,92,0.37,4.5,-20.0
2020-05-30 02:54:01,93,0.483,4.49,-20.0
2020-05-30 02:54:01,94,0.466,4.46,-20.0
2020-05-30 02:54:01,95,0.427,4.46,-20.0
2020-05-30 02:54:01,96,0.427,4.49,-20.0
2020-05-30 14:53:32,1,0.434,4.51,22.6
2020-05-30 14:53:32,2,0.439,4.51,-20.0
2020-05-30 14:53:32,3,0.415,4.53,-20.0
2020-05-30 14:53:32,4,0.445,4.48,-20.0
2020-05-30 14:53:32,5,0.438,4.51,-20.0
2020-05-30 14:53:32,6,0.362,4.49,-20.0
2020-05-30 14:53:32,7,0.393,4.48,-20.0
2020-05-30 14:53:32,8,0.375,4.5,-20.0
2020-05-30 14:53:32,9,0.412,4.46,-20.0
2020-05-30 14:53:32,10,0.396,4.49,-20.0
2020-05-30 14:53:32,11,0.402,4.44,-20.0
2020-05-30 14:53:32,12,0.364,4.46,-20.0
2020-05-30 14:53:32,13,0.402,4.46,21.7
2020-05-30 14:53:32,14,0.357,4.47,-20.0
2020-05-30 14:53:32,15,0.403,4.51,-20.0
2020-05-30 14:53:32,16,0.424,4.52,-20.0
2020-05-30 14:53:32,17,0.395,4.47,-20.0
2020-05-30 14:53:32,18,0.395,4.48,-20.0
2020-05-30 14:53:32,19,0.399,4.47,-20.0
2020-05-30 14:53:32,20,0.4,4.48,-20.0
2020-05-30 14:53:32,21,0.432,4.48,-20.0
2020-05-30 14:53:32,22,0.407,4.46,-20.0
2020-05-30 14:53:32,23,0.398,4.47,-20.0
2020-05-30 14:53:32,24,0.398,4.48,-20.0
2020-05-30 14:53:32,25,0.344,4.48,19.4
2020-05-30 14:53:32,26,0.409,4.48,-20.0
2020-05-30 14:53:32,27,0.448,4.47,-20.0
2020-05-30 14:53:32,28,0.439,4.47,-20.0
2020-05-30 14:53:32,29,0.421,4.46,-20.0
2020-05-30 14:53:32,30,0.326,4.47,-20.0
2020-05-30 14:53:32,31,0.325,4.47,-20.0
2020-05-30 14:53:32,32,0.348,4.47,-20.0
2020-05-30 14:53:32,33,0.419,4.48,-20.0
2020-05-30 14:53:32,34,0.371,4.49,-20.0
2020-05-30 14:53:32,35,0.348,4.48,-20.0
2020-05-30 14:53:32,36,0.324,4.5,-20.0
2020-05-30 14:53:32,37,0.408,4.48,19.8
2020-05-30 14:53:32,38,0.38,4.49,-20.0
2020-05-30 14:53:32,39,0.329,4.46,-20.0
2020-05-30 14:53:32,40,0.331,4.47,-20.0
2020-05-30 14:53:32,41,0.372,4.5,-20.0
2020-05-30 14:53:32,42,0.343,4.48,-20.0
2020-05-30 14:53:32,43,0.377,4.48,-20.0
2020-05-30 14:53:32,44,0.372,4.48,-20.0
2020-05-30 14:53:32,45,0.304,4.5,-20.0
2020-05-30 14:53:32,46,0.392,4.49,-20.0
2020-05-30 14:53:32,47,0.388,4.49,-20.0
2020-05-30 14:53:32,48,0.438,4.48,-20.0
2020-05-30 14:53:32,49,0.479,4.46,21.8
2020-05-30 14:53:32,50,0.445,4.47,-20.0
2020-05-30 14:53:32,51,0.381,4.46,-20.0
2020-05-30 14:53:32,52,0.406,4.46,-20.0
2020-05-30 14:53:32,53,0.344,4.44,-20.0
2020-05-30 14:53:32,54,0.385,4.46,-20.0
2020-05-30 14:53:32,55,0.355,4.42,-20.0
2020-05-30 14:53:32,56,0.328,4.43,-20.0
2020-05-30 14:53:32,57,0.394,4.42,-20.0
2020-05-30 14:53:32,58,0.384,4.42,-20.0
2020-05-30 14:53:32,59,0.406,4.44,-20.0
2020-05-30 14:53:32,60,0.376,4.45,-20.0
2020-05-30 14:53:32,61,0.369,4.48,19.2
2020-05-30 14:53:32,62,0.328,4.49,-20.0
2020-05-30 14:53:32,63,0.412,4.47,-20.0
2020-05-30 14:53:32,64,0.41,4.45,-20.0
2020-05-30 14:53:32,65,0.357,4.44,-20.0
2020-05-30 14:53:32,66,0.386,4.45,-20.0
2020-05-30 14:53:32,67,0.337,4.42,-20.0
2020-05-30 14:53:32,68,0.404,4.45,-20.0
2020-05-30 14:53:32,69,0.414,4.44,-20.0
2020-05-30 14:53:32,70,0.375,4.46,-20.0
2020-05-30 14:53:32,71,0.322,4.47,-20.0
2020-05-30 14:53:32,72,0.413,4.48,-20.0
2020-05-30 14:53:32,73,0.476,4.51,19.6
2020-05-30 14:53:32,74,0.439,4.5,-20.0
2020-05-30 14:53:32,75,0.425,4.46,-20.0
2020-05-30 14:53:32,76,0.34,4.44,-20.0
2020-05-30 14:53:32,77,0.361,4.5,-20.0
2020-05-30 14:53:32,78,0.37,4.46,-20.0
2020-05-30 14:53:32,79,0.395,4.49,-20.0
2020-05-30 14:53:32,80,0.445,4.51,-20.0
2020-05-30 14:53:32,81,0.396,4.51,-20.0
2020-05-30 14:53:32,82,0.353,4.51,-20.0
2020-05-30 14:53:32,83,0.361,4.5,-20.0
2020-05-30 14:53:32,84,0.41,4.48,-20.0
2020-05-30 14:53:32,85,0.39,4.49,20.4
2020-05-30 14:53:32,86,0.376,4.46,-20.0
2020-05-30 14:53:32,87,0.397,4.45,-20.0
2020-05-30 14:53:32,88,0.338,4.49,-20.0
2020-05-30 14:53:32,89,0.368,4.5,-20.0
2020-05-30 14:53:32,90,0.395,4.46,-20.0
2020-05-30 14:53:32,91,0.361,4.48,-20.0
2020-05-30 14:53:32,92,0.369,4.5,-20.0
2020-05-30 14:53:32,93,0.48,4.49,-20.0
2020-05-30 14:53:32,94,0.465,4.47,-20.0
2020-05-30 14:53:32,95,0.427,4.46,-20.0
2020-05-30 14:53:32,96,0.43,4.49,-20.0
2020-05-31 02:53:10,1,0.432,4.51,22.6
2020-05-31 02:53:10,2,0.436,4.5,-20.0
2020-05-31 02:53:10,3,0.41,4.52,-20.0
2020-05-31 02:53:10,4,0.442,4.47,-20.0
2020-05-31 02:53:10,5,0.434,4.5,-20.0
2020-05-31 02:53:10,6,0.366,4.49,-20.0
2020-05-31 02:53:10,7,0.394,4.48,-20.0
2020-05-31 02:53:10,8,0.376,4.5,-20.0
2020-05-31 02:53:10,9,0.412,4.47,-20.0
2020-05-31 02:53:10,10,0.395,4.49,-20.0
2020-05-31 02:53:10,11,0.398,4.45,-20.0
2020-05-31 02:53:10,12,0.362,4.45,-20.0
2020-05-31 02:53:10,13,0.404,4.48,21.7
2020-05-31 02:53:10,14,0.356,4.48,-20.0
2020-05-31 02:53:10,15,0.401,4.51,-20.0
2020-05-31 02:53:10,16,0.424,4.53,-20.0
2020-05-31 02:53:10,17,0.395,4.48,-20.0
2020-05-31 02:53:10,18,0.396,4.48,-20.0
2020-05-31 02:53:10,19,0.399,4.47,-20.0
2020-05-31 02:53:10,20,0.399,4.48,-20.0
2020-05-31 02:53:10,21,0.433,4.47,-20.0
2020-05-31 02:53:10,22,0.407,4.46,-20.0
2020-05-31 02:53:10,23,0.397,4.47,-20.0
2020-05-31 02:53:10,24,0.4,4.48,-20.0
2020-05-31 02:53:10,25,0.344,4.5,19.4
2020-05-31 02:53:10,26,0.406,4.48,-20.0
2020-05-31 02:53:10,27,0.454,4.46,-20.0
2020-05-31 02:53:10,28,0.437,4.46,-20.0
2020-05-31 02:53:10,29,0.421,4.46,-20.0
2020-05-31 02:53:10,30,0.325,4.47,-20.0
2020-05-31 02:53:10,31,0.328,4.46,-20.0
2020-05-31 02:53:10,32,0.35,4.47,-20.0
2020-05-31 02:53:10,33,0.421,4.49,-20.0
2020-05-31 02:53:10,34,0.373,4.49,-20.0
2020-05-31 02:53:10,35,0.346,4.48,-20.0
2020-05-31 02:53:10,36,0.324,4.5,-20.0
2020-05-31 02:53:10,37,0.408,4.48,19.8
2020-05-31 02:53:10,38,0.381,4.48,-20.0
2020-05-31 02:53:10,39,0.329,4.46,-20.0
2020-05-31 02:53:10,40,0.33,4.47,-20.0
2020-05-31 02:53:10,41,0.37,4.51,-20.0
2020-05-31 02:53:10,42,0.344,4.48,-20.0
2020-05-31 02:53:10,43,0.38,4.47,-20.0
2020-05-31 02:53:10,44,0.375,4.48,-20.0
2020-05-31 02:53:10,45,0.307,4.49,-20.0
2020-05-31 02:53:10,46,0.392,4.49,-20.0
2020-05-31 02:53:10,47,0.391,4.48,-20.0
2020-05-31 02:53:10,48,0.444,4.48,-20.0
2020-05-31 02:53:10,49,0.479,4.46,21.8
2020-05-31 02:53:10,50,0.442,4.46,-20.0
2020-05-31 02:53:10,51,0.38,4.46,-20.0
2020-05-31 02:53:10,52,0.405,4.45,-20.0
2020-05-31 02:53:10,53,0.345,4.44,-20.0
2020-05-31 02:53:10,54,0.387,4.46,-20.0
2020-05-31 02:53:10,55,0.357,4.43,-20.0
2020-05-31 02:53:10,56,0.331,4.42,-20.0
2020-05-31 02:53:10,57,0.394,4.42,-20.0
2020-05-31 02:53:10,58,0.385,4.42,-20.0
2020-05-31 02:53:10,59,0.405,4.44,-20.0
2020-05-31 02:53:10,60,0.378,4.44,-20.0
2020-05-31 02:53:10,61,0.371,4.49,19.2
2020-05-31 02:53:10,62,0.326,4.49,-20.0
2020-05-31 02:53:10,63,0.412,4.47,-20.0
2020-05-31 02:53:10,64,0.412,4.45,-20.0
2020-05-31 02:53:10,65,0.36,4.44,-20.0
2020-05-31 02:53:10,66,0.386,4.44,-20.0
2020-05-31 02:53:10,67,0.34,4.42,-20.0
2020-05-31 02:53:10,68,0.402,4.45,-20.0
2020-05-31 02:53:10,69,0.415,4.44,-20.0
2020-05-31 02:53:10,70,0.381,4.46,-20.0
2020-05-31 02:53:10,71,0.324,4.48,-20.0
2020-05-31 02:53:10,72,0.411,4.48,-20.0
2020-05-31 02:53:10,73,0.475,4.51,19.6
2020-05-31 02:53:10,74,0.437,4.5,-20.0
2020-05-31 02:53:10,75,0.422,4.46,-20.0
2020-05-31 02:53:10,76,0.342,4.44,-20.0
2020-05-31 02:53:10,77,0.361,4.49,-20.0
2020-05-31 02:53:10,78,0.367,4.46,-20.0
2020-05-31 02:53:10,79,0.392,4.5,-20.0
2020-05-31 02:53:10,80,0.444,4.51,-20.0
2020-05-31 02:53:10,81,0.397,4.51,-20.0
2020-05-31 02:53:10,82,0.352,4.5,-20.0
2020-05-31 02:53:10,83,0.362,4.5,-20.0
2020-05-31 02:53:10,84,0.41,4.49,-20.0
2020-05-31 02:53:10,85,0.39,4.48,20.4
2020-05-31 02:53:10,86,0.377,4.46,-20.0
2020-05-31 02:53:10,87,0.394,4.45,-20.0
2020-05-31 02:53:10,88,0.334,4.49,-20.0
2020-05-31 02:53:10,89,0.368,4.51,-20.0
2020-05-31 02:53:10,90,0.395,4.47,-20.0
2020-05-31 02:53:10,91,0.36,4.48,-20.0
2020-05-31 02:53:10,92,0.373,4.5,-20.0
2020-05-31 02:53:10,93,0.482,4.49,-20.0
2020-05-31 02:53:10,94,0.468,4.47,-20.0
2020-05-31 02:53:10,95,0.428,4.45,-20.0
2020-05-31 02:53:10,96,0.43,4.49,-20.0
2020-05-31 14:52:45,1,0.43,4.51,22.6
2020-05-31 14:52:45,2,0.436,4.5,-20.0
2020-05-31 14:52:45,3,0.412,4.52,-20.0
2020-05-31 14:52:45,4,0.443,4.48,-20.0
2020-05-31 14:52:45,5,0.434,4.51,-20.0
2020-05-31 14:52:45,6,0.365,4.49,-20.0
2020-05-31 14:52:45,7,0.394,4.48,-20.0
2020-05-31 14:52:45,8,0.372,4.5,-20.0
2020-05-31 14:52:45,9,0.411,4.46,-20.0
2020-05-31 14:52:45,10,0.394,4.49,-20.0
2020-05-31 14:52:45,11,0.396,4.46,-20.0
2020-05-31 14:52:45,12,0.363,4.45,-20.0
2020-05-31 14:52:45,13,0.405,4.48,21.7
2020-05-31 14:52:45,14,0.356,4.48,-20.0
2020-05-31 14:52:45,15,0.403,4.52,-20.0
2020-05-31 14:52:45,16,0.423,4.52,-20.0
2020-05-31 14:52:45,17,0.396,4.47,-20.0
2020-05-31 14:52:45,18,0.391,4.49,-20.0
2020-05-31 14:52:45,19,0.396,4.47,-20.0
2020-05-31 14:52:45,20,0.4,4.48,-20.0
2020-05-31 14:52:45,21,0.432,4.48,-20.0
2020-05-31 14:52:45,22,0.407,4.46,-20.0
2020-05-31 14:52:45,23,0.393,4.47,-20.0
2020-05-31 14:52:45,24,0.399,4.48,-20.0
2020-05-31 14:52:45,25,0.345,4.49,19.4
2020-05-31 14:52:45,26,0.406,4.49,-20.0
2020-05-31 14:52:45,27,0.457,4.47,-20.0
2020-05-31 14:52:45,28,0.437,4.47,-20.0
2020-05-31 14:52:45,29,0.418,4.46,-20.0
2020-05-31 14:52:45,30,0.326,4.47,-20.0
2020-05-31 14:52:45,31,0.33,4.45,-20.0
2020-05-31 14:52:45,32,0.35,4.46,-20.0
2020-05-31 14:52:45,33,0.42,4.48,-20.0
2020-05-31 14:52:45,34,0.372,4.48,-20.0
2020-05-31 14:52:45,35,0.343,4.47,-20.0
2020-05-31 14:52:45,36,0.326,4.49,-20.0
2020-05-31 14:52:45,37,0.409,4.47,19.8
2020-05-31 14:52:45,38,0.361,4.49,-20.0
2020-05-31 14:52:45,39,0.321,4.46,-20.0
2020-05-31 14:52:45,40,0.331,4.47,-20.0
2020-05-31 14:52:45,41,0.37,4.5,-20.0
2020-05-31 14:52:45,42,0.333,4.48,-20.0
2020-05-31 14:52:45,43,0.359,4.48,-20.0
2020-05-31 14:52:45,44,0.369,4.49,-20.0
2020-05-31 14:52:45,45,0.304,4.49,-20.0
2020-05-31 14:52:45,46,0.39,4.49,-20.0
2020-05-31 14:52:45,47,0.395,4.47,-20.0
2020-05-31 14:52:45,48,0.449,4.48,-20.0
2020-05-31 14:52:45,49,0.479,4.46,21.7
2020-05-31 14:52:45,50,0.437,4.46,-20.0
2020-05-31 14:52:45,51,0.379,4.46,-20.0
2020-05-31 14:52:45,52,0.407,4.45,-20.0
2020-05-31 14:52:45,53,0.346,4.44,-20.0
2020-05-31 14:52:45,54,0.388,4.45,-20.0
2020-05-31 14:52:45,55,0.36,4.43,-20.0
2020-05-31 14:52:45,56,0.33,4.43,-20.0
2020-05-31 14:52:45,57,0.397,4.42,-20.0
2020-05-31 14:52:45,58,0.386,4.42,-20.0
2020-05-31 14:52:45,59,0.406,4.43,-20.0
2020-05-31 14:52:45,60,0.38,4.45,-20.0
2020-05-31 14:52:45,61,0.369,4.49,19.2
2020-05-31 14:52:45,62,0.328,4.49,-20.0
2020-05-31 14:52:45,63,0.413,4.47,-20.0
2020-05-31 14:52:45,64,0.411,4.45,-20.0
2020-05-31 14:52:45,65,0.359,4.45,-20.0
2020-05-31 14:52:45,66,0.39,4.45,-20.0
2020-05-31 14:52:45,67,0.339,4.42,-20.0
2020-05-31 14:52:45,68,0.403,4.45,-20.0
2020-05-31 14:52:45,69,0.414,4.44,-20.0
2020-05-31 14:52:45,70,0.381,4.46,-20.0
2020-05-31 14:52:45,71,0.323,4.48,-20.0
2020-05-31 14:52:45,72,0.412,4.48,-20.0
2020-05-31 14:52:45,73,0.473,4.51,19.6
2020-05-31 14:52:45,74,0.435,4.49,-20.0
2020-05-31 14:52:45,75,0.421,4.46,-20.0
2020-05-31 14:52:45,76,0.344,4.44,-20.0
2020-05-31 14:52:45,77,0.36,4.5,-20.0
2020-05-31 14:52:45,78,0.368,4.47,-20.0
2020-05-31 14:52:45,79,0.389,4.49,-20.0
2020-05-31 14:52:45,80,0.446,4.51,-20.0
2020-05-31 14:52:45,81,0.397,4.51,-20.0
2020-05-31 14:52:45,82,0.347,4.51,-20.0
2020-05-31 14:52:45,83,0.359,4.5,-20.0
2020-05-31 14:52:45,84,0.403,4.49,-20.0
2020-05-31 14:52:45,85,0.383,4.48,20.3
2020-05-31 14:52:45,86,0.374,4.46,-20.0
2020-05-31 14:52:45,87,0.395,4.45,-20.0
2020-05-31 14:52:45,88,0.331,4.49,-20.0
2020-05-31 14:52:45,89,0.363,4.5,-20.0
2020-05-31 14:52:45,90,0.39,4.47,-20.0
2020-05-31 14:52:45,91,0.359,4.48,-20.0
2020-05-31 14:52:45,92,0.373,4.49,-20.0
2020-05-31 14:52:45,93,0.485,4.49,-20.0
2020-05-31 14:52:45,94,0.47,4.46,-20.0
2020-05-31 14:52:45,95,0.431,4.46,-20.0
2020-05-31 14:52:45,96,0.431,4.49,-20.0
2020-06-01 02:52:04,1,0.431,4.51,22.6
2020-06-01 02:52:04,2,0.435,4.51,-20.0
2020-06-01 02:52:04,3,0.411,4.52,-20.0
2020-06-01 02:52:04,4,0.443,4.47,-20.0
2020-06-01 02:52:04,5,0.433,4.51,-20.0
2020-06-01 02:52:04,6,0.362,4.49,-20.0
2020-06-01 02:52:04,7,0.395,4.47,-20.0
2020-06-01 02:52:04,8,0.374,4.5,-20.0
2020-06-01 02:52:04,9,0.41,4.47,-20.0
2020-06-01 02:52:04,10,0.393,4.48,-20.0
2020-06-01 02:52:04,11,0.398,4.45,-20.0
2020-06-01 02:52:04,12,0.364,4.45,-20.0
2020-06-01 02:52:04,13,0.402,4.46,21.6
2020-06-01 02:52:04,14,0.357,4.48,-20.0
2020-06-01 02:52:04,15,0.403,4.51,-20.0
2020-06-01 02:52:04,16,0.422,4.52,-20.0
2020-06-01 02:52:04,17,0.4,4.48,-20.0
2020-06-01 02:52:04,18,0.391,4.49,-20.0
2020-06-01 02:52:04,19,0.395,4.46,-20.0
2020-06-01 02:52:04,20,0.402,4.47,-20.0
2020-06-01 02:52:04,21,0.434,4.48,-20.0
2020-06-01 02:52:04,22,0.404,4.47,-20.0
2020-06-01 02:52:04,23,0.393,4.47,-20.0
2020-06-01 02:52:04,24,0.401,4.48,-20.0
2020-06-01 02:52:04,25,0.346,4.49,19.4
2020-06-01 02:52:04,26,0.405,4.48,-20.0
2020-06-01 02:52:04,27,0.458,4.47,-20.0
2020-06-01 02:52:04,28,0.436,4.47,-20.0
2020-06-01 02:52:04,29,0.417,4.46,-20.0
2020-06-01 02:52:04,30,0.328,4.46,-20.0
2020-06-01 02:52:04,31,0.33,4.46,-20.0
2020-06-01 02:52:04,32,0.352,4.46,-20.0
2020-06-01 02:52:04,33,0.419,4.47,-20.0
2020-06-01 02:52:04,34,0.374,4.48,-20.0
2020-06-01 02:52:04,35,0.346,4.48,-20.0
2020-06-01 02:52:04,36,0.326,4.49,-20.0
2020-06-01 02:52:04,37,0.407,4.47,19.8
2020-06-01 02:52:04,38,0.365,4.48,-20.0
2020-06-01 02:52:04,39,0.324,4.47,-20.0
2020-06-01 02:52:04,40,0.331,4.47,-20.0
2020-06-01 02:52:04,41,0.372,4.51,-20.0
2020-06-01 02:52:04,42,0.338,4.48,-20.0
2020-06-01 02:52:04,43,0.365,4.47,-20.0
2020-06-01 02:52:04,44,0.373,4.49,-20.0
2020-06-01 02:52:04,45,0.305,4.49,-20.0
2020-06-01 02:52:04,46,0.393,4.49,-20.0
2020-06-01 02:52:04,47,0.401,4.48,-20.0
2020-06-01 02:52:04,48,0.455,4.49,-20.0
2020-06-01 02:52:04,49,0.483,4.45,21.8
2020-06-01 02:52:04,50,0.437,4.47,-20.0
2020-06-01 02:52:04,51,0.381,4.47,-20.0
2020-06-01 02:52:04,52,0.409,4.46,-20.0
2020-06-01 02:52:04,53,0.348,4.45,-20.0
2020-06-01 02:52:04,54,0.387,4.46,-20.0
2020-06-01 02:52:04,55,0.358,4.43,-20.0
2020-06-01 02:52:04,56,0.333,4.42,-20.0
2020-06-01 02:52:04,57,0.394,4.42,-20.0
2020-06-01 02:52:04,58,0.387,4.42,-20.0
2020-06-01 02:52:04,59,0.406,4.44,-20.0
2020-06-01 02:52:04,60,0.377,4.45,-20.0
2020-06-01 02:52:04,61,0.368,4.49,19.2
2020-06-01 02:52:04,62,0.33,4.49,-20.0
2020-06-01 02:52:04,63,0.411,4.48,-20.0
2020-06-01 02:52:04,64,0.408,4.45,-20.0
2020-06-01 02:52:04,65,0.36,4.44,-20.0
2020-06-01 02:52:04,66,0.387,4.45,-20.0
2020-06-01 02:52:04,67,0.341,4.43,-20.0
2020-06-01 02:52:04,68,0.407,4.45,-20.0
2020-06-01 02:52:04,69,0.415,4.45,-20.0
2020-06-01 02:52:04,70,0.381,4.46,-20.0
2020-06-01 02:52:04,71,0.326,4.47,-20.0
2020-06-01 02:52:04,72,0.416,4.48,-20.0
2020-06-01 02:52:04,73,0.472,4.51,19.6
2020-06-01 02:52:04,74,0.436,4.49,-20.0
2020-06-01 02:52:04,75,0.423,4.46,-20.0
2020-06-01 02:52:04,76,0.342,4.45,-20.0
2020-06-01 02:52:04,77,0.359,4.5,-20.0
2020-06-01 02:52:04,78,0.366,4.46,-20.0
2020-06-01 02:52:04,79,0.387,4.49,-20.0
2020-06-01 02:52:04,80,0.446,4.51,-20.0
2020-06-01 02:52:04,81,0.396,4.51,-20.0
2020-06-01 02:52:04,82,0.348,4.5,-20.0
2020-06-01 02:52:04,83,0.36,4.5,-20.0
2020-06-01 02:52:04,84,0.405,4.49,-20.0
2020-06-01 02:52:04,85,0.384,4.49,20.5
2020-06-01 02:52:04,86,0.373,4.46,-20.0
2020-06-01 02:52:04,87,0.394,4.45,-20.0
2020-06-01 02:52:04,88,0.332,4.49,-20.0
2020-06-01 02:52:04,89,0.367,4.5,-20.0
2020-06-01 02:52:04,90,0.392,4.47,-20.0
2020-06-01 02:52:04,91,0.358,4.48,-20.0
2020-06-01 02:52:04,92,0.372,4.5,-20.0
2020-06-01 02:52:04,93,0.485,4.49,-20.0
2020-06-01 02:52:04,94,0.472,4.47,-20.0
2020-06-01 02:52:04,95,0.432,4.46,-20.0
2020-06-01 02:52:04,96,0.433,4.49,-20.0
2020-06-01 14:51:24,1,0.432,4.51,22.6
2020-06-01 14:51:24,2,0.438,4.51,-20.0
2020-06-01 14:51:24,3,0.413,4.52,-20.0
2020-06-01 14:51:24,4,0.446,4.48,-20.0
2020-06-01 14:51:24,5,0.435,4.5,-20.0
2020-06-01 14:51:24,6,0.365,4.5,-20.0
2020-06-01 14:51:24,7,0.395,4.47,-20.0
2020-06-01 14:51:24,8,0.377,4.49,-20.0
2020-06-01 14:51:24,9,0.41,4.46,-20.0
2020-06-01 14:51:24,10,0.393,4.49,-20.0
2020-06-01 14:51:24,11,0.398,4.45,-20.0
2020-06-01 14:51:24,12,0.366,4.46,-20.0
2020-06-01 14:51:24,13,0.403,4.47,21.7
2020-06-01 14:51:24,14,0.357,4.48,-20.0
2020-06-01 14:51:24,15,0.405,4.51,-20.0
2020-06-01 14:51:24,16,0.426,4.52,-20.0
2020-06-01 14:51:24,17,0.398,4.48,-20.0
2020-06-01 14:51:24,18,0.394,4.49,-20.0
2020-06-01 14:51:24,19,0.394,4.46,-20.0
2020-06-01 14:51:24,20,0.403,4.48,-20.0
2020-06-01 14:51:24,21,0.432,4.47,-20.0
2020-06-01 14:51:24,22,0.407,4.46,-20.0
2020-06-01 14:51:24,23,0.392,4.47,-20.0
2020-06-01 14:51:24,24,0.4,4.48,-20.0
2020-06-01 14:51:24,25,0.345,4.49,19.4
2020-06-01 14:51:24,26,0.405,4.48,-20.0
2020-06-01 14:51:24,27,0.444,4.46,-20.0
2020-06-01 14:51:24,28,0.433,4.47,-20.0
2020-06-01 14:51:24,29,0.404,4.47,-20.0
2020-06-01 14:51:24,30,0.323,4.47,-20.0
2020-06-01 14:51:24,31,0.327,4.47,-20.0
2020-06-01 14:51:24,32,0.34,4.47,-20.0
2020-06-01 14:51:24,33,0.417,4.48,-20.0
2020-06-01 14:51:24,34,0.364,4.48,-20.0
2020-06-01 14:51:24,35,0.347,4.48,-20.0
2020-06-01 14:51:24,36,0.329,4.49,-20.0
2020-06-01 14:51:24,37,0.405,4.48,19.8
2020-06-01 14:51:24,38,0.37,4.48,-20.0
2020-06-01 14:51:24,39,0.328,4.47,-20.0
2020-06-01 14:51:24,40,0.332,4.47,-20.0
2020-06-01 14:51:24,41,0.369,4.5,-20.0
2020-06-01 14:51:24,42,0.341,4.49,-20.0
2020-06-01 14:51:24,43,0.37,4.47,-20.0
2020-06-01 14:51:24,44,0.378,4.49,-20.0
2020-06-01 14:51:24,45,0.306,4.49,-20.0
2020-06-01 14:51:24,46,0.395,4.48,-20.0
2020-06-01 14:51:24,47,0.401,4.47,-20.0
2020-06-01 14:51:24,48,0.456,4.48,-20.0
2020-06-01 14:51:24,49,0.486,4.46,21.7
2020-06-01 14:51:24,50,0.437,4.47,-20.0
2020-06-01 14:51:24,51,0.379,4.46,-20.0
2020-06-01 14:51:24,52,0.405,4.46,-20.0
2020-06-01 14:51:24,53,0.347,4.45,-20.0
2020-06-01 14:51:24,54,0.387,4.45,-20.0
2020-06-01 14:51:24,55,0.359,4.42,-20.0
2020-06-01 14:51:24,56,0.332,4.43,-20.0
2020-06-01 14:51:24,57,0.392,4.42,-20.0
2020-06-01 14:51:24,58,0.39,4.42,-20.0
2020-06-01 14:51:24,59,0.407,4.44,-20.0
2020-06-01 14:51:24,60,0.377,4.45,-20.0
2020-06-01 14:51:24,61,0.37,4.49,19.2
2020-06-01 14:51:24,62,0.332,4.49,-20.0
2020-06-01 14:51:24,63,0.413,4.48,-20.0
2020-06-01 14:51:24,64,0.409,4.45,-20.0
2020-06-01 14:51:24,65,0.363,4.44,-20.0
2020-06-01 14:51:24,66,0.387,4.45,-20.0
2020-06-01 14:51:24,67,0.341,4.43,-20.0
2020-06-01 14:51:24,68,0.405,4.45,-20.0
2020-06-01 14:51:24,69,0.414,4.44,-20.0
2020-06-01 14:51:24,70,0.376,4.45,-20.0
2020-06-01 14:51:24,71,0.321,4.48,-20.0
2020-06-01 14:51:24,72,0.411,4.48,-20.0
2020-06-01 14:51:24,73,0.463,4.5,19.6
2020-06-01 14:51:24,74,0.426,4.5,-20.0
2020-06-01 14:51:24,75,0.424,4.46,-20.0
2020-06-01 14:51:24,76,0.34,4.44,-20.0
2020-06-01 14:51:24,77,0.36,4.49,-20.0
2020-06-01 14:51:24,78,0.364,4.47,-20.0
2020-06-01 14:51:24,79,0.388,4.5,-20.0
2020-06-01 14:51:24,80,0.445,4.51,-20.0
2020-06-01 14:51:24,81,0.395,4.51,-20.0
2020-06-01 14:51:24,82,0.35,4.51,-20.0
2020-06-01 14:51:24,83,0.362,4.5,-20.0
2020-06-01 14:51:24,84,0.408,4.48,-20.0
2020-06-01 14:51:24,85,0.383,4.48,20.4
2020-06-01 14:51:24,86,0.373,4.46,-20.0
2020-06-01 14:51:24,87,0.395,4.45,-20.0
2020-06-01 14:51:24,88,0.328,4.49,-20.0
2020-06-01 14:51:24,89,0.369,4.5,-20.0
2020-06-01 14:51:24,90,0.396,4.47,-20.0
2020-06-01 14:51:24,91,0.358,4.48,-20.0
2020-06-01 14:51:24,92,0.374,4.5,-20.0
2020-06-01 14:51:24,93,0.486,4.49,-20.0
2020-06-01 14:51:24,94,0.474,4.47,-20.0
2020-06-01 14:51:24,95,0.43,4.45,-20.0
2020-06-01 14:51:24,96,0.434,4.49,-20.0
2020-06-02 02:50:58,1,0.432,4.51,22.6
2020-06-02 02:50:58,2,0.44,4.51,-20.0
2020-06-02 02:50:58,3,0.414,4.53,-20.0
2020-06-02 02:50:58,4,0.446,4.47,-20.0
2020-06-02 02:50:58,5,0.435,4.5,-20.0
2020-06-02 02:50:58,6,0.365,4.48,-20.0
2020-06-02 02:50:58,7,0.395,4.47,-20.0
2020-06-02 02:50:58,8,0.377,4.49,-20.0
2020-06-02 02:50:58,9,0.411,4.47,-20.0
2020-06-02 02:50:58,10,0.394,4.49,-20.0
2020-06-02 02:50:58,11,0.397,4.44,-20.0
2020-06-02 02:50:58,12,0.368,4.45,-20.0
2020-06-02 02:50:58,13,0.404,4.46,21.7
2020-06-02 02:50:58,14,0.357,4.48,-20.0
2020-06-02 02:50:58,15,0.403,4.5,-20.0
2020-06-02 02:50:58,16,0.429,4.51,-20.0
2020-06-02 02:50:58,17,0.396,4.47,-20.0
2020-06-02 02:50:58,18,0.394,4.49,-20.0
2020-06-02 02:50:58,19,0.397,4.47,-20.0
2020-06-02 02:50:58,20,0.403,4.48,-20.0
2020-06-02 02:50:58,21,0.434,4.47,-20.0
2020-06-02 02:50:58,22,0.408,4.46,-20.0
2020-06-02 02:50:58,23,0.394,4.48,-20.0
2020-06-02 02:50:58,24,0.4,4.48,-20.0
2020-06-02 02:50:58,25,0.344,4.5,19.4
2020-06-02 02:50:58,26,0.403,4.49,-20.0
2020-06-02 02:50:58,27,0.451,4.46,-20.0
2020-06-02 02:50:58,28,0.433,4.48,-20.0
2020-06-02 02:50:58,29,0.406,4.46,-20.0
2020-06-02 02:50:58,30,0.323,4.47,-20.0
2020-06-02 02:50:58,31,0.328,4.46,-20.0
2020-06-02 02:50:58,32,0.341,4.47,-20.0
2020-06-02 02:50:58,33,0.418,4.48,-20.0
2020-06-02 02:50:58,34,0.365,4.48,-20.0
2020-06-02 02:50:58,35,0.348,4.48,-20.0
2020-06-02 02:50:58,36,0.328,4.5,-20.0
2020-06-02 02:50:58,37,0.407,4.48,19.8
2020-06-02 02:50:58,38,0.374,4.48,-20.0
2020-06-02 02:50:58,39,0.327,4.46,-20.0
2020-06-02 02:50:58,40,0.334,4.46,-20.0
2020-06-02 02:50:58,41,0.371,4.5,-20.0
2020-06-02 02:50:58,42,0.34,4.48,-20.0
2020-06-02 02:50:58,43,0.377,4.48,-20.0
2020-06-02 02:50:58,44,0.379,4.49,-20.0
2020-06-02 02:50:58,45,0.303,4.49,-20.0
2020-06-02 02:50:58,46,0.397,4.48,-20.0
2020-06-02 02:50:58,47,0.407,4.48,-20.0
2020-06-02 02:50:58,48,0.458,4.48,-20.0
2020-06-02 02:50:58,49,0.486,4.46,21.8
2020-06-02 02:50:58,50,0.435,4.47,-20.0
2020-06-02 02:50:58,51,0.383,4.46,-20.0
2020-06-02 02:50:58,52,0.407,4.46,-20.0
2020-06-02 02:50:58,53,0.348,4.44,-20.0
2020-06-02 02:50:58,54,0.388,4.45,-20.0
2020-06-02 02:50:58,55,0.362,4.43,-20.0
2020-06-02 02:50:58,56,0.332,4.43,-20.0
2020-06-02 02:50:58,57,0.393,4.42,-20.0
2020-06-02 02:50:58,58,0.39,4.42,-20.0
2020-06-02 02:50:58,59,0.408,4.44,-20.0
2020-06-02 02:50:58,60,0.381,4.45,-20.0
2020-06-02 02:50:58,61,0.368,4.49,19.2
2020-06-02 02:50:58,62,0.331,4.49,-20.0
2020-06-02 02:50:58,63,0.413,4.47,-20.0
2020-06-02 02:50:58,64,0.41,4.45,-20.0
2020-06-02 02:50:58,65,0.359,4.44,-20.0
2020-06-02 02:50:58,66,0.389,4.45,-20.0
2020-06-02 02:50:58,67,0.34,4.42,-20.0
2020-06-02 02:50:58,68,0.405,4.45,-20.0
2020-06-02 02:50:58,69,0.414,4.44,-20.0
2020-06-02 02:50:58,70,0.377,4.46,-20.0
2020-06-02 02:50:58,71,0.321,4.48,-20.0
2020-06-02 02:50:58,72,0.412,4.48,-20.0
2020-06-02 02:50:58,73,0.466,4.51,19.6
2020-06-02 02:50:58,74,0.428,4.5,-20.0
2020-06-02 02:50:58,75,0.425,4.46,-20.0
2020-06-02 02:50:58,76,0.34,4.44,-20.0
2020-06-02 02:50:58,77,0.363,4.5,-20.0
2020-06-02 02:50:58,78,0.365,4.46,-20.0
2020-06-02 02:50:58,79,0.387,4.5,-20.0
2020-06-02 02:50:58,80,0.446,4.5,-20.0
2020-06-02 02:50:58,81,0.394,4.51,-20.0
2020-06-02 02:50:58,82,0.35,4.5,-20.0
2020-06-02 02:50:58,83,0.363,4.5,-20.0
2020-06-02 02:50:58,84,0.407,4.48,-20.0
2020-06-02 02:50:58,85,0.383,4.48,20.5
2020-06-02 02:50:58,86,0.375,4.46,-20.0
2020-06-02 02:50:58,87,0.4,4.45,-20.0
2020-06-02 02:50:58,88,0.326,4.49,-20.0
2020-06-02 02:50:58,89,0.367,4.51,-20.0
2020-06-02 02:50:58,90,0.395,4.47,-20.0
2020-06-02 02:50:58,91,0.357,4.48,-20.0
2020-06-02 02:50:58,92,0.372,4.49,-20.0
2020-06-02 02:50:58,93,0.484,4.49,-20.0
2020-06-02 02:50:58,94,0.474,4.47,-20.0
2020-06-02 02:50:58,95,0.43,4.45,-20.0
2020-06-02 02:50:58,96,0.432,4.49,-20.0
2020-06-02 14:50:27,1,0.432,4.51,22.7
2020-06-02 14:50:27,2,0.443,4.51,-20.0
2020-06-02 14:50:27,3,0.413,4.52,-20.0
2020-06-02 14:50:27,4,0.447,4.47,-20.0
2020-06-02 14:50:27,5,0.435,4.51,-20.0
2020-06-02 14:50:27,6,0.365,4.49,-20.0
2020-06-02 14:50:27,7,0.397,4.47,-20.0
2020-06-02 14:50:27,8,0.378,4.5,-20.0
2020-06-02 14:50:27,9,0.411,4.47,-20.0
2020-06-02 14:50:27,10,0.396,4.49,-20.0
2020-06-02 14:50:27,11,0.397,4.45,-20.0
2020-06-02 14:50:27,12,0.367,4.45,-20.0
2020-06-02 14:50:27,13,0.404,4.47,21.7
2020-06-02 14:50:27,14,0.356,4.48,-20.0
2020-06-02 14:50:27,15,0.4,4.51,-20.0
2020-06-02 14:50:27,16,0.427,4.51,-20.0
2020-06-02 14:50:27,17,0.395,4.47,-20.0
2020-06-02 14:50:27,18,0.39,4.49,-20.0
2020-06-02 14:50:27,19,0.39,4.46,-20.0
2020-06-02 14:50:27,20,0.399,4.47,-20.0
2020-06-02 14:50:27,21,0.436,4.47,-20.0
2020-06-02 14:50:27,22,0.408,4.45,-20.0
2020-06-02 14:50:27,23,0.397,4.47,-20.0
2020-06-02 14:50:27,24,0.401,4.48,-20.0
2020-06-02 14:50:27,25,0.343,4.5,19.4
2020-06-02 14:50:27,26,0.399,4.49,-20.0
2020-06-02 14:50:27,27,0.453,4.46,-20.0
2020-06-02 14:50:27,28,0.436,4.47,-20.0
2020-06-02 14:50:27,29,0.408,4.46,-20.0
2020-06-02 14:50:27,30,0.325,4.47,-20.0
2020-06-02 14:50:27,31,0.328,4.45,-20.0
2020-06-02 14:50:27,32,0.344,4.47,-20.0
2020-06-02 14:50:27,33,0.418,4.48,-20.0
2020-06-02 14:50:27,34,0.366,4.49,-20.0
2020-06-02 14:50:27,35,0.348,4.48,-20.0
2020-06-02 14:50:27,36,0.329,4.5,-20.0
2020-06-02 14:50:27,37,0.411,4.48,19.8
2020-06-02 14:50:27,38,0.374,4.48,-20.0
2020-06-02 14:50:27,39,0.331,4.46,-20.0
2020-06-02 14:50:27,40,0.334,4.47,-20.0
2020-06-02 14:50:27,41,0.371,4.5,-20.0
2020-06-02 14:50:27,42,0.339,4.48,-20.0
2020-06-02 14:50:27,43,0.382,4.47,-20.0
2020-06-02 14:50:27,44,0.382,4.49,-20.0
2020-06-02 14:50:27,45,0.302,4.49,-20.0
2020-06-02 14:50:27,46,0.396,4.48,-20.0
2020-06-02 14:50:27,47,0.402,4.49,-20.0
2020-06-02 14:50:27,48,0.459,4.48,-20.0
2020-06-02 14:50:27,49,0.487,4.46,21.8
2020-06-02 14:50:27,50,0.436,4.47,-20.0
2020-06-02 14:50:27,51,0.38,4.46,-20.0
2020-06-02 14:50:27,52,0.407,4.45,-20.0
2020-06-02 14:50:27,53,0.346,4.44,-20.0
2020-06-02 14:50:27,54,0.387,4.46,-20.0
2020-06-02 14:50:27,55,0.363,4.43,-20.0
2020-06-02 14:50:27,56,0.329,4.42,-20.0
2020-06-02 14:50:27,57,0.395,4.42,-20.0
2020-06-02 14:50:27,58,0.391,4.42,-20.0
2020-06-02 14:50:27,59,0.406,4.44,-20.0
2020-06-02 14:50:27,60,0.378,4.45,-20.0
2020-06-02 14:50:27,61,0.367,4.49,19.2
2020-06-02 14:50:27,62,0.33,4.49,-20.0
2020-06-02 14:50:27,63,0.411,4.47,-20.0
2020-06-02 14:50:27,64,0.41,4.45,-20.0
2020-06-02 14:50:27,65,0.357,4.44,-20.0
2020-06-02 14:50:27,66,0.388,4.45,-20.0
2020-06-02 14:50:27,67,0.338,4.42,-20.0
2020-06-02 14:50:27,68,0.394,4.45,-20.0
2020-06-02 14:50:27,69,0.407,4.45,-20.0
2020-06-02 14:50:27,70,0.371,4.46,-20.0
2020-06-02 14:50:27,71,0.321,4.48,-20.0
2020-06-02 14:50:27,72,0.412,4.47,-20.0
2020-06-02 14:50:27,73,0.461,4.51,19.6
2020-06-02 14:50:27,74,0.422,4.5,-20.0
2020-06-02 14:50:27,75,0.428,4.47,-20.0
2020-06-02 14:50:27,76,0.343,4.44,-20.0
2020-06-02 14:50:27,77,0.366,4.5,-20.0
2020-06-02 14:50:27,78,0.368,4.47,-20.0
2020-06-02 14:50:27,79,0.388,4.49,-20.0
2020-06-02 14:50:27,80,0.444,4.51,-20.0
2020-06-02 14:50:27,81,0.396,4.51,-20.0
2020-06-02 14:50:27,82,0.352,4.5,-20.0
2020-06-02 14:50:27,83,0.363,4.5,-20.0
2020-06-02 14:50:27,84,0.408,4.49,-20.0
2020-06-02 14:50:27,85,0.382,4.48,20.5
2020-06-02 14:50:27,86,0.376,4.46,-20.0
2020-06-02 14:50:27,87,0.403,4.44,-20.0
2020-06-02 14:50:27,88,0.322,4.49,-20.0
2020-06-02 14:50:27,89,0.368,4.5,-20.0
2020-06-02 14:50:27,90,0.394,4.47,-20.0
2020-06-02 14:50:27,91,0.359,4.47,-20.0
2020-06-02 14:50:27,92,0.374,4.49,-20.0
2020-06-02 14:50:27,93,0.487,4.49,-20.0
2020-06-02 14:50:27,94,0.472,4.47,-20.0
2020-06-02 14:50:27,95,0.426,4.46,-20.0
2020-06-02 14:50:27,96,0.431,4.49,-20.0
2020-06-03 02:49:58,1,0.432,4.51,22.7
2020-06-03 02:49:58,2,0.441,4.5,-20.0
2020-06-03 02:49:58,3,0.412,4.52,-20.0
2020-06-03 02:49:58,4,0.449,4.48,-20.0
2020-06-03 02:49:58,5,0.434,4.5,-20.0
2020-06-03 02:49:58,6,0.367,4.49,-20.0
2020-06-03 02:49:58,7,0.398,4.47,-20.0
2020-06-03 02:49:58,8,0.377,4.5,-20.0
2020-06-03 02:49:58,9,0.408,4.47,-20.0
2020-06-03 02:49:58,10,0.397,4.49,-20.0
2020-06-03 02:49:58,11,0.395,4.45,-20.0
2020-06-03 02:49:58,12,0.366,4.45,-20.0
2020-06-03 02:49:58,13,0.403,4.46,21.7
2020-06-03 02:49:58,14,0.355,4.48,-20.0
2020-06-03 02:49:58,15,0.399,4.5,-20.0
2020-06-03 02:49:58,16,0.425,4.51,-20.0
2020-06-03 02:49:58,17,0.396,4.47,-20.0
2020-06-03 02:49:58,18,0.393,4.49,-20.0
2020-06-03 02:49:58,19,0.393,4.47,-20.0
2020-06-03 02:49:58,20,0.399,4.47,-20.0
2020-06-03 02:49:58,21,0.435,4.47,-20.0
2020-06-03 02:49:58,22,0.405,4.46,-20.0
2020-06-03 02:49:58,23,0.397,4.47,-20.0
2020-06-03 02:49:58,24,0.402,4.48,-20.0
2020-06-03 02:49:58,25,0.344,4.49,19.4
2020-06-03 02:49:58,26,0.404,4.49,-20.0
2020-06-03 02:49:58,27,0.457,4.46,-20.0
2020-06-03 02:49:58,28,0.437,4.47,-20.0
2020-06-03 02:49:58,29,0.411,4.46,-20.0
2020-06-03 02:49:58,30,0.326,4.48,-20.0
2020-06-03 02:49:58,31,0.328,4.46,-20.0
2020-06-03 02:49:58,32,0.347,4.47,-20.0
2020-06-03 02:49:58,33,0.418,4.49,-20.0
2020-06-03 02:49:58,34,0.368,4.49,-20.0
2020-06-03 02:49:58,35,0.347,4.47,-20.0
2020-06-03 02:49:58,36,0.328,4.5,-20.0
2020-06-03 02:49:58,37,0.409,4.47,19.8
2020-06-03 02:49:58,38,0.375,4.48,-20.0
2020-06-03 02:49:58,39,0.333,4.47,-20.0
2020-06-03 02:49:58,40,0.333,4.47,-20.0
2020-06-03 02:49:58,41,0.369,4.5,-20.0
2020-06-03 02:49:58,42,0.34,4.48,-20.0
2020-06-03 02:49:58,43,0.385,4.48,-20.0
2020-06-03 02:49:58,44,0.384,4.48,-20.0
2020-06-03 02:49:58,45,0.304,4.5,-20.0
2020-06-03 02:49:58,46,0.397,4.49,-20.0
2020-06-03 02:49:58,47,0.407,4.48,-20.0
2020-06-03 02:49:58,48,0.459,4.47,-20.0
2020-06-03 02:49:58,49,0.488,4.46,21.8
2020-06-03 02:49:58,50,0.436,4.46,-20.0
2020-06-03 02:49:58,51,0.381,4.46,-20.0
2020-06-03 02:49:58,52,0.407,4.45,-20.0
2020-06-03 02:49:58,53,0.346,4.44,-20.0
2020-06-03 02:49:58,54,0.388,4.45,-20.0
2020-06-03 02:49:58,55,0.364,4.43,-20.0
2020-06-03 02:49:58,56,0.33,4.43,-20.0
2020-06-03 02:49:58,57,0.395,4.42,-20.0
2020-06-03 02:49:58,58,0.39,4.42,-20.0
2020-06-03 02:49:58,59,0.406,4.43,-20.0
2020-06-03 02:49:58,60,0.376,4.45,-20.0
2020-06-03 02:49:58,61,0.37,4.49,19.2
2020-06-03 02:49:58,62,0.329,4.49,-20.0
2020-06-03 02:49:58,63,0.413,4.47,-20.0
2020-06-03 02:49:58,64,0.411,4.45,-20.0
2020-06-03 02:49:58,65,0.36,4.44,-20.0
2020-06-03 02:49:58,66,0.389,4.45,-20.0
2020-06-03 02:49:58,67,0.338,4.42,-20.0
2020-06-03 02:49:58,68,0.399,4.45,-20.0
2020-06-03 02:49:58,69,0.409,4.44,-20.0
2020-06-03 02:49:58,70,0.371,4.46,-20.0
2020-06-03 02:49:58,71,0.321,4.47,-20.0
2020-06-03 02:49:58,72,0.409,4.48,-20.0
2020-06-03 02:49:58,73,0.463,4.51,19.7
2020-06-03 02:49:58,74,0.424,4.49,-20.0
2020-06-03 02:49:58,75,0.428,4.46,-20.0
2020-06-03 02:49:58,76,0.34,4.44,-20.0
2020-06-03 02:49:58,77,0.368,4.5,-20.0
2020-06-03 02:49:58,78,0.367,4.47,-20.0
2020-06-03 02:49:58,79,0.389,4.49,-20.0
2020-06-03 02:49:58,80,0.443,4.51,-20.0
2020-06-03 02:49:58,81,0.395,4.51,-20.0
2020-06-03 02:49:58,82,0.351,4.51,-20.0
2020-06-03 02:49:58,83,0.365,4.5,-20.0
2020-06-03 02:49:58,84,0.408,4.49,-20.0
2020-06-03 02:49:58,85,0.385,4.48,20.5
2020-06-03 02:49:58,86,0.377,4.46,-20.0
2020-06-03 02:49:58,87,0.41,4.44,-20.0
2020-06-03 02:49:58,88,0.315,4.49,-20.0
2020-06-03 02:49:58,89,0.367,4.5,-20.0
2020-06-03 02:49:58,90,0.393,4.47,-20.0
2020-06-03 02:49:58,91,0.358,4.47,-20.0
2020-06-03 02:49:58,92,0.376,4.5,-20.0
2020-06-03 02:49:58,93,0.485,4.49,-20.0
2020-06-03 02:49:58,94,0.471,4.47,-20.0
2020-06-03 02:49:58,95,0.425,4.45,-20.0
2020-06-03 02:49:58,96,0.429,4.49,-20.0
2020-06-03 14:49:20,1,0.43,4.51,22.7
2020-06-03 14:49:20,2,0.439,4.51,-20.0
2020-06-03 14:49:20,3,0.412,4.52,-20.0
2020-06-03 14:49:20,4,0.447,4.47,-20.0
2020-06-03 14:49:20,5,0.436,4.5,-20.0
2020-06-03 14:49:20,6,0.369,4.49,-20.0
2020-06-03 14:49:20,7,0.397,4.48,-20.0
2020-06-03 14:49:20,8,0.372,4.49,-20.0
2020-06-03 14:49:20,9,0.408,4.47,-20.0
2020-06-03 14:49:20,10,0.398,4.49,-20.0
2020-06-03 14:49:20,11,0.396,4.44,-20.0
2020-06-03 14:49:20,12,0.362,4.45,-20.0
2020-06-03 14:49:20,13,0.402,4.46,21.7
2020-06-03 14:49:20,14,0.354,4.48,-20.0
2020-06-03 14:49:20,15,0.396,4.5,-20.0
2020-06-03 14:49:20,16,0.421,4.52,-20.0
2020-06-03 14:49:20,17,0.394,4.48,-20.0
2020-06-03 14:49:20,18,0.388,4.49,-20.0
2020-06-03 14:49:20,19,0.393,4.46,-20.0
2020-06-03 14:49:20,20,0.398,4.48,-20.0
2020-06-03 14:49:20,21,0.431,4.47,-20.0
2020-06-03 14:49:20,22,0.405,4.47,-20.0
2020-06-03 14:49:20,23,0.396,4.48,-20.0
2020-06-03 14:49:20,24,0.399,4.48,-20.0
2020-06-03 14:49:20,25,0.344,4.5,19.4
2020-06-03 14:49:20,26,0.407,4.48,-20.0
2020-06-03 14:49:20,27,0.456,4.47,-20.0
2020-06-03 14:49:20,28,0.434,4.47,-20.0
2020-06-03 14:49:20,29,0.412,4.46,-20.0
2020-06-03 14:49:20,30,0.325,4.47,-20.0
2020-06-03 14:49:20,31,0.33,4.46,-20.0
2020-06-03 14:49:20,32,0.347,4.47,-20.0
2020-06-03 14:49:20,33,0.418,4.48,-20.0
2020-06-03 14:49:20,34,0.369,4.48,-20.0
2020-06-03 14:49:20,35,0.348,4.47,-20.0
2020-06-03 14:49:20,36,0.329,4.5,-20.0
2020-06-03 14:49:20,37,0.416,4.47,19.8
2020-06-03 14:49:20,38,0.376,4.48,-20.0
2020-06-03 14:49:20,39,0.333,4.47,-20.0
2020-06-03 14:49:20,40,0.332,4.46,-20.0
2020-06-03 14:49:20,41,0.368,4.5,-20.0
2020-06-03 14:49:20,42,0.342,4.48,-20.0
2020-06-03 14:49:20,43,0.387,4.47,-20.0
2020-06-03 14:49:20,44,0.386,4.49,-20.0
2020-06-03 14:49:20,45,0.304,4.48,-20.0
2020-06-03 14:49:20,46,0.398,4.48,-20.0
2020-06-03 14:49:20,47,0.411,4.48,-20.0
2020-06-03 14:49:20,48,0.459,4.47,-20.0
2020-06-03 14:49:20,49,0.487,4.46,21.9
2020-06-03 14:49:20,50,0.437,4.47,-20.0
2020-06-03 14:49:20,51,0.382,4.46,-20.0
2020-06-03 14:49:20,52,0.406,4.46,-20.0
2020-06-03 14:49:20,53,0.345,4.45,-20.0
2020-06-03 14:49:20,54,0.386,4.46,-20.0
2020-06-03 14:49:20,55,0.362,4.43,-20.0
2020-06-03 14:49:20,56,0.329,4.42,-20.0
2020-06-03 14:49:20,57,0.391,4.42,-20.0
2020-06-03 14:49:20,58,0.382,4.42,-20.0
2020-06-03 14:49:20,59,0.39,4.44,-20.0
2020-06-03 14:49:20,60,0.363,4.45,-20.0
2020-06-03 14:49:20,61,0.368,4.49,19.2
2020-06-03 14:49:20,62,0.327,4.49,-20.0
2020-06-03 14:49:20,63,0.398,4.47,-20.0
2020-06-03 14:49:20,64,0.406,4.45,-20.0
2020-06-03 14:49:20,65,0.344,4.45,-20.0
2020-06-03 14:49:20,66,0.388,4.45,-20.0
2020-06-03 14:49:20,67,0.339,4.42,-20.0
2020-06-03 14:49:20,68,0.403,4.45,-20.0
2020-06-03 14:49:20,69,0.411,4.44,-20.0
2020-06-03 14:49:20,70,0.374,4.46,-20.0
2020-06-03 14:49:20,71,0.32,4.47,-20.0
2020-06-03 14:49:20,72,0.41,4.49,-20.0
2020-06-03 14:49:20,73,0.466,4.51,19.7
2020-06-03 14:49:20,74,0.429,4.5,-20.0
2020-06-03 14:49:20,75,0.427,4.46,-20.0
2020-06-03 14:49:20,76,0.341,4.44,-20.0
2020-06-03 14:49:20,77,0.366,4.5,-20.0
2020-06-03 14:49:20,78,0.368,4.47,-20.0
2020-06-03 14:49:20,79,0.393,4.5,-20.0
2020-06-03 14:49:20,80,0.444,4.51,-20.0
2020-06-03 14:49:20,81,0.395,4.51,-20.0
2020-06-03 14:49:20,82,0.352,4.5,-20.0
2020-06-03 14:49:20,83,0.364,4.5,-20.0
2020-06-03 14:49:20,84,0.41,4.49,-20.0
2020-06-03 14:49:20,85,0.386,4.48,20.5
2020-06-03 14:49:20,86,0.376,4.46,-20.0
2020-06-03 14:49:20,87,0.417,4.43,-20.0
2020-06-03 14:49:20,88,0.306,4.51,-20.0
2020-06-03 14:49:20,89,0.37,4.51,-20.0
2020-06-03 14:49:20,90,0.396,4.47,-20.0
2020-06-03 14:49:20,91,0.36,4.48,-20.0
2020-06-03 14:49:20,92,0.377,4.5,-20.0
2020-06-03 14:49:20,93,0.485,4.49,-20.0
2020-06-03 14:49:20,94,0.471,4.47,-20.0
2020-06-03 14:49:20,95,0.426,4.46,-20.0
2020-06-03 14:49:20,96,0.428,4.49,-20.0
2020-06-04 02:48:52,1,0.429,4.5,22.7
2020-06-04 02:48:52,2,0.439,4.5,-20.0
2020-06-04 02:48:52,3,0.416,4.51,-20.0
2020-06-04 02:48:52,4,0.446,4.47,-20.0
2020-06-04 02:48:52,5,0.434,4.5,-20.0
2020-06-04 02:48:52,6,0.368,4.48,-20.0
2020-06-04 02:48:52,7,0.396,4.48,-20.0
2020-06-04 02:48:52,8,0.372,4.49,-20.0
2020-06-04 02:48:52,9,0.409,4.47,-20.0
2020-06-04 02:48:52,10,0.395,4.49,-20.0
2020-06-04 02:48:52,11,0.397,4.45,-20.0
2020-06-04 02:48:52,12,0.366,4.45,-20.0
2020-06-04 02:48:52,13,0.404,4.47,21.7
2020-06-04 02:48:52,14,0.355,4.48,-20.0
2020-06-04 02:48:52,15,0.397,4.5,-20.0
2020-06-04 02:48:52,16,0.422,4.53,-20.0
2020-06-04 02:48:52,17,0.39,4.48,-20.0
2020-06-04 02:48:52,18,0.389,4.49,-20.0
2020-06-04 02:48:52,19,0.396,4.46,-20.0
2020-06-04 02:48:52,20,0.398,4.48,-20.0
2020-06-04 02:48:52,21,0.434,4.47,-20.0
2020-06-04 02:48:52,22,0.405,4.46,-20.0
2020-06-04 02:48:52,23,0.397,4.47,-20.0
2020-06-04 02:48:52,24,0.401,4.48,-20.0
2020-06-04 02:48:52,25,0.345,4.49,19.4
2020-06-04 02:48:52,26,0.406,4.48,-20.0
2020-06-04 02:48:52,27,0.457,4.47,-20.0
2020-06-04 02:48:52,28,0.434,4.46,-20.0
2020-06-04 02:48:52,29,0.415,4.46,-20.0
2020-06-04 02:48:52,30,0.324,4.47,-20.0
2020-06-04 02:48:52,31,0.328,4.45,-20.0
2020-06-04 02:48:52,32,0.352,4.46,-20.0
2020-06-04 02:48:52,33,0.419,4.48,-20.0
2020-06-04 02:48:52,34,0.371,4.48,-20.0
2020-06-04 02:48:52,35,0.347,4.47,-20.0
2020-06-04 02:48:52,36,0.326,4.5,-20.0
2020-06-04 02:48:52,37,0.416,4.47,19.8
2020-06-04 02:48:52,38,0.375,4.49,-20.0
2020-06-04 02:48:52,39,0.332,4.46,-20.0
2020-06-04 02:48:52,40,0.332,4.47,-20.0
2020-06-04 02:48:52,41,0.368,4.5,-20.0
2020-06-04 02:48:52,42,0.331,4.48,-20.0
2020-06-04 02:48:52,43,0.374,4.48,-20.0
2020-06-04 02:48:52,44,0.373,4.49,-20.0
2020-06-04 02:48:52,45,0.303,4.49,-20.0
2020-06-04 02:48:52,46,0.396,4.49,-20.0
2020-06-04 02:48:52,47,0.398,4.49,-20.0
2020-06-04 02:48:52,48,0.447,4.48,-20.0
2020-06-04 02:48:52,49,0.486,4.45,21.8
2020-06-04 02:48:52,50,0.438,4.47,-20.0
2020-06-04 02:48:52,51,0.384,4.46,-20.0
2020-06-04 02:48:52,52,0.406,4.46,-20.0
2020-06-04 02:48:52,53,0.345,4.44,-20.0
2020-06-04 02:48:52,54,0.386,4.46,-20.0
2020-06-04 02:48:52,55,0.363,4.42,-20.0
2020-06-04 02:48:52,56,0.329,4.42,-20.0
2020-06-04 02:48:52,57,0.395,4.42,-20.0
2020-06-04 02:48:52,58,0.385,4.42,-20.0
2020-06-04 02:48:52,59,0.394,4.44,-20.0
2020-06-04 02:48:52,60,0.367,4.45,-20.0
2020-06-04 02:48:52,61,0.368,4.49,19.2
2020-06-04 02:48:52,62,0.323,4.49,-20.0
2020-06-04 02:48:52,63,0.4,4.47,-20.0
2020-06-04 02:48:52,64,0.406,4.45,-20.0
2020-06-04 02:48:52,65,0.344,4.44,-20.0
2020-06-04 02:48:52,66,0.389,4.45,-20.0
2020-06-04 02:48:52,67,0.338,4.42,-20.0
2020-06-04 02:48:52,68,0.401,4.45,-20.0
2020-06-04 02:48:52,69,0.412,4.44,-20.0
2020-06-04 02:48:52,70,0.372,4.46,-20.0
2020-06-04 02:48:52,71,0.321,4.47,-20.0
2020-06-04 02:48:52,72,0.413,4.49,-20.0
2020-06-04 02:48:52,73,0.467,4.51,19.6
2020-06-04 02:48:52,74,0.432,4.5,-20.0
2020-06-04 02:48:52,75,0.428,4.47,-20.0
2020-06-04 02:48:52,76,0.338,4.44,-20.0
2020-06-04 02:48:52,77,0.366,4.5,-20.0
2020-06-04 02:48:52,78,0.369,4.46,-20.0
2020-06-04 02:48:52,79,0.394,4.49,-20.0
2020-06-04 02:48:52,80,0.442,4.51,-20.0
2020-06-04 02:48:52,81,0.392,4.51,-20.0
2020-06-04 02:48:52,82,0.351,4.51,-20.0
2020-06-04 02:48:52,83,0.364,4.5,-20.0
2020-06-04 02:48:52,84,0.409,4.48,-20.0
2020-06-04 02:48:52,85,0.385,4.49,20.4
2020-06-04 02:48:52,86,0.374,4.46,-20.0
2020-06-04 02:48:52,87,0.422,4.42,-20.0
2020-06-04 02:48:52,88,0.306,4.52,-20.0
2020-06-04 02:48:52,89,0.372,4.51,-20.0
2020-06-04 02:48:52,90,0.396,4.47,-20.0
2020-06-04 02:48:52,91,0.361,4.48,-20.0
2020-06-04 02:48:52,92,0.374,4.5,-20.0
2020-06-04 02:48:52,93,0.489,4.49,-20.0
2020-06-04 02:48:52,94,0.468,4.46,-20.0
2020-06-04 02:48:52,95,0.428,4.46,-20.0
2020-06-04 02:48:52,96,0.428,4.49,-20.0
2020-06-04 14:48:23,1,0.426,4.51,22.7
2020-06-04 14:48:23,2,0.436,4.5,-20.0
2020-06-04 14:48:23,3,0.413,4.52,-20.0
2020-06-04 14:48:23,4,0.445,4.47,-20.0
2020-06-04 14:48:23,5,0.433,4.51,-20.0
2020-06-04 14:48:23,6,0.368,4.49,-20.0
2020-06-04 14:48:23,7,0.398,4.48,-20.0
2020-06-04 14:48:23,8,0.374,4.49,-20.0
2020-06-04 14:48:23,9,0.408,4.47,-20.0
2020-06-04 14:48:23,10,0.396,4.49,-20.0
2020-06-04 14:48:23,11,0.398,4.44,-20.0
2020-06-04 14:48:23,12,0.369,4.45,-20.0
2020-06-04 14:48:23,13,0.405,4.46,21.7
2020-06-04 14:48:23,14,0.356,4.47,-20.0
2020-06-04 14:48:23,15,0.397,4.51,-20.0
2020-06-04 14:48:23,16,0.423,4.52,-20.0
2020-06-04 14:48:23,17,0.393,4.47,-20.0
2020-06-04 14:48:23,18,0.388,4.49,-20.0
2020-06-04 14:48:23,19,0.395,4.47,-20.0
2020-06-04 14:48:23,20,0.398,4.48,-20.0
2020-06-04 14:48:23,21,0.439,4.47,-20.0
2020-06-04 14:48:23,22,0.405,4.46,-20.0
2020-06-04 14:48:23,23,0.397,4.47,-20.0
2020-06-04 14:48:23,24,0.399,4.48,-20.0
2020-06-04 14:48:23,25,0.342,4.49,19.4
2020-06-04 14:48:23,26,0.404,4.49,-20.0
2020-06-04 14:48:23,27,0.458,4.46,-20.0
2020-06-04 14:48:23,28,0.43,4.47,-20.0
2020-06-04 14:48:23,29,0.415,4.46,-20.0
2020-06-04 14:48:23,30,0.325,4.47,-20.0
2020-06-04 14:48:23,31,0.328,4.46,-20.0
2020-06-04 14:48:23,32,0.353,4.46,-20.0
2020-06-04 14:48:23,33,0.421,4.47,-20.0
2020-06-04 14:48:23,34,0.372,4.48,-20.0
2020-06-04 14:48:23,35,0.349,4.48,-20.0
2020-06-04 14:48:23,36,0.325,4.49,-20.0
2020-06-04 14:48:23,37,0.418,4.47,19.8
2020-06-04 14:48:23,38,0.376,4.48,-20.0
2020-06-04 14:48:23,39,0.334,4.46,-20.0
2020-06-04 14:48:23,40,0.331,4.47,-20.0
2020-06-04 14:48:23,41,0.369,4.5,-20.0
2020-06-04 14:48:23,42,0.338,4.48,-20.0
2020-06-04 14:48:23,43,0.38,4.47,-20.0
2020-06-04 14:48:23,44,0.377,4.49,-20.0
2020-06-04 14:48:23,45,0.306,4.5,-20.0
2020-06-04 14:48:23,46,0.396,4.49,-20.0
2020-06-04 14:48:23,47,0.401,4.48,-20.0
2020-06-04 14:48:23,48,0.455,4.48,-20.0
2020-06-04 14:48:23,49,0.482,4.46,21.8
2020-06-04 14:48:23,50,0.436,4.47,-20.0
2020-06-04 14:48:23,51,0.378,4.46,-20.0
2020-06-04 14:48:23,52,0.404,4.46,-20.0
2020-06-04 14:48:23,53,0.345,4.44,-20.0
2020-06-04 14:48:23,54,0.383,4.46,-20.0
2020-06-04 14:48:23,55,0.355,4.43,-20.0
2020-06-04 14:48:23,56,0.329,4.42,-20.0
2020-06-04 14:48:23,57,0.397,4.42,-20.0
2020-06-04 14:48:23,58,0.38,4.42,-20.0
2020-06-04 14:48:23,59,0.383,4.44,-20.0
2020-06-04 14:48:23,60,0.371,4.45,-20.0
2020-06-04 14:48:23,61,0.369,4.49,19.2
2020-06-04 14:48:23,62,0.325,4.49,-20.0
2020-06-04 14:48:23,63,0.406,4.47,-20.0
2020-06-04 14:48:23,64,0.409,4.45,-20.0
2020-06-04 14:48:23,65,0.346,4.44,-20.0
2020-06-04 14:48:23,66,0.387,4.45,-20.0
2020-06-04 14:48:23,67,0.338,4.42,-20.0
2020-06-04 14:48:23,68,0.398,4.45,-20.0
2020-06-04 14:48:23,69,0.413,4.44,-20.0
2020-06-04 14:48:23,70,0.368,4.46,-20.0
2020-06-04 14:48:23,71,0.323,4.47,-20.0
2020-06-04 14:48:23,72,0.414,4.48,-20.0
2020-06-04 14:48:23,73,0.468,4.51,19.6
2020-06-04 14:48:23,74,0.432,4.5,-20.0
2020-06-04 14:48:23,75,0.43,4.46,-20.0
2020-06-04 14:48:23,76,0.341,4.44,-20.0
2020-06-04 14:48:23,77,0.366,4.5,-20.0
2020-06-04 14:48:23,78,0.37,4.47,-20.0
2020-06-04 14:48:23,79,0.393,4.5,-20.0
2020-06-04 14:48:23,80,0.444,4.51,-20.0
2020-06-04 14:48:23,81,0.394,4.51,-20.0
2020-06-04 14:48:23,82,0.353,4.51,-20.0
2020-06-04 14:48:23,83,0.364,4.5,-20.0
2020-06-04 14:48:23,84,0.412,4.48,-20.0
2020-06-04 14:48:23,85,0.389,4.48,20.4
2020-06-04 14:48:23,86,0.373,4.46,-20.0
2020-06-04 14:48:23,87,0.401,4.46,-20.0
2020-06-04 14:48:23,88,0.399,4.48,-20.0
2020-06-04 14:48:23,89,0.371,4.5,-20.0
2020-06-04 14:48:23,90,0.397,4.47,-20.0
2020-06-04 14:48:23,91,0.36,4.48,-20.0
2020-06-04 14:48:23,92,0.373,4.49,-20.0
2020-06-04 14:48:23,93,0.49,4.49,-20.0
2020-06-04 14:48:23,94,0.467,4.46,-20.0
2020-06-04 14:48:23,95,0.426,4.46,-20.0
2020-06-04 14:48:23,96,0.428,4.49,-20.0
2020-06-05 02:47:54,1,0.431,4.51,22.6
2020-06-05 02:47:54,2,0.441,4.5,-20.0
2020-06-05 02:47:54,3,0.416,4.52,-20.0
2020-06-05 02:47:54,4,0.446,4.47,-20.0
2020-06-05 02:47:54,5,0.432,4.51,-20.0
2020-06-05 02:47:54,6,0.37,4.48,-20.0
2020-06-05 02:47:54,7,0.397,4.48,-20.0
2020-06-05 02:47:54,8,0.374,4.5,-20.0
2020-06-05 02:47:54,9,0.409,4.47,-20.0
2020-06-05 02:47:54,10,0.396,4.48,-20.0
2020-06-05 02:47:54,11,0.397,4.45,-20.0
2020-06-05 02:47:54,12,0.367,4.47,-20.0
2020-06-05 02:47:54,13,0.403,4.47,21.6
2020-06-05 02:47:54,14,0.357,4.48,-20.0
2020-06-05 02:47:54,15,0.395,4.5,-20.0
2020-06-05 02:47:54,16,0.427,4.51,-20.0
2020-06-05 02:47:54,17,0.394,4.47,-20.0
2020-06-05 02:47:54,18,0.392,4.49,-20.0
2020-06-05 02:47:54,19,0.397,4.46,-20.0
2020-06-05 02:47:54,20,0.403,4.47,-20.0
2020-06-05 02:47:54,21,0.434,4.47,-20.0
2020-06-05 02:47:54,22,0.401,4.46,-20.0
2020-06-05 02:47:54,23,0.397,4.47,-20.0
2020-06-05 02:47:54,24,0.4,4.48,-20.0
2020-06-05 02:47:54,25,0.343,4.49,19.3
2020-06-05 02:47:54,26,0.407,4.49,-20.0
2020-06-05 02:47:54,27,0.447,4.46,-20.0
2020-06-05 02:47:54,28,0.425,4.47,-20.0
2020-06-05 02:47:54,29,0.398,4.47,-20.0
2020-06-05 02:47:54,30,0.319,4.47,-20.0
2020-06-05 02:47:54,31,0.324,4.46,-20.0
2020-06-05 02:47:54,32,0.34,4.47,-20.0
2020-06-05 02:47:54,33,0.415,4.48,-20.0
2020-06-05 02:47:54,34,0.354,4.48,-20.0
2020-06-05 02:47:54,35,0.348,4.48,-20.0
2020-06-05 02:47:54,36,0.324,4.5,-20.0
2020-06-05 02:47:54,37,0.417,4.47,19.7
2020-06-05 02:47:54,38,0.38,4.49,-20.0
2020-06-05 02:47:54,39,0.332,4.47,-20.0
2020-06-05 02:47:54,40,0.33,4.47,-20.0
2020-06-05 02:47:54,41,0.371,4.5,-20.0
2020-06-05 02:47:54,42,0.34,4.48,-20.0
2020-06-05 02:47:54,43,0.384,4.48,-20.0
2020-06-05 02:47:54,44,0.381,4.48,-20.0
2020-06-05 02:47:54,45,0.305,4.49,-20.0
2020-06-05 02:47:54,46,0.392,4.48,-20.0
2020-06-05 02:47:54,47,0.402,4.48,-20.0
2020-06-05 02:47:54,48,0.452,4.48,-20.0
2020-06-05 02:47:54,49,0.482,4.46,21.7
2020-06-05 02:47:54,50,0.44,4.47,-20.0
2020-06-05 02:47:54,51,0.378,4.46,-20.0
2020-06-05 02:47:54,52,0.404,4.46,-20.0
2020-06-05 02:47:54,53,0.345,4.44,-20.0
2020-06-05 02:47:54,54,0.384,4.46,-20.0
2020-06-05 02:47:54,55,0.359,4.43,-20.0
2020-06-05 02:47:54,56,0.327,4.42,-20.0
2020-06-05 02:47:54,57,0.395,4.42,-20.0
2020-06-05 02:47:54,58,0.382,4.42,-20.0
2020-06-05 02:47:54,59,0.39,4.44,-20.0
2020-06-05 02:47:54,60,0.37,4.45,-20.0
2020-06-05 02:47:54,61,0.366,4.49,19.1
2020-06-05 02:47:54,62,0.323,4.49,-20.0
2020-06-05 02:47:54,63,0.406,4.47,-20.0
2020-06-05 02:47:54,64,0.406,4.45,-20.0
2020-06-05 02:47:54,65,0.351,4.44,-20.0
2020-06-05 02:47:54,66,0.385,4.45,-20.0
2020-06-05 02:47:54,67,0.339,4.43,-20.0
2020-06-05 02:47:54,68,0.4,4.45,-20.0
2020-06-05 02:47:54,69,0.412,4.45,-20.0
2020-06-05 02:47:54,70,0.371,4.46,-20.0
2020-06-05 02:47:54,71,0.321,4.48,-20.0
2020-06-05 02:47:54,72,0.414,4.48,-20.0
2020-06-05 02:47:54,73,0.468,4.51,19.5
2020-06-05 02:47:54,74,0.434,4.49,-20.0
2020-06-05 02:47:54,75,0.429,4.46,-20.0
2020-06-05 02:47:54,76,0.344,4.44,-20.0
2020-06-05 02:47:54,77,0.364,4.5,-20.0
2020-06-05 02:47:54,78,0.368,4.47,-20.0
2020-06-05 02:47:54,79,0.392,4.5,-20.0
2020-06-05 02:47:54,80,0.441,4.51,-20.0
2020-06-05 02:47:54,81,0.392,4.51,-20.0
2020-06-05 02:47:54,82,0.35,4.5,-20.0
2020-06-05 02:47:54,83,0.363,4.5,-20.0
2020-06-05 02:47:54,84,0.41,4.49,-20.0
2020-06-05 02:47:54,85,0.39,4.48,20.4
2020-06-05 02:47:54,86,0.374,4.46,-20.0
2020-06-05 02:47:54,87,0.385,4.46,-20.0
2020-06-05 02:47:54,88,0.398,4.47,-20.0
2020-06-05 02:47:54,89,0.365,4.5,-20.0
2020-06-05 02:47:54,90,0.391,4.46,-20.0
2020-06-05 02:47:54,91,0.356,4.48,-20.0
2020-06-05 02:47:54,92,0.371,4.49,-20.0
2020-06-05 02:47:54,93,0.486,4.49,-20.0
2020-06-05 02:47:54,94,0.464,4.47,-20.0
2020-06-05 02:47:54,95,0.424,4.46,-20.0
2020-06-05 02:47:54,96,0.426,4.49,-20.0
2020-06-05 14:47:12,1,0.431,4.51,22.6
2020-06-05 14:47:12,2,0.443,4.51,-20.0
2020-06-05 14:47:12,3,0.416,4.53,-20.0
2020-06-05 14:47:12,4,0.446,4.47,-20.0
2020-06-05 14:47:12,5,0.436,4.52,-20.0
2020-06-05 14:47:12,6,0.37,4.49,-20.0
2020-06-05 14:47:12,7,0.395,4.47,-20.0
2020-06-05 14:47:12,8,0.373,4.5,-20.0
2020-06-05 14:47:12,9,0.411,4.47,-20.0
2020-06-05 14:47:12,10,0.397,4.49,-20.0
2020-06-05 14:47:12,11,0.398,4.44,-20.0
2020-06-05 14:47:12,12,0.367,4.46,-20.0
2020-06-05 14:47:12,13,0.404,4.46,21.6
2020-06-05 14:47:12,14,0.358,4.48,-20.0
2020-06-05 14:47:12,15,0.399,4.51,-20.0
2020-06-05 14:47:12,16,0.426,4.53,-20.0
2020-06-05 14:47:12,17,0.393,4.47,-20.0
2020-06-05 14:47:12,18,0.391,4.49,-20.0
2020-06-05 14:47:12,19,0.399,4.46,-20.0
2020-06-05 14:47:12,20,0.401,4.48,-20.0
2020-06-05 14:47:12,21,0.431,4.47,-20.0
2020-06-05 14:47:12,22,0.4,4.46,-20.0
2020-06-05 14:47:12,23,0.395,4.47,-20.0
2020-06-05 14:47:12,24,0.403,4.49,-20.0
2020-06-05 14:47:12,25,0.344,4.49,19.3
2020-06-05 14:47:12,26,0.411,4.49,-20.0
2020-06-05 14:47:12,27,0.446,4.47,-20.0
2020-06-05 14:47:12,28,0.428,4.47,-20.0
2020-06-05 14:47:12,29,0.405,4.46,-20.0
2020-06-05 14:47:12,30,0.322,4.48,-20.0
2020-06-05 14:47:12,31,0.325,4.46,-20.0
2020-06-05 14:47:12,32,0.346,4.48,-20.0
2020-06-05 14:47:12,33,0.416,4.48,-20.0
2020-06-05 14:47:12,34,0.359,4.48,-20.0
2020-06-05 14:47:12,35,0.348,4.48,-20.0
2020-06-05 14:47:12,36,0.322,4.49,-20.0
2020-06-05 14:47:12,37,0.414,4.47,19.7
2020-06-05 14:47:12,38,0.381,4.48,-20.0
2020-06-05 14:47:12,39,0.332,4.46,-20.0
2020-06-05 14:47:12,40,0.331,4.47,-20.0
2020-06-05 14:47:12,41,0.372,4.51,-20.0
2020-06-05 14:47:12,42,0.341,4.48,-20.0
2020-06-05 14:47:12,43,0.387,4.47,-20.0
2020-06-05 14:47:12,44,0.383,4.48,-20.0
2020-06-05 14:47:12,45,0.305,4.5,-20.0
2020-06-05 14:47:12,46,0.393,4.48,-20.0
2020-06-05 14:47:12,47,0.402,4.47,-20.0
2020-06-05 14:47:12,48,0.452,4.48,-20.0
2020-06-05 14:47:12,49,0.478,4.46,21.8
2020-06-05 14:47:12,50,0.439,4.47,-20.0
2020-06-05 14:47:12,51,0.384,4.45,-20.0
2020-06-05 14:47:12,52,0.404,4.46,-20.0
2020-06-05 14:47:12,53,0.346,4.44,-20.0
2020-06-05 14:47:12,54,0.383,4.45,-20.0
2020-06-05 14:47:12,55,0.362,4.43,-20.0
2020-06-05 14:47:12,56,0.33,4.43,-20.0
2020-06-05 14:47:12,57,0.398,4.42,-20.0
2020-06-05 14:47:12,58,0.382,4.42,-20.0
2020-06-05 14:47:12,59,0.396,4.44,-20.0
2020-06-05 14:47:12,60,0.372,4.45,-20.0
2020-06-05 14:47:12,61,0.367,4.49,19.1
2020-06-05 14:47:12,62,0.327,4.49,-20.0
2020-06-05 14:47:12,63,0.41,4.48,-20.0
2020-06-05 14:47:12,64,0.409,4.45,-20.0
2020-06-05 14:47:12,65,0.352,4.44,-20.0
2020-06-05 14:47:12,66,0.388,4.45,-20.0
2020-06-05 14:47:12,67,0.338,4.42,-20.0
2020-06-05 14:47:12,68,0.401,4.45,-20.0
2020-06-05 14:47:12,69,0.414,4.44,-20.0
2020-06-05 14:47:12,70,0.372,4.46,-20.0
2020-06-05 14:47:12,71,0.321,4.48,-20.0
2020-06-05 14:47:12,72,0.412,4.48,-20.0
2020-06-05 14:47:12,73,0.471,4.51,19.6
2020-06-05 14:47:12,74,0.435,4.49,-20.0
2020-06-05 14:47:12,75,0.428,4.46,-20.0
2020-06-05 14:47:12,76,0.342,4.44,-20.0
2020-06-05 14:47:12,77,0.36,4.5,-20.0
2020-06-05 14:47:12,78,0.371,4.46,-20.0
2020-06-05 14:47:12,79,0.392,4.5,-20.0
2020-06-05 14:47:12,80,0.441,4.51,-20.0
2020-06-05 14:47:12,81,0.394,4.51,-20.0
2020-06-05 14:47:12,82,0.349,4.51,-20.0
2020-06-05 14:47:12,83,0.365,4.5,-20.0
2020-06-05 14:47:12,84,0.41,4.48,-20.0
2020-06-05 14:47:12,85,0.39,4.49,20.4
2020-06-05 14:47:12,86,0.374,4.46,-20.0
2020-06-05 14:47:12,87,0.376,4.47,-20.0
2020-06-05 14:47:12,88,0.397,4.48,-20.0
2020-06-05 14:47:12,89,0.368,4.51,-20.0
2020-06-05 14:47:12,90,0.394,4.47,-20.0
2020-06-05 14:47:12,91,0.358,4.48,-20.0
2020-06-05 14:47:12,92,0.375,4.5,-20.0
2020-06-05 14:47:12,93,0.487,4.49,-20.0
2020-06-05 14:47:12,94,0.466,4.47,-20.0
2020-06-05 14:47:12,95,0.424,4.45,-20.0
2020-06-05 14:47:12,96,0.427,4.49,-20.0
2020-06-06 02:46:46,1,0.428,4.51,22.6
2020-06-06 02:46:46,2,0.441,4.51,-20.0
2020-06-06 02:46:46,3,0.415,4.52,-20.0
2020-06-06 02:46:46,4,0.443,4.48,-20.0
2020-06-06 02:46:46,5,0.435,4.5,-20.0
2020-06-06 02:46:46,6,0.367,4.5,-20.0
2020-06-06 02:46:46,7,0.397,4.47,-20.0
2020-06-06 02:46:46,8,0.374,4.49,-20.0
2020-06-06 02:46:46,9,0.41,4.46,-20.0
2020-06-06 02:46:46,10,0.397,4.49,-20.0
2020-06-06 02:46:46,11,0.398,4.44,-20.0
2020-06-06 02:46:46,12,0.368,4.45,-20.0
2020-06-06 02:46:46,13,0.402,4.46,21.6
2020-06-06 02:46:46,14,0.357,4.48,-20.0
2020-06-06 02:46:46,15,0.399,4.5,-20.0
2020-06-06 02:46:46,16,0.427,4.52,-20.0
2020-06-06 02:46:46,17,0.391,4.48,-20.0
2020-06-06 02:46:46,18,0.395,4.48,-20.0
2020-06-06 02:46:46,19,0.399,4.46,-20.0
2020-06-06 02:46:46,20,0.402,4.48,-20.0
2020-06-06 02:46:46,21,0.429,4.47,-20.0
2020-06-06 02:46:46,22,0.403,4.46,-20.0
2020-06-06 02:46:46,23,0.387,4.47,-20.0
2020-06-06 02:46:46,24,0.389,4.49,-20.0
2020-06-06 02:46:46,25,0.342,4.49,19.3
2020-06-06 02:46:46,26,0.406,4.48,-20.0
2020-06-06 02:46:46,27,0.44,4.46,-20.0
2020-06-06 02:46:46,28,0.426,4.48,-20.0
2020-06-06 02:46:46,29,0.409,4.46,-20.0
2020-06-06 02:46:46,30,0.325,4.48,-20.0
2020-06-06 02:46:46,31,0.328,4.47,-20.0
2020-06-06 02:46:46,32,0.349,4.46,-20.0
2020-06-06 02:46:46,33,0.416,4.48,-20.0
2020-06-06 02:46:46,34,0.362,4.48,-20.0
2020-06-06 02:46:46,35,0.347,4.48,-20.0
2020-06-06 02:46:46,36,0.322,4.5,-20.0
2020-06-06 02:46:46,37,0.416,4.47,19.7
2020-06-06 02:46:46,38,0.38,4.48,-20.0
2020-06-06 02:46:46,39,0.333,4.45,-20.0
2020-06-06 02:46:46,40,0.331,4.47,-20.0
2020-06-06 02:46:46,41,0.374,4.5,-20.0
2020-06-06 02:46:46,42,0.344,4.49,-20.0
2020-06-06 02:46:46,43,0.385,4.47,-20.0
2020-06-06 02:46:46,44,0.386,4.49,-20.0
2020-06-06 02:46:46,45,0.305,4.49,-20.0
2020-06-06 02:46:46,46,0.396,4.48,-20.0
2020-06-06 02:46:46,47,0.405,4.48,-20.0
2020-06-06 02:46:46,48,0.452,4.49,-20.0
2020-06-06 02:46:46,49,0.481,4.46,21.7
2020-06-06 02:46:46,50,0.439,4.47,-20.0
2020-06-06 02:46:46,51,0.383,4.47,-20.0
2020-06-06 02:46:46,52,0.405,4.46,-20.0
2020-06-06 02:46:46,53,0.347,4.44,-20.0
2020-06-06 02:46:46,54,0.383,4.46,-20.0
2020-06-06 02:46:46,55,0.365,4.42,-20.0
2020-06-06 02:46:46,56,0.332,4.42,-20.0
2020-06-06 02:46:46,57,0.396,4.42,-20.0
2020-06-06 02:46:46,58,0.384,4.42,-20.0
2020-06-06 02:46:46,59,0.398,4.44,-20.0
2020-06-06 02:46:46,60,0.371,4.45,-20.0
2020-06-06 02:46:46,61,0.367,4.49,19.1
2020-06-06 02:46:46,62,0.328,4.49,-20.0
2020-06-06 02:46:46,63,0.413,4.47,-20.0
2020-06-06 02:46:46,64,0.411,4.45,-20.0
2020-06-06 02:46:46,65,0.354,4.44,-20.0
2020-06-06 02:46:46,66,0.388,4.45,-20.0
2020-06-06 02:46:46,67,0.34,4.43,-20.0
2020-06-06 02:46:46,68,0.401,4.45,-20.0
2020-06-06 02:46:46,69,0.414,4.45,-20.0
2020-06-06 02:46:46,70,0.374,4.46,-20.0
2020-06-06 02:46:46,71,0.322,4.48,-20.0
2020-06-06 02:46:46,72,0.41,4.49,-20.0
2020-06-06 02:46:46,73,0.471,4.51,19.5
2020-06-06 02:46:46,74,0.436,4.5,-20.0
2020-06-06 02:46:46,75,0.428,4.46,-20.0
2020-06-06 02:46:46,76,0.341,4.44,-20.0
2020-06-06 02:46:46,77,0.36,4.5,-20.0
2020-06-06 02:46:46,78,0.369,4.46,-20.0
2020-06-06 02:46:46,79,0.393,4.5,-20.0
2020-06-06 02:46:46,80,0.439,4.5,-20.0
2020-06-06 02:46:46,81,0.389,4.51,-20.0
2020-06-06 02:46:46,82,0.35,4.51,-20.0
2020-06-06 02:46:46,83,0.363,4.5,-20.0
2020-06-06 02:46:46,84,0.41,4.48,-20.0
2020-06-06 02:46:46,85,0.384,4.48,20.4
2020-06-06 02:46:46,86,0.371,4.46,-20.0
2020-06-06 02:46:46,87,0.365,4.46,-20.0
2020-06-06 02:46:46,88,0.394,4.48,-20.0
2020-06-06 02:46:46,89,0.36,4.5,-20.0
2020-06-06 02:46:46,90,0.396,4.47,-20.0
2020-06-06 02:46:46,91,0.36,4.48,-20.0
2020-06-06 02:46:46,92,0.373,4.49,-20.0
2020-06-06 02:46:46,93,0.486,4.49,-20.0
2020-06-06 02:46:46,94,0.466,4.46,-20.0
2020-06-06 02:46:46,95,0.424,4.46,-20.0
2020-06-06 02:46:46,96,0.426,4.49,-20.0
2020-06-06 14:46:21,1,0.432,4.51,22.6
2020-06-06 14:46:21,2,0.439,4.51,-20.0
2020-06-06 14:46:21,3,0.413,4.52,-20.0
2020-06-06 14:46:21,4,0.444,4.47,-20.0
2020-06-06 14:46:21,5,0.436,4.5,-20.0
2020-06-06 14:46:21,6,0.367,4.48,-20.0
2020-06-06 14:46:21,7,0.396,4.47,-20.0
2020-06-06 14:46:21,8,0.373,4.5,-20.0
2020-06-06 14:46:21,9,0.411,4.46,-20.0
2020-06-06 14:46:21,10,0.396,4.49,-20.0
2020-06-06 14:46:21,11,0.396,4.44,-20.0
2020-06-06 14:46:21,12,0.366,4.46,-20.0
2020-06-06 14:46:21,13,0.399,4.47,21.6
2020-06-06 14:46:21,14,0.355,4.48,-20.0
2020-06-06 14:46:21,15,0.397,4.51,-20.0
2020-06-06 14:46:21,16,0.423,4.51,-20.0
2020-06-06 14:46:21,17,0.392,4.47,-20.0
2020-06-06 14:46:21,18,0.394,4.48,-20.0
2020-06-06 14:46:21,19,0.402,4.46,-20.0
2020-06-06 14:46:21,20,0.401,4.47,-20.0
2020-06-06 14:46:21,21,0.433,4.47,-20.0
2020-06-06 14:46:21,22,0.403,4.46,-20.0
2020-06-06 14:46:21,23,0.39,4.47,-20.0
2020-06-06 14:46:21,24,0.39,4.48,-20.0
2020-06-06 14:46:21,25,0.342,4.5,19.3
2020-06-06 14:46:21,26,0.402,4.49,-20.0
2020-06-06 14:46:21,27,0.443,4.46,-20.0
2020-06-06 14:46:21,28,0.427,4.47,-20.0
2020-06-06 14:46:21,29,0.412,4.46,-20.0
2020-06-06 14:46:21,30,0.324,4.47,-20.0
2020-06-06 14:46:21,31,0.327,4.46,-20.0
2020-06-06 14:46:21,32,0.35,4.47,-20.0
2020-06-06 14:46:21,33,0.418,4.48,-20.0
2020-06-06 14:46:21,34,0.365,4.48,-20.0
2020-06-06 14:46:21,35,0.349,4.49,-20.0
2020-06-06 14:46:21,36,0.322,4.5,-20.0
2020-06-06 14:46:21,37,0.413,4.47,19.7
2020-06-06 14:46:21,38,0.38,4.49,-20.0
2020-06-06 14:46:21,39,0.33,4.46,-20.0
2020-06-06 14:46:21,40,0.332,4.47,-20.0
2020-06-06 14:46:21,41,0.374,4.5,-20.0
2020-06-06 14:46:21,42,0.345,4.48,-20.0
2020-06-06 14:46:21,43,0.383,4.47,-20.0
2020-06-06 14:46:21,44,0.389,4.48,-20.0
2020-06-06 14:46:21,45,0.305,4.49,-20.0
2020-06-06 14:46:21,46,0.396,4.48,-20.0
2020-06-06 14:46:21,47,0.404,4.49,-20.0
2020-06-06 14:46:21,48,0.452,4.48,-20.0
2020-06-06 14:46:21,49,0.482,4.46,21.8
2020-06-06 14:46:21,50,0.439,4.47,-20.0
2020-06-06 14:46:21,51,0.38,4.46,-20.0
2020-06-06 14:46:21,52,0.406,4.46,-20.0
2020-06-06 14:46:21,53,0.347,4.44,-20.0
2020-06-06 14:46:21,54,0.382,4.46,-20.0
2020-06-06 14:46:21,55,0.366,4.43,-20.0
2020-06-06 14:46:21,56,0.332,4.43,-20.0
2020-06-06 14:46:21,57,0.397,4.42,-20.0
2020-06-06 14:46:21,58,0.387,4.42,-20.0
2020-06-06 14:46:21,59,0.403,4.43,-20.0
2020-06-06 14:46:21,60,0.375,4.45,-20.0
2020-06-06 14:46:21,61,0.367,4.49,19.1
2020-06-06 14:46:21,62,0.33,4.49,-20.0
2020-06-06 14:46:21,63,0.412,4.47,-20.0
2020-06-06 14:46:21,64,0.411,4.45,-20.0
2020-06-06 14:46:21,65,0.355,4.45,-20.0
2020-06-06 14:46:21,66,0.39,4.45,-20.0
2020-06-06 14:46:21,67,0.343,4.42,-20.0
2020-06-06 14:46:21,68,0.402,4.45,-20.0
2020-06-06 14:46:21,69,0.414,4.45,-20.0
2020-06-06 14:46:21,70,0.381,4.46,-20.0
2020-06-06 14:46:21,71,0.325,4.48,-20.0
2020-06-06 14:46:21,72,0.41,4.48,-20.0
2020-06-06 14:46:21,73,0.472,4.5,19.5
2020-06-06 14:46:21,74,0.438,4.49,-20.0
2020-06-06 14:46:21,75,0.428,4.46,-20.0
2020-06-06 14:46:21,76,0.339,4.44,-20.0
2020-06-06 14:46:21,77,0.359,4.5,-20.0
2020-06-06 14:46:21,78,0.366,4.46,-20.0
2020-06-06 14:46:21,79,0.391,4.49,-20.0
2020-06-06 14:46:21,80,0.44,4.5,-20.0
2020-06-06 14:46:21,81,0.391,4.51,-20.0
2020-06-06 14:46:21,82,0.353,4.51,-20.0
2020-06-06 14:46:21,83,0.364,4.5,-20.0
2020-06-06 14:46:21,84,0.412,4.49,-20.0
2020-06-06 14:46:21,85,0.386,4.48,20.3
2020-06-06 14:46:21,86,0.373,4.47,-20.0
2020-06-06 14:46:21,87,0.362,4.46,-20.0
2020-06-06 14:46:21,88,0.395,4.48,-20.0
2020-06-06 14:46:21,89,0.365,4.5,-20.0
2020-06-06 14:46:21,90,0.396,4.47,-20.0
2020-06-06 14:46:21,91,0.362,4.48,-20.0
2020-06-06 14:46:21,92,0.375,4.49,-20.0
2020-06-06 14:46:21,93,0.485,4.49,-20.0
2020-06-06 14:46:21,94,0.467,4.46,-20.0
2020-06-06 14:46:21,95,0.425,4.46,-20.0
2020-06-06 14:46:21,96,0.427,4.49,-20.0
2020-06-07 02:45:54,1,0.431,4.51,22.6
2020-06-07 02:45:54,2,0.441,4.51,-20.0
2020-06-07 02:45:54,3,0.414,4.52,-20.0
2020-06-07 02:45:54,4,0.443,4.47,-20.0
2020-06-07 02:45:54,5,0.435,4.5,-20.0
2020-06-07 02:45:54,6,0.365,4.49,-20.0
2020-06-07 02:45:54,7,0.396,4.47,-20.0
2020-06-07 02:45:54,8,0.372,4.49,-20.0
2020-06-07 02:45:54,9,0.408,4.47,-20.0
2020-06-07 02:45:54,10,0.395,4.49,-20.0
2020-06-07 02:45:54,11,0.394,4.46,-20.0
2020-06-07 02:45:54,12,0.362,4.45,-20.0
2020-06-07 02:45:54,13,0.397,4.46,21.6
2020-06-07 02:45:54,14,0.354,4.47,-20.0
2020-06-07 02:45:54,15,0.395,4.51,-20.0
2020-06-07 02:45:54,16,0.422,4.52,-20.0
2020-06-07 02:45:54,17,0.389,4.48,-20.0
2020-06-07 02:45:54,18,0.392,4.49,-20.0
2020-06-07 02:45:54,19,0.403,4.46,-20.0
2020-06-07 02:45:54,20,0.402,4.47,-20.0
2020-06-07 02:45:54,21,0.434,4.47,-20.0
2020-06-07 02:45:54,22,0.402,4.46,-20.0
2020-06-07 02:45:54,23,0.391,4.48,-20.0
2020-06-07 02:45:54,24,0.392,4.47,-20.0
2020-06-07 02:45:54,25,0.344,4.49,19.3
2020-06-07 02:45:54,26,0.403,4.48,-20.0
2020-06-07 02:45:54,27,0.447,4.46,-20.0
2020-06-07 02:45:54,28,0.427,4.47,-20.0
2020-06-07 02:45:54,29,0.411,4.46,-20.0
2020-06-07 02:45:54,30,0.321,4.47,-20.0
2020-06-07 02:45:54,31,0.325,4.46,-20.0
2020-06-07 02:45:54,32,0.351,4.47,-20.0
2020-06-07 02:45:54,33,0.419,4.48,-20.0
2020-06-07 02:45:54,34,0.367,4.48,-20.0
2020-06-07 02:45:54,35,0.348,4.47,-20.0
2020-06-07 02:45:54,36,0.322,4.5,-20.0
2020-06-07 02:45:54,37,0.412,4.46,19.7
2020-06-07 02:45:54,38,0.38,4.48,-20.0
2020-06-07 02:45:54,39,0.328,4.46,-20.0
2020-06-07 02:45:54,40,0.331,4.47,-20.0
2020-06-07 02:45:54,41,0.376,4.5,-20.0
2020-06-07 02:45:54,42,0.348,4.48,-20.0
2020-06-07 02:45:54,43,0.384,4.47,-20.0
2020-06-07 02:45:54,44,0.389,4.49,-20.0
2020-06-07 02:45:54,45,0.305,4.49,-20.0
2020-06-07 02:45:54,46,0.398,4.48,-20.0
2020-06-07 02:45:54,47,0.404,4.48,-20.0
2020-06-07 02:45:54,48,0.457,4.47,-20.0
2020-06-07 02:45:54,49,0.48,4.46,21.7
2020-06-07 02:45:54,50,0.44,4.47,-20.0
2020-06-07 02:45:54,51,0.382,4.46,-20.0
2020-06-07 02:45:54,52,0.408,4.45,-20.0
2020-06-07 02:45:54,53,0.346,4.44,-20.0
2020-06-07 02:45:54,54,0.386,4.46,-20.0
2020-06-07 02:45:54,55,0.372,4.42,-20.0
2020-06-07 02:45:54,56,0.332,4.42,-20.0
2020-06-07 02:45:54,57,0.397,4.42,-20.0
2020-06-07 02:45:54,58,0.388,4.42,-20.0
2020-06-07 02:45:54,59,0.403,4.44,-20.0
2020-06-07 02:45:54,60,0.373,4.46,-20.0
2020-06-07 02:45:54,61,0.368,4.49,19.1
2020-06-07 02:45:54,62,0.329,4.49,-20.0
2020-06-07 02:45:54,63,0.411,4.47,-20.0
2020-06-07 02:45:54,64,0.411,4.45,-20.0
2020-06-07 02:45:54,65,0.356,4.44,-20.0
2020-06-07 02:45:54,66,0.391,4.45,-20.0
2020-06-07 02:45:54,67,0.345,4.42,-20.0
2020-06-07 02:45:54,68,0.408,4.45,-20.0
2020-06-07 02:45:54,69,0.415,4.44,-20.0
2020-06-07 02:45:54,70,0.383,4.46,-20.0
2020-06-07 02:45:54,71,0.324,4.47,-20.0
2020-06-07 02:45:54,72,0.407,4.48,-20.0
2020-06-07 02:45:54,73,0.464,4.51,19.6
2020-06-07 02:45:54,74,0.43,4.49,-20.0
2020-06-07 02:45:54,75,0.432,4.47,-20.0
2020-06-07 02:45:54,76,0.339,4.44,-20.0
2020-06-07 02:45:54,77,0.357,4.5,-20.0
2020-06-07 02:45:54,78,0.36,4.46,-20.0
2020-06-07 02:45:54,79,0.389,4.49,-20.0
2020-06-07 02:45:54,80,0.44,4.51,-20.0
2020-06-07 02:45:54,81,0.391,4.51,-20.0
2020-06-07 02:45:54,82,0.353,4.51,-20.0
2020-06-07 02:45:54,83,0.365,4.5,-20.0
2020-06-07 02:45:54,84,0.412,4.49,-20.0
2020-06-07 02:45:54,85,0.389,4.48,20.4
2020-06-07 02:45:54,86,0.374,4.46,-20.0
2020-06-07 02:45:54,87,0.357,4.46,-20.0
2020-06-07 02:45:54,88,0.394,4.48,-20.0
2020-06-07 02:45:54,89,0.366,4.5,-20.0
2020-06-07 02:45:54,90,0.397,4.47,-20.0
2020-06-07 02:45:54,91,0.358,4.48,-20.0
2020-06-07 02:45:54,92,0.377,4.5,-20.0
2020-06-07 02:45:54,93,0.482,4.49,-20.0
2020-06-07 02:45:54,94,0.465,4.46,-20.0
2020-06-07 02:45:54,95,0.423,4.46,-20.0
2020-06-07 02:45:54,96,0.43,4.49,-20.0
2020-06-07 14:45:27,1,0.43,4.51,22.6
2020-06-07 14:45:27,2,0.44,4.51,-20.0
2020-06-07 14:45:27,3,0.413,4.53,-20.0
2020-06-07 14:45:27,4,0.442,4.47,-20.0
2020-06-07 14:45:27,5,0.437,4.5,-20.0
2020-06-07 14:45:27,6,0.366,4.49,-20.0
2020-06-07 14:45:27,7,0.397,4.47,-20.0
2020-06-07 14:45:27,8,0.374,4.5,-20.0
2020-06-07 14:45:27,9,0.409,4.48,-20.0
2020-06-07 14:45:27,10,0.393,4.49,-20.0
2020-06-07 14:45:27,11,0.394,4.45,-20.0
2020-06-07 14:45:27,12,0.364,4.45,-20.0
2020-06-07 14:45:27,13,0.397,4.46,21.6
2020-06-07 14:45:27,14,0.354,4.49,-20.0
2020-06-07 14:45:27,15,0.397,4.5,-20.0
2020-06-07 14:45:27,16,0.424,4.52,-20.0
2020-06-07 14:45:27,17,0.391,4.49,-20.0
2020-06-07 14:45:27,18,0.393,4.48,-20.0
2020-06-07 14:45:27,19,0.403,4.47,-20.0
2020-06-07 14:45:27,20,0.401,4.47,-20.0
2020-06-07 14:45:27,21,0.434,4.47,-20.0
2020-06-07 14:45:27,22,0.401,4.46,-20.0
2020-06-07 14:45:27,23,0.391,4.48,-20.0
2020-06-07 14:45:27,24,0.392,4.48,-20.0
2020-06-07 14:45:27,25,0.346,4.5,19.3
2020-06-07 14:45:27,26,0.406,4.49,-20.0
2020-06-07 14:45:27,27,0.454,4.46,-20.0
2020-06-07 14:45:27,28,0.429,4.47,-20.0
2020-06-07 14:45:27,29,0.413,4.46,-20.0
2020-06-07 14:45:27,30,0.32,4.47,-20.0
2020-06-07 14:45:27,31,0.328,4.46,-20.0
2020-06-07 14:45:27,32,0.351,4.47,-20.0
2020-06-07 14:45:27,33,0.421,4.48,-20.0
2020-06-07 14:45:27,34,0.37,4.48,-20.0
2020-06-07 14:45:27,35,0.348,4.49,-20.0
2020-06-07 14:45:27,36,0.322,4.5,-20.0
2020-06-07 14:45:27,37,0.41,4.47,19.7
2020-06-07 14:45:27,38,0.382,4.48,-20.0
2020-06-07 14:45:27,39,0.333,4.46,-20.0
2020-06-07 14:45:27,40,0.33,4.47,-20.0
2020-06-07 14:45:27,41,0.378,4.5,-20.0
2020-06-07 14:45:27,42,0.349,4.48,-20.0
2020-06-07 14:45:27,43,0.385,4.48,-20.0
2020-06-07 14:45:27,44,0.384,4.49,-20.0
2020-06-07 14:45:27,45,0.305,4.49,-20.0
2020-06-07 14:45:27,46,0.397,4.48,-20.0
2020-06-07 14:45:27,47,0.412,4.48,-20.0
2020-06-07 14:45:27,48,0.465,4.47,-20.0
2020-06-07 14:45:27,49,0.485,4.46,21.8
2020-06-07 14:45:27,50,0.439,4.47,-20.0
2020-06-07 14:45:27,51,0.38,4.46,-20.0
2020-06-07 14:45:27,52,0.408,4.46,-20.0
2020-06-07 14:45:27,53,0.346,4.45,-20.0
2020-06-07 14:45:27,54,0.386,4.45,-20.0
2020-06-07 14:45:27,55,0.372,4.43,-20.0
2020-06-07 14:45:27,56,0.334,4.43,-20.0
2020-06-07 14:45:27,57,0.398,4.42,-20.0
2020-06-07 14:45:27,58,0.388,4.42,-20.0
2020-06-07 14:45:27,59,0.404,4.44,-20.0
2020-06-07 14:45:27,60,0.376,4.45,-20.0
2020-06-07 14:45:27,61,0.365,4.48,19.1
2020-06-07 14:45:27,62,0.329,4.49,-20.0
2020-06-07 14:45:27,63,0.409,4.47,-20.0
2020-06-07 14:45:27,64,0.41,4.45,-20.0
2020-06-07 14:45:27,65,0.357,4.44,-20.0
2020-06-07 14:45:27,66,0.39,4.45,-20.0
2020-06-07 14:45:27,67,0.344,4.42,-20.0
2020-06-07 14:45:27,68,0.408,4.45,-20.0
2020-06-07 14:45:27,69,0.412,4.45,-20.0
2020-06-07 14:45:27,70,0.38,4.46,-20.0
2020-06-07 14:45:27,71,0.327,4.48,-20.0
2020-06-07 14:45:27,72,0.412,4.48,-20.0
2020-06-07 14:45:27,73,0.467,4.5,19.6
2020-06-07 14:45:27,74,0.434,4.5,-20.0
2020-06-07 14:45:27,75,0.431,4.46,-20.0
2020-06-07 14:45:27,76,0.338,4.44,-20.0
2020-06-07 14:45:27,77,0.36,4.5,-20.0
2020-06-07 14:45:27,78,0.362,4.47,-20.0
2020-06-07 14:45:27,79,0.39,4.49,-20.0
2020-06-07 14:45:27,80,0.442,4.51,-20.0
2020-06-07 14:45:27,81,0.39,4.51,-20.0
2020-06-07 14:45:27,82,0.351,4.5,-20.0
2020-06-07 14:45:27,83,0.364,4.5,-20.0
2020-06-07 14:45:27,84,0.416,4.49,-20.0
2020-06-07 14:45:27,85,0.39,4.48,20.4
2020-06-07 14:45:27,86,0.377,4.46,-20.0
2020-06-07 14:45:27,87,0.353,4.47,-20.0
2020-06-07 14:45:27,88,0.392,4.48,-20.0
2020-06-07 14:45:27,89,0.366,4.51,-20.0
2020-06-07 14:45:27,90,0.4,4.47,-20.0
2020-06-07 14:45:27,91,0.358,4.48,-20.0
2020-06-07 14:45:27,92,0.375,4.5,-20.0
2020-06-07 14:45:27,93,0.479,4.49,-20.0
2020-06-07 14:45:27,94,0.464,4.47,-20.0
2020-06-07 14:45:27,95,0.424,4.45,-20.0
2020-06-07 14:45:27,96,0.432,4.49,-20.0
2020-06-08 02:44:58,1,0.425,4.51,22.6
2020-06-08 02:44:58,2,0.438,4.5,-20.0
2020-06-08 02:44:58,3,0.412,4.52,-20.0
2020-06-08 02:44:58,4,0.441,4.47,-20.0
2020-06-08 02:44:58,5,0.435,4.5,-20.0
2020-06-08 02:44:58,6,0.364,4.5,-20.0
2020-06-08 02:44:58,7,0.393,4.47,-20.0
2020-06-08 02:44:58,8,0.368,4.5,-20.0
2020-06-08 02:44:58,9,0.408,4.46,-20.0
2020-06-08 02:44:58,10,0.392,4.48,-20.0
2020-06-08 02:44:58,11,0.393,4.44,-20.0
2020-06-08 02:44:58,12,0.364,4.45,-20.0
2020-06-08 02:44:58,13,0.395,4.47,21.6
2020-06-08 02:44:58,14,0.355,4.48,-20.0
2020-06-08 02:44:58,15,0.401,4.52,-20.0
2020-06-08 02:44:58,16,0.426,4.51,-20.0
2020-06-08 02:44:58,17,0.39,4.48,-20.0
2020-06-08 02:44:58,18,0.391,4.48,-20.0
2020-06-08 02:44:58,19,0.401,4.46,-20.0
2020-06-08 02:44:58,20,0.401,4.47,-20.0
2020-06-08 02:44:58,21,0.435,4.47,-20.0
2020-06-08 02:44:58,22,0.402,4.46,-20.0
2020-06-08 02:44:58,23,0.392,4.47,-20.0
2020-06-08 02:44:58,24,0.39,4.48,-20.0
2020-06-08 02:44:58,25,0.347,4.49,19.3
2020-06-08 02:44:58,26,0.401,4.49,-20.0
2020-06-08 02:44:58,27,0.455,4.46,-20.0
2020-06-08 02:44:58,28,0.431,4.46,-20.0
2020-06-08 02:44:58,29,0.414,4.46,-20.0
2020-06-08 02:44:58,30,0.324,4.47,-20.0
2020-06-08 02:44:58,31,0.325,4.45,-20.0
2020-06-08 02:44:58,32,0.352,4.47,-20.0
2020-06-08 02:44:58,33,0.423,4.48,-20.0
2020-06-08 02:44:58,34,0.372,4.48,-20.0
2020-06-08 02:44:58,35,0.347,4.48,-20.0
2020-06-08 02:44:58,36,0.328,4.5,-20.0
2020-06-08 02:44:58,37,0.409,4.47,19.7
2020-06-08 02:44:58,38,0.388,4.48,-20.0
2020-06-08 02:44:58,39,0.334,4.46,-20.0
2020-06-08 02:44:58,40,0.329,4.46,-20.0
2020-06-08 02:44:58,41,0.377,4.5,-20.0
2020-06-08 02:44:58,42,0.346,4.48,-20.0
2020-06-08 02:44:58,43,0.39,4.47,-20.0
2020-06-08 02:44:58,44,0.386,4.48,-20.0
2020-06-08 02:44:58,45,0.305,4.49,-20.0
2020-06-08 02:44:58,46,0.398,4.49,-20.0
2020-06-08 02:44:58,47,0.411,4.48,-20.0
2020-06-08 02:44:58,48,0.465,4.48,-20.0
2020-06-08 02:44:58,49,0.479,4.46,21.7
2020-06-08 02:44:58,50,0.439,4.46,-20.0
2020-06-08 02:44:58,51,0.382,4.46,-20.0
2020-06-08 02:44:58,52,0.409,4.46,-20.0
2020-06-08 02:44:58,53,0.344,4.44,-20.0
2020-06-08 02:44:58,54,0.384,4.46,-20.0
2020-06-08 02:44:58,55,0.369,4.43,-20.0
2020-06-08 02:44:58,56,0.33,4.43,-20.0
2020-06-08 02:44:58,57,0.402,4.42,-20.0
2020-06-08 02:44:58,58,0.388,4.42,-20.0
2020-06-08 02:44:58,59,0.404,4.44,-20.0
2020-06-08 02:44:58,60,0.359,4.45,-20.0
2020-06-08 02:44:58,61,0.364,4.49,19.1
2020-06-08 02:44:58,62,0.326,4.49,-20.0
2020-06-08 02:44:58,63,0.395,4.47,-20.0
2020-06-08 02:44:58,64,0.405,4.45,-20.0
2020-06-08 02:44:58,65,0.338,4.44,-20.0
2020-06-08 02:44:58,66,0.382,4.45,-20.0
2020-06-08 02:44:58,67,0.341,4.42,-20.0
2020-06-08 02:44:58,68,0.388,4.45,-20.0
2020-06-08 02:44:58,69,0.41,4.45,-20.0
2020-06-08 02:44:58,70,0.368,4.46,-20.0
2020-06-08 02:44:58,71,0.327,4.47,-20.0
2020-06-08 02:44:58,72,0.407,4.49,-20.0
2020-06-08 02:44:58,73,0.468,4.5,19.5
2020-06-08 02:44:58,74,0.436,4.49,-20.0
2020-06-08 02:44:58,75,0.433,4.46,-20.0
2020-06-08 02:44:58,76,0.342,4.44,-20.0
2020-06-08 02:44:58,77,0.362,4.5,-20.0
2020-06-08 02:44:58,78,0.362,4.47,-20.0
2020-06-08 02:44:58,79,0.388,4.5,-20.0
2020-06-08 02:44:58,80,0.443,4.51,-20.0
2020-06-08 02:44:58,81,0.394,4.5,-20.0
2020-06-08 02:44:58,82,0.351,4.51,-20.0
2020-06-08 02:44:58,83,0.365,4.5,-20.0
2020-06-08 02:44:58,84,0.416,4.48,-20.0
2020-06-08 02:44:58,85,0.388,4.49,20.4
2020-06-08 02:44:58,86,0.377,4.46,-20.0
2020-06-08 02:44:58,87,0.35,4.46,-20.0
2020-06-08 02:44:58,88,0.391,4.48,-20.0
2020-06-08 02:44:58,89,0.369,4.51,-20.0
2020-06-08 02:44:58,90,0.398,4.47,-20.0
2020-06-08 02:44:58,91,0.357,4.48,-20.0
2020-06-08 02:44:58,92,0.374,4.5,-20.0
2020-06-08 02:44:58,93,0.48,4.48,-20.0
2020-06-08 02:44:58,94,0.465,4.47,-20.0
2020-06-08 02:44:58,95,0.425,4.45,-20.0
2020-06-08 02:44:58,96,0.431,4.49,-20.0
2020-06-08 14:44:24,1,0.427,4.51,22.6
2020-06-08 14:44:24,2,0.439,4.51,-20.0
2020-06-08 14:44:24,3,0.414,4.52,-20.0
2020-06-08 14:44:24,4,0.442,4.47,-20.0
2020-06-08 14:44:24,5,0.437,4.51,-20.0
2020-06-08 14:44:24,6,0.365,4.48,-20.0
2020-06-08 14:44:24,7,0.396,4.48,-20.0
2020-06-08 14:44:24,8,0.369,4.5,-20.0
2020-06-08 14:44:24,9,0.407,4.46,-20.0
2020-06-08 14:44:24,10,0.391,4.49,-20.0
2020-06-08 14:44:24,11,0.394,4.44,-20.0
2020-06-08 14:44:24,12,0.365,4.45,-20.0
2020-06-08 14:44:24,13,0.396,4.47,21.6
2020-06-08 14:44:24,14,0.355,4.48,-20.0
2020-06-08 14:44:24,15,0.4,4.5,-20.0
2020-06-08 14:44:24,16,0.428,4.52,-20.0
2020-06-08 14:44:24,17,0.393,4.47,-20.0
2020-06-08 14:44:24,18,0.392,4.49,-20.0
2020-06-08 14:44:24,19,0.402,4.46,-20.0
2020-06-08 14:44:24,20,0.399,4.47,-20.0
2020-06-08 14:44:24,21,0.432,4.47,-20.0
2020-06-08 14:44:24,22,0.402,4.46,-20.0
2020-06-08 14:44:24,23,0.393,4.47,-20.0
2020-06-08 14:44:24,24,0.393,4.47,-20.0
2020-06-08 14:44:24,25,0.346,4.5,19.3
2020-06-08 14:44:24,26,0.402,4.48,-20.0
2020-06-08 14:44:24,27,0.457,4.45,-20.0
2020-06-08 14:44:24,28,0.433,4.47,-20.0
2020-06-08 14:44:24,29,0.415,4.46,-20.0
2020-06-08 14:44:24,30,0.327,4.47,-20.0
2020-06-08 14:44:24,31,0.323,4.46,-20.0
2020-06-08 14:44:24,32,0.351,4.47,-20.0
2020-06-08 14:44:24,33,0.422,4.48,-20.0
2020-06-08 14:44:24,34,0.374,4.48,-20.0
2020-06-08 14:44:24,35,0.347,4.47,-20.0
2020-06-08 14:44:24,36,0.329,4.5,-20.0
2020-06-08 14:44:24,37,0.396,4.47,19.7
2020-06-08 14:44:24,38,0.372,4.48,-20.0
2020-06-08 14:44:24,39,0.323,4.46,-20.0
2020-06-08 14:44:24,40,0.33,4.47,-20.0
2020-06-08 14:44:24,41,0.372,4.5,-20.0
2020-06-08 14:44:24,42,0.328,4.48,-20.0
2020-06-08 14:44:24,43,0.377,4.47,-20.0
2020-06-08 14:44:24,44,0.37,4.49,-20.0
2020-06-08 14:44:24,45,0.303,4.49,-20.0
2020-06-08 14:44:24,46,0.392,4.48,-20.0
2020-06-08 14:44:24,47,0.401,4.49,-20.0
2020-06-08 14:44:24,48,0.46,4.47,-20.0
2020-06-08 14:44:24,49,0.483,4.46,21.8
2020-06-08 14:44:24,50,0.44,4.47,-20.0
2020-06-08 14:44:24,51,0.383,4.46,-20.0
2020-06-08 14:44:24,52,0.409,4.46,-20.0
2020-06-08 14:44:24,53,0.344,4.44,-20.0
2020-06-08 14:44:24,54,0.383,4.46,-20.0
2020-06-08 14:44:24,55,0.368,4.43,-20.0
2020-06-08 14:44:24,56,0.33,4.43,-20.0
2020-06-08 14:44:24,57,0.4,4.42,-20.0
2020-06-08 14:44:24,58,0.387,4.42,-20.0
2020-06-08 14:44:24,59,0.404,4.44,-20.0
2020-06-08 14:44:24,60,0.36,4.45,-20.0
2020-06-08 14:44:24,61,0.362,4.49,19.1
2020-06-08 14:44:24,62,0.327,4.49,-20.0
2020-06-08 14:44:24,63,0.402,4.47,-20.0
2020-06-08 14:44:24,64,0.405,4.45,-20.0
2020-06-08 14:44:24,65,0.343,4.44,-20.0
2020-06-08 14:44:24,66,0.384,4.44,-20.0
2020-06-08 14:44:24,67,0.341,4.42,-20.0
2020-06-08 14:44:24,68,0.394,4.46,-20.0
2020-06-08 14:44:24,69,0.412,4.44,-20.0
2020-06-08 14:44:24,70,0.375,4.46,-20.0
2020-06-08 14:44:24,71,0.331,4.48,-20.0
2020-06-08 14:44:24,72,0.409,4.48,-20.0
2020-06-08 14:44:24,73,0.468,4.5,19.6
2020-06-08 14:44:24,74,0.438,4.49,-20.0
2020-06-08 14:44:24,75,0.431,4.47,-20.0
2020-06-08 14:44:24,76,0.343,4.45,-20.0
2020-06-08 14:44:24,77,0.363,4.5,-20.0
2020-06-08 14:44:24,78,0.364,4.46,-20.0
2020-06-08 14:44:24,79,0.39,4.5,-20.0
2020-06-08 14:44:24,80,0.443,4.51,-20.0
2020-06-08 14:44:24,81,0.394,4.51,-20.0
2020-06-08 14:44:24,82,0.35,4.51,-20.0
2020-06-08 14:44:24,83,0.366,4.5,-20.0
2020-06-08 14:44:24,84,0.416,4.49,-20.0
2020-06-08 14:44:24,85,0.387,4.48,20.4
2020-06-08 14:44:24,86,0.376,4.46,-20.0
2020-06-08 14:44:24,87,0.346,4.46,-20.0
2020-06-08 14:44:24,88,0.39,4.48,-20.0
2020-06-08 14:44:24,89,0.37,4.51,-20.0
2020-06-08 14:44:24,90,0.394,4.47,-20.0
2020-06-08 14:44:24,91,0.356,4.48,-20.0
2020-06-08 14:44:24,92,0.373,4.5,-20.0
2020-06-08 14:44:24,93,0.482,4.49,-20.0
2020-06-08 14:44:24,94,0.467,4.47,-20.0
2020-06-08 14:44:24,95,0.423,4.46,-20.0
2020-06-08 14:44:24,96,0.432,4.49,-20.0
2020-06-09 02:44:06,1,0.43,4.5,22.6
2020-06-09 02:44:06,2,0.44,4.5,-20.0
2020-06-09 02:44:06,3,0.414,4.52,-20.0
2020-06-09 02:44:06,4,0.441,4.48,-20.0
2020-06-09 02:44:06,5,0.439,4.51,-20.0
2020-06-09 02:44:06,6,0.366,4.48,-20.0
2020-06-09 02:44:06,7,0.395,4.47,-20.0
2020-06-09 02:44:06,8,0.369,4.49,-20.0
2020-06-09 02:44:06,9,0.408,4.46,-20.0
2020-06-09 02:44:06,10,0.393,4.48,-20.0
2020-06-09 02:44:06,11,0.396,4.44,-20.0
2020-06-09 02:44:06,12,0.364,4.45,-20.0
2020-06-09 02:44:06,13,0.396,4.46,21.6
2020-06-09 02:44:06,14,0.357,4.48,-20.0
2020-06-09 02:44:06,15,0.4,4.51,-20.0
2020-06-09 02:44:06,16,0.425,4.51,-20.0
2020-06-09 02:44:06,17,0.394,4.48,-20.0
2020-06-09 02:44:06,18,0.395,4.49,-20.0
2020-06-09 02:44:06,19,0.402,4.46,-20.0
2020-06-09 02:44:06,20,0.401,4.47,-20.0
2020-06-09 02:44:06,21,0.433,4.48,-20.0
2020-06-09 02:44:06,22,0.405,4.47,-20.0
2020-06-09 02:44:06,23,0.394,4.49,-20.0
2020-06-09 02:44:06,24,0.393,4.48,-20.0
2020-06-09 02:44:06,25,0.343,4.49,19.3
2020-06-09 02:44:06,26,0.404,4.48,-20.0
2020-06-09 02:44:06,27,0.457,4.46,-20.0
2020-06-09 02:44:06,28,0.434,4.47,-20.0
2020-06-09 02:44:06,29,0.415,4.47,-20.0
2020-06-09 02:44:06,30,0.326,4.47,-20.0
2020-06-09 02:44:06,31,0.323,4.46,-20.0
2020-06-09 02:44:06,32,0.35,4.47,-20.0
2020-06-09 02:44:06,33,0.423,4.48,-20.0
2020-06-09 02:44:06,34,0.373,4.48,-20.0
2020-06-09 02:44:06,35,0.348,4.47,-20.0
2020-06-09 02:44:06,36,0.329,4.5,-20.0
2020-06-09 02:44:06,37,0.404,4.47,19.7
2020-06-09 02:44:06,38,0.377,4.48,-20.0
2020-06-09 02:44:06,39,0.326,4.46,-20.0
2020-06-09 02:44:06,40,0.33,4.46,-20.0
2020-06-09 02:44:06,41,0.367,4.5,-20.0
2020-06-09 02:44:06,42,0.333,4.48,-20.0
2020-06-09 02:44:06,43,0.382,4.47,-20.0
2020-06-09 02:44:06,44,0.378,4.48,-20.0
2020-06-09 02:44:06,45,0.302,4.49,-20.0
2020-06-09 02:44:06,46,0.393,4.48,-20.0
2020-06-09 02:44:06,47,0.4,4.48,-20.0
2020-06-09 02:44:06,48,0.463,4.48,-20.0
2020-06-09 02:44:06,49,0.482,4.46,21.7
2020-06-09 02:44:06,50,0.442,4.47,-20.0
2020-06-09 02:44:06,51,0.385,4.46,-20.0
2020-06-09 02:44:06,52,0.409,4.46,-20.0
2020-06-09 02:44:06,53,0.342,4.44,-20.0
2020-06-09 02:44:06,54,0.382,4.46,-20.0
2020-06-09 02:44:06,55,0.357,4.43,-20.0
2020-06-09 02:44:06,56,0.329,4.42,-20.0
2020-06-09 02:44:06,57,0.399,4.43,-20.0
2020-06-09 02:44:06,58,0.38,4.42,-20.0
2020-06-09 02:44:06,59,0.391,4.44,-20.0
2020-06-09 02:44:06,60,0.351,4.45,-20.0
2020-06-09 02:44:06,61,0.365,4.48,19.1
2020-06-09 02:44:06,62,0.325,4.49,-20.0
2020-06-09 02:44:06,63,0.397,4.47,-20.0
2020-06-09 02:44:06,64,0.407,4.45,-20.0
2020-06-09 02:44:06,65,0.349,4.44,-20.0
2020-06-09 02:44:06,66,0.387,4.45,-20.0
2020-06-09 02:44:06,67,0.34,4.42,-20.0
2020-06-09 02:44:06,68,0.4,4.45,-20.0
2020-06-09 02:44:06,69,0.412,4.44,-20.0
2020-06-09 02:44:06,70,0.38,4.46,-20.0
2020-06-09 02:44:06,71,0.33,4.48,-20.0
2020-06-09 02:44:06,72,0.414,4.48,-20.0
2020-06-09 02:44:06,73,0.47,4.5,19.5
2020-06-09 02:44:06,74,0.436,4.49,-20.0
2020-06-09 02:44:06,75,0.429,4.46,-20.0
2020-06-09 02:44:06,76,0.343,4.44,-20.0
2020-06-09 02:44:06,77,0.362,4.5,-20.0
2020-06-09 02:44:06,78,0.366,4.47,-20.0
2020-06-09 02:44:06,79,0.388,4.49,-20.0
2020-06-09 02:44:06,80,0.442,4.51,-20.0
2020-06-09 02:44:06,81,0.395,4.51,-20.0
2020-06-09 02:44:06,82,0.346,4.5,-20.0
2020-06-09 02:44:06,83,0.368,4.5,-20.0
2020-06-09 02:44:06,84,0.411,4.5,-20.0
2020-06-09 02:44:06,85,0.385,4.49,20.4
2020-06-09 02:44:06,86,0.377,4.46,-20.0
2020-06-09 02:44:06,87,0.346,4.46,-20.0
2020-06-09 02:44:06,88,0.393,4.48,-20.0
2020-06-09 02:44:06,89,0.377,4.51,-20.0
2020-06-09 02:44:06,90,0.398,4.47,-20.0
2020-06-09 02:44:06,91,0.355,4.48,-20.0
2020-06-09 02:44:06,92,0.372,4.5,-20.0
2020-06-09 02:44:06,93,0.484,4.49,-20.0
2020-06-09 02:44:06,94,0.467,4.46,-20.0
2020-06-09 02:44:06,95,0.426,4.46,-20.0
2020-06-09 02:44:06,96,0.435,4.49,-20.0
2020-06-09 14:43:33,1,0.431,4.51,22.7
2020-06-09 14:43:33,2,0.439,4.51,-20.0
2020-06-09 14:43:33,3,0.415,4.53,-20.0
2020-06-09 14:43:33,4,0.443,4.47,-20.0
2020-06-09 14:43:33,5,0.438,4.5,-20.0
2020-06-09 14:43:33,6,0.368,4.48,-20.0
2020-06-09 14:43:33,7,0.394,4.48,-20.0
2020-06-09 14:43:33,8,0.371,4.49,-20.0
2020-06-09 14:43:33,9,0.408,4.47,-20.0
2020-06-09 14:43:33,10,0.393,4.5,-20.0
2020-06-09 14:43:33,11,0.396,4.44,-20.0
2020-06-09 14:43:33,12,0.367,4.46,-20.0
2020-06-09 14:43:33,13,0.396,4.46,21.6
2020-06-09 14:43:33,14,0.358,4.49,-20.0
2020-06-09 14:43:33,15,0.402,4.51,-20.0
2020-06-09 14:43:33,16,0.424,4.52,-20.0
2020-06-09 14:43:33,17,0.394,4.48,-20.0
2020-06-09 14:43:33,18,0.391,4.48,-20.0
2020-06-09 14:43:33,19,0.4,4.46,-20.0
2020-06-09 14:43:33,20,0.4,4.47,-20.0
2020-06-09 14:43:33,21,0.432,4.47,-20.0
2020-06-09 14:43:33,22,0.404,4.46,-20.0
2020-06-09 14:43:33,23,0.394,4.47,-20.0
2020-06-09 14:43:33,24,0.394,4.48,-20.0
2020-06-09 14:43:33,25,0.342,4.49,19.4
2020-06-09 14:43:33,26,0.403,4.48,-20.0
2020-06-09 14:43:33,27,0.448,4.47,-20.0
2020-06-09 14:43:33,28,0.427,4.47,-20.0
2020-06-09 14:43:33,29,0.403,4.47,-20.0
2020-06-09 14:43:33,30,0.322,4.47,-20.0
2020-06-09 14:43:33,31,0.32,4.46,-20.0
2020-06-09 14:43:33,32,0.335,4.47,-20.0
2020-06-09 14:43:33,33,0.418,4.48,-20.0
2020-06-09 14:43:33,34,0.358,4.48,-20.0
2020-06-09 14:43:33,35,0.345,4.48,-20.0
2020-06-09 14:43:33,36,0.324,4.5,-20.0
2020-06-09 14:43:33,37,0.39,4.48,19.8
2020-06-09 14:43:33,38,0.364,4.48,-20.0
2020-06-09 14:43:33,39,0.326,4.47,-20.0
2020-06-09 14:43:33,40,0.33,4.47,-20.0
2020-06-09 14:43:33,41,0.369,4.5,-20.0
2020-06-09 14:43:33,42,0.334,4.48,-20.0
2020-06-09 14:43:33,43,0.383,4.47,-20.0
2020-06-09 14:43:33,44,0.38,4.49,-20.0
2020-06-09 14:43:33,45,0.303,4.5,-20.0
2020-06-09 14:43:33,46,0.394,4.48,-20.0
2020-06-09 14:43:33,47,0.404,4.48,-20.0
2020-06-09 14:43:33,48,0.465,4.48,-20.0
2020-06-09 14:43:33,49,0.483,4.46,21.8
2020-06-09 14:43:33,50,0.441,4.47,-20.0
2020-06-09 14:43:33,51,0.387,4.46,-20.0
2020-06-09 14:43:33,52,0.407,4.46,-20.0
2020-06-09 14:43:33,53,0.344,4.44,-20.0
2020-06-09 14:43:33,54,0.383,4.46,-20.0
2020-06-09 14:43:33,55,0.359,4.43,-20.0
2020-06-09 14:43:33,56,0.33,4.42,-20.0
2020-06-09 14:43:33,57,0.397,4.42,-20.0
2020-06-09 14:43:33,58,0.383,4.42,-20.0
2020-06-09 14:43:33,59,0.395,4.44,-20.0
2020-06-09 14:43:33,60,0.357,4.45,-20.0
2020-06-09 14:43:33,61,0.364,4.49,19.1
2020-06-09 14:43:33,62,0.326,4.49,-20.0
2020-06-09 14:43:33,63,0.402,4.47,-20.0
2020-06-09 14:43:33,64,0.407,4.45,-20.0
2020-06-09 14:43:33,65,0.353,4.44,-20.0
2020-06-09 14:43:33,66,0.387,4.44,-20.0
2020-06-09 14:43:33,67,0.34,4.42,-20.0
2020-06-09 14:43:33,68,0.406,4.45,-20.0
2020-06-09 14:43:33,69,0.412,4.45,-20.0
2020-06-09 14:43:33,70,0.382,4.46,-20.0
2020-06-09 14:43:33,71,0.329,4.48,-20.0
2020-06-09 14:43:33,72,0.416,4.48,-20.0
2020-06-09 14:43:33,73,0.473,4.52,19.6
2020-06-09 14:43:33,74,0.435,4.49,-20.0
2020-06-09 14:43:33,75,0.429,4.46,-20.0
2020-06-09 14:43:33,76,0.342,4.44,-20.0
2020-06-09 14:43:33,77,0.359,4.5,-20.0
2020-06-09 14:43:33,78,0.364,4.47,-20.0
2020-06-09 14:43:33,79,0.387,4.5,-20.0
2020-06-09 14:43:33,80,0.441,4.51,-20.0
2020-06-09 14:43:33,81,0.391,4.51,-20.0
2020-06-09 14:43:33,82,0.348,4.51,-20.0
2020-06-09 14:43:33,83,0.367,4.5,-20.0
2020-06-09 14:43:33,84,0.41,4.49,-20.0
2020-06-09 14:43:33,85,0.385,4.49,20.4
2020-06-09 14:43:33,86,0.379,4.46,-20.0
2020-06-09 14:43:33,87,0.345,4.46,-20.0
2020-06-09 14:43:33,88,0.396,4.48,-20.0
2020-06-09 14:43:33,89,0.376,4.5,-20.0
2020-06-09 14:43:33,90,0.4,4.47,-20.0
2020-06-09 14:43:33,91,0.355,4.48,-20.0
2020-06-09 14:43:33,92,0.366,4.5,-20.0
2020-06-09 14:43:33,93,0.482,4.49,-20.0
2020-06-09 14:43:33,94,0.466,4.47,-20.0
2020-06-09 14:43:33,95,0.423,4.46,-20.0
2020-06-09 14:43:33,96,0.43,4.49,-20.0
2020-06-10 02:43:09,1,0.433,4.51,22.7
2020-06-10 02:43:09,2,0.441,4.5,-20.0
2020-06-10 02:43:09,3,0.412,4.52,-20.0
2020-06-10 02:43:09,4,0.442,4.47,-20.0
2020-06-10 02:43:09,5,0.438,4.5,-20.0
2020-06-10 02:43:09,6,0.366,4.48,-20.0
2020-06-10 02:43:09,7,0.393,4.48,-20.0
2020-06-10 02:43:09,8,0.37,4.49,-20.0
2020-06-10 02:43:09,9,0.409,4.47,-20.0
2020-06-10 02:43:09,10,0.395,4.5,-20.0
2020-06-10 02:43:09,11,0.395,4.45,-20.0
2020-06-10 02:43:09,12,0.367,4.45,-20.0
2020-06-10 02:43:09,13,0.398,4.47,21.7
2020-06-10 02:43:09,14,0.356,4.48,-20.0
2020-06-10 02:43:09,15,0.4,4.5,-20.0
2020-06-10 02:43:09,16,0.424,4.53,-20.0
2020-06-10 02:43:09,17,0.399,4.47,-20.0
2020-06-10 02:43:09,18,0.39,4.48,-20.0
2020-06-10 02:43:09,19,0.397,4.46,-20.0
2020-06-10 02:43:09,20,0.402,4.48,-20.0
2020-06-10 02:43:09,21,0.431,4.47,-20.0
2020-06-10 02:43:09,22,0.404,4.46,-20.0
2020-06-10 02:43:09,23,0.392,4.47,-20.0
2020-06-10 02:43:09,24,0.396,4.49,-20.0
2020-06-10 02:43:09,25,0.342,4.49,19.4
2020-06-10 02:43:09,26,0.403,4.48,-20.0
2020-06-10 02:43:09,27,0.449,4.46,-20.0
2020-06-10 02:43:09,28,0.43,4.47,-20.0
2020-06-10 02:43:09,29,0.408,4.46,-20.0
2020-06-10 02:43:09,30,0.322,4.47,-20.0
2020-06-10 02:43:09,31,0.324,4.46,-20.0
2020-06-10 02:43:09,32,0.338,4.46,-20.0
2020-06-10 02:43:09,33,0.42,4.48,-20.0
2020-06-10 02:43:09,34,0.362,4.48,-20.0
2020-06-10 02:43:09,35,0.345,4.48,-20.0
2020-06-10 02:43:09,36,0.325,4.49,-20.0
2020-06-10 02:43:09,37,0.393,4.47,19.8
2020-06-10 02:43:09,38,0.369,4.48,-20.0
2020-06-10 02:43:09,39,0.329,4.47,-20.0
2020-06-10 02:43:09,40,0.328,4.47,-20.0
2020-06-10 02:43:09,41,0.367,4.5,-20.0
2020-06-10 02:43:09,42,0.342,4.48,-20.0
2020-06-10 02:43:09,43,0.38,4.48,-20.0
2020-06-10 02:43:09,44,0.377,4.48,-20.0
2020-06-10 02:43:09,45,0.297,4.49,-20.0
2020-06-10 02:43:09,46,0.392,4.48,-20.0
2020-06-10 02:43:09,47,0.41,4.47,-20.0
2020-06-10 02:43:09,48,0.469,4.48,-20.0
2020-06-10 02:43:09,49,0.48,4.46,21.8
2020-06-10 02:43:09,50,0.435,4.47,-20.0
2020-06-10 02:43:09,51,0.383,4.46,-20.0
2020-06-10 02:43:09,52,0.408,4.46,-20.0
2020-06-10 02:43:09,53,0.346,4.44,-20.0
2020-06-10 02:43:09,54,0.385,4.46,-20.0
2020-06-10 02:43:09,55,0.357,4.43,-20.0
2020-06-10 02:43:09,56,0.33,4.43,-20.0
2020-06-10 02:43:09,57,0.4,4.42,-20.0
2020-06-10 02:43:09,58,0.384,4.42,-20.0
2020-06-10 02:43:09,59,0.4,4.44,-20.0
2020-06-10 02:43:09,60,0.362,4.45,-20.0
2020-06-10 02:43:09,61,0.367,4.49,19.1
2020-06-10 02:43:09,62,0.328,4.48,-20.0
2020-06-10 02:43:09,63,0.407,4.47,-20.0
2020-06-10 02:43:09,64,0.408,4.45,-20.0
2020-06-10 02:43:09,65,0.358,4.44,-20.0
2020-06-10 02:43:09,66,0.387,4.44,-20.0
2020-06-10 02:43:09,67,0.338,4.42,-20.0
2020-06-10 02:43:09,68,0.408,4.45,-20.0
2020-06-10 02:43:09,69,0.416,4.44,-20.0
2020-06-10 02:43:09,70,0.383,4.46,-20.0
2020-06-10 02:43:09,71,0.325,4.48,-20.0
2020-06-10 02:43:09,72,0.415,4.48,-20.0
2020-06-10 02:43:09,73,0.47,4.51,19.6
2020-06-10 02:43:09,74,0.436,4.49,-20.0
2020-06-10 02:43:09,75,0.427,4.46,-20.0
2020-06-10 02:43:09,76,0.343,4.44,-20.0
2020-06-10 02:43:09,77,0.36,4.5,-20.0
2020-06-10 02:43:09,78,0.366,4.46,-20.0
2020-06-10 02:43:09,79,0.39,4.5,-20.0
2020-06-10 02:43:09,80,0.444,4.51,-20.0
2020-06-10 02:43:09,81,0.394,4.51,-20.0
2020-06-10 02:43:09,82,0.349,4.51,-20.0
2020-06-10 02:43:09,83,0.365,4.5,-20.0
2020-06-10 02:43:09,84,0.412,4.49,-20.0
2020-06-10 02:43:09,85,0.384,4.48,20.4
2020-06-10 02:43:09,86,0.379,4.46,-20.0
2020-06-10 02:43:09,87,0.346,4.47,-20.0
2020-06-10 02:43:09,88,0.394,4.48,-20.0
2020-06-10 02:43:09,89,0.376,4.51,-20.0
2020-06-10 02:43:09,90,0.401,4.47,-20.0
2020-06-10 02:43:09,91,0.36,4.48,-20.0
2020-06-10 02:43:09,92,0.369,4.5,-20.0
2020-06-10 02:43:09,93,0.482,4.49,-20.0
2020-06-10 02:43:09,94,0.467,4.46,-20.0
2020-06-10 02:43:09,95,0.424,4.46,-20.0
2020-06-10 02:43:09,96,0.43,4.49,-20.0
2020-06-10 14:42:35,1,0.431,4.51,22.7
2020-06-10 14:42:35,2,0.442,4.51,-20.0
2020-06-10 14:42:35,3,0.413,4.51,-20.0
2020-06-10 14:42:35,4,0.443,4.48,-20.0
2020-06-10 14:42:35,5,0.435,4.5,-20.0
2020-06-10 14:42:35,6,0.368,4.5,-20.0
2020-06-10 14:42:35,7,0.396,4.48,-20.0
2020-06-10 14:42:35,8,0.375,4.49,-20.0
2020-06-10 14:42:35,9,0.409,4.46,-20.0
2020-06-10 14:42:35,10,0.393,4.49,-20.0
2020-06-10 14:42:35,11,0.393,4.45,-20.0
2020-06-10 14:42:35,12,0.367,4.46,-20.0
2020-06-10 14:42:35,13,0.399,4.47,21.7
2020-06-10 14:42:35,14,0.355,4.48,-20.0
2020-06-10 14:42:35,15,0.4,4.5,-20.0
2020-06-10 14:42:35,16,0.423,4.52,-20.0
2020-06-10 14:42:35,17,0.399,4.48,-20.0
2020-06-10 14:42:35,18,0.393,4.49,-20.0
2020-06-10 14:42:35,19,0.396,4.46,-20.0
2020-06-10 14:42:35,20,0.4,4.47,-20.0
2020-06-10 14:42:35,21,0.428,4.47,-20.0
2020-06-10 14:42:35,22,0.407,4.47,-20.0
2020-06-10 14:42:35,23,0.385,4.47,-20.0
2020-06-10 14:42:35,24,0.387,4.49,-20.0
2020-06-10 14:42:35,25,0.344,4.5,19.4
2020-06-10 14:42:35,26,0.402,4.48,-20.0
2020-06-10 14:42:35,27,0.441,4.46,-20.0
2020-06-10 14:42:35,28,0.43,4.48,-20.0
2020-06-10 14:42:35,29,0.396,4.47,-20.0
2020-06-10 14:42:35,30,0.318,4.47,-20.0
2020-06-10 14:42:35,31,0.32,4.46,-20.0
2020-06-10 14:42:35,32,0.327,4.48,-20.0
2020-06-10 14:42:35,33,0.42,4.47,-20.0
2020-06-10 14:42:35,34,0.368,4.48,-20.0
2020-06-10 14:42:35,35,0.346,4.48,-20.0
2020-06-10 14:42:35,36,0.323,4.49,-20.0
2020-06-10 14:42:35,37,0.399,4.47,19.8
2020-06-10 14:42:35,38,0.375,4.48,-20.0
2020-06-10 14:42:35,39,0.33,4.46,-20.0
2020-06-10 14:42:35,40,0.331,4.47,-20.0
2020-06-10 14:42:35,41,0.37,4.5,-20.0
2020-06-10 14:42:35,42,0.345,4.48,-20.0
2020-06-10 14:42:35,43,0.381,4.47,-20.0
2020-06-10 14:42:35,44,0.378,4.5,-20.0
2020-06-10 14:42:35,45,0.299,4.49,-20.0
2020-06-10 14:42:35,46,0.393,4.49,-20.0
2020-06-10 14:42:35,47,0.413,4.48,-20.0
2020-06-10 14:42:35,48,0.468,4.47,-20.0
2020-06-10 14:42:35,49,0.484,4.46,21.8
2020-06-10 14:42:35,50,0.436,4.47,-20.0
2020-06-10 14:42:35,51,0.383,4.46,-20.0
2020-06-10 14:42:35,52,0.406,4.45,-20.0
2020-06-10 14:42:35,53,0.348,4.45,-20.0
2020-06-10 14:42:35,54,0.382,4.45,-20.0
2020-06-10 14:42:35,55,0.361,4.43,-20.0
2020-06-10 14:42:35,56,0.33,4.43,-20.0
2020-06-10 14:42:35,57,0.4,4.42,-20.0
2020-06-10 14:42:35,58,0.386,4.42,-20.0
2020-06-10 14:42:35,59,0.405,4.44,-20.0
2020-06-10 14:42:35,60,0.367,4.45,-20.0
2020-06-10 14:42:35,61,0.369,4.48,19.2
2020-06-10 14:42:35,62,0.331,4.49,-20.0
2020-06-10 14:42:35,63,0.408,4.46,-20.0
2020-06-10 14:42:35,64,0.408,4.45,-20.0
2020-06-10 14:42:35,65,0.365,4.44,-20.0
2020-06-10 14:42:35,66,0.389,4.44,-20.0
2020-06-10 14:42:35,67,0.343,4.42,-20.0
2020-06-10 14:42:35,68,0.409,4.45,-20.0
2020-06-10 14:42:35,69,0.415,4.44,-20.0
2020-06-10 14:42:35,70,0.382,4.46,-20.0
2020-06-10 14:42:35,71,0.325,4.48,-20.0
2020-06-10 14:42:35,72,0.417,4.48,-20.0
2020-06-10 14:42:35,73,0.471,4.51,19.6
2020-06-10 14:42:35,74,0.436,4.5,-20.0
2020-06-10 14:42:35,75,0.427,4.47,-20.0
2020-06-10 14:42:35,76,0.344,4.44,-20.0
2020-06-10 14:42:35,77,0.358,4.5,-20.0
2020-06-10 14:42:35,78,0.369,4.47,-20.0
2020-06-10 14:42:35,79,0.39,4.49,-20.0
2020-06-10 14:42:35,80,0.444,4.51,-20.0
2020-06-10 14:42:35,81,0.393,4.51,-20.0
2020-06-10 14:42:35,82,0.347,4.51,-20.0
2020-06-10 14:42:35,83,0.365,4.49,-20.0
2020-06-10 14:42:35,84,0.412,4.49,-20.0
2020-06-10 14:42:35,85,0.379,4.49,20.4
2020-06-10 14:42:35,86,0.375,4.46,-20.0
2020-06-10 14:42:35,87,0.342,4.46,-20.0
2020-06-10 14:42:35,88,0.393,4.47,-20.0
2020-06-10 14:42:35,89,0.37,4.5,-20.0
2020-06-10 14:42:35,90,0.396,4.47,-20.0
2020-06-10 14:42:35,91,0.359,4.48,-20.0
2020-06-10 14:42:35,92,0.371,4.5,-20.0
2020-06-10 14:42:35,93,0.485,4.49,-20.0
2020-06-10 14:42:35,94,0.468,4.46,-20.0
2020-06-10 14:42:35,95,0.423,4.46,-20.0
2020-06-10 14:42:35,96,0.431,4.49,-20.0
2020-06-11 02:42:08,1,0.432,4.51,22.7
2020-06-11 02:42:08,2,0.443,4.5,-20.0
2020-06-11 02:42:08,3,0.412,4.52,-20.0
2020-06-11 02:42:08,4,0.446,4.47,-20.0
2020-06-11 02:42:08,5,0.436,4.49,-20.0
2020-06-11 02:42:08,6,0.367,4.49,-20.0
2020-06-11 02:42:08,7,0.398,4.47,-20.0
2020-06-11 02:42:08,8,0.377,4.5,-20.0
2020-06-11 02:42:08,9,0.411,4.46,-20.0
2020-06-11 02:42:08,10,0.395,4.49,-20.0
2020-06-11 02:42:08,11,0.396,4.44,-20.0
2020-06-11 02:42:08,12,0.366,4.45,-20.0
2020-06-11 02:42:08,13,0.397,4.46,21.7
2020-06-11 02:42:08,14,0.355,4.48,-20.0
2020-06-11 02:42:08,15,0.4,4.51,-20.0
2020-06-11 02:42:08,16,0.423,4.51,-20.0
2020-06-11 02:42:08,17,0.395,4.48,-20.0
2020-06-11 02:42:08,18,0.392,4.49,-20.0
2020-06-11 02:42:08,19,0.394,4.46,-20.0
2020-06-11 02:42:08,20,0.402,4.47,-20.0
2020-06-11 02:42:08,21,0.43,4.47,-20.0
2020-06-11 02:42:08,22,0.406,4.47,-20.0
2020-06-11 02:42:08,23,0.387,4.47,-20.0
2020-06-11 02:42:08,24,0.39,4.49,-20.0
2020-06-11 02:42:08,25,0.342,4.48,19.4
2020-06-11 02:42:08,26,0.404,4.48,-20.0
2020-06-11 02:42:08,27,0.443,4.45,-20.0
2020-06-11 02:42:08,28,0.43,4.46,-20.0
2020-06-11 02:42:08,29,0.401,4.47,-20.0
2020-06-11 02:42:08,30,0.318,4.47,-20.0
2020-06-11 02:42:08,31,0.323,4.46,-20.0
2020-06-11 02:42:08,32,0.333,4.47,-20.0
2020-06-11 02:42:08,33,0.421,4.48,-20.0
2020-06-11 02:42:08,34,0.369,4.48,-20.0
2020-06-11 02:42:08,35,0.35,4.48,-20.0
2020-06-11 02:42:08,36,0.321,4.49,-20.0
2020-06-11 02:42:08,37,0.401,4.47,19.8
2020-06-11 02:42:08,38,0.382,4.48,-20.0
2020-06-11 02:42:08,39,0.329,4.48,-20.0
2020-06-11 02:42:08,40,0.331,4.47,-20.0
2020-06-11 02:42:08,41,0.366,4.5,-20.0
2020-06-11 02:42:08,42,0.344,4.48,-20.0
2020-06-11 02:42:08,43,0.384,4.47,-20.0
2020-06-11 02:42:08,44,0.382,4.49,-20.0
2020-06-11 02:42:08,45,0.302,4.51,-20.0
2020-06-11 02:42:08,46,0.395,4.48,-20.0
2020-06-11 02:42:08,47,0.409,4.47,-20.0
2020-06-11 02:42:08,48,0.467,4.48,-20.0
2020-06-11 02:42:08,49,0.485,4.46,21.7
2020-06-11 02:42:08,50,0.436,4.47,-20.0
2020-06-11 02:42:08,51,0.382,4.46,-20.0
2020-06-11 02:42:08,52,0.404,4.46,-20.0
2020-06-11 02:42:08,53,0.347,4.44,-20.0
2020-06-11 02:42:08,54,0.384,4.46,-20.0
2020-06-11 02:42:08,55,0.361,4.43,-20.0
2020-06-11 02:42:08,56,0.33,4.42,-20.0
2020-06-11 02:42:08,57,0.398,4.42,-20.0
2020-06-11 02:42:08,58,0.389,4.42,-20.0
2020-06-11 02:42:08,59,0.404,4.44,-20.0
2020-06-11 02:42:08,60,0.37,4.45,-20.0
2020-06-11 02:42:08,61,0.369,4.49,19.2
2020-06-11 02:42:08,62,0.33,4.49,-20.0
2020-06-11 02:42:08,63,0.41,4.47,-20.0
2020-06-11 02:42:08,64,0.407,4.45,-20.0
2020-06-11 02:42:08,65,0.361,4.45,-20.0
2020-06-11 02:42:08,66,0.386,4.44,-20.0
2020-06-11 02:42:08,67,0.339,4.42,-20.0
2020-06-11 02:42:08,68,0.407,4.45,-20.0
2020-06-11 02:42:08,69,0.416,4.45,-20.0
2020-06-11 02:42:08,70,0.38,4.45,-20.0
2020-06-11 02:42:08,71,0.32,4.47,-20.0
2020-06-11 02:42:08,72,0.417,4.48,-20.0
2020-06-11 02:42:08,73,0.472,4.51,19.6
2020-06-11 02:42:08,74,0.438,4.5,-20.0
2020-06-11 02:42:08,75,0.428,4.46,-20.0
2020-06-11 02:42:08,76,0.344,4.44,-20.0
2020-06-11 02:42:08,77,0.361,4.49,-20.0
2020-06-11 02:42:08,78,0.369,4.46,-20.0
2020-06-11 02:42:08,79,0.39,4.49,-20.0
2020-06-11 02:42:08,80,0.444,4.51,-20.0
2020-06-11 02:42:08,81,0.394,4.51,-20.0
2020-06-11 02:42:08,82,0.348,4.51,-20.0
2020-06-11 02:42:08,83,0.366,4.5,-20.0
2020-06-11 02:42:08,84,0.409,4.49,-20.0
2020-06-11 02:42:08,85,0.378,4.48,20.4
2020-06-11 02:42:08,86,0.376,4.46,-20.0
2020-06-11 02:42:08,87,0.345,4.46,-20.0
2020-06-11 02:42:08,88,0.395,4.48,-20.0
2020-06-11 02:42:08,89,0.369,4.5,-20.0
2020-06-11 02:42:08,90,0.393,4.46,-20.0
2020-06-11 02:42:08,91,0.358,4.48,-20.0
2020-06-11 02:42:08,92,0.371,4.49,-20.0
2020-06-11 02:42:08,93,0.486,4.49,-20.0
2020-06-11 02:42:08,94,0.472,4.46,-20.0
2020-06-11 02:42:08,95,0.426,4.45,-20.0
2020-06-11 02:42:08,96,0.432,4.49,-20.0
2020-06-11 14:41:43,1,0.429,4.51,22.9
2020-06-11 14:41:43,2,0.445,4.5,-20.0
2020-06-11 14:41:43,3,0.411,4.52,-20.0
2020-06-11 14:41:43,4,0.447,4.46,-20.0
2020-06-11 14:41:43,5,0.435,4.5,-20.0
2020-06-11 14:41:43,6,0.366,4.49,-20.0
2020-06-11 14:41:43,7,0.397,4.48,-20.0
2020-06-11 14:41:43,8,0.38,4.5,-20.0
2020-06-11 14:41:43,9,0.413,4.46,-20.0
2020-06-11 14:41:43,10,0.394,4.49,-20.0
2020-06-11 14:41:43,11,0.396,4.44,-20.0
2020-06-11 14:41:43,12,0.366,4.45,-20.0
2020-06-11 14:41:43,13,0.397,4.47,21.7
2020-06-11 14:41:43,14,0.355,4.49,-20.0
2020-06-11 14:41:43,15,0.402,4.51,-20.0
2020-06-11 14:41:43,16,0.427,4.52,-20.0
2020-06-11 14:41:43,17,0.393,4.48,-20.0
2020-06-11 14:41:43,18,0.391,4.48,-20.0
2020-06-11 14:41:43,19,0.388,4.46,-20.0
2020-06-11 14:41:43,20,0.399,4.48,-20.0
2020-06-11 14:41:43,21,0.426,4.47,-20.0
2020-06-11 14:41:43,22,0.409,4.46,-20.0
2020-06-11 14:41:43,23,0.376,4.48,-20.0
2020-06-11 14:41:43,24,0.384,4.48,-20.0
2020-06-11 14:41:43,25,0.341,4.49,19.4
2020-06-11 14:41:43,26,0.405,4.48,-20.0
2020-06-11 14:41:43,27,0.445,4.45,-20.0
2020-06-11 14:41:43,28,0.426,4.47,-20.0
2020-06-11 14:41:43,29,0.406,4.46,-20.0
2020-06-11 14:41:43,30,0.324,4.47,-20.0
2020-06-11 14:41:43,31,0.325,4.46,-20.0
2020-06-11 14:41:43,32,0.334,4.46,-20.0
2020-06-11 14:41:43,33,0.421,4.48,-20.0
2020-06-11 14:41:43,34,0.373,4.48,-20.0
2020-06-11 14:41:43,35,0.349,4.49,-20.0
2020-06-11 14:41:43,36,0.323,4.5,-20.0
2020-06-11 14:41:43,37,0.405,4.48,19.8
2020-06-11 14:41:43,38,0.383,4.48,-20.0
2020-06-11 14:41:43,39,0.329,4.46,-20.0
2020-06-11 14:41:43,40,0.333,4.47,-20.0
2020-06-11 14:41:43,41,0.368,4.5,-20.0
2020-06-11 14:41:43,42,0.34,4.48,-20.0
2020-06-11 14:41:43,43,0.386,4.48,-20.0
2020-06-11 14:41:43,44,0.384,4.49,-20.0
2020-06-11 14:41:43,45,0.301,4.49,-20.0
2020-06-11 14:41:43,46,0.397,4.48,-20.0
2020-06-11 14:41:43,47,0.409,4.48,-20.0
2020-06-11 14:41:43,48,0.475,4.47,-20.0
2020-06-11 14:41:43,49,0.48,4.46,21.9
2020-06-11 14:41:43,50,0.435,4.47,-20.0
2020-06-11 14:41:43,51,0.384,4.46,-20.0
2020-06-11 14:41:43,52,0.404,4.46,-20.0
2020-06-11 14:41:43,53,0.346,4.44,-20.0
2020-06-11 14:41:43,54,0.383,4.46,-20.0
2020-06-11 14:41:43,55,0.364,4.43,-20.0
2020-06-11 14:41:43,56,0.331,4.42,-20.0
2020-06-11 14:41:43,57,0.395,4.42,-20.0
2020-06-11 14:41:43,58,0.39,4.42,-20.0
2020-06-11 14:41:43,59,0.408,4.44,-20.0
2020-06-11 14:41:43,60,0.371,4.45,-20.0
2020-06-11 14:41:43,61,0.368,4.49,19.2
2020-06-11 14:41:43,62,0.331,4.49,-20.0
2020-06-11 14:41:43,63,0.409,4.47,-20.0
2020-06-11 14:41:43,64,0.407,4.46,-20.0
2020-06-11 14:41:43,65,0.359,4.44,-20.0
2020-06-11 14:41:43,66,0.387,4.45,-20.0
2020-06-11 14:41:43,67,0.343,4.42,-20.0
2020-06-11 14:41:43,68,0.409,4.45,-20.0
2020-06-11 14:41:43,69,0.416,4.45,-20.0
2020-06-11 14:41:43,70,0.382,4.46,-20.0
2020-06-11 14:41:43,71,0.318,4.48,-20.0
2020-06-11 14:41:43,72,0.41,4.48,-20.0
2020-06-11 14:41:43,73,0.464,4.51,19.6
2020-06-11 14:41:43,74,0.425,4.49,-20.0
2020-06-11 14:41:43,75,0.429,4.46,-20.0
2020-06-11 14:41:43,76,0.34,4.44,-20.0
2020-06-11 14:41:43,77,0.36,4.49,-20.0
2020-06-11 14:41:43,78,0.366,4.47,-20.0
2020-06-11 14:41:43,79,0.391,4.49,-20.0
2020-06-11 14:41:43,80,0.444,4.5,-20.0
2020-06-11 14:41:43,81,0.395,4.51,-20.0
2020-06-11 14:41:43,82,0.352,4.51,-20.0
2020-06-11 14:41:43,83,0.364,4.49,-20.0
2020-06-11 14:41:43,84,0.411,4.48,-20.0
2020-06-11 14:41:43,85,0.384,4.48,20.4
2020-06-11 14:41:43,86,0.374,4.46,-20.0
2020-06-11 14:41:43,87,0.342,4.46,-20.0
2020-06-11 14:41:43,88,0.396,4.48,-20.0
2020-06-11 14:41:43,89,0.374,4.5,-20.0
2020-06-11 14:41:43,90,0.395,4.46,-20.0
2020-06-11 14:41:43,91,0.36,4.48,-20.0
2020-06-11 14:41:43,92,0.371,4.5,-20.0
2020-06-11 14:41:43,93,0.486,4.49,-20.0
2020-06-11 14:41:43,94,0.473,4.47,-20.0
2020-06-11 14:41:43,95,0.43,4.46,-20.0
2020-06-11 14:41:43,96,0.434,4.49,-20.0
2020-06-12 02:41:14,1,0.432,4.51,22.6
2020-06-12 02:41:14,2,0.444,4.5,-20.0
2020-06-12 02:41:14,3,0.414,4.52,-20.0
2020-06-12 02:41:14,4,0.446,4.47,-20.0
2020-06-12 02:41:14,5,0.434,4.51,-20.0
2020-06-12 02:41:14,6,0.365,4.49,-20.0
2020-06-12 02:41:14,7,0.395,4.48,-20.0
2020-06-12 02:41:14,8,0.377,4.5,-20.0
2020-06-12 02:41:14,9,0.412,4.47,-20.0
2020-06-12 02:41:14,10,0.394,4.48,-20.0
2020-06-12 02:41:14,11,0.397,4.44,-20.0
2020-06-12 02:41:14,12,0.365,4.45,-20.0
2020-06-12 02:41:14,13,0.396,4.47,21.7
2020-06-12 02:41:14,14,0.356,4.47,-20.0
2020-06-12 02:41:14,15,0.403,4.51,-20.0
2020-06-12 02:41:14,16,0.427,4.53,-20.0
2020-06-12 02:41:14,17,0.395,4.48,-20.0
2020-06-12 02:41:14,18,0.389,4.49,-20.0
2020-06-12 02:41:14,19,0.391,4.46,-20.0
2020-06-12 02:41:14,20,0.399,4.47,-20.0
2020-06-12 02:41:14,21,0.428,4.47,-20.0
2020-06-12 02:41:14,22,0.407,4.46,-20.0
2020-06-12 02:41:14,23,0.38,4.48,-20.0
2020-06-12 02:41:14,24,0.388,4.48,-20.0
2020-06-12 02:41:14,25,0.342,4.5,19.4
2020-06-12 02:41:14,26,0.406,4.49,-20.0
2020-06-12 02:41:14,27,0.446,4.47,-20.0
2020-06-12 02:41:14,28,0.432,4.47,-20.0
2020-06-12 02:41:14,29,0.408,4.47,-20.0
2020-06-12 02:41:14,30,0.326,4.47,-20.0
2020-06-12 02:41:14,31,0.327,4.46,-20.0
2020-06-12 02:41:14,32,0.339,4.46,-20.0
2020-06-12 02:41:14,33,0.421,4.47,-20.0
2020-06-12 02:41:14,34,0.375,4.49,-20.0
2020-06-12 02:41:14,35,0.35,4.48,-20.0
2020-06-12 02:41:14,36,0.323,4.5,-20.0
2020-06-12 02:41:14,37,0.407,4.49,19.8
2020-06-12 02:41:14,38,0.383,4.48,-20.0
2020-06-12 02:41:14,39,0.325,4.46,-20.0
2020-06-12 02:41:14,40,0.335,4.47,-20.0
2020-06-12 02:41:14,41,0.367,4.5,-20.0
2020-06-12 02:41:14,42,0.336,4.49,-20.0
2020-06-12 02:41:14,43,0.389,4.48,-20.0
2020-06-12 02:41:14,44,0.379,4.49,-20.0
2020-06-12 02:41:14,45,0.305,4.49,-20.0
2020-06-12 02:41:14,46,0.398,4.48,-20.0
2020-06-12 02:41:14,47,0.401,4.49,-20.0
2020-06-12 02:41:14,48,0.466,4.48,-20.0
2020-06-12 02:41:14,49,0.48,4.46,21.8
2020-06-12 02:41:14,50,0.432,4.47,-20.0
2020-06-12 02:41:14,51,0.383,4.47,-20.0
2020-06-12 02:41:14,52,0.402,4.46,-20.0
2020-06-12 02:41:14,53,0.348,4.45,-20.0
2020-06-12 02:41:14,54,0.386,4.46,-20.0
2020-06-12 02:41:14,55,0.366,4.43,-20.0
2020-06-12 02:41:14,56,0.333,4.42,-20.0
2020-06-12 02:41:14,57,0.397,4.41,-20.0
2020-06-12 02:41:14,58,0.39,4.41,-20.0
2020-06-12 02:41:14,59,0.405,4.44,-20.0
2020-06-12 02:41:14,60,0.376,4.45,-20.0
2020-06-12 02:41:14,61,0.371,4.49,19.2
2020-06-12 02:41:14,62,0.334,4.49,-20.0
2020-06-12 02:41:14,63,0.412,4.47,-20.0
2020-06-12 02:41:14,64,0.41,4.45,-20.0
2020-06-12 02:41:14,65,0.36,4.44,-20.0
2020-06-12 02:41:14,66,0.389,4.44,-20.0
2020-06-12 02:41:14,67,0.344,4.42,-20.0
2020-06-12 02:41:14,68,0.411,4.45,-20.0
2020-06-12 02:41:14,69,0.415,4.44,-20.0
2020-06-12 02:41:14,70,0.38,4.46,-20.0
2020-06-12 02:41:14,71,0.32,4.47,-20.0
2020-06-12 02:41:14,72,0.411,4.48,-20.0
2020-06-12 02:41:14,73,0.468,4.5,19.6
2020-06-12 02:41:14,74,0.428,4.49,-20.0
2020-06-12 02:41:14,75,0.427,4.46,-20.0
2020-06-12 02:41:14,76,0.341,4.44,-20.0
2020-06-12 02:41:14,77,0.361,4.5,-20.0
2020-06-12 02:41:14,78,0.367,4.47,-20.0
2020-06-12 02:41:14,79,0.391,4.5,-20.0
2020-06-12 02:41:14,80,0.442,4.51,-20.0
2020-06-12 02:41:14,81,0.394,4.51,-20.0
2020-06-12 02:41:14,82,0.354,4.51,-20.0
2020-06-12 02:41:14,83,0.361,4.5,-20.0
2020-06-12 02:41:14,84,0.41,4.49,-20.0
2020-06-12 02:41:14,85,0.387,4.48,20.4
2020-06-12 02:41:14,86,0.374,4.46,-20.0
2020-06-12 02:41:14,87,0.341,4.46,-20.0
2020-06-12 02:41:14,88,0.393,4.48,-20.0
2020-06-12 02:41:14,89,0.373,4.51,-20.0
2020-06-12 02:41:14,90,0.398,4.47,-20.0
2020-06-12 02:41:14,91,0.361,4.48,-20.0
2020-06-12 02:41:14,92,0.372,4.5,-20.0
2020-06-12 02:41:14,93,0.486,4.49,-20.0
2020-06-12 02:41:14,94,0.474,4.46,-20.0
2020-06-12 02:41:14,95,0.43,4.46,-20.0
2020-06-12 02:41:14,96,0.433,4.49,-20.0
2020-06-12 14:40:41,1,0.43,4.51,22.8
2020-06-12 14:40:41,2,0.442,4.5,-20.0
2020-06-12 14:40:41,3,0.41,4.51,-20.0
2020-06-12 14:40:41,4,0.443,4.47,-20.0
2020-06-12 14:40:41,5,0.434,4.51,-20.0
2020-06-12 14:40:41,6,0.365,4.5,-20.0
2020-06-12 14:40:41,7,0.387,4.47,-20.0
2020-06-12 14:40:41,8,0.373,4.5,-20.0
2020-06-12 14:40:41,9,0.411,4.47,-20.0
2020-06-12 14:40:41,10,0.393,4.49,-20.0
2020-06-12 14:40:41,11,0.394,4.44,-20.0
2020-06-12 14:40:41,12,0.361,4.45,-20.0
2020-06-12 14:40:41,13,0.397,4.46,21.8
2020-06-12 14:40:41,14,0.355,4.48,-20.0
2020-06-12 14:40:41,15,0.405,4.51,-20.0
2020-06-12 14:40:41,16,0.426,4.51,-20.0
2020-06-12 14:40:41,17,0.397,4.48,-20.0
2020-06-12 14:40:41,18,0.392,4.49,-20.0
2020-06-12 14:40:41,19,0.396,4.46,-20.0
2020-06-12 14:40:41,20,0.401,4.48,-20.0
2020-06-12 14:40:41,21,0.43,4.47,-20.0
2020-06-12 14:40:41,22,0.408,4.46,-20.0
2020-06-12 14:40:41,23,0.384,4.47,-20.0
2020-06-12 14:40:41,24,0.392,4.48,-20.0
2020-06-12 14:40:41,25,0.345,4.49,19.4
2020-06-12 14:40:41,26,0.404,4.49,-20.0
2020-06-12 14:40:41,27,0.45,4.46,-20.0
2020-06-12 14:40:41,28,0.432,4.47,-20.0
2020-06-12 14:40:41,29,0.408,4.47,-20.0
2020-06-12 14:40:41,30,0.325,4.48,-20.0
2020-06-12 14:40:41,31,0.326,4.46,-20.0
2020-06-12 14:40:41,32,0.343,4.47,-20.0
2020-06-12 14:40:41,33,0.422,4.47,-20.0
2020-06-12 14:40:41,34,0.373,4.49,-20.0
2020-06-12 14:40:41,35,0.349,4.48,-20.0
2020-06-12 14:40:41,36,0.322,4.5,-20.0
2020-06-12 14:40:41,37,0.41,4.47,19.8
2020-06-12 14:40:41,38,0.381,4.49,-20.0
2020-06-12 14:40:41,39,0.324,4.46,-20.0
2020-06-12 14:40:41,40,0.337,4.47,-20.0
2020-06-12 14:40:41,41,0.366,4.5,-20.0
2020-06-12 14:40:41,42,0.34,4.48,-20.0
2020-06-12 14:40:41,43,0.387,4.48,-20.0
2020-06-12 14:40:41,44,0.379,4.5,-20.0
2020-06-12 14:40:41,45,0.303,4.49,-20.0
2020-06-12 14:40:41,46,0.397,4.49,-20.0
2020-06-12 14:40:41,47,0.402,4.48,-20.0
2020-06-12 14:40:41,48,0.469,4.48,-20.0
2020-06-12 14:40:41,49,0.479,4.46,21.9
2020-06-12 14:40:41,50,0.437,4.46,-20.0
2020-06-12 14:40:41,51,0.383,4.46,-20.0
2020-06-12 14:40:41,52,0.401,4.46,-20.0
2020-06-12 14:40:41,53,0.346,4.44,-20.0
2020-06-12 14:40:41,54,0.387,4.45,-20.0
2020-06-12 14:40:41,55,0.365,4.42,-20.0
2020-06-12 14:40:41,56,0.332,4.42,-20.0
2020-06-12 14:40:41,57,0.397,4.42,-20.0
2020-06-12 14:40:41,58,0.388,4.42,-20.0
2020-06-12 14:40:41,59,0.406,4.44,-20.0
2020-06-12 14:40:41,60,0.381,4.45,-20.0
2020-06-12 14:40:41,61,0.369,4.49,19.2
2020-06-12 14:40:41,62,0.333,4.49,-20.0
2020-06-12 14:40:41,63,0.412,4.47,-20.0
2020-06-12 14:40:41,64,0.41,4.45,-20.0
2020-06-12 14:40:41,65,0.347,4.45,-20.0
2020-06-12 14:40:41,66,0.385,4.45,-20.0
2020-06-12 14:40:41,67,0.337,4.42,-20.0
2020-06-12 14:40:41,68,0.395,4.45,-20.0
2020-06-12 14:40:41,69,0.412,4.44,-20.0
2020-06-12 14:40:41,70,0.37,4.46,-20.0
2020-06-12 14:40:41,71,0.32,4.47,-20.0
2020-06-12 14:40:41,72,0.407,4.49,-20.0
2020-06-12 14:40:41,73,0.461,4.51,19.6
2020-06-12 14:40:41,74,0.431,4.5,-20.0
2020-06-12 14:40:41,75,0.428,4.46,-20.0
2020-06-12 14:40:41,76,0.343,4.44,-20.0
2020-06-12 14:40:41,77,0.361,4.49,-20.0
2020-06-12 14:40:41,78,0.366,4.47,-20.0
2020-06-12 14:40:41,79,0.393,4.5,-20.0
2020-06-12 14:40:41,80,0.444,4.51,-20.0
2020-06-12 14:40:41,81,0.395,4.51,-20.0
2020-06-12 14:40:41,82,0.352,4.51,-20.0
2020-06-12 14:40:41,83,0.363,4.5,-20.0
2020-06-12 14:40:41,84,0.411,4.49,-20.0
2020-06-12 14:40:41,85,0.385,4.48,20.4
2020-06-12 14:40:41,86,0.373,4.46,-20.0
2020-06-12 14:40:41,87,0.343,4.46,-20.0
2020-06-12 14:40:41,88,0.391,4.48,-20.0
2020-06-12 14:40:41,89,0.373,4.5,-20.0
2020-06-12 14:40:41,90,0.396,4.46,-20.0
2020-06-12 14:40:41,91,0.36,4.48,-20.0
2020-06-12 14:40:41,92,0.371,4.49,-20.0
2020-06-12 14:40:41,93,0.484,4.49,-20.0
2020-06-12 14:40:41,94,0.472,4.46,-20.0
2020-06-12 14:40:41,95,0.426,4.45,-20.0
2020-06-12 14:40:41,96,0.429,4.49,-20.0
2020-06-13 02:40:08,1,0.431,4.51,22.7
2020-06-13 02:40:08,2,0.443,4.51,-20.0
2020-06-13 02:40:08,3,0.413,4.52,-20.0
2020-06-13 02:40:08,4,0.446,4.47,-20.0
2020-06-13 02:40:08,5,0.435,4.51,-20.0
2020-06-13 02:40:08,6,0.367,4.49,-20.0
2020-06-13 02:40:08,7,0.392,4.47,-20.0
2020-06-13 02:40:08,8,0.373,4.49,-20.0
2020-06-13 02:40:08,9,0.411,4.47,-20.0
2020-06-13 02:40:08,10,0.394,4.49,-20.0
2020-06-13 02:40:08,11,0.396,4.44,-20.0
2020-06-13 02:40:08,12,0.362,4.45,-20.0
2020-06-13 02:40:08,13,0.396,4.47,21.7
2020-06-13 02:40:08,14,0.355,4.49,-20.0
2020-06-13 02:40:08,15,0.405,4.51,-20.0
2020-06-13 02:40:08,16,0.426,4.51,-20.0
2020-06-13 02:40:08,17,0.397,4.48,-20.0
2020-06-13 02:40:08,18,0.393,4.49,-20.0
2020-06-13 02:40:08,19,0.396,4.46,-20.0
2020-06-13 02:40:08,20,0.399,4.47,-20.0
2020-06-13 02:40:08,21,0.432,4.47,-20.0
2020-06-13 02:40:08,22,0.407,4.46,-20.0
2020-06-13 02:40:08,23,0.387,4.47,-20.0
2020-06-13 02:40:08,24,0.395,4.48,-20.0
2020-06-13 02:40:08,25,0.344,4.49,19.4
2020-06-13 02:40:08,26,0.401,4.49,-20.0
2020-06-13 02:40:08,27,0.454,4.46,-20.0
2020-06-13 02:40:08,29,0.41,4.46,-20.0
2020-06-13 02:40:08,30,0.325,4.48,-20.0
2020-06-13 02:40:08,31,0.321,4.46,-20.0
2020-06-13 02:40:08,32,0.348,4.47,-20.0
2020-06-13 02:40:08,33,0.423,4.48,-20.0
2020-06-13 02:40:08,34,0.374,4.48,-20.0
2020-06-13 02:40:08,35,0.351,4.48,-20.0
2020-06-13 02:40:08,36,0.323,4.5,-20.0
2020-06-13 02:40:08,37,0.41,4.47,19.8
2020-06-13 02:40:08,38,0.382,4.48,-20.0
2020-06-13 02:40:08,39,0.327,4.46,-20.0
2020-06-13 02:40:08,40,0.335,4.47,-20.0
2020-06-13 02:40:08,41,0.366,4.5,-20.0
2020-06-13 02:40:08,42,0.341,4.48,-20.0
2020-06-13 02:40:08,43,0.375,4.47,-20.0
2020-06-13 02:40:08,44,0.366,4.5,-20.0
2020-06-13 02:40:08,45,0.3,4.49,-20.0
2020-06-13 02:40:08,46,0.399,4.48,-20.0
2020-06-13 02:40:08,47,0.386,4.48,-20.0
2020-06-13 02:40:08,48,0.452,4.48,-20.0
2020-06-13 02:40:08,49,0.481,4.46,21.7
2020-06-13 02:40:08,50,0.441,4.47,-20.0
2020-06-13 02:40:08,51,0.384,4.47,-20.0
2020-06-13 02:40:08,52,0.402,4.46,-20.0
2020-06-13 02:40:08,53,0.346,4.44,-20.0
2020-06-13 02:40:08,54,0.386,4.45,-20.0
2020-06-13 02:40:08,55,0.368,4.43,-20.0
2020-06-13 02:40:08,56,0.333,4.42,-20.0
2020-06-13 02:40:08,57,0.396,4.42,-20.0
2020-06-13 02:40:08,58,0.388,4.42,-20.0
2020-06-13 02:40:08,59,0.404,4.44,-20.0
2020-06-13 02:40:08,60,0.383,4.45,-20.0
2020-06-13 02:40:08,61,0.368,4.49,19.2
2020-06-13 02:40:08,62,0.331,4.49,-20.0
2020-06-13 02:40:08,63,0.412,4.47,-20.0
2020-06-13 02:40:08,64,0.407,4.45,-20.0
2020-06-13 02:40:08,65,0.349,4.44,-20.0
2020-06-13 02:40:08,66,0.387,4.44,-20.0
2020-06-13 02:40:08,67,0.338,4.42,-20.0
2020-06-13 02:40:08,68,0.399,4.45,-20.0
2020-06-13 02:40:08,69,0.411,4.44,-20.0
2020-06-13 02:40:08,70,0.375,4.46,-20.0
2020-06-13 02:40:08,71,0.321,4.47,-20.0
2020-06-13 02:40:08,72,0.405,4.48,-20.0
2020-06-13 02:40:08,73,0.463,4.51,19.6
2020-06-13 02:40:08,74,0.432,4.49,-20.0
2020-06-13 02:40:08,75,0.426,4.46,-20.0
2020-06-13 02:40:08,76,0.344,4.44,-20.0
2020-06-13 02:40:08,77,0.36,4.5,-20.0
2020-06-13 02:40:08,78,0.365,4.47,-20.0
2020-06-13 02:40:08,79,0.391,4.49,-20.0
2020-06-13 02:40:08,80,0.441,4.51,-20.0
2020-06-13 02:40:08,81,0.394,4.51,-20.0
2020-06-13 02:40:08,82,0.353,4.51,-20.0
2020-06-13 02:40:08,83,0.363,4.5,-20.0
2020-06-13 02:40:08,84,0.41,4.49,-20.0
2020-06-13 02:40:08,85,0.385,4.48,20.3
2020-06-13 02:40:08,86,0.374,4.46,-20.0
2020-06-13 02:40:08,87,0.342,4.46,-20.0
2020-06-13 02:40:08,88,0.389,4.48,-20.0
2020-06-13 02:40:08,89,0.367,4.5,-20.0
2020-06-13 02:40:08,90,0.39,4.47,-20.0
2020-06-13 02:40:08,91,0.356,4.48,-20.0
2020-06-13 02:40:08,92,0.371,4.5,-20.0
2020-06-13 02:40:08,93,0.488,4.49,-20.0
2020-06-13 02:40:08,94,0.473,4.46,-20.0
2020-06-13 02:40:08,95,0.43,4.46,-20.0
2020-06-13 02:40:08,96,0.429,4.49,-20.0
2020-06-13 14:39:37,1,0.429,4.51,22.7
2020-06-13 14:39:37,2,0.439,4.51,-20.0
2020-06-13 14:39:37,3,0.415,4.52,-20.0
2020-06-13 14:39:37,4,0.448,4.47,-20.0
2020-06-13 14:39:37,5,0.436,4.5,-20.0
2020-06-13 14:39:37,6,0.368,4.49,-20.0
2020-06-13 14:39:37,7,0.394,4.47,-20.0
2020-06-13 14:39:37,8,0.374,4.51,-20.0
2020-06-13 14:39:37,9,0.41,4.47,-20.0
2020-06-13 14:39:37,10,0.393,4.49,-20.0
2020-06-13 14:39:37,11,0.397,4.45,-20.0
2020-06-13 14:39:37,12,0.363,4.45,-20.0
2020-06-13 14:39:37,13,0.398,4.47,21.7
2020-06-13 14:39:37,14,0.355,4.47,-20.0
2020-06-13 14:39:37,15,0.405,4.51,-20.0
2020-06-13 14:39:37,16,0.427,4.52,-20.0
2020-06-13 14:39:37,17,0.397,4.47,-20.0
2020-06-13 14:39:37,18,0.395,4.48,-20.0
2020-06-13 14:39:37,19,0.397,4.47,-20.0
2020-06-13 14:39:37,20,0.398,4.47,-20.0
2020-06-13 14:39:37,21,0.43,4.48,-20.0
2020-06-13 14:39:37,22,0.406,4.46,-20.0
2020-06-13 14:39:37,23,0.391,4.48,-20.0
2020-06-13 14:39:37,24,0.395,4.47,-20.0
2020-06-13 14:39:37,25,0.346,4.49,19.4
2020-06-13 14:39:37,26,0.401,4.49,-20.0
2020-06-13 14:39:37,27,0.451,4.46,-20.0
2020-06-13 14:39:37,28,0.433,4.46,-20.0
2020-06-13 14:39:37,29,0.409,4.46,-20.0
2020-06-13 14:39:37,30,0.325,4.48,-20.0
2020-06-13 14:39:37,31,0.325,4.46,-20.0
2020-06-13 14:39:37,32,0.346,4.46,-20.0
2020-06-13 14:39:37,33,0.422,4.48,-20.0
2020-06-13 14:39:37,34,0.373,4.48,-20.0
2020-06-13 14:39:37,35,0.351,4.48,-20.0
2020-06-13 14:39:37,36,0.323,4.5,-20.0
2020-06-13 14:39:37,37,0.411,4.48,19.8
2020-06-13 14:39:37,38,0.381,4.48,-20.0
2020-06-13 14:39:37,39,0.33,4.46,-20.0
2020-06-13 14:39:37,40,0.334,4.46,-20.0
2020-06-13 14:39:37,41,0.367,4.51,-20.0
2020-06-13 14:39:37,42,0.342,4.48,-20.0
2020-06-13 14:39:37,43,0.38,4.47,-20.0
2020-06-13 14:39:37,44,0.375,4.49,-20.0
2020-06-13 14:39:37,45,0.302,4.49,-20.0
2020-06-13 14:39:37,46,0.398,4.48,-20.0
2020-06-13 14:39:37,47,0.392,4.47,-20.0
2020-06-13 14:39:37,48,0.45,4.48,-20.0
2020-06-13 14:39:37,49,0.481,4.46,21.9
2020-06-13 14:39:37,50,0.436,4.47,-20.0
2020-06-13 14:39:37,51,0.381,4.46,-20.0
2020-06-13 14:39:37,52,0.399,4.46,-20.0
2020-06-13 14:39:37,53,0.346,4.45,-20.0
2020-06-13 14:39:37,54,0.386,4.45,-20.0
2020-06-13 14:39:37,55,0.369,4.42,-20.0
2020-06-13 14:39:37,56,0.333,4.43,-20.0
2020-06-13 14:39:37,57,0.395,4.42,-20.0
2020-06-13 14:39:37,58,0.374,4.42,-20.0
2020-06-13 14:39:37,59,0.384,4.44,-20.0
2020-06-13 14:39:37,60,0.367,4.45,-20.0
2020-06-13 14:39:37,61,0.368,4.49,19.2
2020-06-13 14:39:37,62,0.328,4.49,-20.0
2020-06-13 14:39:37,63,0.393,4.47,-20.0
2020-06-13 14:39:37,64,0.4,4.45,-20.0
2020-06-13 14:39:37,65,0.344,4.44,-20.0
2020-06-13 14:39:37,66,0.387,4.45,-20.0
2020-06-13 14:39:37,67,0.34,4.42,-20.0
2020-06-13 14:39:37,68,0.405,4.45,-20.0
2020-06-13 14:39:37,69,0.413,4.44,-20.0
2020-06-13 14:39:37,70,0.376,4.46,-20.0
2020-06-13 14:39:37,71,0.319,4.48,-20.0
2020-06-13 14:39:37,72,0.407,4.48,-20.0
2020-06-13 14:39:37,73,0.465,4.5,19.6
2020-06-13 14:39:37,74,0.434,4.5,-20.0
2020-06-13 14:39:37,75,0.426,4.46,-20.0
2020-06-13 14:39:37,76,0.342,4.44,-20.0
2020-06-13 14:39:37,77,0.362,4.5,-20.0
2020-06-13 14:39:37,78,0.37,4.47,-20.0
2020-06-13 14:39:37,79,0.392,4.49,-20.0
2020-06-13 14:39:37,80,0.442,4.5,-20.0
2020-06-13 14:39:37,81,0.392,4.51,-20.0
2020-06-13 14:39:37,82,0.354,4.5,-20.0
2020-06-13 14:39:37,83,0.364,4.5,-20.0
2020-06-13 14:39:37,84,0.41,4.48,-20.0
2020-06-13 14:39:37,85,0.387,4.48,20.5
2020-06-13 14:39:37,86,0.375,4.46,-20.0
2020-06-13 14:39:37,87,0.344,4.46,-20.0
2020-06-13 14:39:37,88,0.391,4.48,-20.0
2020-06-13 14:39:37,89,0.369,4.5,-20.0
2020-06-13 14:39:37,90,0.394,4.47,-20.0
2020-06-13 14:39:37,91,0.359,4.47,-20.0
2020-06-13 14:39:37,92,0.37,4.5,-20.0
2020-06-13 14:39:37,93,0.489,4.49,-20.0
2020-06-13 14:39:37,94,0.475,4.47,-20.0
2020-06-13 14:39:37,95,0.431,4.45,-20.0
2020-06-13 14:39:37,96,0.431,4.49,-20.0
2020-06-14 02:39:15,1,0.427,4.51,22.6
2020-06-14 02:39:15,2,0.44,4.5,-20.0
2020-06-14 02:39:15,3,0.415,4.52,-20.0
2020-06-14 02:39:15,4,0.45,4.48,-20.0
2020-06-14 02:39:15,5,0.437,4.5,-20.0
2020-06-14 02:39:15,6,0.367,4.48,-20.0
2020-06-14 02:39:15,7,0.395,4.47,-20.0
2020-06-14 02:39:15,8,0.373,4.49,-20.0
2020-06-14 02:39:15,9,0.41,4.46,-20.0
2020-06-14 02:39:15,10,0.394,4.49,-20.0
2020-06-14 02:39:15,11,0.396,4.45,-20.0
2020-06-14 02:39:15,12,0.365,4.45,-20.0
2020-06-14 02:39:15,13,0.399,4.47,21.7
2020-06-14 02:39:15,14,0.356,4.48,-20.0
2020-06-14 02:39:15,15,0.403,4.51,-20.0
2020-06-14 02:39:15,16,0.425,4.52,-20.0
2020-06-14 02:39:15,17,0.398,4.48,-20.0
2020-06-14 02:39:15,18,0.395,4.48,-20.0
2020-06-14 02:39:15,19,0.396,4.46,-20.0
2020-06-14 02:39:15,20,0.397,4.47,-20.0
2020-06-14 02:39:15,21,0.43,4.48,-20.0
2020-06-14 02:39:15,22,0.404,4.46,-20.0
2020-06-14 02:39:15,23,0.391,4.47,-20.0
2020-06-14 02:39:15,24,0.396,4.49,-20.0
2020-06-14 02:39:15,25,0.345,4.49,19.3
2020-06-14 02:39:15,26,0.401,4.49,-20.0
2020-06-14 02:39:15,27,0.455,4.46,-20.0
2020-06-14 02:39:15,28,0.435,4.46,-20.0
2020-06-14 02:39:15,29,0.401,4.46,-20.0
2020-06-14 02:39:15,30,0.321,4.48,-20.0
2020-06-14 02:39:15,31,0.324,4.46,-20.0
2020-06-14 02:39:15,32,0.328,4.46,-20.0
2020-06-14 02:39:15,33,0.417,4.47,-20.0
2020-06-14 02:39:15,34,0.364,4.48,-20.0
2020-06-14 02:39:15,35,0.348,4.48,-20.0
2020-06-14 02:39:15,36,0.324,4.49,-20.0
2020-06-14 02:39:15,37,0.392,4.47,19.8
2020-06-14 02:39:15,38,0.359,4.48,-20.0
2020-06-14 02:39:15,39,0.329,4.46,-20.0
2020-06-14 02:39:15,40,0.334,4.47,-20.0
2020-06-14 02:39:15,41,0.368,4.5,-20.0
2020-06-14 02:39:15,42,0.341,4.48,-20.0
2020-06-14 02:39:15,43,0.379,4.47,-20.0
2020-06-14 02:39:15,44,0.374,4.49,-20.0
2020-06-14 02:39:15,45,0.304,4.5,-20.0
2020-06-14 02:39:15,46,0.395,4.49,-20.0
2020-06-14 02:39:15,47,0.397,4.47,-20.0
2020-06-14 02:39:15,48,0.45,4.48,-20.0
2020-06-14 02:39:15,49,0.482,4.46,21.8
2020-06-14 02:39:15,50,0.44,4.47,-20.0
2020-06-14 02:39:15,51,0.381,4.46,-20.0
2020-06-14 02:39:15,52,0.399,4.46,-20.0
2020-06-14 02:39:15,53,0.346,4.44,-20.0
2020-06-14 02:39:15,54,0.384,4.45,-20.0
2020-06-14 02:39:15,55,0.368,4.43,-20.0
2020-06-14 02:39:15,56,0.334,4.42,-20.0
2020-06-14 02:39:15,57,0.395,4.42,-20.0
2020-06-14 02:39:15,58,0.378,4.42,-20.0
2020-06-14 02:39:15,59,0.391,4.44,-20.0
2020-06-14 02:39:15,60,0.371,4.45,-20.0
2020-06-14 02:39:15,61,0.368,4.49,19.2
2020-06-14 02:39:15,62,0.332,4.49,-20.0
2020-06-14 02:39:15,63,0.401,4.47,-20.0
2020-06-14 02:39:15,64,0.4,4.45,-20.0
2020-06-14 02:39:15,65,0.35,4.45,-20.0
2020-06-14 02:39:15,66,0.388,4.45,-20.0
2020-06-14 02:39:15,67,0.34,4.42,-20.0
2020-06-14 02:39:15,68,0.403,4.45,-20.0
2020-06-14 02:39:15,69,0.416,4.44,-20.0
2020-06-14 02:39:15,70,0.377,4.45,-20.0
2020-06-14 02:39:15,71,0.322,4.48,-20.0
2020-06-14 02:39:15,72,0.411,4.48,-20.0
2020-06-14 02:39:15,73,0.467,4.51,19.6
2020-06-14 02:39:15,74,0.437,4.5,-20.0
2020-06-14 02:39:15,75,0.43,4.46,-20.0
2020-06-14 02:39:15,76,0.342,4.45,-20.0
2020-06-14 02:39:15,77,0.358,4.5,-20.0
2020-06-14 02:39:15,78,0.367,4.46,-20.0
2020-06-14 02:39:15,79,0.393,4.49,-20.0
2020-06-14 02:39:15,80,0.44,4.51,-20.0
2020-06-14 02:39:15,81,0.391,4.51,-20.0
2020-06-14 02:39:15,82,0.354,4.51,-20.0
2020-06-14 02:39:15,83,0.363,4.5,-20.0
2020-06-14 02:39:15,84,0.412,4.49,-20.0
2020-06-14 02:39:15,85,0.387,4.48,20.4
2020-06-14 02:39:15,86,0.377,4.46,-20.0
2020-06-14 02:39:15,87,0.346,4.46,-20.0
2020-06-14 02:39:15,88,0.389,4.48,-20.0
2020-06-14 02:39:15,89,0.373,4.5,-20.0
2020-06-14 02:39:15,90,0.395,4.47,-20.0
2020-06-14 02:39:15,91,0.357,4.48,-20.0
2020-06-14 02:39:15,92,0.372,4.5,-20.0
2020-06-14 02:39:15,93,0.487,4.49,-20.0
2020-06-14 02:39:15,94,0.473,4.47,-20.0
2020-06-14 02:39:15,95,0.431,4.46,-20.0
2020-06-14 02:39:15,96,0.433,4.49,-20.0
2020-06-14 14:38:40,1,0.43,4.51,22.6
2020-06-14 14:38:40,2,0.442,4.51,-20.0
2020-06-14 14:38:40,3,0.415,4.52,-20.0
2020-06-14 14:38:40,4,0.447,4.46,-20.0
2020-06-14 14:38:40,5,0.437,4.51,-20.0
2020-06-14 14:38:40,6,0.367,4.48,-20.0
2020-06-14 14:38:40,7,0.395,4.47,-20.0
2020-06-14 14:38:40,8,0.371,4.5,-20.0
2020-06-14 14:38:40,9,0.412,4.46,-20.0
2020-06-14 14:38:40,10,0.395,4.49,-20.0
2020-06-14 14:38:40,11,0.395,4.45,-20.0
2020-06-14 14:38:40,12,0.364,4.45,-20.0
2020-06-14 14:38:40,13,0.4,4.47,21.6
2020-06-14 14:38:40,14,0.353,4.48,-20.0
2020-06-14 14:38:40,15,0.401,4.52,-20.0
2020-06-14 14:38:40,16,0.424,4.52,-20.0
2020-06-14 14:38:40,17,0.397,4.49,-20.0
2020-06-14 14:38:40,18,0.393,4.48,-20.0
2020-06-14 14:38:40,19,0.395,4.46,-20.0
2020-06-14 14:38:40,20,0.396,4.48,-20.0
2020-06-14 14:38:40,21,0.43,4.48,-20.0
2020-06-14 14:38:40,22,0.402,4.48,-20.0
2020-06-14 14:38:40,23,0.39,4.47,-20.0
2020-06-14 14:38:40,24,0.396,4.48,-20.0
2020-06-14 14:38:40,25,0.345,4.5,19.3
2020-06-14 14:38:40,26,0.402,4.49,-20.0
2020-06-14 14:38:40,27,0.455,4.47,-20.0
2020-06-14 14:38:40,28,0.437,4.47,-20.0
2020-06-14 14:38:40,29,0.405,4.47,-20.0
2020-06-14 14:38:40,30,0.32,4.48,-20.0
2020-06-14 14:38:40,31,0.328,4.46,-20.0
2020-06-14 14:38:40,32,0.334,4.46,-20.0
2020-06-14 14:38:40,33,0.418,4.48,-20.0
2020-06-14 14:38:40,34,0.363,4.49,-20.0
2020-06-14 14:38:40,35,0.346,4.48,-20.0
2020-06-14 14:38:40,36,0.323,4.5,-20.0
2020-06-14 14:38:40,37,0.395,4.47,19.8
2020-06-14 14:38:40,38,0.361,4.48,-20.0
2020-06-14 14:38:40,39,0.33,4.47,-20.0
2020-06-14 14:38:40,40,0.335,4.47,-20.0
2020-06-14 14:38:40,41,0.367,4.5,-20.0
2020-06-14 14:38:40,42,0.343,4.48,-20.0
2020-06-14 14:38:40,43,0.382,4.48,-20.0
2020-06-14 14:38:40,44,0.38,4.49,-20.0
2020-06-14 14:38:40,45,0.304,4.49,-20.0
2020-06-14 14:38:40,46,0.396,4.49,-20.0
2020-06-14 14:38:40,47,0.405,4.48,-20.0
2020-06-14 14:38:40,48,0.452,4.48,-20.0
2020-06-14 14:38:40,49,0.485,4.46,21.7
2020-06-14 14:38:40,50,0.442,4.47,-20.0
2020-06-14 14:38:40,51,0.383,4.47,-20.0
2020-06-14 14:38:40,52,0.4,4.46,-20.0
2020-06-14 14:38:40,53,0.346,4.44,-20.0
2020-06-14 14:38:40,54,0.383,4.46,-20.0
2020-06-14 14:38:40,55,0.355,4.42,-20.0
2020-06-14 14:38:40,56,0.331,4.42,-20.0
2020-06-14 14:38:40,57,0.394,4.43,-20.0
2020-06-14 14:38:40,58,0.374,4.42,-20.0
2020-06-14 14:38:40,59,0.372,4.44,-20.0
2020-06-14 14:38:40,60,0.363,4.45,-20.0
2020-06-14 14:38:40,61,0.366,4.49,19.1
2020-06-14 14:38:40,62,0.335,4.49,-20.0
2020-06-14 14:38:40,63,0.402,4.47,-20.0
2020-06-14 14:38:40,64,0.403,4.46,-20.0
2020-06-14 14:38:40,65,0.354,4.44,-20.0
2020-06-14 14:38:40,66,0.39,4.44,-20.0
2020-06-14 14:38:40,67,0.341,4.43,-20.0
2020-06-14 14:38:40,68,0.401,4.45,-20.0
2020-06-14 14:38:40,69,0.414,4.44,-20.0
2020-06-14 14:38:40,70,0.38,4.46,-20.0
2020-06-14 14:38:40,71,0.323,4.48,-20.0
2020-06-14 14:38:40,72,0.411,4.47,-20.0
2020-06-14 14:38:40,73,0.469,4.51,19.6
2020-06-14 14:38:40,74,0.437,4.49,-20.0
2020-06-14 14:38:40,75,0.43,4.46,-20.0
2020-06-14 14:38:40,76,0.343,4.44,-20.0
2020-06-14 14:38:40,77,0.358,4.5,-20.0
2020-06-14 14:38:40,78,0.365,4.47,-20.0
2020-06-14 14:38:40,79,0.394,4.5,-20.0
2020-06-14 14:38:40,80,0.443,4.51,-20.0
2020-06-14 14:38:40,81,0.395,4.51,-20.0
2020-06-14 14:38:40,82,0.355,4.51,-20.0
2020-06-14 14:38:40,83,0.361,4.5,-20.0
2020-06-14 14:38:40,84,0.41,4.48,-20.0
2020-06-14 14:38:40,85,0.386,4.49,20.4
2020-06-14 14:38:40,86,0.378,4.46,-20.0
2020-06-14 14:38:40,87,0.347,4.46,-20.0
2020-06-14 14:38:40,88,0.391,4.48,-20.0
2020-06-14 14:38:40,89,0.373,4.5,-20.0
2020-06-14 14:38:40,90,0.394,4.47,-20.0
2020-06-14 14:38:40,91,0.359,4.48,-20.0
2020-06-14 14:38:40,92,0.374,4.5,-20.0
2020-06-14 14:38:40,93,0.489,4.49,-20.0
2020-06-14 14:38:40,94,0.471,4.47,-20.0
2020-06-14 14:38:40,95,0.431,4.46,-20.0
2020-06-14 14:38:40,96,0.432,4.49,-20.0
2020-06-15 02:38:15,1,0.43,4.51,22.6
2020-06-15 02:38:15,2,0.444,4.51,-20.0
2020-06-15 02:38:15,3,0.416,4.53,-20.0
2020-06-15 02:38:15,4,0.448,4.46,-20.0
2020-06-15 02:38:15,5,0.436,4.51,-20.0
2020-06-15 02:38:15,6,0.367,4.48,-20.0
2020-06-15 02:38:15,7,0.399,4.47,-20.0
2020-06-15 02:38:15,8,0.374,4.5,-20.0
2020-06-15 02:38:15,9,0.413,4.47,-20.0
2020-06-15 02:38:15,10,0.397,4.5,-20.0
2020-06-15 02:38:15,11,0.397,4.44,-20.0
2020-06-15 02:38:15,12,0.364,4.45,-20.0
2020-06-15 02:38:15,13,0.4,4.46,21.6
2020-06-15 02:38:15,14,0.354,4.47,-20.0
2020-06-15 02:38:15,15,0.4,4.51,-20.0
2020-06-15 02:38:15,16,0.424,4.51,-20.0
2020-06-15 02:38:15,17,0.392,4.48,-20.0
2020-06-15 02:38:15,18,0.389,4.49,-20.0
2020-06-15 02:38:15,19,0.391,4.46,-20.0
2020-06-15 02:38:15,20,0.393,4.48,-20.0
2020-06-15 02:38:15,21,0.426,4.47,-20.0
2020-06-15 02:38:15,22,0.406,4.46,-20.0
2020-06-15 02:38:15,23,0.382,4.47,-20.0
2020-06-15 02:38:15,24,0.389,4.49,-20.0
2020-06-15 02:38:15,25,0.347,4.49,19.3
2020-06-15 02:38:15,26,0.402,4.49,-20.0
2020-06-15 02:38:15,27,0.446,4.46,-20.0
2020-06-15 02:38:15,28,0.436,4.48,-20.0
2020-06-15 02:38:15,29,0.408,4.46,-20.0
2020-06-15 02:38:15,30,0.322,4.47,-20.0
2020-06-15 02:38:15,31,0.328,4.46,-20.0
2020-06-15 02:38:15,32,0.339,4.47,-20.0
2020-06-15 02:38:15,33,0.422,4.47,-20.0
2020-06-15 02:38:15,34,0.367,4.48,-20.0
2020-06-15 02:38:15,35,0.347,4.48,-20.0
2020-06-15 02:38:15,36,0.322,4.49,-20.0
2020-06-15 02:38:15,37,0.401,4.48,19.7
2020-06-15 02:38:15,38,0.368,4.48,-20.0
2020-06-15 02:38:15,39,0.33,4.46,-20.0
2020-06-15 02:38:15,40,0.335,4.47,-20.0
2020-06-15 02:38:15,41,0.369,4.51,-20.0
2020-06-15 02:38:15,42,0.347,4.48,-20.0
2020-06-15 02:38:15,43,0.384,4.48,-20.0
2020-06-15 02:38:15,44,0.381,4.48,-20.0
2020-06-15 02:38:15,45,0.304,4.48,-20.0
2020-06-15 02:38:15,46,0.392,4.48,-20.0
2020-06-15 02:38:15,47,0.404,4.47,-20.0
2020-06-15 02:38:15,48,0.453,4.49,-20.0
2020-06-15 02:38:15,49,0.48,4.47,21.8
2020-06-15 02:38:15,50,0.442,4.46,-20.0
2020-06-15 02:38:15,51,0.381,4.46,-20.0
2020-06-15 02:38:15,52,0.4,4.45,-20.0
2020-06-15 02:38:15,53,0.346,4.45,-20.0
2020-06-15 02:38:15,54,0.383,4.46,-20.0
2020-06-15 02:38:15,55,0.356,4.42,-20.0
2020-06-15 02:38:15,56,0.331,4.43,-20.0
2020-06-15 02:38:15,57,0.395,4.42,-20.0
2020-06-15 02:38:15,58,0.38,4.42,-20.0
2020-06-15 02:38:15,59,0.377,4.44,-20.0
2020-06-15 02:38:15,60,0.363,4.45,-20.0
2020-06-15 02:38:15,61,0.366,4.48,19.1
2020-06-15 02:38:15,62,0.333,4.49,-20.0
2020-06-15 02:38:15,63,0.404,4.47,-20.0
2020-06-15 02:38:15,64,0.405,4.45,-20.0
2020-06-15 02:38:15,65,0.354,4.45,-20.0
2020-06-15 02:38:15,66,0.391,4.45,-20.0
2020-06-15 02:38:15,67,0.344,4.42,-20.0
2020-06-15 02:38:15,68,0.403,4.45,-20.0
2020-06-15 02:38:15,69,0.416,4.45,-20.0
2020-06-15 02:38:15,70,0.384,4.46,-20.0
2020-06-15 02:38:15,71,0.325,4.47,-20.0
2020-06-15 02:38:15,72,0.416,4.48,-20.0
2020-06-15 02:38:15,73,0.47,4.51,19.5
2020-06-15 02:38:15,74,0.439,4.5,-20.0
2020-06-15 02:38:15,75,0.43,4.46,-20.0
2020-06-15 02:38:15,76,0.343,4.44,-20.0
2020-06-15 02:38:15,77,0.358,4.5,-20.0
2020-06-15 02:38:15,78,0.366,4.47,-20.0
2020-06-15 02:38:15,79,0.393,4.5,-20.0
2020-06-15 02:38:15,80,0.444,4.51,-20.0
2020-06-15 02:38:15,81,0.395,4.51,-20.0
2020-06-15 02:38:15,82,0.351,4.51,-20.0
2020-06-15 02:38:15,83,0.362,4.5,-20.0
2020-06-15 02:38:15,84,0.41,4.49,-20.0
2020-06-15 02:38:15,85,0.383,4.48,20.4
2020-06-15 02:38:15,86,0.374,4.46,-20.0
2020-06-15 02:38:15,87,0.341,4.46,-20.0
2020-06-15 02:38:15,88,0.391,4.47,-20.0
2020-06-15 02:38:15,89,0.369,4.5,-20.0
2020-06-15 02:38:15,90,0.388,4.47,-20.0
2020-06-15 02:38:15,91,0.357,4.48,-20.0
2020-06-15 02:38:15,92,0.372,4.5,-20.0
2020-06-15 02:38:15,93,0.485,4.49,-20.0
2020-06-15 02:38:15,94,0.467,4.47,-20.0
2020-06-15 02:38:15,95,0.429,4.46,-20.0
2020-06-15 02:38:15,96,0.432,4.49,-20.0
2020-06-15 14:37:45,1,0.431,4.51,22.6
2020-06-15 14:37:45,2,0.445,4.5,-20.0
2020-06-15 14:37:45,3,0.417,4.53,-20.0
2020-06-15 14:37:45,4,0.449,4.46,-20.0
2020-06-15 14:37:45,5,0.436,4.5,-20.0
2020-06-15 14:37:45,6,0.369,4.48,-20.0
2020-06-15 14:37:45,7,0.399,4.47,-20.0
2020-06-15 14:37:45,8,0.374,4.49,-20.0
2020-06-15 14:37:45,9,0.412,4.46,-20.0
2020-06-15 14:37:45,10,0.396,4.49,-20.0
2020-06-15 14:37:45,11,0.394,4.46,-20.0
2020-06-15 14:37:45,12,0.363,4.45,-20.0
2020-06-15 14:37:45,13,0.4,4.47,21.6
2020-06-15 14:37:45,14,0.355,4.48,-20.0
2020-06-15 14:37:45,15,0.398,4.51,-20.0
2020-06-15 14:37:45,16,0.423,4.52,-20.0
2020-06-15 14:37:45,17,0.393,4.48,-20.0
2020-06-15 14:37:45,18,0.391,4.49,-20.0
2020-06-15 14:37:45,19,0.392,4.47,-20.0
2020-06-15 14:37:45,20,0.394,4.47,-20.0
2020-06-15 14:37:45,21,0.425,4.47,-20.0
2020-06-15 14:37:45,22,0.405,4.47,-20.0
2020-06-15 14:37:45,23,0.384,4.48,-20.0
2020-06-15 14:37:45,24,0.391,4.48,-20.0
2020-06-15 14:37:45,25,0.349,4.5,19.3
2020-06-15 14:37:45,26,0.404,4.49,-20.0
2020-06-15 14:37:45,27,0.453,4.47,-20.0
2020-06-15 14:37:45,28,0.435,4.46,-20.0
2020-06-15 14:37:45,29,0.41,4.46,-20.0
2020-06-15 14:37:45,30,0.322,4.47,-20.0
2020-06-15 14:37:45,31,0.327,4.46,-20.0
2020-06-15 14:37:45,32,0.345,4.47,-20.0
2020-06-15 14:37:45,33,0.422,4.48,-20.0
2020-06-15 14:37:45,34,0.37,4.48,-20.0
2020-06-15 14:37:45,35,0.348,4.5,-20.0
2020-06-15 14:37:45,36,0.321,4.49,-20.0
2020-06-15 14:37:45,37,0.402,4.49,19.7
2020-06-15 14:37:45,38,0.369,4.48,-20.0
2020-06-15 14:37:45,39,0.331,4.47,-20.0
2020-06-15 14:37:45,40,0.333,4.47,-20.0
2020-06-15 14:37:45,41,0.368,4.5,-20.0
2020-06-15 14:37:45,42,0.345,4.48,-20.0
2020-06-15 14:37:45,43,0.385,4.47,-20.0
2020-06-15 14:37:45,44,0.384,4.48,-20.0
2020-06-15 14:37:45,45,0.302,4.49,-20.0
2020-06-15 14:37:45,46,0.393,4.48,-20.0
2020-06-15 14:37:45,47,0.405,4.48,-20.0
2020-06-15 14:37:45,48,0.455,4.48,-20.0
2020-06-15 14:37:45,49,0.481,4.46,21.7
2020-06-15 14:37:45,50,0.442,4.47,-20.0
2020-06-15 14:37:45,51,0.38,4.46,-20.0
2020-06-15 14:37:45,52,0.405,4.45,-20.0
2020-06-15 14:37:45,53,0.348,4.44,-20.0
2020-06-15 14:37:45,54,0.386,4.46,-20.0
2020-06-15 14:37:45,55,0.362,4.43,-20.0
2020-06-15 14:37:45,56,0.331,4.42,-20.0
2020-06-15 14:37:45,57,0.397,4.42,-20.0
2020-06-15 14:37:45,58,0.381,4.42,-20.0
2020-06-15 14:37:45,59,0.387,4.44,-20.0
2020-06-15 14:37:45,60,0.366,4.45,-20.0
2020-06-15 14:37:45,61,0.362,4.49,19.1
2020-06-15 14:37:45,62,0.334,4.49,-20.0
2020-06-15 14:37:45,63,0.406,4.47,-20.0
2020-06-15 14:37:45,64,0.405,4.45,-20.0
2020-06-15 14:37:45,65,0.354,4.44,-20.0
2020-06-15 14:37:45,66,0.388,4.45,-20.0
2020-06-15 14:37:45,67,0.345,4.42,-20.0
2020-06-15 14:37:45,68,0.404,4.45,-20.0
2020-06-15 14:37:45,69,0.414,4.44,-20.0
2020-06-15 14:37:45,70,0.379,4.46,-20.0
2020-06-15 14:37:45,71,0.325,4.48,-20.0
2020-06-15 14:37:45,72,0.411,4.48,-20.0
2020-06-15 14:37:45,73,0.47,4.51,19.5
2020-06-15 14:37:45,74,0.438,4.5,-20.0
2020-06-15 14:37:45,75,0.43,4.46,-20.0
2020-06-15 14:37:45,76,0.343,4.44,-20.0
2020-06-15 14:37:45,77,0.355,4.5,-20.0
2020-06-15 14:37:45,78,0.368,4.47,-20.0
2020-06-15 14:37:45,79,0.396,4.5,-20.0
2020-06-15 14:37:45,80,0.443,4.51,-20.0
2020-06-15 14:37:45,81,0.393,4.51,-20.0
2020-06-15 14:37:45,82,0.35,4.51,-20.0
2020-06-15 14:37:45,83,0.361,4.5,-20.0
2020-06-15 14:37:45,84,0.408,4.49,-20.0
2020-06-15 14:37:45,85,0.383,4.48,20.4
2020-06-15 14:37:45,86,0.373,4.46,-20.0
2020-06-15 14:37:45,87,0.342,4.46,-20.0
2020-06-15 14:37:45,88,0.39,4.48,-20.0
2020-06-15 14:37:45,89,0.366,4.5,-20.0
2020-06-15 14:37:45,90,0.393,4.47,-20.0
2020-06-15 14:37:45,91,0.353,4.48,-20.0
2020-06-15 14:37:45,92,0.375,4.49,-20.0
2020-06-15 14:37:45,93,0.487,4.49,-20.0
2020-06-15 14:37:45,94,0.469,4.47,-20.0
2020-06-15 14:37:45,95,0.429,4.45,-20.0
2020-06-15 14:37:45,96,0.432,4.49,-20.0
2020-06-16 02:37:11,1,0.431,4.51,22.6
2020-06-16 02:37:11,2,0.443,4.5,-20.0
2020-06-16 02:37:11,3,0.417,4.52,-20.0
2020-06-16 02:37:11,4,0.446,4.47,-20.0
2020-06-16 02:37:11,5,0.432,4.5,-20.0
2020-06-16 02:37:11,6,0.368,4.49,-20.0
2020-06-16 02:37:11,7,0.397,4.47,-20.0
2020-06-16 02:37:11,8,0.377,4.49,-20.0
2020-06-16 02:37:11,9,0.413,4.46,-20.0
2020-06-16 02:37:11,10,0.394,4.49,-20.0
2020-06-16 02:37:11,11,0.392,4.44,-20.0
2020-06-16 02:37:11,12,0.358,4.45,-20.0
2020-06-16 02:37:11,13,0.399,4.48,21.6
2020-06-16 02:37:11,14,0.355,4.48,-20.0
2020-06-16 02:37:11,15,0.396,4.5,-20.0
2020-06-16 02:37:11,16,0.423,4.52,-20.0
2020-06-16 02:37:11,17,0.39,4.48,-20.0
2020-06-16 02:37:11,18,0.393,4.5,-20.0
2020-06-16 02:37:11,19,0.392,4.46,-20.0
2020-06-16 02:37:11,20,0.397,4.48,-20.0
2020-06-16 02:37:11,21,0.428,4.48,-20.0
2020-06-16 02:37:11,22,0.403,4.45,-20.0
2020-06-16 02:37:11,23,0.387,4.47,-20.0
2020-06-16 02:37:11,24,0.392,4.48,-20.0
2020-06-16 02:37:11,25,0.347,4.49,19.3
2020-06-16 02:37:11,26,0.4,4.48,-20.0
2020-06-16 02:37:11,27,0.454,4.46,-20.0
2020-06-16 02:37:11,28,0.435,4.48,-20.0
2020-06-16 02:37:11,29,0.413,4.47,-20.0
2020-06-16 02:37:11,30,0.325,4.47,-20.0
2020-06-16 02:37:11,31,0.327,4.46,-20.0
2020-06-16 02:37:11,32,0.349,4.47,-20.0
2020-06-16 02:37:11,33,0.423,4.47,-20.0
2020-06-16 02:37:11,34,0.371,4.48,-20.0
2020-06-16 02:37:11,35,0.352,4.48,-20.0
2020-06-16 02:37:11,36,0.324,4.49,-20.0
2020-06-16 02:37:11,37,0.407,4.47,19.7
2020-06-16 02:37:11,38,0.375,4.48,-20.0
2020-06-16 02:37:11,39,0.33,4.45,-20.0
2020-06-16 02:37:11,40,0.333,4.47,-20.0
2020-06-16 02:37:11,41,0.37,4.5,-20.0
2020-06-16 02:37:11,42,0.347,4.49,-20.0
2020-06-16 02:37:11,43,0.384,4.47,-20.0
2020-06-16 02:37:11,44,0.382,4.49,-20.0
2020-06-16 02:37:11,45,0.303,4.49,-20.0
2020-06-16 02:37:11,46,0.395,4.48,-20.0
2020-06-16 02:37:11,47,0.406,4.48,-20.0
2020-06-16 02:37:11,48,0.453,4.48,-20.0
2020-06-16 02:37:11,49,0.483,4.46,21.8
2020-06-16 02:37:11,50,0.444,4.47,-20.0
2020-06-16 02:37:11,51,0.381,4.46,-20.0
2020-06-16 02:37:11,52,0.406,4.45,-20.0
2020-06-16 02:37:11,53,0.347,4.45,-20.0
2020-06-16 02:37:11,54,0.385,4.46,-20.0
2020-06-16 02:37:11,55,0.367,4.42,-20.0
2020-06-16 02:37:11,56,0.331,4.42,-20.0
2020-06-16 02:37:11,57,0.397,4.42,-20.0
2020-06-16 02:37:11,58,0.382,4.42,-20.0
2020-06-16 02:37:11,59,0.394,4.43,-20.0
2020-06-16 02:37:11,60,0.375,4.45,-20.0
2020-06-16 02:37:11,61,0.361,4.48,19.1
2020-06-16 02:37:11,62,0.331,4.49,-20.0
2020-06-16 02:37:11,63,0.403,4.47,-20.0
2020-06-16 02:37:11,64,0.408,4.45,-20.0
2020-06-16 02:37:11,65,0.354,4.45,-20.0
2020-06-16 02:37:11,66,0.388,4.45,-20.0
2020-06-16 02:37:11,67,0.345,4.42,-20.0
2020-06-16 02:37:11,68,0.406,4.45,-20.0
2020-06-16 02:37:11,69,0.414,4.45,-20.0
2020-06-16 02:37:11,70,0.38,4.46,-20.0
2020-06-16 02:37:11,71,0.325,4.48,-20.0
2020-06-16 02:37:11,72,0.408,4.48,-20.0
2020-06-16 02:37:11,73,0.47,4.5,19.6
2020-06-16 02:37:11,74,0.44,4.49,-20.0
2020-06-16 02:37:11,75,0.432,4.46,-20.0
2020-06-16 02:37:11,76,0.346,4.44,-20.0
2020-06-16 02:37:11,77,0.355,4.5,-20.0
2020-06-16 02:37:11,78,0.367,4.47,-20.0
2020-06-16 02:37:11,79,0.395,4.49,-20.0
2020-06-16 02:37:11,80,0.444,4.51,-20.0
2020-06-16 02:37:11,81,0.395,4.51,-20.0
2020-06-16 02:37:11,82,0.352,4.51,-20.0
2020-06-16 02:37:11,83,0.361,4.51,-20.0
2020-06-16 02:37:11,84,0.409,4.49,-20.0
2020-06-16 02:37:11,85,0.379,4.48,20.4
2020-06-16 02:37:11,86,0.37,4.46,-20.0
2020-06-16 02:37:11,87,0.339,4.46,-20.0
2020-06-16 02:37:11,88,0.39,4.48,-20.0
2020-06-16 02:37:11,89,0.363,4.5,-20.0
2020-06-16 02:37:11,90,0.392,4.47,-20.0
2020-06-16 02:37:11,91,0.35,4.48,-20.0
2020-06-16 02:37:11,92,0.37,4.5,-20.0
2020-06-16 02:37:11,93,0.484,4.49,-20.0
2020-06-16 02:37:11,94,0.469,4.47,-20.0
2020-06-16 02:37:11,95,0.428,4.45,-20.0
2020-06-16 02:37:11,96,0.432,4.49,-20.0
2020-06-17 02:35:56,1,0.428,4.51,22.7
2020-06-17 02:35:56,2,0.439,4.5,-20.0
2020-06-17 02:35:56,3,0.413,4.52,-20.0
2020-06-17 02:35:56,4,0.443,4.47,-20.0
2020-06-17 02:35:56,5,0.429,4.5,-20.0
2020-06-17 02:35:56,6,0.365,4.48,-20.0
2020-06-17 02:35:56,7,0.392,4.48,-20.0
2020-06-17 02:35:56,8,0.376,4.49,-20.0
2020-06-17 02:35:56,9,0.412,4.46,-20.0
2020-06-17 02:35:56,10,0.395,4.48,-20.0
2020-06-17 02:35:56,11,0.393,4.45,-20.0
2020-06-17 02:35:56,12,0.36,4.45,-20.0
2020-06-17 02:35:56,13,0.4,4.47,21.6
2020-06-17 02:35:56,14,0.355,4.48,-20.0
2020-06-17 02:35:56,15,0.398,4.51,-20.0
2020-06-17 02:35:56,16,0.426,4.52,-20.0
2020-06-17 02:35:56,17,0.393,4.48,-20.0
2020-06-17 02:35:56,18,0.394,4.49,-20.0
2020-06-17 02:35:56,19,0.394,4.46,-20.0
2020-06-17 02:35:56,20,0.395,4.47,-20.0
2020-06-17 02:35:56,21,0.427,4.47,-20.0
2020-06-17 02:35:56,22,0.404,4.46,-20.0
2020-06-17 02:35:56,23,0.393,4.47,-20.0
2020-06-17 02:35:56,24,0.396,4.48,-20.0
2020-06-17 02:35:56,25,0.348,4.49,19.3
2020-06-17 02:35:56,26,0.397,4.5,-20.0
2020-06-17 02:35:56,27,0.45,4.45,-20.0
2020-06-17 02:35:56,28,0.435,4.47,-20.0
2020-06-17 02:35:56,29,0.416,4.46,-20.0
2020-06-17 02:35:56,30,0.322,4.47,-20.0
2020-06-17 02:35:56,31,0.327,4.46,-20.0
2020-06-17 02:35:56,32,0.345,4.47,-20.0
2020-06-17 02:35:56,33,0.423,4.48,-20.0
2020-06-17 02:35:56,34,0.377,4.49,-20.0
2020-06-17 02:35:56,35,0.352,4.47,-20.0
2020-06-17 02:35:56,36,0.326,4.49,-20.0
2020-06-17 02:35:56,37,0.409,4.47,19.7
2020-06-17 02:35:56,38,0.382,4.48,-20.0
2020-06-17 02:35:56,39,0.328,4.48,-20.0
2020-06-17 02:35:56,40,0.331,4.47,-20.0
2020-06-17 02:35:56,41,0.365,4.49,-20.0
2020-06-17 02:35:56,42,0.348,4.48,-20.0
2020-06-17 02:35:56,43,0.389,4.48,-20.0
2020-06-17 02:35:56,44,0.387,4.5,-20.0
2020-06-17 02:35:56,45,0.302,4.49,-20.0
2020-06-17 02:35:56,46,0.398,4.49,-20.0
2020-06-17 02:35:56,47,0.394,4.47,-20.0
2020-06-17 02:35:56,48,0.437,4.47,-20.0
2020-06-17 02:35:56,49,0.484,4.46,21.8
2020-06-17 02:35:56,50,0.443,4.46,-20.0
2020-06-17 02:35:56,51,0.378,4.46,-20.0
2020-06-17 02:35:56,52,0.405,4.46,-20.0
2020-06-17 02:35:56,53,0.348,4.45,-20.0
2020-06-17 02:35:56,54,0.388,4.46,-20.0
2020-06-17 02:35:56,55,0.37,4.43,-20.0
2020-06-17 02:35:56,56,0.331,4.42,-20.0
2020-06-17 02:35:56,57,0.4,4.42,-20.0
2020-06-17 02:35:56,58,0.385,4.42,-20.0
2020-06-17 02:35:56,59,0.4,4.44,-20.0
2020-06-17 02:35:56,60,0.379,4.45,-20.0
2020-06-17 02:35:56,61,0.363,4.49,19.1
2020-06-17 02:35:56,62,0.333,4.49,-20.0
2020-06-17 02:35:56,63,0.408,4.47,-20.0
2020-06-17 02:35:56,64,0.412,4.45,-20.0
2020-06-17 02:35:56,65,0.358,4.45,-20.0
2020-06-17 02:35:56,66,0.389,4.45,-20.0
2020-06-17 02:35:56,67,0.342,4.42,-20.0
2020-06-17 02:35:56,68,0.405,4.45,-20.0
2020-06-17 02:35:56,69,0.419,4.45,-20.0
2020-06-17 02:35:56,70,0.382,4.46,-20.0
2020-06-17 02:35:56,71,0.328,4.48,-20.0
2020-06-17 02:35:56,72,0.408,4.48,-20.0
2020-06-17 02:35:56,73,0.472,4.52,19.6
2020-06-17 02:35:56,74,0.439,4.49,-20.0
2020-06-17 02:35:56,75,0.429,4.46,-20.0
2020-06-17 02:35:56,76,0.347,4.44,-20.0
2020-06-17 02:35:56,77,0.356,4.5,-20.0
2020-06-17 02:35:56,78,0.358,4.47,-20.0
2020-06-17 02:35:56,79,0.394,4.49,-20.0
2020-06-17 02:35:56,80,0.444,4.5,-20.0
2020-06-17 02:35:56,81,0.396,4.51,-20.0
2020-06-17 02:35:56,82,0.35,4.5,-20.0
2020-06-17 02:35:56,83,0.363,4.49,-20.0
2020-06-17 02:35:56,84,0.41,4.48,-20.0
2020-06-17 02:35:56,85,0.379,4.49,20.4
2020-06-17 02:35:56,86,0.372,4.46,-20.0
2020-06-17 02:35:56,87,0.342,4.46,-20.0
2020-06-17 02:35:56,88,0.392,4.48,-20.0
2020-06-17 02:35:56,89,0.365,4.5,-20.0
2020-06-17 02:35:56,90,0.394,4.47,-20.0
2020-06-17 02:35:56,91,0.354,4.48,-20.0
2020-06-17 02:35:56,92,0.372,4.49,-20.0
2020-06-17 02:35:56,93,0.485,4.49,-20.0
2020-06-17 02:35:56,94,0.472,4.46,-20.0
2020-06-17 02:35:56,95,0.429,4.45,-20.0
2020-06-17 02:35:56,96,0.432,4.49,-20.0
2020-06-18 02:35:04,1,0.428,4.51,22.6
2020-06-18 02:35:04,2,0.441,4.5,-20.0
2020-06-18 02:35:04,3,0.412,4.52,-20.0
2020-06-18 02:35:04,4,0.442,4.46,-20.0
2020-06-18 02:35:04,5,0.43,4.5,-20.0
2020-06-18 02:35:04,6,0.367,4.48,-20.0
2020-06-18 02:35:04,7,0.394,4.47,-20.0
2020-06-18 02:35:04,8,0.377,4.5,-20.0
2020-06-18 02:35:04,9,0.411,4.46,-20.0
2020-06-18 02:35:04,10,0.394,4.49,-20.0
2020-06-18 02:35:04,11,0.394,4.45,-20.0
2020-06-18 02:35:04,12,0.359,4.45,-20.0
2020-06-18 02:35:04,13,0.398,4.47,21.6
2020-06-18 02:35:04,14,0.353,4.48,-20.0
2020-06-18 02:35:04,15,0.397,4.51,-20.0
2020-06-18 02:35:04,16,0.425,4.52,-20.0
2020-06-18 02:35:04,17,0.391,4.48,-20.0
2020-06-18 02:35:04,18,0.392,4.48,-20.0
2020-06-18 02:35:04,19,0.393,4.46,-20.0
2020-06-18 02:35:04,20,0.393,4.48,-20.0
2020-06-18 02:35:04,21,0.431,4.47,-20.0
2020-06-18 02:35:04,22,0.401,4.46,-20.0
2020-06-18 02:35:04,23,0.393,4.47,-20.0
2020-06-18 02:35:04,24,0.396,4.47,-20.0
2020-06-18 02:35:04,25,0.347,4.49,19.3
2020-06-18 02:35:04,26,0.398,4.48,-20.0
2020-06-18 02:35:04,27,0.449,4.47,-20.0
2020-06-18 02:35:04,28,0.433,4.48,-20.0
2020-06-18 02:35:04,29,0.415,4.47,-20.0
2020-06-18 02:35:04,30,0.322,4.48,-20.0
2020-06-18 02:35:04,31,0.328,4.46,-20.0
2020-06-18 02:35:04,32,0.349,4.46,-20.0
2020-06-18 02:35:04,33,0.425,4.48,-20.0
2020-06-18 02:35:04,34,0.376,4.49,-20.0
2020-06-18 02:35:04,35,0.353,4.48,-20.0
2020-06-18 02:35:04,36,0.323,4.49,-20.0
2020-06-18 02:35:04,37,0.413,4.48,19.7
2020-06-18 02:35:04,38,0.386,4.48,-20.0
2020-06-18 02:35:04,39,0.33,4.47,-20.0
2020-06-18 02:35:04,40,0.33,4.47,-20.0
2020-06-18 02:35:04,41,0.364,4.5,-20.0
2020-06-18 02:35:04,42,0.333,4.49,-20.0
2020-06-18 02:35:04,43,0.374,4.47,-20.0
2020-06-18 02:35:04,44,0.381,4.48,-20.0
2020-06-18 02:35:04,45,0.305,4.49,-20.0
2020-06-18 02:35:04,46,0.395,4.49,-20.0
2020-06-18 02:35:04,47,0.392,4.49,-20.0
2020-06-18 02:35:04,48,0.427,4.47,-20.0
2020-06-18 02:35:04,49,0.482,4.47,21.8
2020-06-18 02:35:04,50,0.441,4.46,-20.0
2020-06-18 02:35:04,51,0.383,4.47,-20.0
2020-06-18 02:35:04,52,0.404,4.46,-20.0
2020-06-18 02:35:04,53,0.345,4.44,-20.0
2020-06-18 02:35:04,54,0.385,4.46,-20.0
2020-06-18 02:35:04,55,0.369,4.42,-20.0
2020-06-18 02:35:04,56,0.333,4.43,-20.0
2020-06-18 02:35:04,57,0.401,4.42,-20.0
2020-06-18 02:35:04,58,0.385,4.42,-20.0
2020-06-18 02:35:04,59,0.403,4.44,-20.0
2020-06-18 02:35:04,60,0.381,4.45,-20.0
2020-06-18 02:35:04,61,0.366,4.49,19.1
2020-06-18 02:35:04,62,0.332,4.5,-20.0
2020-06-18 02:35:04,63,0.412,4.47,-20.0
2020-06-18 02:35:04,64,0.412,4.45,-20.0
2020-06-18 02:35:04,65,0.36,4.44,-20.0
2020-06-18 02:35:04,66,0.388,4.45,-20.0
2020-06-18 02:35:04,67,0.34,4.43,-20.0
2020-06-18 02:35:04,68,0.398,4.46,-20.0
2020-06-18 02:35:04,69,0.414,4.44,-20.0
2020-06-18 02:35:04,70,0.376,4.46,-20.0
2020-06-18 02:35:04,71,0.324,4.48,-20.0
2020-06-18 02:35:04,72,0.409,4.48,-20.0
2020-06-18 02:35:04,73,0.459,4.51,19.6
2020-06-18 02:35:04,74,0.432,4.49,-20.0
2020-06-18 02:35:04,75,0.431,4.46,-20.0
2020-06-18 02:35:04,76,0.349,4.44,-20.0
2020-06-18 02:35:04,77,0.359,4.5,-20.0
2020-06-18 02:35:04,78,0.363,4.47,-20.0
2020-06-18 02:35:04,79,0.393,4.49,-20.0
2020-06-18 02:35:04,80,0.447,4.5,-20.0
2020-06-18 02:35:04,81,0.397,4.51,-20.0
2020-06-18 02:35:04,82,0.351,4.51,-20.0
2020-06-18 02:35:04,83,0.365,4.5,-20.0
2020-06-18 02:35:04,84,0.411,4.49,-20.0
2020-06-18 02:35:04,85,0.383,4.48,20.3
2020-06-18 02:35:04,86,0.375,4.47,-20.0
2020-06-18 02:35:04,87,0.344,4.47,-20.0
2020-06-18 02:35:04,88,0.391,4.48,-20.0
2020-06-18 02:35:04,89,0.368,4.5,-20.0
2020-06-18 02:35:04,90,0.395,4.47,-20.0
2020-06-18 02:35:04,91,0.355,4.48,-20.0
2020-06-18 02:35:04,92,0.373,4.5,-20.0
2020-06-18 02:35:04,93,0.489,4.49,-20.0
2020-06-18 02:35:04,94,0.471,4.47,-20.0
2020-06-18 02:35:04,95,0.431,4.46,-20.0
2020-06-18 02:35:04,96,0.434,4.49,-20.0
2020-06-18 14:34:38,1,0.433,4.51,22.7
2020-06-18 14:34:38,2,0.438,4.5,-20.0
2020-06-18 14:34:38,3,0.412,4.51,-20.0
2020-06-18 14:34:38,4,0.445,4.46,-20.0
2020-06-18 14:34:38,5,0.433,4.5,-20.0
2020-06-18 14:34:38,6,0.366,4.48,-20.0
2020-06-18 14:34:38,7,0.391,4.48,-20.0
2020-06-18 14:34:38,8,0.374,4.5,-20.0
2020-06-18 14:34:38,9,0.411,4.46,-20.0
2020-06-18 14:34:38,10,0.392,4.49,-20.0
2020-06-18 14:34:38,11,0.392,4.45,-20.0
2020-06-18 14:34:38,12,0.361,4.45,-20.0
2020-06-18 14:34:38,13,0.399,4.47,21.7
2020-06-18 14:34:38,14,0.353,4.48,-20.0
2020-06-18 14:34:38,15,0.399,4.51,-20.0
2020-06-18 14:34:38,16,0.426,4.52,-20.0
2020-06-18 14:34:38,17,0.395,4.47,-20.0
2020-06-18 14:34:38,18,0.396,4.49,-20.0
2020-06-18 14:34:38,19,0.395,4.46,-20.0
2020-06-18 14:34:38,20,0.396,4.47,-20.0
2020-06-18 14:34:38,21,0.433,4.47,-20.0
2020-06-18 14:34:38,22,0.402,4.46,-20.0
2020-06-18 14:34:38,23,0.395,4.47,-20.0
2020-06-18 14:34:38,24,0.397,4.47,-20.0
2020-06-18 14:34:38,25,0.346,4.49,19.3
2020-06-18 14:34:38,26,0.396,4.48,-20.0
2020-06-18 14:34:38,27,0.449,4.47,-20.0
2020-06-18 14:34:38,28,0.435,4.47,-20.0
2020-06-18 14:34:38,29,0.416,4.46,-20.0
2020-06-18 14:34:38,30,0.326,4.48,-20.0
2020-06-18 14:34:38,31,0.325,4.46,-20.0
2020-06-18 14:34:38,32,0.338,4.47,-20.0
2020-06-18 14:34:38,33,0.418,4.48,-20.0
2020-06-18 14:34:38,34,0.362,4.48,-20.0
2020-06-18 14:34:38,35,0.348,4.48,-20.0
2020-06-18 14:34:38,36,0.32,4.5,-20.0
2020-06-18 14:34:38,37,0.402,4.47,19.7
2020-06-18 14:34:38,38,0.36,4.48,-20.0
2020-06-18 14:34:38,39,0.322,4.47,-20.0
2020-06-18 14:34:38,40,0.329,4.47,-20.0
2020-06-18 14:34:38,41,0.366,4.5,-20.0
2020-06-18 14:34:38,42,0.325,4.49,-20.0
2020-06-18 14:34:38,43,0.378,4.47,-20.0
2020-06-18 14:34:38,44,0.384,4.49,-20.0
2020-06-18 14:34:38,45,0.306,4.49,-20.0
2020-06-18 14:34:38,46,0.395,4.49,-20.0
2020-06-18 14:34:38,47,0.392,4.48,-20.0
2020-06-18 14:34:38,48,0.436,4.48,-20.0
2020-06-18 14:34:38,49,0.483,4.46,21.7
2020-06-18 14:34:38,50,0.441,4.47,-20.0
2020-06-18 14:34:38,51,0.384,4.46,-20.0
2020-06-18 14:34:38,52,0.408,4.46,-20.0
2020-06-18 14:34:38,53,0.347,4.44,-20.0
2020-06-18 14:34:38,54,0.387,4.45,-20.0
2020-06-18 14:34:38,55,0.366,4.43,-20.0
2020-06-18 14:34:38,56,0.334,4.43,-20.0
2020-06-18 14:34:38,57,0.402,4.42,-20.0
2020-06-18 14:34:38,58,0.386,4.42,-20.0
2020-06-18 14:34:38,59,0.405,4.44,-20.0
2020-06-18 14:34:38,60,0.38,4.45,-20.0
2020-06-18 14:34:38,61,0.368,4.49,19.1
2020-06-18 14:34:38,62,0.329,4.49,-20.0
2020-06-18 14:34:38,63,0.412,4.47,-20.0
2020-06-18 14:34:38,64,0.411,4.45,-20.0
2020-06-18 14:34:38,65,0.36,4.44,-20.0
2020-06-18 14:34:38,66,0.39,4.45,-20.0
2020-06-18 14:34:38,67,0.341,4.43,-20.0
2020-06-18 14:34:38,68,0.4,4.45,-20.0
2020-06-18 14:34:38,69,0.418,4.45,-20.0
2020-06-18 14:34:38,70,0.375,4.46,-20.0
2020-06-18 14:34:38,71,0.325,4.47,-20.0
2020-06-18 14:34:38,72,0.41,4.48,-20.0
2020-06-18 14:34:38,73,0.461,4.51,19.5
2020-06-18 14:34:38,74,0.433,4.5,-20.0
2020-06-18 14:34:38,75,0.429,4.46,-20.0
2020-06-18 14:34:38,76,0.346,4.44,-20.0
2020-06-18 14:34:38,77,0.361,4.49,-20.0
2020-06-18 14:34:38,78,0.362,4.46,-20.0
2020-06-18 14:34:38,79,0.395,4.5,-20.0
2020-06-18 14:34:38,80,0.446,4.51,-20.0
2020-06-18 14:34:38,81,0.396,4.51,-20.0
2020-06-18 14:34:38,82,0.351,4.51,-20.0
2020-06-18 14:34:38,83,0.365,4.5,-20.0
2020-06-18 14:34:38,84,0.412,4.49,-20.0
2020-06-18 14:34:38,85,0.384,4.48,20.4
2020-06-18 14:34:38,86,0.374,4.46,-20.0
2020-06-18 14:34:38,87,0.34,4.46,-20.0
2020-06-18 14:34:38,88,0.391,4.48,-20.0
2020-06-18 14:34:38,89,0.368,4.5,-20.0
2020-06-18 14:34:38,90,0.396,4.47,-20.0
2020-06-18 14:34:38,91,0.355,4.48,-20.0
2020-06-18 14:34:38,92,0.371,4.5,-20.0
2020-06-18 14:34:38,93,0.489,4.49,-20.0
2020-06-18 14:34:38,94,0.472,4.47,-20.0
2020-06-18 14:34:38,95,0.43,4.45,-20.0
2020-06-18 14:34:38,96,0.432,4.49,-20.0
2020-06-19 02:34:11,1,0.434,4.51,22.6
2020-06-19 02:34:11,2,0.44,4.51,-20.0
2020-06-19 02:34:11,3,0.412,4.51,-20.0
2020-06-19 02:34:11,4,0.444,4.47,-20.0
2020-06-19 02:34:11,5,0.435,4.5,-20.0
2020-06-19 02:34:11,6,0.364,4.48,-20.0
2020-06-19 02:34:11,7,0.39,4.48,-20.0
2020-06-19 02:34:11,8,0.374,4.49,-20.0
2020-06-19 02:34:11,9,0.413,4.46,-20.0
2020-06-19 02:34:11,10,0.394,4.49,-20.0
2020-06-19 02:34:11,11,0.394,4.44,-20.0
2020-06-19 02:34:11,12,0.361,4.45,-20.0
2020-06-19 02:34:11,13,0.398,4.47,21.6
2020-06-19 02:34:11,14,0.354,4.47,-20.0
2020-06-19 02:34:11,15,0.401,4.51,-20.0
2020-06-19 02:34:11,16,0.427,4.51,-20.0
2020-06-19 02:34:11,17,0.394,4.48,-20.0
2020-06-19 02:34:11,18,0.396,4.48,-20.0
2020-06-19 02:34:11,19,0.396,4.46,-20.0
2020-06-19 02:34:11,20,0.4,4.47,-20.0
2020-06-19 02:34:11,21,0.431,4.47,-20.0
2020-06-19 02:34:11,22,0.4,4.46,-20.0
2020-06-19 02:34:11,23,0.396,4.47,-20.0
2020-06-19 02:34:11,24,0.399,4.48,-20.0
2020-06-19 02:34:11,25,0.346,4.5,19.3
2020-06-19 02:34:11,26,0.399,4.48,-20.0
2020-06-19 02:34:11,27,0.452,4.47,-20.0
2020-06-19 02:34:11,28,0.436,4.46,-20.0
2020-06-19 02:34:11,29,0.418,4.46,-20.0
2020-06-19 02:34:11,30,0.328,4.48,-20.0
2020-06-19 02:34:11,31,0.326,4.45,-20.0
2020-06-19 02:34:11,32,0.342,4.47,-20.0
2020-06-19 02:34:11,33,0.417,4.48,-20.0
2020-06-19 02:34:11,34,0.364,4.48,-20.0
2020-06-19 02:34:11,35,0.348,4.48,-20.0
2020-06-19 02:34:11,36,0.322,4.5,-20.0
2020-06-19 02:34:11,37,0.405,4.47,19.7
2020-06-19 02:34:11,38,0.365,4.48,-20.0
2020-06-19 02:34:11,39,0.322,4.45,-20.0
2020-06-19 02:34:11,40,0.33,4.47,-20.0
2020-06-19 02:34:11,41,0.365,4.5,-20.0
2020-06-19 02:34:11,42,0.328,4.48,-20.0
2020-06-19 02:34:11,43,0.381,4.47,-20.0
2020-06-19 02:34:11,44,0.383,4.49,-20.0
2020-06-19 02:34:11,45,0.307,4.5,-20.0
2020-06-19 02:34:11,46,0.394,4.48,-20.0
2020-06-19 02:34:11,47,0.39,4.47,-20.0
2020-06-19 02:34:11,48,0.446,4.48,-20.0
2020-06-19 02:34:11,49,0.482,4.46,21.8
2020-06-19 02:34:11,50,0.445,4.47,-20.0
2020-06-19 02:34:11,51,0.382,4.46,-20.0
2020-06-19 02:34:11,52,0.406,4.46,-20.0
2020-06-19 02:34:11,53,0.347,4.44,-20.0
2020-06-19 02:34:11,54,0.384,4.46,-20.0
2020-06-19 02:34:11,55,0.365,4.43,-20.0
2020-06-19 02:34:11,56,0.331,4.42,-20.0
2020-06-19 02:34:11,57,0.399,4.42,-20.0
2020-06-19 02:34:11,58,0.379,4.42,-20.0
2020-06-19 02:34:11,59,0.383,4.44,-20.0
2020-06-19 02:34:11,60,0.366,4.45,-20.0
2020-06-19 02:34:11,61,0.365,4.49,19.1
2020-06-19 02:34:11,62,0.326,4.49,-20.0
2020-06-19 02:34:11,63,0.401,4.47,-20.0
2020-06-19 02:34:11,64,0.403,4.45,-20.0
2020-06-19 02:34:11,65,0.351,4.45,-20.0
2020-06-19 02:34:11,66,0.388,4.45,-20.0
2020-06-19 02:34:11,67,0.34,4.42,-20.0
2020-06-19 02:34:11,68,0.399,4.45,-20.0
2020-06-19 02:34:11,69,0.415,4.44,-20.0
2020-06-19 02:34:11,70,0.374,4.46,-20.0
2020-06-19 02:34:11,71,0.325,4.48,-20.0
2020-06-19 02:34:11,72,0.411,4.47,-20.0
2020-06-19 02:34:11,73,0.464,4.5,19.6
2020-06-19 02:34:11,74,0.435,4.5,-20.0
2020-06-19 02:34:11,75,0.426,4.47,-20.0
2020-06-19 02:34:11,76,0.345,4.44,-20.0
2020-06-19 02:34:11,77,0.364,4.5,-20.0
2020-06-19 02:34:11,78,0.364,4.47,-20.0
2020-06-19 02:34:11,79,0.394,4.5,-20.0
2020-06-19 02:34:11,80,0.443,4.5,-20.0
2020-06-19 02:34:11,81,0.398,4.51,-20.0
2020-06-19 02:34:11,82,0.349,4.51,-20.0
2020-06-19 02:34:11,83,0.363,4.5,-20.0
2020-06-19 02:34:11,84,0.41,4.49,-20.0
2020-06-19 02:34:11,85,0.385,4.48,20.4
2020-06-19 02:34:11,86,0.372,4.47,-20.0
2020-06-19 02:34:11,87,0.339,4.46,-20.0
2020-06-19 02:34:11,88,0.393,4.47,-20.0
2020-06-19 02:34:11,89,0.368,4.5,-20.0
2020-06-19 02:34:11,90,0.393,4.47,-20.0
2020-06-19 02:34:11,91,0.359,4.48,-20.0
2020-06-19 02:34:11,92,0.372,4.5,-20.0
2020-06-19 02:34:11,93,0.487,4.49,-20.0
2020-06-19 02:34:11,94,0.467,4.47,-20.0
2020-06-19 02:34:11,95,0.428,4.46,-20.0
2020-06-19 02:34:11,96,0.431,4.49,-20.0
2020-06-19 14:33:37,1,0.433,4.51,22.7
2020-06-19 14:33:37,2,0.441,4.5,-20.0
2020-06-19 14:33:37,3,0.414,4.52,-20.0
2020-06-19 14:33:37,4,0.442,4.47,-20.0
2020-06-19 14:33:37,5,0.435,4.5,-20.0
2020-06-19 14:33:37,6,0.363,4.49,-20.0
2020-06-19 14:33:37,7,0.392,4.48,-20.0
2020-06-19 14:33:37,8,0.377,4.5,-20.0
2020-06-19 14:33:37,9,0.414,4.46,-20.0
2020-06-19 14:33:37,10,0.396,4.49,-20.0
2020-06-19 14:33:37,11,0.396,4.45,-20.0
2020-06-19 14:33:37,12,0.365,4.45,-20.0
2020-06-19 14:33:37,13,0.398,4.46,21.6
2020-06-19 14:33:37,14,0.355,4.48,-20.0
2020-06-19 14:33:37,15,0.404,4.51,-20.0
2020-06-19 14:33:37,16,0.425,4.51,-20.0
2020-06-19 14:33:37,17,0.397,4.48,-20.0
2020-06-19 14:33:37,18,0.398,4.49,-20.0
2020-06-19 14:33:37,19,0.394,4.46,-20.0
2020-06-19 14:33:37,20,0.4,4.47,-20.0
2020-06-19 14:33:37,21,0.43,4.47,-20.0
2020-06-19 14:33:37,22,0.4,4.46,-20.0
2020-06-19 14:33:37,23,0.388,4.47,-20.0
2020-06-19 14:33:37,24,0.392,4.49,-20.0
2020-06-19 14:33:37,25,0.346,4.49,19.3
2020-06-19 14:33:37,26,0.397,4.49,-20.0
2020-06-19 14:33:37,27,0.446,4.46,-20.0
2020-06-19 14:33:37,28,0.43,4.47,-20.0
2020-06-19 14:33:37,29,0.408,4.46,-20.0
2020-06-19 14:33:37,30,0.322,4.47,-20.0
2020-06-19 14:33:37,31,0.325,4.46,-20.0
2020-06-19 14:33:37,32,0.326,4.47,-20.0
2020-06-19 14:33:37,33,0.421,4.48,-20.0
2020-06-19 14:33:37,34,0.368,4.48,-20.0
2020-06-19 14:33:37,35,0.349,4.48,-20.0
2020-06-19 14:33:37,36,0.324,4.5,-20.0
2020-06-19 14:33:37,37,0.405,4.47,19.7
2020-06-19 14:33:37,38,0.37,4.48,-20.0
2020-06-19 14:33:37,39,0.322,4.47,-20.0
2020-06-19 14:33:37,40,0.33,4.47,-20.0
2020-06-19 14:33:37,41,0.37,4.5,-20.0
2020-06-19 14:33:37,42,0.332,4.48,-20.0
2020-06-19 14:33:37,43,0.38,4.47,-20.0
2020-06-19 14:33:37,44,0.386,4.49,-20.0
2020-06-19 14:33:37,45,0.307,4.49,-20.0
2020-06-19 14:33:37,46,0.396,4.48,-20.0
2020-06-19 14:33:37,47,0.398,4.48,-20.0
2020-06-19 14:33:37,48,0.453,4.48,-20.0
2020-06-19 14:33:37,49,0.484,4.46,21.8
2020-06-19 14:33:37,50,0.442,4.46,-20.0
2020-06-19 14:33:37,51,0.382,4.46,-20.0
2020-06-19 14:33:37,52,0.405,4.46,-20.0
2020-06-19 14:33:37,53,0.347,4.45,-20.0
2020-06-19 14:33:37,54,0.385,4.46,-20.0
2020-06-19 14:33:37,55,0.362,4.42,-20.0
2020-06-19 14:33:37,56,0.331,4.42,-20.0
2020-06-19 14:33:37,57,0.399,4.42,-20.0
2020-06-19 14:33:37,58,0.382,4.42,-20.0
2020-06-19 14:33:37,59,0.389,4.44,-20.0
2020-06-19 14:33:37,60,0.364,4.45,-20.0
2020-06-19 14:33:37,61,0.366,4.49,19.1
2020-06-19 14:33:37,62,0.326,4.49,-20.0
2020-06-19 14:33:37,63,0.404,4.48,-20.0
2020-06-19 14:33:37,64,0.403,4.45,-20.0
2020-06-19 14:33:37,65,0.354,4.44,-20.0
2020-06-19 14:33:37,66,0.391,4.45,-20.0
2020-06-19 14:33:37,67,0.34,4.42,-20.0
2020-06-19 14:33:37,68,0.403,4.45,-20.0
2020-06-19 14:33:37,69,0.413,4.44,-20.0
2020-06-19 14:33:37,70,0.377,4.46,-20.0
2020-06-19 14:33:37,71,0.326,4.48,-20.0
2020-06-19 14:33:37,72,0.408,4.48,-20.0
2020-06-19 14:33:37,73,0.468,4.51,19.5
2020-06-19 14:33:37,74,0.439,4.5,-20.0
2020-06-19 14:33:37,75,0.424,4.46,-20.0
2020-06-19 14:33:37,76,0.343,4.44,-20.0
2020-06-19 14:33:37,77,0.365,4.5,-20.0
2020-06-19 14:33:37,78,0.363,4.47,-20.0
2020-06-19 14:33:37,79,0.393,4.49,-20.0
2020-06-19 14:33:37,80,0.443,4.5,-20.0
2020-06-19 14:33:37,81,0.398,4.51,-20.0
2020-06-19 14:33:37,82,0.35,4.51,-20.0
2020-06-19 14:33:37,83,0.362,4.5,-20.0
2020-06-19 14:33:37,84,0.405,4.48,-20.0
2020-06-19 14:33:37,85,0.382,4.49,20.4
2020-06-19 14:33:37,86,0.371,4.47,-20.0
2020-06-19 14:33:37,87,0.338,4.47,-20.0
2020-06-19 14:33:37,88,0.393,4.48,-20.0
2020-06-19 14:33:37,89,0.361,4.5,-20.0
2020-06-19 14:33:37,90,0.386,4.47,-20.0
2020-06-19 14:33:37,91,0.359,4.48,-20.0
2020-06-19 14:33:37,92,0.37,4.5,-20.0
2020-06-19 14:33:37,93,0.487,4.49,-20.0
2020-06-19 14:33:37,94,0.464,4.46,-20.0
2020-06-19 14:33:37,95,0.424,4.46,-20.0
2020-06-19 14:33:37,96,0.429,4.49,-20.0
2020-06-20 02:33:07,1,0.434,4.51,22.6
2020-06-20 02:33:07,2,0.441,4.51,-20.0
2020-06-20 02:33:07,3,0.416,4.52,-20.0
2020-06-20 02:33:07,4,0.444,4.47,-20.0
2020-06-20 02:33:07,5,0.436,4.5,-20.0
2020-06-20 02:33:07,6,0.363,4.48,-20.0
2020-06-20 02:33:07,7,0.393,4.47,-20.0
2020-06-20 02:33:07,8,0.379,4.49,-20.0
2020-06-20 02:33:07,9,0.414,4.46,-20.0
2020-06-20 02:33:07,10,0.397,4.49,-20.0
2020-06-20 02:33:07,11,0.396,4.44,-20.0
2020-06-20 02:33:07,12,0.366,4.46,-20.0
2020-06-20 02:33:07,13,0.4,4.47,21.6
2020-06-20 02:33:07,14,0.357,4.47,-20.0
2020-06-20 02:33:07,15,0.406,4.52,-20.0
2020-06-20 02:33:07,16,0.427,4.52,-20.0
2020-06-20 02:33:07,17,0.396,4.47,-20.0
2020-06-20 02:33:07,18,0.4,4.48,-20.0
2020-06-20 02:33:07,19,0.396,4.46,-20.0
2020-06-20 02:33:07,20,0.399,4.47,-20.0
2020-06-20 02:33:07,21,0.431,4.47,-20.0
2020-06-20 02:33:07,22,0.401,4.47,-20.0
2020-06-20 02:33:07,23,0.39,4.47,-20.0
2020-06-20 02:33:07,24,0.394,4.48,-20.0
2020-06-20 02:33:07,25,0.345,4.49,19.3
2020-06-20 02:33:07,26,0.402,4.48,-20.0
2020-06-20 02:33:07,27,0.448,4.46,-20.0
2020-06-20 02:33:07,28,0.432,4.47,-20.0
2020-06-20 02:33:07,29,0.41,4.46,-20.0
2020-06-20 02:33:07,30,0.322,4.48,-20.0
2020-06-20 02:33:07,31,0.324,4.46,-20.0
2020-06-20 02:33:07,32,0.332,4.47,-20.0
2020-06-20 02:33:07,33,0.422,4.47,-20.0
2020-06-20 02:33:07,34,0.367,4.47,-20.0
2020-06-20 02:33:07,35,0.35,4.48,-20.0
2020-06-20 02:33:07,36,0.326,4.5,-20.0
2020-06-20 02:33:07,37,0.411,4.47,19.7
2020-06-20 02:33:07,38,0.375,4.49,-20.0
2020-06-20 02:33:07,39,0.325,4.48,-20.0
2020-06-20 02:33:07,40,0.328,4.47,-20.0
2020-06-20 02:33:07,41,0.372,4.5,-20.0
2020-06-20 02:33:07,42,0.335,4.48,-20.0
2020-06-20 02:33:07,43,0.383,4.47,-20.0
2020-06-20 02:33:07,44,0.388,4.48,-20.0
2020-06-20 02:33:07,45,0.304,4.49,-20.0
2020-06-20 02:33:07,46,0.395,4.48,-20.0
2020-06-20 02:33:07,47,0.399,4.48,-20.0
2020-06-20 02:33:07,48,0.449,4.48,-20.0
2020-06-20 02:33:07,49,0.481,4.46,21.8
2020-06-20 02:33:07,50,0.44,4.47,-20.0
2020-06-20 02:33:07,51,0.378,4.47,-20.0
2020-06-20 02:33:07,52,0.402,4.46,-20.0
2020-06-20 02:33:07,53,0.347,4.44,-20.0
2020-06-20 02:33:07,54,0.383,4.45,-20.0
2020-06-20 02:33:07,55,0.364,4.43,-20.0
2020-06-20 02:33:07,56,0.333,4.42,-20.0
2020-06-20 02:33:07,57,0.4,4.42,-20.0
2020-06-20 02:33:07,58,0.382,4.42,-20.0
2020-06-20 02:33:07,59,0.396,4.44,-20.0
2020-06-20 02:33:07,60,0.367,4.45,-20.0
2020-06-20 02:33:07,61,0.367,4.49,19.1
2020-06-20 02:33:07,62,0.327,4.49,-20.0
2020-06-20 02:33:07,63,0.404,4.48,-20.0
2020-06-20 02:33:07,64,0.404,4.45,-20.0
2020-06-20 02:33:07,65,0.353,4.45,-20.0
2020-06-20 02:33:07,66,0.392,4.45,-20.0
2020-06-20 02:33:07,67,0.34,4.42,-20.0
2020-06-20 02:33:07,68,0.403,4.45,-20.0
2020-06-20 02:33:07,69,0.417,4.45,-20.0
2020-06-20 02:33:07,70,0.379,4.46,-20.0
2020-06-20 02:33:07,71,0.323,4.48,-20.0
2020-06-20 02:33:07,72,0.409,4.48,-20.0
2020-06-20 02:33:07,73,0.468,4.51,19.5
2020-06-20 02:33:07,74,0.438,4.49,-20.0
2020-06-20 02:33:07,75,0.423,4.45,-20.0
2020-06-20 02:33:07,76,0.343,4.44,-20.0
2020-06-20 02:33:07,77,0.363,4.5,-20.0
2020-06-20 02:33:07,78,0.367,4.47,-20.0
2020-06-20 02:33:07,79,0.392,4.5,-20.0
2020-06-20 02:33:07,80,0.442,4.5,-20.0
2020-06-20 02:33:07,81,0.395,4.51,-20.0
2020-06-20 02:33:07,82,0.351,4.51,-20.0
2020-06-20 02:33:07,83,0.363,4.5,-20.0
2020-06-20 02:33:07,84,0.408,4.49,-20.0
2020-06-20 02:33:07,85,0.383,4.48,20.4
2020-06-20 02:33:07,86,0.373,4.46,-20.0
2020-06-20 02:33:07,87,0.338,4.46,-20.0
2020-06-20 02:33:07,88,0.39,4.48,-20.0
2020-06-20 02:33:07,89,0.364,4.5,-20.0
2020-06-20 02:33:07,90,0.385,4.47,-20.0
2020-06-20 02:33:07,91,0.358,4.48,-20.0
2020-06-20 02:33:07,92,0.374,4.5,-20.0
2020-06-20 02:33:07,93,0.489,4.49,-20.0
2020-06-20 02:33:07,94,0.466,4.47,-20.0
2020-06-20 02:33:07,95,0.426,4.46,-20.0
2020-06-20 02:33:07,96,0.428,4.49,-20.0
2020-06-20 14:32:43,1,0.434,4.51,22.6
2020-06-20 14:32:43,2,0.443,4.5,-20.0
2020-06-20 14:32:43,3,0.416,4.52,-20.0
2020-06-20 14:32:43,4,0.444,4.47,-20.0
2020-06-20 14:32:43,5,0.436,4.51,-20.0
2020-06-20 14:32:43,6,0.366,4.49,-20.0
2020-06-20 14:32:43,7,0.393,4.47,-20.0
2020-06-20 14:32:43,8,0.381,4.5,-20.0
2020-06-20 14:32:43,9,0.413,4.47,-20.0
2020-06-20 14:32:43,10,0.397,4.49,-20.0
2020-06-20 14:32:43,11,0.399,4.44,-20.0
2020-06-20 14:32:43,12,0.367,4.46,-20.0
2020-06-20 14:32:43,13,0.4,4.47,21.6
2020-06-20 14:32:43,14,0.355,4.47,-20.0
2020-06-20 14:32:43,15,0.4,4.51,-20.0
2020-06-20 14:32:43,16,0.426,4.52,-20.0
2020-06-20 14:32:43,17,0.394,4.48,-20.0
2020-06-20 14:32:43,18,0.399,4.48,-20.0
2020-06-20 14:32:43,19,0.393,4.47,-20.0
2020-06-20 14:32:43,20,0.401,4.47,-20.0
2020-06-20 14:32:43,21,0.429,4.47,-20.0
2020-06-20 14:32:43,22,0.403,4.47,-20.0
2020-06-20 14:32:43,23,0.383,4.47,-20.0
2020-06-20 14:32:43,24,0.381,4.49,-20.0
2020-06-20 14:32:43,25,0.342,4.49,19.3
2020-06-20 14:32:43,26,0.405,4.47,-20.0
2020-06-20 14:32:43,27,0.448,4.47,-20.0
2020-06-20 14:32:43,28,0.434,4.47,-20.0
2020-06-20 14:32:43,29,0.411,4.46,-20.0
2020-06-20 14:32:43,30,0.323,4.48,-20.0
2020-06-20 14:32:43,31,0.326,4.46,-20.0
2020-06-20 14:32:43,32,0.338,4.47,-20.0
2020-06-20 14:32:43,33,0.422,4.48,-20.0
2020-06-20 14:32:43,34,0.367,4.48,-20.0
2020-06-20 14:32:43,35,0.352,4.48,-20.0
2020-06-20 14:32:43,36,0.329,4.5,-20.0
2020-06-20 14:32:43,37,0.407,4.47,19.7
2020-06-20 14:32:43,38,0.377,4.49,-20.0
2020-06-20 14:32:43,39,0.332,4.46,-20.0
2020-06-20 14:32:43,40,0.331,4.46,-20.0
2020-06-20 14:32:43,41,0.372,4.5,-20.0
2020-06-20 14:32:43,42,0.343,4.48,-20.0
2020-06-20 14:32:43,43,0.379,4.47,-20.0
2020-06-20 14:32:43,44,0.392,4.49,-20.0
2020-06-20 14:32:43,45,0.307,4.49,-20.0
2020-06-20 14:32:43,46,0.397,4.48,-20.0
2020-06-20 14:32:43,47,0.398,4.47,-20.0
2020-06-20 14:32:43,48,0.459,4.48,-20.0
2020-06-20 14:32:43,49,0.478,4.46,21.8
2020-06-20 14:32:43,50,0.441,4.47,-20.0
2020-06-20 14:32:43,51,0.376,4.46,-20.0
2020-06-20 14:32:43,52,0.403,4.46,-20.0
2020-06-20 14:32:43,53,0.347,4.45,-20.0
2020-06-20 14:32:43,54,0.385,4.46,-20.0
2020-06-20 14:32:43,55,0.361,4.43,-20.0
2020-06-20 14:32:43,56,0.335,4.42,-20.0
2020-06-20 14:32:43,57,0.399,4.42,-20.0
2020-06-20 14:32:43,58,0.383,4.41,-20.0
2020-06-20 14:32:43,59,0.398,4.43,-20.0
2020-06-20 14:32:43,60,0.37,4.45,-20.0
2020-06-20 14:32:43,61,0.366,4.49,19.1
2020-06-20 14:32:43,62,0.329,4.49,-20.0
2020-06-20 14:32:43,63,0.407,4.47,-20.0
2020-06-20 14:32:43,64,0.404,4.45,-20.0
2020-06-20 14:32:43,65,0.354,4.44,-20.0
2020-06-20 14:32:43,66,0.392,4.45,-20.0
2020-06-20 14:32:43,67,0.344,4.43,-20.0
2020-06-20 14:32:43,68,0.406,4.45,-20.0
2020-06-20 14:32:43,69,0.415,4.44,-20.0
2020-06-20 14:32:43,70,0.38,4.46,-20.0
2020-06-20 14:32:43,71,0.323,4.48,-20.0
2020-06-20 14:32:43,72,0.413,4.48,-20.0
2020-06-20 14:32:43,73,0.469,4.51,19.5
2020-06-20 14:32:43,74,0.439,4.5,-20.0
2020-06-20 14:32:43,75,0.422,4.47,-20.0
2020-06-20 14:32:43,76,0.343,4.44,-20.0
2020-06-20 14:32:43,77,0.363,4.5,-20.0
2020-06-20 14:32:43,78,0.365,4.46,-20.0
2020-06-20 14:32:43,79,0.389,4.49,-20.0
2020-06-20 14:32:43,80,0.444,4.5,-20.0
2020-06-20 14:32:43,81,0.395,4.51,-20.0
2020-06-20 14:32:43,82,0.353,4.51,-20.0
2020-06-20 14:32:43,83,0.363,4.5,-20.0
2020-06-20 14:32:43,84,0.408,4.49,-20.0
2020-06-20 14:32:43,85,0.383,4.48,20.3
2020-06-20 14:32:43,86,0.374,4.46,-20.0
2020-06-20 14:32:43,87,0.336,4.46,-20.0
2020-06-20 14:32:43,88,0.389,4.48,-20.0
2020-06-20 14:32:43,89,0.363,4.5,-20.0
2020-06-20 14:32:43,90,0.384,4.47,-20.0
2020-06-20 14:32:43,91,0.358,4.49,-20.0
2020-06-20 14:32:43,92,0.37,4.5,-20.0
2020-06-20 14:32:43,93,0.485,4.49,-20.0
2020-06-20 14:32:43,94,0.465,4.47,-20.0
2020-06-20 14:32:43,95,0.421,4.46,-20.0
2020-06-20 14:32:43,96,0.426,4.49,-20.0
2020-06-21 02:32:09,1,0.432,4.51,22.6
2020-06-21 02:32:09,2,0.442,4.5,-20.0
2020-06-21 02:32:09,3,0.415,4.52,-20.0
2020-06-21 02:32:09,4,0.444,4.47,-20.0
2020-06-21 02:32:09,5,0.436,4.5,-20.0
2020-06-21 02:32:09,6,0.367,4.48,-20.0
2020-06-21 02:32:09,7,0.396,4.47,-20.0
2020-06-21 02:32:09,8,0.381,4.5,-20.0
2020-06-21 02:32:09,9,0.415,4.47,-20.0
2020-06-21 02:32:09,10,0.396,4.49,-20.0
2020-06-21 02:32:09,11,0.401,4.44,-20.0
2020-06-21 02:32:09,12,0.367,4.45,-20.0
2020-06-21 02:32:09,13,0.4,4.47,21.6
2020-06-21 02:32:09,14,0.357,4.48,-20.0
2020-06-21 02:32:09,15,0.404,4.51,-20.0
2020-06-21 02:32:09,16,0.427,4.52,-20.0
2020-06-21 02:32:09,17,0.394,4.48,-20.0
2020-06-21 02:32:09,18,0.399,4.48,-20.0
2020-06-21 02:32:09,19,0.393,4.46,-20.0
2020-06-21 02:32:09,20,0.4,4.47,-20.0
2020-06-21 02:32:09,21,0.432,4.47,-20.0
2020-06-21 02:32:09,22,0.404,4.46,-20.0
2020-06-21 02:32:09,23,0.389,4.48,-20.0
2020-06-21 02:32:09,24,0.386,4.47,-20.0
2020-06-21 02:32:09,25,0.343,4.5,19.3
2020-06-21 02:32:09,26,0.402,4.48,-20.0
2020-06-21 02:32:09,27,0.447,4.46,-20.0
2020-06-21 02:32:09,28,0.434,4.47,-20.0
2020-06-21 02:32:09,29,0.413,4.46,-20.0
2020-06-21 02:32:09,30,0.322,4.48,-20.0
2020-06-21 02:32:09,31,0.325,4.46,-20.0
2020-06-21 02:32:09,32,0.345,4.47,-20.0
2020-06-21 02:32:09,33,0.422,4.48,-20.0
2020-06-21 02:32:09,34,0.37,4.48,-20.0
2020-06-21 02:32:09,35,0.352,4.48,-20.0
2020-06-21 02:32:09,36,0.332,4.49,-20.0
2020-06-21 02:32:09,37,0.411,4.47,19.7
2020-06-21 02:32:09,38,0.381,4.49,-20.0
2020-06-21 02:32:09,39,0.329,4.47,-20.0
2020-06-21 02:32:09,40,0.332,4.48,-20.0
2020-06-21 02:32:09,41,0.373,4.5,-20.0
2020-06-21 02:32:09,42,0.343,4.49,-20.0
2020-06-21 02:32:09,43,0.383,4.48,-20.0
2020-06-21 02:32:09,44,0.393,4.48,-20.0
2020-06-21 02:32:09,45,0.308,4.49,-20.0
2020-06-21 02:32:09,46,0.397,4.48,-20.0
2020-06-21 02:32:09,47,0.399,4.48,-20.0
2020-06-21 02:32:09,48,0.456,4.48,-20.0
2020-06-21 02:32:09,49,0.477,4.46,21.8
2020-06-21 02:32:09,50,0.44,4.47,-20.0
2020-06-21 02:32:09,51,0.377,4.47,-20.0
2020-06-21 02:32:09,52,0.404,4.46,-20.0
2020-06-21 02:32:09,53,0.347,4.45,-20.0
2020-06-21 02:32:09,54,0.387,4.45,-20.0
2020-06-21 02:32:09,55,0.363,4.43,-20.0
2020-06-21 02:32:09,56,0.335,4.43,-20.0
2020-06-21 02:32:09,57,0.399,4.42,-20.0
2020-06-21 02:32:09,58,0.386,4.42,-20.0
2020-06-21 02:32:09,59,0.403,4.44,-20.0
2020-06-21 02:32:09,60,0.37,4.46,-20.0
2020-06-21 02:32:09,61,0.366,4.49,19.1
2020-06-21 02:32:09,62,0.332,4.49,-20.0
2020-06-21 02:32:09,63,0.406,4.48,-20.0
2020-06-21 02:32:09,64,0.406,4.46,-20.0
2020-06-21 02:32:09,65,0.357,4.44,-20.0
2020-06-21 02:32:09,66,0.39,4.44,-20.0
2020-06-21 02:32:09,67,0.339,4.43,-20.0
2020-06-21 02:32:09,68,0.403,4.45,-20.0
2020-06-21 02:32:09,69,0.412,4.45,-20.0
2020-06-21 02:32:09,70,0.376,4.46,-20.0
2020-06-21 02:32:09,71,0.321,4.47,-20.0
2020-06-21 02:32:09,72,0.413,4.48,-20.0
2020-06-21 02:32:09,73,0.47,4.51,19.5
2020-06-21 02:32:09,74,0.44,4.49,-20.0
2020-06-21 02:32:09,75,0.424,4.46,-20.0
2020-06-21 02:32:09,76,0.343,4.44,-20.0
2020-06-21 02:32:09,77,0.362,4.5,-20.0
2020-06-21 02:32:09,78,0.365,4.47,-20.0
2020-06-21 02:32:09,79,0.39,4.49,-20.0
2020-06-21 02:32:09,80,0.44,4.51,-20.0
2020-06-21 02:32:09,81,0.393,4.51,-20.0
2020-06-21 02:32:09,82,0.352,4.51,-20.0
2020-06-21 02:32:09,83,0.363,4.5,-20.0
2020-06-21 02:32:09,84,0.407,4.49,-20.0
2020-06-21 02:32:09,85,0.384,4.48,20.3
2020-06-21 02:32:09,86,0.376,4.47,-20.0
2020-06-21 02:32:09,87,0.339,4.46,-20.0
2020-06-21 02:32:09,88,0.388,4.48,-20.0
2020-06-21 02:32:09,89,0.366,4.5,-20.0
2020-06-21 02:32:09,90,0.391,4.47,-20.0
2020-06-21 02:32:09,91,0.359,4.48,-20.0
2020-06-21 02:32:09,92,0.372,4.5,-20.0
2020-06-21 02:32:09,93,0.486,4.49,-20.0
2020-06-21 02:32:09,94,0.468,4.46,-20.0
2020-06-21 02:32:09,95,0.426,4.46,-20.0
2020-06-21 02:32:09,96,0.424,4.49,-20.0
2020-06-21 14:31:45,1,0.431,4.51,22.6
2020-06-21 14:31:45,2,0.441,4.5,-20.0
2020-06-21 14:31:45,3,0.415,4.52,-20.0
2020-06-21 14:31:45,4,0.444,4.46,-20.0
2020-06-21 14:31:45,5,0.436,4.51,-20.0
2020-06-21 14:31:45,6,0.367,4.48,-20.0
2020-06-21 14:31:45,7,0.396,4.48,-20.0
2020-06-21 14:31:45,8,0.378,4.49,-20.0
2020-06-21 14:31:45,9,0.416,4.47,-20.0
2020-06-21 14:31:45,10,0.395,4.49,-20.0
2020-06-21 14:31:45,11,0.4,4.44,-20.0
2020-06-21 14:31:45,12,0.362,4.46,-20.0
2020-06-21 14:31:45,13,0.397,4.46,21.6
2020-06-21 14:31:45,14,0.353,4.47,-20.0
2020-06-21 14:31:45,15,0.401,4.51,-20.0
2020-06-21 14:31:45,16,0.423,4.51,-20.0
2020-06-21 14:31:45,17,0.392,4.48,-20.0
2020-06-21 14:31:45,18,0.394,4.49,-20.0
2020-06-21 14:31:45,19,0.393,4.46,-20.0
2020-06-21 14:31:45,20,0.4,4.47,-20.0
2020-06-21 14:31:45,21,0.433,4.47,-20.0
2020-06-21 14:31:45,22,0.403,4.46,-20.0
2020-06-21 14:31:45,23,0.39,4.47,-20.0
2020-06-21 14:31:45,24,0.387,4.48,-20.0
2020-06-21 14:31:45,25,0.341,4.49,19.3
2020-06-21 14:31:45,26,0.399,4.5,-20.0
2020-06-21 14:31:45,27,0.449,4.47,-20.0
2020-06-21 14:31:45,28,0.433,4.47,-20.0
2020-06-21 14:31:45,29,0.414,4.46,-20.0
2020-06-21 14:31:45,30,0.325,4.47,-20.0
2020-06-21 14:31:45,31,0.324,4.46,-20.0
2020-06-21 14:31:45,32,0.344,4.47,-20.0
2020-06-21 14:31:45,33,0.421,4.47,-20.0
2020-06-21 14:31:45,34,0.371,4.49,-20.0
2020-06-21 14:31:45,35,0.352,4.48,-20.0
2020-06-21 14:31:45,36,0.33,4.5,-20.0
2020-06-21 14:31:45,37,0.41,4.48,19.7
2020-06-21 14:31:45,38,0.379,4.48,-20.0
2020-06-21 14:31:45,39,0.329,4.47,-20.0
2020-06-21 14:31:45,40,0.333,4.47,-20.0
2020-06-21 14:31:45,41,0.372,4.5,-20.0
2020-06-21 14:31:45,42,0.344,4.49,-20.0
2020-06-21 14:31:45,43,0.383,4.47,-20.0
2020-06-21 14:31:45,44,0.392,4.49,-20.0
2020-06-21 14:31:45,45,0.308,4.49,-20.0
2020-06-21 14:31:45,46,0.395,4.49,-20.0
2020-06-21 14:31:45,47,0.403,4.48,-20.0
2020-06-21 14:31:45,48,0.457,4.48,-20.0
2020-06-21 14:31:45,49,0.477,4.46,21.8
2020-06-21 14:31:45,50,0.446,4.47,-20.0
2020-06-21 14:31:45,51,0.377,4.47,-20.0
2020-06-21 14:31:45,52,0.406,4.46,-20.0
2020-06-21 14:31:45,53,0.346,4.44,-20.0
2020-06-21 14:31:45,54,0.388,4.46,-20.0
2020-06-21 14:31:45,55,0.363,4.43,-20.0
2020-06-21 14:31:45,56,0.335,4.42,-20.0
2020-06-21 14:31:45,57,0.397,4.42,-20.0
2020-06-21 14:31:45,58,0.388,4.42,-20.0
2020-06-21 14:31:45,59,0.402,4.44,-20.0
2020-06-21 14:31:45,60,0.372,4.45,-20.0
2020-06-21 14:31:45,61,0.367,4.49,19.1
2020-06-21 14:31:45,62,0.333,4.49,-20.0
2020-06-21 14:31:45,63,0.408,4.47,-20.0
2020-06-21 14:31:45,64,0.406,4.45,-20.0
2020-06-21 14:31:45,65,0.358,4.44,-20.0
2020-06-21 14:31:45,66,0.388,4.45,-20.0
2020-06-21 14:31:45,67,0.341,4.43,-20.0
2020-06-21 14:31:45,68,0.404,4.46,-20.0
2020-06-21 14:31:45,69,0.414,4.45,-20.0
2020-06-21 14:31:45,70,0.377,4.46,-20.0
2020-06-21 14:31:45,71,0.321,4.48,-20.0
2020-06-21 14:31:45,72,0.411,4.48,-20.0
2020-06-21 14:31:45,73,0.472,4.51,19.5
2020-06-21 14:31:45,74,0.44,4.49,-20.0
2020-06-21 14:31:45,75,0.424,4.46,-20.0
2020-06-21 14:31:45,76,0.343,4.44,-20.0
2020-06-21 14:31:45,77,0.359,4.5,-20.0
2020-06-21 14:31:45,78,0.358,4.46,-20.0
2020-06-21 14:31:45,79,0.389,4.49,-20.0
2020-06-21 14:31:45,80,0.44,4.5,-20.0
2020-06-21 14:31:45,81,0.395,4.51,-20.0
2020-06-21 14:31:45,82,0.353,4.51,-20.0
2020-06-21 14:31:45,83,0.362,4.5,-20.0
2020-06-21 14:31:45,84,0.408,4.48,-20.0
2020-06-21 14:31:45,85,0.38,4.48,20.4
2020-06-21 14:31:45,86,0.377,4.47,-20.0
2020-06-21 14:31:45,87,0.344,4.46,-20.0
2020-06-21 14:31:45,88,0.39,4.48,-20.0
2020-06-21 14:31:45,89,0.371,4.5,-20.0
2020-06-21 14:31:45,90,0.396,4.47,-20.0
2020-06-21 14:31:45,91,0.361,4.47,-20.0
2020-06-21 14:31:45,92,0.372,4.5,-20.0
2020-06-21 14:31:45,93,0.489,4.49,-20.0
2020-06-21 14:31:45,94,0.472,4.46,-20.0
2020-06-21 14:31:45,95,0.427,4.46,-20.0
2020-06-21 14:31:45,96,0.423,4.49,-20.0
2020-06-22 02:31:14,1,0.43,4.51,22.6
2020-06-22 02:31:14,2,0.441,4.51,-20.0
2020-06-22 02:31:14,3,0.414,4.51,-20.0
2020-06-22 02:31:14,4,0.443,4.47,-20.0
2020-06-22 02:31:14,5,0.437,4.5,-20.0
2020-06-22 02:31:14,6,0.369,4.49,-20.0
2020-06-22 02:31:14,7,0.397,4.47,-20.0
2020-06-22 02:31:14,8,0.377,4.49,-20.0
2020-06-22 02:31:14,9,0.416,4.46,-20.0
2020-06-22 02:31:14,10,0.396,4.49,-20.0
2020-06-22 02:31:14,11,0.398,4.45,-20.0
2020-06-22 02:31:14,12,0.362,4.46,-20.0
2020-06-22 02:31:14,13,0.397,4.46,21.6
2020-06-22 02:31:14,14,0.354,4.49,-20.0
2020-06-22 02:31:14,15,0.4,4.51,-20.0
2020-06-22 02:31:14,16,0.425,4.51,-20.0
2020-06-22 02:31:14,17,0.392,4.48,-20.0
2020-06-22 02:31:14,18,0.398,4.48,-20.0
2020-06-22 02:31:14,19,0.395,4.46,-20.0
2020-06-22 02:31:14,20,0.398,4.47,-20.0
2020-06-22 02:31:14,21,0.435,4.47,-20.0
2020-06-22 02:31:14,22,0.404,4.46,-20.0
2020-06-22 02:31:14,23,0.391,4.48,-20.0
2020-06-22 02:31:14,24,0.39,4.49,-20.0
2020-06-22 02:31:14,25,0.341,4.49,19.3
2020-06-22 02:31:14,26,0.401,4.48,-20.0
2020-06-22 02:31:14,27,0.453,4.46,-20.0
2020-06-22 02:31:14,28,0.435,4.47,-20.0
2020-06-22 02:31:14,29,0.415,4.46,-20.0
2020-06-22 02:31:14,30,0.326,4.48,-20.0
2020-06-22 02:31:14,31,0.326,4.45,-20.0
2020-06-22 02:31:14,32,0.348,4.47,-20.0
2020-06-22 02:31:14,33,0.422,4.48,-20.0
2020-06-22 02:31:14,34,0.375,4.49,-20.0
2020-06-22 02:31:14,35,0.352,4.49,-20.0
2020-06-22 02:31:14,36,0.329,4.5,-20.0
2020-06-22 02:31:14,37,0.413,4.47,19.7
2020-06-22 02:31:14,38,0.385,4.49,-20.0
2020-06-22 02:31:14,39,0.329,4.46,-20.0
2020-06-22 02:31:14,40,0.334,4.46,-20.0
2020-06-22 02:31:14,41,0.37,4.51,-20.0
2020-06-22 02:31:14,42,0.343,4.48,-20.0
2020-06-22 02:31:14,43,0.383,4.48,-20.0
2020-06-22 02:31:14,44,0.392,4.49,-20.0
2020-06-22 02:31:14,45,0.306,4.5,-20.0
2020-06-22 02:31:14,46,0.393,4.48,-20.0
2020-06-22 02:31:14,47,0.403,4.5,-20.0
2020-06-22 02:31:14,48,0.439,4.48,-20.0
2020-06-22 02:31:14,49,0.479,4.46,21.8
2020-06-22 02:31:14,50,0.441,4.47,-20.0
2020-06-22 02:31:14,51,0.377,4.46,-20.0
2020-06-22 02:31:14,52,0.406,4.46,-20.0
2020-06-22 02:31:14,53,0.344,4.44,-20.0
2020-06-22 02:31:14,54,0.386,4.46,-20.0
2020-06-22 02:31:14,55,0.362,4.42,-20.0
2020-06-22 02:31:14,56,0.333,4.43,-20.0
2020-06-22 02:31:14,57,0.399,4.42,-20.0
2020-06-22 02:31:14,58,0.389,4.43,-20.0
2020-06-22 02:31:14,59,0.405,4.44,-20.0
2020-06-22 02:31:14,60,0.373,4.45,-20.0
2020-06-22 02:31:14,61,0.368,4.49,19.1
2020-06-22 02:31:14,62,0.333,4.49,-20.0
2020-06-22 02:31:14,63,0.412,4.47,-20.0
2020-06-22 02:31:14,64,0.408,4.45,-20.0
2020-06-22 02:31:14,65,0.359,4.44,-20.0
2020-06-22 02:31:14,66,0.391,4.45,-20.0
2020-06-22 02:31:14,67,0.344,4.42,-20.0
2020-06-22 02:31:14,68,0.405,4.45,-20.0
2020-06-22 02:31:14,69,0.416,4.44,-20.0
2020-06-22 02:31:14,70,0.383,4.46,-20.0
2020-06-22 02:31:14,71,0.322,4.47,-20.0
2020-06-22 02:31:14,72,0.412,4.48,-20.0
2020-06-22 02:31:14,73,0.471,4.5,19.5
2020-06-22 02:31:14,74,0.439,4.49,-20.0
2020-06-22 02:31:14,75,0.427,4.47,-20.0
2020-06-22 02:31:14,76,0.341,4.44,-20.0
2020-06-22 02:31:14,77,0.359,4.5,-20.0
2020-06-22 02:31:14,78,0.359,4.47,-20.0
2020-06-22 02:31:14,79,0.389,4.49,-20.0
2020-06-22 02:31:14,80,0.442,4.5,-20.0
2020-06-22 02:31:14,81,0.396,4.51,-20.0
2020-06-22 02:31:14,82,0.353,4.51,-20.0
2020-06-22 02:31:14,83,0.362,4.5,-20.0
2020-06-22 02:31:14,84,0.407,4.49,-20.0
2020-06-22 02:31:14,85,0.382,4.48,20.3
2020-06-22 02:31:14,86,0.378,4.46,-20.0
2020-06-22 02:31:14,87,0.343,4.46,-20.0
2020-06-22 02:31:14,88,0.391,4.48,-20.0
2020-06-22 02:31:14,89,0.366,4.5,-20.0
2020-06-22 02:31:14,90,0.395,4.47,-20.0
2020-06-22 02:31:14,91,0.36,4.47,-20.0
2020-06-22 02:31:14,92,0.373,4.5,-20.0
2020-06-22 02:31:14,93,0.489,4.49,-20.0
2020-06-22 02:31:14,94,0.471,4.47,-20.0
2020-06-22 02:31:14,95,0.424,4.46,-20.0
2020-06-22 02:31:14,96,0.423,4.49,-20.0
2020-06-22 14:30:44,1,0.43,4.51,22.7
2020-06-22 14:30:44,2,0.44,4.5,-20.0
2020-06-22 14:30:44,3,0.414,4.52,-20.0
2020-06-22 14:30:44,4,0.442,4.47,-20.0
2020-06-22 14:30:44,5,0.434,4.5,-20.0
2020-06-22 14:30:44,6,0.364,4.48,-20.0
2020-06-22 14:30:44,7,0.393,4.47,-20.0
2020-06-22 14:30:44,8,0.374,4.49,-20.0
2020-06-22 14:30:44,9,0.413,4.46,-20.0
2020-06-22 14:30:44,10,0.396,4.49,-20.0
2020-06-22 14:30:44,11,0.396,4.44,-20.0
2020-06-22 14:30:44,12,0.363,4.45,-20.0
2020-06-22 14:30:44,13,0.399,4.47,21.6
2020-06-22 14:30:44,14,0.354,4.49,-20.0
2020-06-22 14:30:44,15,0.4,4.52,-20.0
2020-06-22 14:30:44,16,0.427,4.51,-20.0
2020-06-22 14:30:44,17,0.395,4.48,-20.0
2020-06-22 14:30:44,18,0.394,4.48,-20.0
2020-06-22 14:30:44,19,0.396,4.46,-20.0
2020-06-22 14:30:44,20,0.401,4.48,-20.0
2020-06-22 14:30:44,21,0.437,4.47,-20.0
2020-06-22 14:30:44,22,0.405,4.46,-20.0
2020-06-22 14:30:44,23,0.392,4.47,-20.0
2020-06-22 14:30:44,24,0.391,4.49,-20.0
2020-06-22 14:30:44,25,0.344,4.5,19.3
2020-06-22 14:30:44,26,0.402,4.49,-20.0
2020-06-22 14:30:44,27,0.453,4.46,-20.0
2020-06-22 14:30:44,28,0.435,4.46,-20.0
2020-06-22 14:30:44,29,0.416,4.47,-20.0
2020-06-22 14:30:44,30,0.327,4.47,-20.0
2020-06-22 14:30:44,31,0.326,4.46,-20.0
2020-06-22 14:30:44,32,0.349,4.47,-20.0
2020-06-22 14:30:44,33,0.423,4.47,-20.0
2020-06-22 14:30:44,34,0.375,4.48,-20.0
2020-06-22 14:30:44,35,0.349,4.48,-20.0
2020-06-22 14:30:44,36,0.33,4.51,-20.0
2020-06-22 14:30:44,37,0.41,4.48,19.7
2020-06-22 14:30:44,38,0.388,4.48,-20.0
2020-06-22 14:30:44,39,0.327,4.46,-20.0
2020-06-22 14:30:44,40,0.334,4.47,-20.0
2020-06-22 14:30:44,41,0.37,4.5,-20.0
2020-06-22 14:30:44,42,0.344,4.48,-20.0
2020-06-22 14:30:44,43,0.384,4.47,-20.0
2020-06-22 14:30:44,44,0.384,4.49,-20.0
2020-06-22 14:30:44,45,0.308,4.49,-20.0
2020-06-22 14:30:44,46,0.395,4.49,-20.0
2020-06-22 14:30:44,47,0.4,4.48,-20.0
2020-06-22 14:30:44,48,0.441,4.48,-20.0
2020-06-22 14:30:44,49,0.482,4.46,21.8
2020-06-22 14:30:44,50,0.437,4.47,-20.0
2020-06-22 14:30:44,51,0.378,4.46,-20.0
2020-06-22 14:30:44,52,0.405,4.46,-20.0
2020-06-22 14:30:44,53,0.343,4.45,-20.0
2020-06-22 14:30:44,54,0.386,4.46,-20.0
2020-06-22 14:30:44,55,0.364,4.43,-20.0
2020-06-22 14:30:44,56,0.333,4.42,-20.0
2020-06-22 14:30:44,57,0.398,4.42,-20.0
2020-06-22 14:30:44,58,0.388,4.42,-20.0
2020-06-22 14:30:44,59,0.405,4.44,-20.0
2020-06-22 14:30:44,60,0.377,4.45,-20.0
2020-06-22 14:30:44,61,0.368,4.49,19.1
2020-06-22 14:30:44,62,0.334,4.49,-20.0
2020-06-22 14:30:44,63,0.414,4.47,-20.0
2020-06-22 14:30:44,64,0.404,4.46,-20.0
2020-06-22 14:30:44,65,0.344,4.44,-20.0
2020-06-22 14:30:44,66,0.388,4.45,-20.0
2020-06-22 14:30:44,67,0.339,4.42,-20.0
2020-06-22 14:30:44,68,0.39,4.45,-20.0
2020-06-22 14:30:44,69,0.409,4.44,-20.0
2020-06-22 14:30:44,70,0.373,4.46,-20.0
2020-06-22 14:30:44,71,0.321,4.48,-20.0
2020-06-22 14:30:44,72,0.408,4.48,-20.0
2020-06-22 14:30:44,73,0.471,4.51,19.6
2020-06-22 14:30:44,74,0.439,4.49,-20.0
2020-06-22 14:30:44,75,0.426,4.46,-20.0
2020-06-22 14:30:44,76,0.34,4.44,-20.0
2020-06-22 14:30:44,77,0.358,4.5,-20.0
2020-06-22 14:30:44,78,0.361,4.47,-20.0
2020-06-22 14:30:44,79,0.391,4.49,-20.0
2020-06-22 14:30:44,80,0.441,4.5,-20.0
2020-06-22 14:30:44,81,0.395,4.51,-20.0
2020-06-22 14:30:44,82,0.351,4.51,-20.0
2020-06-22 14:30:44,83,0.361,4.49,-20.0
2020-06-22 14:30:44,84,0.408,4.49,-20.0
2020-06-22 14:30:44,85,0.383,4.48,20.5
2020-06-22 14:30:44,86,0.377,4.46,-20.0
2020-06-22 14:30:44,87,0.342,4.46,-20.0
2020-06-22 14:30:44,88,0.393,4.47,-20.0
2020-06-22 14:30:44,89,0.366,4.5,-20.0
2020-06-22 14:30:44,90,0.397,4.47,-20.0
2020-06-22 14:30:44,91,0.361,4.48,-20.0
2020-06-22 14:30:44,92,0.369,4.49,-20.0
2020-06-22 14:30:44,93,0.491,4.49,-20.0
2020-06-22 14:30:44,94,0.468,4.46,-20.0
2020-06-22 14:30:44,95,0.426,4.45,-20.0
2020-06-22 14:30:44,96,0.424,4.49,-20.0
2020-06-23 02:30:14,1,0.429,4.51,22.7
2020-06-23 02:30:14,2,0.441,4.51,-20.0
2020-06-23 02:30:14,3,0.415,4.52,-20.0
2020-06-23 02:30:14,4,0.443,4.47,-20.0
2020-06-23 02:30:14,5,0.434,4.5,-20.0
2020-06-23 02:30:14,6,0.365,4.48,-20.0
2020-06-23 02:30:14,7,0.393,4.47,-20.0
2020-06-23 02:30:14,8,0.377,4.49,-20.0
2020-06-23 02:30:14,9,0.414,4.48,-20.0
2020-06-23 02:30:14,10,0.397,4.49,-20.0
2020-06-23 02:30:14,11,0.395,4.45,-20.0
2020-06-23 02:30:14,12,0.366,4.46,-20.0
2020-06-23 02:30:14,13,0.4,4.46,21.6
2020-06-23 02:30:14,14,0.356,4.47,-20.0
2020-06-23 02:30:14,15,0.4,4.51,-20.0
2020-06-23 02:30:14,16,0.428,4.51,-20.0
2020-06-23 02:30:14,17,0.398,4.48,-20.0
2020-06-23 02:30:14,18,0.397,4.48,-20.0
2020-06-23 02:30:14,19,0.398,4.47,-20.0
2020-06-23 02:30:14,20,0.401,4.47,-20.0
2020-06-23 02:30:14,21,0.437,4.47,-20.0
2020-06-23 02:30:14,22,0.404,4.46,-20.0
2020-06-23 02:30:14,23,0.395,4.47,-20.0
2020-06-23 02:30:14,24,0.395,4.49,-20.0
2020-06-23 02:30:14,25,0.347,4.5,19.3
2020-06-23 02:30:14,26,0.405,4.48,-20.0
2020-06-23 02:30:14,27,0.458,4.46,-20.0
2020-06-23 02:30:14,28,0.437,4.46,-20.0
2020-06-23 02:30:14,29,0.419,4.47,-20.0
2020-06-23 02:30:14,30,0.329,4.48,-20.0
2020-06-23 02:30:14,31,0.326,4.46,-20.0
2020-06-23 02:30:14,32,0.35,4.47,-20.0
2020-06-23 02:30:14,33,0.425,4.47,-20.0
2020-06-23 02:30:14,34,0.377,4.48,-20.0
2020-06-23 02:30:14,35,0.349,4.47,-20.0
2020-06-23 02:30:14,36,0.329,4.5,-20.0
2020-06-23 02:30:14,37,0.411,4.47,19.7
2020-06-23 02:30:14,38,0.37,4.48,-20.0
2020-06-23 02:30:14,39,0.314,4.46,-20.0
2020-06-23 02:30:14,40,0.333,4.46,-20.0
2020-06-23 02:30:14,41,0.368,4.5,-20.0
2020-06-23 02:30:14,42,0.332,4.48,-20.0
2020-06-23 02:30:14,43,0.372,4.48,-20.0
2020-06-23 02:30:14,44,0.368,4.49,-20.0
2020-06-23 02:30:14,45,0.307,4.49,-20.0
2020-06-23 02:30:14,46,0.398,4.48,-20.0
2020-06-23 02:30:14,47,0.402,4.48,-20.0
2020-06-23 02:30:14,48,0.444,4.48,-20.0
2020-06-23 02:30:14,49,0.482,4.46,21.8
2020-06-23 02:30:14,50,0.439,4.47,-20.0
2020-06-23 02:30:14,51,0.375,4.47,-20.0
2020-06-23 02:30:14,52,0.404,4.46,-20.0
2020-06-23 02:30:14,53,0.345,4.44,-20.0
2020-06-23 02:30:14,54,0.384,4.46,-20.0
2020-06-23 02:30:14,55,0.362,4.43,-20.0
2020-06-23 02:30:14,56,0.335,4.42,-20.0
2020-06-23 02:30:14,57,0.399,4.42,-20.0
2020-06-23 02:30:14,58,0.388,4.42,-20.0
2020-06-23 02:30:14,59,0.404,4.44,-20.0
2020-06-23 02:30:14,60,0.378,4.46,-20.0
2020-06-23 02:30:14,61,0.365,4.49,19.1
2020-06-23 02:30:14,62,0.334,4.49,-20.0
2020-06-23 02:30:14,63,0.414,4.47,-20.0
2020-06-23 02:30:14,64,0.405,4.45,-20.0
2020-06-23 02:30:14,65,0.349,4.44,-20.0
2020-06-23 02:30:14,66,0.388,4.45,-20.0
2020-06-23 02:30:14,67,0.339,4.42,-20.0
2020-06-23 02:30:14,68,0.393,4.45,-20.0
2020-06-23 02:30:14,69,0.409,4.44,-20.0
2020-06-23 02:30:14,70,0.375,4.46,-20.0
2020-06-23 02:30:14,71,0.322,4.48,-20.0
2020-06-23 02:30:14,72,0.407,4.48,-20.0
2020-06-23 02:30:14,73,0.473,4.51,19.6
2020-06-23 02:30:14,74,0.437,4.5,-20.0
2020-06-23 02:30:14,75,0.426,4.46,-20.0
2020-06-23 02:30:14,76,0.341,4.44,-20.0
2020-06-23 02:30:14,77,0.36,4.49,-20.0
2020-06-23 02:30:14,78,0.366,4.46,-20.0
2020-06-23 02:30:14,79,0.393,4.5,-20.0
2020-06-23 02:30:14,80,0.443,4.51,-20.0
2020-06-23 02:30:14,81,0.395,4.51,-20.0
2020-06-23 02:30:14,82,0.349,4.51,-20.0
2020-06-23 02:30:14,83,0.362,4.5,-20.0
2020-06-23 02:30:14,84,0.408,4.48,-20.0
2020-06-23 02:30:14,85,0.383,4.48,20.4
2020-06-23 02:30:14,86,0.376,4.46,-20.0
2020-06-23 02:30:14,87,0.344,4.46,-20.0
2020-06-23 02:30:14,88,0.392,4.47,-20.0
2020-06-23 02:30:14,89,0.368,4.5,-20.0
2020-06-23 02:30:14,90,0.4,4.47,-20.0
2020-06-23 02:30:14,91,0.359,4.48,-20.0
2020-06-23 02:30:14,92,0.37,4.5,-20.0
2020-06-23 02:30:14,93,0.489,4.49,-20.0
2020-06-23 02:30:14,94,0.469,4.47,-20.0
2020-06-23 02:30:14,95,0.424,4.46,-20.0
2020-06-23 02:30:14,96,0.427,4.48,-20.0
2020-06-23 14:29:57,1,0.43,4.51,22.7
2020-06-23 14:29:57,2,0.442,4.51,-20.0
2020-06-23 14:29:57,3,0.413,4.52,-20.0
2020-06-23 14:29:57,4,0.442,4.48,-20.0
2020-06-23 14:29:57,5,0.434,4.5,-20.0
2020-06-23 14:29:57,6,0.367,4.48,-20.0
2020-06-23 14:29:57,7,0.393,4.48,-20.0
2020-06-23 14:29:57,8,0.377,4.5,-20.0
2020-06-23 14:29:57,9,0.413,4.46,-20.0
2020-06-23 14:29:57,10,0.396,4.49,-20.0
2020-06-23 14:29:57,11,0.395,4.44,-20.0
2020-06-23 14:29:57,12,0.366,4.45,-20.0
2020-06-23 14:29:57,13,0.4,4.47,21.7
2020-06-23 14:29:57,14,0.357,4.49,-20.0
2020-06-23 14:29:57,15,0.4,4.52,-20.0
2020-06-23 14:29:57,16,0.43,4.52,-20.0
2020-06-23 14:29:57,17,0.398,4.48,-20.0
2020-06-23 14:29:57,18,0.396,4.49,-20.0
2020-06-23 14:29:57,19,0.4,4.45,-20.0
2020-06-23 14:29:57,20,0.401,4.47,-20.0
2020-06-23 14:29:57,21,0.43,4.47,-20.0
2020-06-23 14:29:57,22,0.403,4.46,-20.0
2020-06-23 14:29:57,23,0.391,4.47,-20.0
2020-06-23 14:29:57,24,0.396,4.49,-20.0
2020-06-23 14:29:57,25,0.344,4.49,19.4
2020-06-23 14:29:57,26,0.404,4.48,-20.0
2020-06-23 14:29:57,27,0.457,4.47,-20.0
2020-06-23 14:29:57,28,0.439,4.47,-20.0
2020-06-23 14:29:57,29,0.422,4.45,-20.0
2020-06-23 14:29:57,30,0.331,4.48,-20.0
2020-06-23 14:29:57,31,0.328,4.47,-20.0
2020-06-23 14:29:57,32,0.35,4.47,-20.0
2020-06-23 14:29:57,33,0.424,4.48,-20.0
2020-06-23 14:29:57,34,0.377,4.48,-20.0
2020-06-23 14:29:57,35,0.35,4.48,-20.0
2020-06-23 14:29:57,36,0.329,4.5,-20.0
2020-06-23 14:29:57,37,0.41,4.47,19.8
2020-06-23 14:29:57,38,0.375,4.48,-20.0
2020-06-23 14:29:57,39,0.319,4.47,-20.0
2020-06-23 14:29:57,40,0.333,4.46,-20.0
2020-06-23 14:29:57,41,0.368,4.5,-20.0
2020-06-23 14:29:57,42,0.34,4.48,-20.0
2020-06-23 14:29:57,43,0.377,4.47,-20.0
2020-06-23 14:29:57,44,0.376,4.49,-20.0
2020-06-23 14:29:57,45,0.304,4.49,-20.0
2020-06-23 14:29:57,46,0.398,4.48,-20.0
2020-06-23 14:29:57,47,0.405,4.48,-20.0
2020-06-23 14:29:57,48,0.444,4.48,-20.0
2020-06-23 14:29:57,49,0.485,4.46,21.8
2020-06-23 14:29:57,50,0.44,4.47,-20.0
2020-06-23 14:29:57,51,0.376,4.47,-20.0
2020-06-23 14:29:57,52,0.404,4.46,-20.0
2020-06-23 14:29:57,53,0.344,4.45,-20.0
2020-06-23 14:29:57,54,0.383,4.46,-20.0
2020-06-23 14:29:57,55,0.347,4.43,-20.0
2020-06-23 14:29:57,56,0.332,4.42,-20.0
2020-06-23 14:29:57,57,0.398,4.42,-20.0
2020-06-23 14:29:57,58,0.378,4.42,-20.0
2020-06-23 14:29:57,59,0.389,4.44,-20.0
2020-06-23 14:29:57,60,0.361,4.45,-20.0
2020-06-23 14:29:57,61,0.363,4.49,19.2
2020-06-23 14:29:57,62,0.333,4.5,-20.0
2020-06-23 14:29:57,63,0.399,4.47,-20.0
2020-06-23 14:29:57,64,0.405,4.45,-20.0
2020-06-23 14:29:57,65,0.353,4.44,-20.0
2020-06-23 14:29:57,66,0.387,4.45,-20.0
2020-06-23 14:29:57,67,0.341,4.42,-20.0
2020-06-23 14:29:57,68,0.396,4.45,-20.0
2020-06-23 14:29:57,69,0.41,4.44,-20.0
2020-06-23 14:29:57,70,0.376,4.47,-20.0
2020-06-23 14:29:57,71,0.324,4.48,-20.0
2020-06-23 14:29:57,72,0.41,4.49,-20.0
2020-06-23 14:29:57,73,0.472,4.51,19.6
2020-06-23 14:29:57,74,0.436,4.49,-20.0
2020-06-23 14:29:57,75,0.428,4.46,-20.0
2020-06-23 14:29:57,76,0.344,4.44,-20.0
2020-06-23 14:29:57,77,0.36,4.49,-20.0
2020-06-23 14:29:57,78,0.37,4.47,-20.0
2020-06-23 14:29:57,79,0.396,4.49,-20.0
2020-06-23 14:29:57,80,0.447,4.51,-20.0
2020-06-23 14:29:57,81,0.397,4.51,-20.0
2020-06-23 14:29:57,82,0.351,4.51,-20.0
2020-06-23 14:29:57,83,0.363,4.49,-20.0
2020-06-23 14:29:57,84,0.408,4.48,-20.0
2020-06-23 14:29:57,85,0.381,4.48,20.4
2020-06-23 14:29:57,86,0.377,4.46,-20.0
2020-06-23 14:29:57,87,0.346,4.46,-20.0
2020-06-23 14:29:57,88,0.39,4.47,-20.0
2020-06-23 14:29:57,89,0.365,4.5,-20.0
2020-06-23 14:29:57,90,0.398,4.47,-20.0
2020-06-23 14:29:57,91,0.361,4.48,-20.0
2020-06-23 14:29:57,92,0.371,4.51,-20.0
2020-06-23 14:29:57,93,0.489,4.49,-20.0
2020-06-23 14:29:57,94,0.469,4.47,-20.0
2020-06-23 14:29:57,95,0.426,4.45,-20.0
2020-06-23 14:29:57,96,0.429,4.48,-20.0
2020-06-23 17:35:24,1,0.434,4.52,22.7
2020-06-23 17:35:24,49,0.483,4.47,21.8
2020-06-24 10:01:49,1,0.44,4.5,22.7
2020-06-24 10:01:49,2,0.444,4.51,-20.0
2020-06-24 10:01:49,3,0.416,4.51,-20.0
2020-06-24 10:01:49,4,0.443,4.47,-20.0
2020-06-24 10:01:49,5,0.437,4.5,-20.0
2020-06-24 10:01:49,6,0.369,4.5,-20.0
2020-06-24 10:01:49,7,0.398,4.48,-20.0
2020-06-24 10:01:49,8,0.38,4.5,-20.0
2020-06-24 10:01:49,9,0.419,4.47,-20.0
2020-06-24 10:01:49,10,0.389,4.49,-20.0
2020-06-24 10:01:49,11,0.392,4.44,-20.0
2020-06-24 10:01:49,12,0.367,4.46,-20.0
2020-06-24 10:01:49,13,0.398,4.47,21.8
2020-06-24 10:01:49,14,0.36,4.47,-20.0
2020-06-24 10:01:49,15,0.409,4.53,-20.0
2020-06-24 10:01:49,16,0.422,4.52,-20.0
2020-06-24 10:01:49,17,0.402,4.48,-20.0
2020-06-24 10:01:49,18,0.402,4.49,-20.0
2020-06-24 10:01:49,19,0.397,4.46,-20.0
2020-06-24 10:01:49,20,0.397,4.48,-20.0
2020-06-24 10:01:49,21,0.431,4.48,-20.0
2020-06-24 10:01:49,22,0.414,4.46,-20.0
2020-06-24 10:01:49,23,0.364,4.48,-20.0
2020-06-24 10:01:49,24,0.365,4.49,-20.0
2020-06-24 10:01:49,25,0.347,4.5,19.4
2020-06-24 10:01:49,26,0.395,4.48,-20.0
2020-06-24 10:01:49,27,0.462,4.46,-20.0
2020-06-24 10:01:49,28,0.444,4.47,-20.0
2020-06-24 10:01:49,29,0.42,4.46,-20.0
2020-06-24 10:01:49,30,0.333,4.48,-20.0
2020-06-24 10:01:49,31,0.337,4.46,-20.0
2020-06-24 10:01:49,32,0.354,4.47,-20.0
2020-06-24 10:01:49,33,0.425,4.48,-20.0
2020-06-24 10:01:49,34,0.377,4.48,-20.0
2020-06-24 10:01:49,35,0.353,4.48,-20.0
2020-06-24 10:01:49,36,0.329,4.5,-20.0
2020-06-24 10:01:49,37,0.417,4.48,19.8
2020-06-24 10:01:49,38,0.389,4.48,-20.0
2020-06-24 10:01:49,39,0.326,4.47,-20.0
2020-06-24 10:01:49,40,0.334,4.47,-20.0
2020-06-24 10:01:49,41,0.383,4.5,-20.0
2020-06-24 10:01:49,42,0.345,4.48,-20.0
2020-06-24 10:01:49,43,0.392,4.48,-20.0
2020-06-24 10:01:49,44,0.393,4.48,-20.0
2020-06-24 10:01:49,45,0.304,4.49,-20.0
2020-06-24 10:01:49,46,0.397,4.48,-20.0
2020-06-24 10:01:49,47,0.417,4.47,-20.0
2020-06-24 10:01:49,48,0.456,4.48,-20.0
2020-06-24 10:01:49,49,0.484,4.46,21.9
2020-06-24 10:01:49,50,0.453,4.47,-20.0
2020-06-24 10:01:49,51,0.385,4.47,-20.0
2020-06-24 10:01:49,52,0.407,4.46,-20.0
2020-06-24 10:01:49,53,0.342,4.45,-20.0
2020-06-24 10:01:49,54,0.386,4.46,-20.0
2020-06-24 10:01:49,55,0.36,4.43,-20.0
2020-06-24 10:01:49,56,0.336,4.43,-20.0
2020-06-24 10:01:49,57,0.397,4.42,-20.0
2020-06-24 10:01:49,58,0.393,4.42,-20.0
2020-06-24 10:01:49,59,0.404,4.44,-20.0
2020-06-24 10:01:49,60,0.372,4.46,-20.0
2020-06-24 10:01:49,61,0.367,4.5,19.2
2020-06-24 10:01:49,62,0.331,4.49,-20.0
2020-06-24 10:01:49,63,0.407,4.48,-20.0
2020-06-24 10:01:49,64,0.411,4.45,-20.0
2020-06-24 10:01:49,65,0.362,4.45,-20.0
2020-06-24 10:01:49,66,0.394,4.45,-20.0
2020-06-24 10:01:49,67,0.34,4.42,-20.0
2020-06-24 10:01:49,68,0.404,4.46,-20.0
2020-06-24 10:01:49,69,0.42,4.44,-20.0
2020-06-24 10:01:49,70,0.38,4.46,-20.0
2020-06-24 10:01:49,71,0.323,4.48,-20.0
2020-06-24 10:01:49,72,0.418,4.48,-20.0
2020-06-24 10:01:49,73,0.471,4.51,19.6
2020-06-24 10:01:49,74,0.436,4.49,-20.0
2020-06-24 10:01:49,75,0.426,4.46,-20.0
2020-06-24 10:01:49,76,0.342,4.44,-20.0
2020-06-24 10:01:49,77,0.365,4.49,-20.0
2020-06-24 10:01:49,78,0.368,4.47,-20.0
2020-06-24 10:01:49,79,0.377,4.5,-20.0
2020-06-24 10:01:49,80,0.441,4.5,-20.0
2020-06-24 10:01:49,81,0.391,4.51,-20.0
2020-06-24 10:01:49,82,0.341,4.52,-20.0
2020-06-24 10:01:49,83,0.355,4.5,-20.0
2020-06-24 10:01:49,84,0.409,4.49,-20.0
2020-06-24 10:01:49,85,0.384,4.49,20.5
2020-06-24 10:01:49,86,0.377,4.47,-20.0
2020-06-24 10:01:49,87,0.343,4.46,-20.0
2020-06-24 10:01:49,88,0.383,4.47,-20.0
2020-06-24 10:01:49,89,0.372,4.5,-20.0
2020-06-24 10:01:49,90,0.398,4.47,-20.0
2020-06-24 10:01:49,91,0.364,4.48,-20.0
2020-06-24 10:01:49,92,0.367,4.5,-20.0
2020-06-24 10:01:49,93,0.491,4.49,-20.0
2020-06-24 10:01:49,94,0.471,4.47,-20.0
2020-06-24 10:01:49,95,0.433,4.45,-20.0
2020-06-24 10:01:49,96,0.433,4.48,-20.0
2020-06-24 10:43:17,1,0.442,4.5,22.8
2020-06-24 10:43:17,2,0.46,4.51,-20.0
2020-06-24 10:43:17,3,0.418,4.53,-20.0
2020-06-24 10:43:17,4,0.446,4.47,-20.0
2020-06-24 10:43:17,5,0.437,4.51,-20.0
2020-06-24 10:43:17,6,0.361,4.48,-20.0
2020-06-24 10:43:17,7,0.375,4.49,-20.0
2020-06-24 10:43:17,8,0.38,4.51,-20.0
2020-06-24 10:43:17,9,0.419,4.47,-20.0
2020-06-24 10:43:17,10,0.392,4.5,-20.0
2020-06-24 10:43:17,11,0.404,4.44,-20.0
2020-06-24 10:43:17,12,0.359,4.46,-20.0
2020-06-24 10:43:17,13,0.388,4.46,21.6
2020-06-24 10:43:17,14,0.355,4.48,-20.0
2020-06-24 10:43:17,15,0.408,4.51,-20.0
2020-06-24 10:43:17,16,0.436,4.52,-20.0
2020-06-24 10:43:17,17,0.396,4.48,-20.0
2020-06-24 10:43:17,18,0.398,4.49,-20.0
2020-06-24 10:43:17,19,0.397,4.47,-20.0
2020-06-24 10:43:17,20,0.4,4.48,-20.0
2020-06-24 10:43:17,21,0.433,4.47,-20.0
2020-06-24 10:43:17,22,0.406,4.46,-20.0
2020-06-24 10:43:17,23,0.398,4.47,-20.0
2020-06-24 10:43:17,24,0.404,4.49,-20.0
2020-06-24 10:43:17,25,0.358,4.5,19.4
2020-06-24 10:43:17,26,0.415,4.49,-20.0
2020-06-24 10:43:17,27,0.417,4.46,-20.0
2020-06-24 10:43:17,28,0.406,4.47,-20.0
2020-06-24 10:43:17,29,0.357,4.46,-20.0
2020-06-24 10:43:17,30,0.309,4.47,-20.0
2020-06-24 10:43:17,31,0.326,4.46,-20.0
2020-06-24 10:43:17,32,0.351,4.47,-20.0
2020-06-24 10:43:17,33,0.428,4.47,-20.0
2020-06-24 10:43:17,34,0.376,4.49,-20.0
2020-06-24 10:43:17,35,0.361,4.48,-20.0
2020-06-24 10:43:17,36,0.331,4.5,-20.0
2020-06-24 10:43:17,37,0.422,4.47,19.8
2020-06-24 10:43:17,38,0.39,4.48,-20.0
2020-06-24 10:43:17,39,0.334,4.48,-20.0
2020-06-24 10:43:17,40,0.341,4.47,-20.0
2020-06-24 10:43:17,41,0.371,4.5,-20.0
2020-06-24 10:43:17,42,0.344,4.48,-20.0
2020-06-24 10:43:17,43,0.394,4.48,-20.0
2020-06-24 10:43:17,44,0.396,4.49,-20.0
2020-06-24 10:43:17,45,0.308,4.5,-20.0
2020-06-24 10:43:17,46,0.39,4.49,-20.0
2020-06-24 10:43:17,47,0.423,4.47,-20.0
2020-06-24 10:43:17,48,0.465,4.47,-20.0
2020-06-24 10:43:17,49,0.457,4.46,21.8
2020-06-24 10:43:17,50,0.454,4.47,-20.0
2020-06-24 10:43:17,51,0.374,4.47,-20.0
2020-06-24 10:43:17,52,0.402,4.46,-20.0
2020-06-24 10:43:17,53,0.337,4.45,-20.0
2020-06-24 10:43:17,54,0.376,4.46,-20.0
2020-06-24 10:43:17,55,0.359,4.43,-20.0
2020-06-24 10:43:17,56,0.33,4.43,-20.0
2020-06-24 10:43:17,57,0.396,4.42,-20.0
2020-06-24 10:43:17,58,0.392,4.42,-20.0
2020-06-24 10:43:17,59,0.413,4.44,-20.0
2020-06-24 10:43:17,60,0.404,4.46,-20.0
2020-06-24 10:43:17,61,0.371,4.49,19.0
2020-06-24 10:43:17,62,0.334,4.49,-20.0
2020-06-24 10:43:17,63,0.417,4.48,-20.0
2020-06-24 10:43:17,64,0.415,4.46,-20.0
2020-06-24 10:43:17,65,0.368,4.45,-20.0
2020-06-24 10:43:17,66,0.391,4.45,-20.0
2020-06-24 10:43:17,67,0.333,4.42,-20.0
2020-06-24 10:43:17,68,0.407,4.45,-20.0
2020-06-24 10:43:17,69,0.41,4.45,-20.0
2020-06-24 10:43:17,70,0.376,4.47,-20.0
2020-06-24 10:43:17,71,0.325,4.47,-20.0
2020-06-24 10:43:17,72,0.408,4.49,-20.0
2020-06-24 10:43:17,73,0.475,4.51,19.6
2020-06-24 10:43:17,74,0.439,4.5,-20.0
2020-06-24 10:43:17,75,0.436,4.47,-20.0
2020-06-24 10:43:17,76,0.346,4.44,-20.0
2020-06-24 10:43:17,77,0.365,4.5,-20.0
2020-06-24 10:43:17,78,0.363,4.47,-20.0
2020-06-24 10:43:17,79,0.392,4.49,-20.0
2020-06-24 10:43:17,80,0.438,4.51,-20.0
2020-06-24 10:43:17,81,0.396,4.51,-20.0
2020-06-24 10:43:17,82,0.332,4.5,-20.0
2020-06-24 10:43:17,83,0.354,4.5,-20.0
2020-06-24 10:43:17,84,0.397,4.49,-20.0
2020-06-24 10:43:17,85,0.365,4.49,20.5
2020-06-24 10:43:17,86,0.373,4.46,-20.0
2020-06-24 10:43:17,87,0.339,4.47,-20.0
2020-06-24 10:43:17,88,0.394,4.47,-20.0
2020-06-24 10:43:17,89,0.379,4.5,-20.0
2020-06-24 10:43:17,90,0.404,4.47,-20.0
2020-06-24 10:43:17,91,0.354,4.48,-20.0
2020-06-24 10:43:17,92,0.376,4.5,-20.0
2020-06-24 10:43:17,93,0.489,4.49,-20.0
2020-06-24 10:43:17,94,0.466,4.46,-20.0
2020-06-24 10:43:17,95,0.423,4.46,-20.0
2020-06-24 10:43:17,96,0.43,4.48,-20.0
2020-06-24 16:51:24,1,0.436,4.5,22.8
2020-06-24 16:51:24,2,0.448,4.51,-20.0
2020-06-24 16:51:24,3,0.423,4.53,-20.0
2020-06-24 16:51:24,49,0.483,4.46,21.9
2020-06-24 16:51:24,50,0.443,4.47,-20.0
2020-06-24 16:51:24,51,0.38,4.47,-20.0
2020-06-24 17:00:23,1,0.442,4.5,22.8
2020-06-24 17:00:23,49,0.495,4.46,21.8
2020-06-25 04:59:51,1,0.439,4.51,22.6
2020-06-25 04:59:51,2,0.446,4.51,-20.0
2020-06-25 04:59:51,3,0.42,4.52,-20.0
2020-06-25 04:59:51,4,0.451,4.47,-20.0
2020-06-25 04:59:51,5,0.447,4.5,-20.0
2020-06-25 04:59:51,6,0.37,4.48,-20.0
2020-06-25 04:59:51,7,0.407,4.48,-20.0
2020-06-25 04:59:51,8,0.381,4.5,-20.0
2020-06-25 04:59:51,9,0.416,4.47,-20.0
2020-06-25 04:59:51,10,0.399,4.48,-20.0
2020-06-25 04:59:51,11,0.406,4.45,-20.0
2020-06-25 04:59:51,12,0.375,4.45,-20.0
2020-06-25 04:59:51,13,0.408,4.47,21.7
2020-06-25 04:59:51,14,0.359,4.48,-20.0
2020-06-25 04:59:51,15,0.406,4.51,-20.0
2020-06-25 04:59:51,16,0.426,4.52,-20.0
2020-06-25 04:59:51,17,0.397,4.48,-20.0
2020-06-25 04:59:51,18,0.402,4.49,-20.0
2020-06-25 04:59:51,19,0.403,4.46,-20.0
2020-06-25 04:59:51,20,0.402,4.47,-20.0
2020-06-25 04:59:51,21,0.432,4.47,-20.0
2020-06-25 04:59:51,22,0.406,4.46,-20.0
2020-06-25 04:59:51,23,0.4,4.47,-20.0
2020-06-25 04:59:51,24,0.4,4.49,-20.0
2020-06-25 04:59:51,25,0.351,4.5,19.3
2020-06-25 04:59:51,26,0.412,4.48,-20.0
2020-06-25 04:59:51,27,0.459,4.46,-20.0
2020-06-25 04:59:51,28,0.436,4.47,-20.0
2020-06-25 04:59:51,29,0.428,4.46,-20.0
2020-06-25 04:59:51,30,0.307,4.48,-20.0
2020-06-25 04:59:51,31,0.32,4.46,-20.0
2020-06-25 04:59:51,32,0.289,4.47,-20.0
2020-06-25 04:59:51,33,0.407,4.48,-20.0
2020-06-25 04:59:51,34,0.337,4.48,-20.0
2020-06-25 04:59:51,35,0.345,4.48,-20.0
2020-06-25 04:59:51,36,0.315,4.5,-20.0
2020-06-25 04:59:51,37,0.418,4.47,19.7
2020-06-25 04:59:51,38,0.399,4.48,-20.0
2020-06-25 04:59:51,39,0.333,4.48,-20.0
2020-06-25 04:59:51,40,0.339,4.48,-20.0
2020-06-25 04:59:51,41,0.369,4.5,-20.0
2020-06-25 04:59:51,42,0.357,4.49,-20.0
2020-06-25 04:59:51,43,0.375,4.47,-20.0
2020-06-25 04:59:51,44,0.382,4.49,-20.0
2020-06-25 04:59:51,45,0.306,4.49,-20.0
2020-06-25 04:59:51,46,0.4,4.49,-20.0
2020-06-25 04:59:51,47,0.419,4.48,-20.0
2020-06-25 04:59:51,48,0.474,4.48,-20.0
2020-06-25 04:59:51,49,0.488,4.47,21.8
2020-06-25 04:59:51,50,0.439,4.47,-20.0
2020-06-25 04:59:51,51,0.378,4.46,-20.0
2020-06-25 04:59:51,52,0.399,4.46,-20.0
2020-06-25 04:59:51,53,0.345,4.44,-20.0
2020-06-25 04:59:51,54,0.381,4.46,-20.0
2020-06-25 04:59:51,55,0.352,4.43,-20.0
2020-06-25 04:59:51,56,0.329,4.42,-20.0
2020-06-25 04:59:51,57,0.394,4.42,-20.0
2020-06-25 04:59:51,58,0.394,4.42,-20.0
2020-06-25 04:59:51,59,0.405,4.44,-20.0
2020-06-25 04:59:51,60,0.392,4.45,-20.0
2020-06-25 04:59:51,61,0.359,4.49,19.1
2020-06-25 04:59:51,62,0.336,4.49,-20.0
2020-06-25 04:59:51,63,0.417,4.48,-20.0
2020-06-25 04:59:51,64,0.41,4.45,-20.0
2020-06-25 04:59:51,65,0.359,4.44,-20.0
2020-06-25 04:59:51,66,0.389,4.45,-20.0
2020-06-25 04:59:51,67,0.344,4.42,-20.0
2020-06-25 04:59:51,68,0.415,4.45,-20.0
2020-06-25 04:59:51,69,0.421,4.44,-20.0
2020-06-25 04:59:51,70,0.386,4.46,-20.0
2020-06-25 04:59:51,71,0.328,4.48,-20.0
2020-06-25 04:59:51,72,0.423,4.48,-20.0
2020-06-25 04:59:51,73,0.475,4.51,19.5
2020-06-25 04:59:51,74,0.443,4.5,-20.0
2020-06-25 04:59:51,75,0.429,4.46,-20.0
2020-06-25 04:59:51,76,0.344,4.45,-20.0
2020-06-25 04:59:51,77,0.359,4.5,-20.0
2020-06-25 04:59:51,78,0.37,4.46,-20.0
2020-06-25 04:59:51,79,0.405,4.49,-20.0
2020-06-25 04:59:51,80,0.443,4.51,-20.0
2020-06-25 04:59:51,81,0.397,4.51,-20.0
2020-06-25 04:59:51,82,0.355,4.51,-20.0
2020-06-25 04:59:51,83,0.364,4.51,-20.0
2020-06-25 04:59:51,84,0.41,4.5,-20.0
2020-06-25 04:59:51,85,0.391,4.48,20.3
2020-06-25 04:59:51,86,0.38,4.46,-20.0
2020-06-25 04:59:51,87,0.353,4.45,-20.0
2020-06-25 04:59:51,88,0.389,4.47,-20.0
2020-06-25 04:59:51,89,0.367,4.5,-20.0
2020-06-25 04:59:51,90,0.397,4.47,-20.0
2020-06-25 04:59:51,91,0.36,4.48,-20.0
2020-06-25 04:59:51,92,0.375,4.49,-20.0
2020-06-25 04:59:51,93,0.486,4.49,-20.0
2020-06-25 04:59:51,94,0.47,4.47,-20.0
2020-06-25 04:59:51,95,0.43,4.45,-20.0
2020-06-25 04:59:51,96,0.422,4.49,-20.0
2020-06-25 16:59:25,1,0.437,4.5,22.6
2020-06-25 16:59:25,2,0.447,4.49,-20.0
2020-06-25 16:59:25,3,0.421,4.51,-20.0
2020-06-25 16:59:25,4,0.454,4.47,-20.0
2020-06-25 16:59:25,5,0.444,4.51,-20.0
2020-06-25 16:59:25,6,0.372,4.49,-20.0
2020-06-25 16:59:25,7,0.407,4.46,-20.0
2020-06-25 16:59:25,8,0.382,4.49,-20.0
2020-06-25 16:59:25,9,0.416,4.46,-20.0
2020-06-25 16:59:25,10,0.399,4.49,-20.0
2020-06-25 16:59:25,11,0.404,4.46,-20.0
2020-06-25 16:59:25,12,0.375,4.46,-20.0
2020-06-25 16:59:25,13,0.409,4.47,21.7
2020-06-25 16:59:25,14,0.358,4.47,-20.0
2020-06-25 16:59:25,15,0.405,4.51,-20.0
2020-06-25 16:59:25,16,0.423,4.52,-20.0
2020-06-25 16:59:25,17,0.393,4.48,-20.0
2020-06-25 16:59:25,18,0.403,4.49,-20.0
2020-06-25 16:59:25,19,0.399,4.46,-20.0
2020-06-25 16:59:25,20,0.401,4.47,-20.0
2020-06-25 16:59:25,21,0.435,4.47,-20.0
2020-06-25 16:59:25,22,0.412,4.46,-20.0
2020-06-25 16:59:25,23,0.391,4.47,-20.0
2020-06-25 16:59:25,24,0.394,4.49,-20.0
2020-06-25 16:59:25,25,0.35,4.5,19.3
2020-06-25 16:59:25,26,0.411,4.49,-20.0
2020-06-25 16:59:25,27,0.458,4.47,-20.0
2020-06-25 16:59:25,28,0.439,4.47,-20.0
2020-06-25 16:59:25,29,0.424,4.46,-20.0
2020-06-25 16:59:25,30,0.313,4.48,-20.0
2020-06-25 16:59:25,31,0.32,4.46,-20.0
2020-06-25 16:59:25,32,0.307,4.46,-20.0
2020-06-25 16:59:25,33,0.411,4.48,-20.0
2020-06-25 16:59:25,34,0.346,4.48,-20.0
2020-06-25 16:59:25,35,0.348,4.48,-20.0
2020-06-25 16:59:25,36,0.32,4.5,-20.0
2020-06-25 16:59:25,37,0.418,4.47,19.7
2020-06-25 16:59:25,38,0.394,4.48,-20.0
2020-06-25 16:59:25,39,0.334,4.46,-20.0
2020-06-25 16:59:25,40,0.337,4.46,-20.0
2020-06-25 16:59:25,41,0.368,4.51,-20.0
2020-06-25 16:59:25,42,0.356,4.48,-20.0
2020-06-25 16:59:25,43,0.377,4.47,-20.0
2020-06-25 16:59:25,44,0.383,4.48,-20.0
2020-06-25 16:59:25,45,0.305,4.5,-20.0
2020-06-25 16:59:25,46,0.401,4.49,-20.0
2020-06-25 16:59:25,47,0.419,4.47,-20.0
2020-06-25 16:59:25,48,0.473,4.48,-20.0
2020-06-25 16:59:25,49,0.485,4.46,21.8
2020-06-25 16:59:25,50,0.442,4.47,-20.0
2020-06-25 16:59:25,51,0.378,4.46,-20.0
2020-06-25 16:59:25,52,0.398,4.46,-20.0
2020-06-25 16:59:25,53,0.346,4.44,-20.0
2020-06-25 16:59:25,54,0.381,4.46,-20.0
2020-06-25 16:59:25,55,0.355,4.43,-20.0
2020-06-25 16:59:25,56,0.332,4.42,-20.0
2020-06-25 16:59:25,57,0.395,4.42,-20.0
2020-06-25 16:59:25,58,0.392,4.42,-20.0
2020-06-25 16:59:25,59,0.408,4.44,-20.0
2020-06-25 16:59:25,60,0.395,4.45,-20.0
2020-06-25 16:59:25,61,0.362,4.49,19.1
2020-06-25 16:59:25,62,0.339,4.49,-20.0
2020-06-25 16:59:25,63,0.416,4.47,-20.0
2020-06-25 16:59:25,64,0.41,4.45,-20.0
2020-06-25 16:59:25,65,0.363,4.45,-20.0
2020-06-25 16:59:25,66,0.391,4.45,-20.0
2020-06-25 16:59:25,67,0.344,4.43,-20.0
2020-06-25 16:59:25,68,0.413,4.45,-20.0
2020-06-25 16:59:25,69,0.419,4.45,-20.0
2020-06-25 16:59:25,70,0.387,4.46,-20.0
2020-06-25 16:59:25,71,0.328,4.47,-20.0
2020-06-25 16:59:25,72,0.422,4.47,-20.0
2020-06-25 16:59:25,73,0.476,4.51,19.5
2020-06-25 16:59:25,74,0.441,4.5,-20.0
2020-06-25 16:59:25,75,0.429,4.46,-20.0
2020-06-25 16:59:25,76,0.346,4.44,-20.0
2020-06-25 16:59:25,77,0.357,4.5,-20.0
2020-06-25 16:59:25,78,0.372,4.47,-20.0
2020-06-25 16:59:25,79,0.404,4.5,-20.0
2020-06-25 16:59:25,80,0.443,4.5,-20.0
2020-06-25 16:59:25,81,0.395,4.51,-20.0
2020-06-25 16:59:25,82,0.354,4.51,-20.0
2020-06-25 16:59:25,83,0.365,4.5,-20.0
2020-06-25 16:59:25,84,0.408,4.48,-20.0
2020-06-25 16:59:25,85,0.385,4.48,20.3
2020-06-25 16:59:25,86,0.378,4.46,-20.0
2020-06-25 16:59:25,87,0.351,4.46,-20.0
2020-06-25 16:59:25,88,0.39,4.47,-20.0
2020-06-25 16:59:25,89,0.367,4.5,-20.0
2020-06-25 16:59:25,90,0.389,4.47,-20.0
2020-06-25 16:59:25,91,0.354,4.48,-20.0
2020-06-25 16:59:25,92,0.37,4.5,-20.0
2020-06-25 16:59:25,93,0.483,4.49,-20.0
2020-06-25 16:59:25,94,0.468,4.47,-20.0
2020-06-25 16:59:25,95,0.433,4.46,-20.0
2020-06-25 16:59:25,96,0.426,4.49,-20.0
2020-06-26 04:59:00,1,0.437,4.51,22.6
2020-06-26 04:59:00,2,0.445,4.5,-20.0
2020-06-26 04:59:00,3,0.421,4.51,-20.0
2020-06-26 04:59:00,4,0.451,4.47,-20.0
2020-06-26 04:59:00,5,0.444,4.5,-20.0
2020-06-26 04:59:00,6,0.371,4.49,-20.0
2020-06-26 04:59:00,7,0.408,4.48,-20.0
2020-06-26 04:59:00,8,0.382,4.49,-20.0
2020-06-26 04:59:00,9,0.413,4.47,-20.0
2020-06-26 04:59:00,10,0.4,4.48,-20.0
2020-06-26 04:59:00,11,0.406,4.44,-20.0
2020-06-26 04:59:00,12,0.373,4.45,-20.0
2020-06-26 04:59:00,13,0.407,4.46,21.6
2020-06-26 04:59:00,14,0.359,4.48,-20.0
2020-06-26 04:59:00,15,0.406,4.51,-20.0
2020-06-26 04:59:00,16,0.426,4.53,-20.0
2020-06-26 04:59:00,17,0.396,4.47,-20.0
2020-06-26 04:59:00,18,0.402,4.49,-20.0
2020-06-26 04:59:00,19,0.399,4.46,-20.0
2020-06-26 04:59:00,20,0.402,4.47,-20.0
2020-06-26 04:59:00,21,0.435,4.47,-20.0
2020-06-26 04:59:00,22,0.412,4.47,-20.0
2020-06-26 04:59:00,23,0.393,4.47,-20.0
2020-06-26 04:59:00,24,0.397,4.48,-20.0
2020-06-26 04:59:00,25,0.35,4.49,19.3
2020-06-26 04:59:00,26,0.408,4.47,-20.0
2020-06-26 04:59:00,27,0.459,4.46,-20.0
2020-06-26 04:59:00,28,0.437,4.47,-20.0
2020-06-26 04:59:00,29,0.423,4.46,-20.0
2020-06-26 04:59:00,30,0.32,4.47,-20.0
2020-06-26 04:59:00,31,0.324,4.46,-20.0
2020-06-26 04:59:00,32,0.32,4.47,-20.0
2020-06-26 04:59:00,33,0.416,4.47,-20.0
2020-06-26 04:59:00,34,0.355,4.48,-20.0
2020-06-26 04:59:00,35,0.35,4.48,-20.0
2020-06-26 04:59:00,36,0.324,4.5,-20.0
2020-06-26 04:59:00,37,0.418,4.48,19.7
2020-06-26 04:59:00,38,0.391,4.49,-20.0
2020-06-26 04:59:00,39,0.332,4.46,-20.0
2020-06-26 04:59:00,40,0.338,4.47,-20.0
2020-06-26 04:59:00,41,0.372,4.5,-20.0
2020-06-26 04:59:00,42,0.358,4.48,-20.0
2020-06-26 04:59:00,43,0.38,4.47,-20.0
2020-06-26 04:59:00,44,0.38,4.49,-20.0
2020-06-26 04:59:00,45,0.304,4.5,-20.0
2020-06-26 04:59:00,46,0.399,4.49,-20.0
2020-06-26 04:59:00,47,0.419,4.48,-20.0
2020-06-26 04:59:00,48,0.473,4.48,-20.0
2020-06-26 04:59:00,49,0.486,4.46,21.7
2020-06-26 04:59:00,50,0.443,4.47,-20.0
2020-06-26 04:59:00,51,0.38,4.47,-20.0
2020-06-26 04:59:00,52,0.401,4.46,-20.0
2020-06-26 04:59:00,53,0.346,4.45,-20.0
2020-06-26 04:59:00,54,0.382,4.45,-20.0
2020-06-26 04:59:00,55,0.355,4.42,-20.0
2020-06-26 04:59:00,56,0.334,4.43,-20.0
2020-06-26 04:59:00,57,0.395,4.42,-20.0
2020-06-26 04:59:00,58,0.393,4.42,-20.0
2020-06-26 04:59:00,59,0.408,4.44,-20.0
2020-06-26 04:59:00,60,0.393,4.45,-20.0
2020-06-26 04:59:00,61,0.365,4.49,19.0
2020-06-26 04:59:00,62,0.339,4.49,-20.0
2020-06-26 04:59:00,63,0.415,4.47,-20.0
2020-06-26 04:59:00,64,0.411,4.45,-20.0
2020-06-26 04:59:00,65,0.362,4.44,-20.0
2020-06-26 04:59:00,66,0.391,4.45,-20.0
2020-06-26 04:59:00,67,0.342,4.42,-20.0
2020-06-26 04:59:00,68,0.409,4.45,-20.0
2020-06-26 04:59:00,69,0.414,4.44,-20.0
2020-06-26 04:59:00,70,0.389,4.46,-20.0
2020-06-26 04:59:00,71,0.328,4.48,-20.0
2020-06-26 04:59:00,72,0.419,4.48,-20.0
2020-06-26 04:59:00,73,0.474,4.51,19.5
2020-06-26 04:59:00,74,0.439,4.49,-20.0
2020-06-26 04:59:00,75,0.428,4.46,-20.0
2020-06-26 04:59:00,76,0.346,4.44,-20.0
2020-06-26 04:59:00,77,0.359,4.5,-20.0
2020-06-26 04:59:00,78,0.375,4.47,-20.0
2020-06-26 04:59:00,79,0.403,4.49,-20.0
2020-06-26 04:59:00,80,0.445,4.5,-20.0
2020-06-26 04:59:00,81,0.395,4.51,-20.0
2020-06-26 04:59:00,82,0.356,4.5,-20.0
2020-06-26 04:59:00,83,0.365,4.5,-20.0
2020-06-26 04:59:00,84,0.409,4.49,-20.0
2020-06-26 04:59:00,85,0.385,4.48,20.3
2020-06-26 04:59:00,86,0.378,4.47,-20.0
2020-06-26 04:59:00,87,0.353,4.46,-20.0
2020-06-26 04:59:00,88,0.391,4.47,-20.0
2020-06-26 04:59:00,89,0.369,4.5,-20.0
2020-06-26 04:59:00,90,0.395,4.47,-20.0
2020-06-26 04:59:00,91,0.354,4.48,-20.0
2020-06-26 04:59:00,92,0.371,4.5,-20.0
2020-06-26 04:59:00,93,0.484,4.49,-20.0
2020-06-26 04:59:00,94,0.471,4.47,-20.0
2020-06-26 04:59:00,95,0.432,4.45,-20.0
2020-06-26 04:59:00,96,0.429,4.49,-20.0
2020-06-26 16:58:26,1,0.434,4.51,22.6
2020-06-26 16:58:26,2,0.447,4.5,-20.0
2020-06-26 16:58:26,3,0.42,4.52,-20.0
2020-06-26 16:58:26,4,0.451,4.47,-20.0
2020-06-26 16:58:26,5,0.441,4.51,-20.0
2020-06-26 16:58:26,6,0.372,4.49,-20.0
2020-06-26 16:58:26,7,0.4,4.47,-20.0
2020-06-26 16:58:26,8,0.373,4.51,-20.0
2020-06-26 16:58:26,9,0.414,4.46,-20.0
2020-06-26 16:58:26,10,0.398,4.49,-20.0
2020-06-26 16:58:26,11,0.404,4.44,-20.0
2020-06-26 16:58:26,12,0.367,4.46,-20.0
2020-06-26 16:58:26,13,0.406,4.47,21.6
2020-06-26 16:58:26,14,0.358,4.48,-20.0
2020-06-26 16:58:26,15,0.405,4.5,-20.0
2020-06-26 16:58:26,16,0.425,4.52,-20.0
2020-06-26 16:58:26,17,0.396,4.47,-20.0
2020-06-26 16:58:26,18,0.404,4.48,-20.0
2020-06-26 16:58:26,19,0.399,4.46,-20.0
2020-06-26 16:58:26,20,0.402,4.47,-20.0
2020-06-26 16:58:26,21,0.434,4.47,-20.0
2020-06-26 16:58:26,22,0.407,4.46,-20.0
2020-06-26 16:58:26,23,0.394,4.48,-20.0
2020-06-26 16:58:26,24,0.398,4.48,-20.0
2020-06-26 16:58:26,25,0.35,4.5,19.3
2020-06-26 16:58:26,26,0.407,4.49,-20.0
2020-06-26 16:58:26,27,0.454,4.47,-20.0
2020-06-26 16:58:26,28,0.435,4.47,-20.0
2020-06-26 16:58:26,29,0.425,4.46,-20.0
2020-06-26 16:58:26,30,0.323,4.47,-20.0
2020-06-26 16:58:26,31,0.329,4.46,-20.0
2020-06-26 16:58:26,32,0.329,4.47,-20.0
2020-06-26 16:58:26,33,0.419,4.48,-20.0
2020-06-26 16:58:26,34,0.361,4.48,-20.0
2020-06-26 16:58:26,35,0.351,4.49,-20.0
2020-06-26 16:58:26,36,0.327,4.49,-20.0
2020-06-26 16:58:26,37,0.418,4.49,19.7
2020-06-26 16:58:26,38,0.393,4.48,-20.0
2020-06-26 16:58:26,39,0.327,4.46,-20.0
2020-06-26 16:58:26,40,0.337,4.47,-20.0
2020-06-26 16:58:26,41,0.374,4.5,-20.0
2020-06-26 16:58:26,42,0.354,4.48,-20.0
2020-06-26 16:58:26,43,0.383,4.47,-20.0
2020-06-26 16:58:26,44,0.383,4.49,-20.0
2020-06-26 16:58:26,45,0.307,4.49,-20.0
2020-06-26 16:58:26,46,0.399,4.48,-20.0
2020-06-26 16:58:26,47,0.419,4.48,-20.0
2020-06-26 16:58:26,48,0.469,4.48,-20.0
2020-06-26 16:58:26,49,0.488,4.46,21.7
2020-06-26 16:58:26,50,0.442,4.46,-20.0
2020-06-26 16:58:26,51,0.383,4.46,-20.0
2020-06-26 16:58:26,52,0.4,4.46,-20.0
2020-06-26 16:58:26,53,0.345,4.44,-20.0
2020-06-26 16:58:26,54,0.382,4.45,-20.0
2020-06-26 16:58:26,55,0.356,4.43,-20.0
2020-06-26 16:58:26,56,0.331,4.43,-20.0
2020-06-26 16:58:26,57,0.397,4.42,-20.0
2020-06-26 16:58:26,58,0.392,4.42,-20.0
2020-06-26 16:58:26,59,0.41,4.44,-20.0
2020-06-26 16:58:26,60,0.395,4.45,-20.0
2020-06-26 16:58:26,61,0.366,4.49,19.0
2020-06-26 16:58:26,62,0.336,4.49,-20.0
2020-06-26 16:58:26,63,0.414,4.47,-20.0
2020-06-26 16:58:26,64,0.411,4.45,-20.0
2020-06-26 16:58:26,65,0.363,4.45,-20.0
2020-06-26 16:58:26,66,0.392,4.45,-20.0
2020-06-26 16:58:26,67,0.343,4.42,-20.0
2020-06-26 16:58:26,68,0.408,4.46,-20.0
2020-06-26 16:58:26,69,0.414,4.45,-20.0
2020-06-26 16:58:26,70,0.388,4.46,-20.0
2020-06-26 16:58:26,71,0.327,4.48,-20.0
2020-06-26 16:58:26,72,0.417,4.47,-20.0
2020-06-26 16:58:26,73,0.476,4.51,19.5
2020-06-26 16:58:26,74,0.433,4.49,-20.0
2020-06-26 16:58:26,75,0.432,4.46,-20.0
2020-06-26 16:58:26,76,0.345,4.44,-20.0
2020-06-26 16:58:26,77,0.359,4.5,-20.0
2020-06-26 16:58:26,78,0.367,4.46,-20.0
2020-06-26 16:58:26,79,0.398,4.49,-20.0
2020-06-26 16:58:26,80,0.443,4.5,-20.0
2020-06-26 16:58:26,81,0.39,4.51,-20.0
2020-06-26 16:58:26,82,0.357,4.51,-20.0
2020-06-26 16:58:26,83,0.367,4.51,-20.0
2020-06-26 16:58:26,84,0.412,4.49,-20.0
2020-06-26 16:58:26,85,0.387,4.48,20.3
2020-06-26 16:58:26,86,0.381,4.46,-20.0
2020-06-26 16:58:26,87,0.353,4.47,-20.0
2020-06-26 16:58:26,88,0.39,4.48,-20.0
2020-06-26 16:58:26,89,0.372,4.5,-20.0
2020-06-26 16:58:26,90,0.398,4.47,-20.0
2020-06-26 16:58:26,91,0.354,4.48,-20.0
2020-06-26 16:58:26,92,0.371,4.5,-20.0
2020-06-26 16:58:26,93,0.483,4.49,-20.0
2020-06-26 16:58:26,94,0.471,4.47,-20.0
2020-06-26 16:58:26,95,0.43,4.46,-20.0
2020-06-26 16:58:26,96,0.433,4.49,-20.0
2020-06-27 04:57:58,1,0.435,4.51,22.6
2020-06-27 04:57:58,2,0.448,4.51,-20.0
2020-06-27 04:57:58,3,0.419,4.52,-20.0
2020-06-27 04:57:58,4,0.453,4.47,-20.0
2020-06-27 04:57:58,5,0.442,4.5,-20.0
2020-06-27 04:57:58,6,0.371,4.49,-20.0
2020-06-27 04:57:58,7,0.401,4.47,-20.0
2020-06-27 04:57:58,8,0.374,4.49,-20.0
2020-06-27 04:57:58,9,0.414,4.46,-20.0
2020-06-27 04:57:58,10,0.401,4.48,-20.0
2020-06-27 04:57:58,11,0.402,4.45,-20.0
2020-06-27 04:57:58,12,0.367,4.45,-20.0
2020-06-27 04:57:58,13,0.407,4.47,21.6
2020-06-27 04:57:58,14,0.358,4.48,-20.0
2020-06-27 04:57:58,15,0.405,4.5,-20.0
2020-06-27 04:57:58,16,0.426,4.51,-20.0
2020-06-27 04:57:58,17,0.398,4.48,-20.0
2020-06-27 04:57:58,18,0.405,4.49,-20.0
2020-06-27 04:57:58,19,0.399,4.47,-20.0
2020-06-27 04:57:58,20,0.4,4.46,-20.0
2020-06-27 04:57:58,21,0.431,4.47,-20.0
2020-06-27 04:57:58,22,0.406,4.46,-20.0
2020-06-27 04:57:58,23,0.394,4.48,-20.0
2020-06-27 04:57:58,24,0.401,4.48,-20.0
2020-06-27 04:57:58,25,0.35,4.49,19.3
2020-06-27 04:57:58,26,0.408,4.48,-20.0
2020-06-27 04:57:58,27,0.456,4.47,-20.0
2020-06-27 04:57:58,28,0.432,4.47,-20.0
2020-06-27 04:57:58,29,0.422,4.46,-20.0
2020-06-27 04:57:58,30,0.326,4.47,-20.0
2020-06-27 04:57:58,31,0.327,4.46,-20.0
2020-06-27 04:57:58,32,0.338,4.46,-20.0
2020-06-27 04:57:58,33,0.422,4.48,-20.0
2020-06-27 04:57:58,34,0.366,4.49,-20.0
2020-06-27 04:57:58,35,0.353,4.48,-20.0
2020-06-27 04:57:58,36,0.33,4.49,-20.0
2020-06-27 04:57:58,37,0.419,4.48,19.7
2020-06-27 04:57:58,38,0.368,4.48,-20.0
2020-06-27 04:57:58,39,0.312,4.47,-20.0
2020-06-27 04:57:58,40,0.336,4.47,-20.0
2020-06-27 04:57:58,41,0.374,4.5,-20.0
2020-06-27 04:57:58,42,0.339,4.48,-20.0
2020-06-27 04:57:58,43,0.369,4.48,-20.0
2020-06-27 04:57:58,44,0.364,4.48,-20.0
2020-06-27 04:57:58,45,0.305,4.49,-20.0
2020-06-27 04:57:58,46,0.399,4.49,-20.0
2020-06-27 04:57:58,47,0.406,4.48,-20.0
2020-06-27 04:57:58,48,0.454,4.47,-20.0
2020-06-27 04:57:58,49,0.483,4.46,21.7
2020-06-27 04:57:58,50,0.443,4.47,-20.0
2020-06-27 04:57:58,51,0.383,4.46,-20.0
2020-06-27 04:57:58,52,0.4,4.46,-20.0
2020-06-27 04:57:58,53,0.346,4.44,-20.0
2020-06-27 04:57:58,54,0.383,4.46,-20.0
2020-06-27 04:57:58,55,0.36,4.43,-20.0
2020-06-27 04:57:58,56,0.331,4.43,-20.0
2020-06-27 04:57:58,57,0.397,4.42,-20.0
2020-06-27 04:57:58,58,0.39,4.42,-20.0
2020-06-27 04:57:58,59,0.407,4.44,-20.0
2020-06-27 04:57:58,60,0.39,4.45,-20.0
2020-06-27 04:57:58,61,0.367,4.48,19.0
2020-06-27 04:57:58,62,0.332,4.49,-20.0
2020-06-27 04:57:58,63,0.413,4.47,-20.0
2020-06-27 04:57:58,64,0.409,4.46,-20.0
2020-06-27 04:57:58,65,0.363,4.44,-20.0
2020-06-27 04:57:58,66,0.391,4.45,-20.0
2020-06-27 04:57:58,67,0.343,4.42,-20.0
2020-06-27 04:57:58,68,0.411,4.45,-20.0
2020-06-27 04:57:58,69,0.414,4.45,-20.0
2020-06-27 04:57:58,70,0.387,4.46,-20.0
2020-06-27 04:57:58,71,0.325,4.48,-20.0
2020-06-27 04:57:58,72,0.418,4.48,-20.0
2020-06-27 04:57:58,73,0.478,4.51,19.5
2020-06-27 04:57:58,74,0.436,4.49,-20.0
2020-06-27 04:57:58,75,0.43,4.46,-20.0
2020-06-27 04:57:58,76,0.349,4.44,-20.0
2020-06-27 04:57:58,77,0.36,4.5,-20.0
2020-06-27 04:57:58,78,0.368,4.47,-20.0
2020-06-27 04:57:58,79,0.396,4.5,-20.0
2020-06-27 04:57:58,80,0.442,4.5,-20.0
2020-06-27 04:57:58,81,0.39,4.51,-20.0
2020-06-27 04:57:58,82,0.355,4.51,-20.0
2020-06-27 04:57:58,83,0.365,4.5,-20.0
2020-06-27 04:57:58,84,0.412,4.49,-20.0
2020-06-27 04:57:58,85,0.387,4.48,20.4
2020-06-27 04:57:58,86,0.383,4.47,-20.0
2020-06-27 04:57:58,87,0.353,4.46,-20.0
2020-06-27 04:57:58,88,0.387,4.48,-20.0
2020-06-27 04:57:58,89,0.368,4.5,-20.0
2020-06-27 04:57:58,90,0.397,4.47,-20.0
2020-06-27 04:57:58,91,0.356,4.48,-20.0
2020-06-27 04:57:58,92,0.37,4.5,-20.0
2020-06-27 04:57:58,93,0.482,4.49,-20.0
2020-06-27 04:57:58,94,0.471,4.46,-20.0
2020-06-27 04:57:58,95,0.432,4.46,-20.0
2020-06-27 04:57:58,96,0.431,4.49,-20.0
2020-06-27 16:57:34,1,0.436,4.51,22.6
2020-06-27 16:57:34,2,0.446,4.49,-20.0
2020-06-27 16:57:34,3,0.42,4.51,-20.0
2020-06-27 16:57:34,4,0.453,4.48,-20.0
2020-06-27 16:57:34,5,0.441,4.51,-20.0
2020-06-27 16:57:34,6,0.371,4.49,-20.0
2020-06-27 16:57:34,7,0.403,4.47,-20.0
2020-06-27 16:57:34,8,0.377,4.5,-20.0
2020-06-27 16:57:34,9,0.414,4.47,-20.0
2020-06-27 16:57:34,10,0.401,4.49,-20.0
2020-06-27 16:57:34,11,0.407,4.43,-20.0
2020-06-27 16:57:34,12,0.367,4.46,-20.0
2020-06-27 16:57:34,13,0.407,4.46,21.6
2020-06-27 16:57:34,14,0.359,4.48,-20.0
2020-06-27 16:57:34,15,0.404,4.5,-20.0
2020-06-27 16:57:34,16,0.426,4.51,-20.0
2020-06-27 16:57:34,17,0.4,4.48,-20.0
2020-06-27 16:57:34,18,0.405,4.48,-20.0
2020-06-27 16:57:34,19,0.397,4.46,-20.0
2020-06-27 16:57:34,20,0.401,4.46,-20.0
2020-06-27 16:57:34,21,0.433,4.47,-20.0
2020-06-27 16:57:34,22,0.406,4.45,-20.0
2020-06-27 16:57:34,23,0.396,4.48,-20.0
2020-06-27 16:57:34,24,0.404,4.49,-20.0
2020-06-27 16:57:34,25,0.351,4.49,19.3
2020-06-27 16:57:34,26,0.404,4.5,-20.0
2020-06-27 16:57:34,27,0.456,4.46,-20.0
2020-06-27 16:57:34,28,0.433,4.48,-20.0
2020-06-27 16:57:34,29,0.423,4.46,-20.0
2020-06-27 16:57:34,30,0.326,4.48,-20.0
2020-06-27 16:57:34,31,0.329,4.46,-20.0
2020-06-27 16:57:34,32,0.341,4.46,-20.0
2020-06-27 16:57:34,33,0.425,4.48,-20.0
2020-06-27 16:57:34,34,0.37,4.49,-20.0
2020-06-27 16:57:34,35,0.354,4.49,-20.0
2020-06-27 16:57:34,36,0.331,4.49,-20.0
2020-06-27 16:57:34,37,0.419,4.47,19.7
2020-06-27 16:57:34,38,0.373,4.48,-20.0
2020-06-27 16:57:34,39,0.316,4.47,-20.0
2020-06-27 16:57:34,40,0.336,4.47,-20.0
2020-06-27 16:57:34,41,0.376,4.5,-20.0
2020-06-27 16:57:34,42,0.339,4.48,-20.0
2020-06-27 16:57:34,43,0.376,4.47,-20.0
2020-06-27 16:57:34,44,0.37,4.49,-20.0
2020-06-27 16:57:34,45,0.309,4.5,-20.0
2020-06-27 16:57:34,46,0.399,4.48,-20.0
2020-06-27 16:57:34,47,0.407,4.48,-20.0
2020-06-27 16:57:34,48,0.451,4.48,-20.0
2020-06-27 16:57:34,49,0.481,4.46,21.7
2020-06-27 16:57:34,50,0.44,4.46,-20.0
2020-06-27 16:57:34,51,0.382,4.47,-20.0
2020-06-27 16:57:34,52,0.402,4.46,-20.0
2020-06-27 16:57:34,53,0.345,4.45,-20.0
2020-06-27 16:57:34,54,0.383,4.45,-20.0
2020-06-27 16:57:34,55,0.362,4.43,-20.0
2020-06-27 16:57:34,56,0.332,4.43,-20.0
2020-06-27 16:57:34,57,0.397,4.42,-20.0
2020-06-27 16:57:34,58,0.391,4.43,-20.0
2020-06-27 16:57:34,59,0.404,4.44,-20.0
2020-06-27 16:57:34,60,0.387,4.45,-20.0
2020-06-27 16:57:34,61,0.37,4.49,19.1
2020-06-27 16:57:34,62,0.332,4.49,-20.0
2020-06-27 16:57:34,63,0.414,4.48,-20.0
2020-06-27 16:57:34,64,0.411,4.46,-20.0
2020-06-27 16:57:34,65,0.362,4.44,-20.0
2020-06-27 16:57:34,66,0.389,4.45,-20.0
2020-06-27 16:57:34,67,0.339,4.42,-20.0
2020-06-27 16:57:34,68,0.401,4.45,-20.0
2020-06-27 16:57:34,69,0.413,4.44,-20.0
2020-06-27 16:57:34,70,0.376,4.46,-20.0
2020-06-27 16:57:34,71,0.323,4.48,-20.0
2020-06-27 16:57:34,72,0.417,4.48,-20.0
2020-06-27 16:57:34,73,0.463,4.51,19.5
2020-06-27 16:57:34,74,0.428,4.5,-20.0
2020-06-27 16:57:34,75,0.427,4.46,-20.0
2020-06-27 16:57:34,76,0.347,4.44,-20.0
2020-06-27 16:57:34,77,0.359,4.5,-20.0
2020-06-27 16:57:34,78,0.368,4.47,-20.0
2020-06-27 16:57:34,79,0.395,4.49,-20.0
2020-06-27 16:57:34,80,0.441,4.5,-20.0
2020-06-27 16:57:34,81,0.39,4.51,-20.0
2020-06-27 16:57:34,82,0.356,4.51,-20.0
2020-06-27 16:57:34,83,0.365,4.5,-20.0
2020-06-27 16:57:34,84,0.412,4.49,-20.0
2020-06-27 16:57:34,85,0.388,4.48,20.4
2020-06-27 16:57:34,86,0.384,4.46,-20.0
2020-06-27 16:57:34,87,0.354,4.46,-20.0
2020-06-27 16:57:34,88,0.388,4.48,-20.0
2020-06-27 16:57:34,89,0.372,4.5,-20.0
2020-06-27 16:57:34,90,0.398,4.47,-20.0
2020-06-27 16:57:34,91,0.355,4.48,-20.0
2020-06-27 16:57:34,92,0.373,4.5,-20.0
2020-06-27 16:57:34,93,0.485,4.49,-20.0
2020-06-27 16:57:34,94,0.473,4.47,-20.0
2020-06-27 16:57:34,95,0.43,4.46,-20.0
2020-06-27 16:57:34,96,0.43,4.49,-20.0
2020-06-28 04:57:09,1,0.438,4.51,22.6
2020-06-28 04:57:09,2,0.448,4.5,-20.0
2020-06-28 04:57:09,3,0.419,4.51,-20.0
2020-06-28 04:57:09,4,0.45,4.47,-20.0
2020-06-28 04:57:09,5,0.44,4.5,-20.0
2020-06-28 04:57:09,6,0.373,4.49,-20.0
2020-06-28 04:57:09,7,0.404,4.47,-20.0
2020-06-28 04:57:09,8,0.378,4.49,-20.0
2020-06-28 04:57:09,9,0.413,4.47,-20.0
2020-06-28 04:57:09,10,0.4,4.49,-20.0
2020-06-28 04:57:09,11,0.407,4.44,-20.0
2020-06-28 04:57:09,12,0.369,4.45,-20.0
2020-06-28 04:57:09,13,0.404,4.46,21.6
2020-06-28 04:57:09,14,0.361,4.48,-20.0
2020-06-28 04:57:09,15,0.407,4.51,-20.0
2020-06-28 04:57:09,16,0.428,4.51,-20.0
2020-06-28 04:57:09,17,0.4,4.48,-20.0
2020-06-28 04:57:09,18,0.406,4.49,-20.0
2020-06-28 04:57:09,19,0.401,4.46,-20.0
2020-06-28 04:57:09,20,0.402,4.47,-20.0
2020-06-28 04:57:09,21,0.433,4.48,-20.0
2020-06-28 04:57:09,22,0.409,4.46,-20.0
2020-06-28 04:57:09,23,0.398,4.47,-20.0
2020-06-28 04:57:09,24,0.404,4.48,-20.0
2020-06-28 04:57:09,25,0.35,4.49,19.3
2020-06-28 04:57:09,26,0.402,4.48,-20.0
2020-06-28 04:57:09,27,0.458,4.46,-20.0
2020-06-28 04:57:09,28,0.435,4.47,-20.0
2020-06-28 04:57:09,29,0.424,4.46,-20.0
2020-06-28 04:57:09,30,0.32,4.48,-20.0
2020-06-28 04:57:09,31,0.32,4.46,-20.0
2020-06-28 04:57:09,32,0.331,4.47,-20.0
2020-06-28 04:57:09,33,0.419,4.48,-20.0
2020-06-28 04:57:09,34,0.355,4.48,-20.0
2020-06-28 04:57:09,35,0.348,4.48,-20.0
2020-06-28 04:57:09,36,0.331,4.5,-20.0
2020-06-28 04:57:09,37,0.401,4.47,19.7
2020-06-28 04:57:09,38,0.361,4.49,-20.0
2020-06-28 04:57:09,39,0.304,4.47,-20.0
2020-06-28 04:57:09,40,0.336,4.46,-20.0
2020-06-28 04:57:09,41,0.376,4.5,-20.0
2020-06-28 04:57:09,42,0.342,4.47,-20.0
2020-06-28 04:57:09,43,0.376,4.48,-20.0
2020-06-28 04:57:09,44,0.371,4.49,-20.0
2020-06-28 04:57:09,45,0.309,4.49,-20.0
2020-06-28 04:57:09,46,0.398,4.48,-20.0
2020-06-28 04:57:09,47,0.409,4.48,-20.0
2020-06-28 04:57:09,48,0.456,4.48,-20.0
2020-06-28 04:57:09,49,0.483,4.46,21.7
2020-06-28 04:57:09,50,0.443,4.46,-20.0
2020-06-28 04:57:09,51,0.381,4.46,-20.0
2020-06-28 04:57:09,52,0.402,4.46,-20.0
2020-06-28 04:57:09,53,0.345,4.44,-20.0
2020-06-28 04:57:09,54,0.384,4.46,-20.0
2020-06-28 04:57:09,55,0.365,4.43,-20.0
2020-06-28 04:57:09,56,0.334,4.42,-20.0
2020-06-28 04:57:09,57,0.398,4.42,-20.0
2020-06-28 04:57:09,58,0.39,4.42,-20.0
2020-06-28 04:57:09,59,0.403,4.44,-20.0
2020-06-28 04:57:09,60,0.39,4.45,-20.0
2020-06-28 04:57:09,61,0.37,4.49,19.1
2020-06-28 04:57:09,62,0.334,4.49,-20.0
2020-06-28 04:57:09,63,0.415,4.47,-20.0
2020-06-28 04:57:09,64,0.412,4.45,-20.0
2020-06-28 04:57:09,65,0.363,4.45,-20.0
2020-06-28 04:57:09,66,0.39,4.44,-20.0
2020-06-28 04:57:09,67,0.343,4.42,-20.0
2020-06-28 04:57:09,68,0.402,4.45,-20.0
2020-06-28 04:57:09,69,0.416,4.45,-20.0
2020-06-28 04:57:09,70,0.378,4.46,-20.0
2020-06-28 04:57:09,71,0.324,4.47,-20.0
2020-06-28 04:57:09,72,0.42,4.48,-20.0
2020-06-28 04:57:09,73,0.468,4.51,19.5
2020-06-28 04:57:09,74,0.432,4.5,-20.0
2020-06-28 04:57:09,75,0.427,4.46,-20.0
2020-06-28 04:57:09,76,0.348,4.44,-20.0
2020-06-28 04:57:09,77,0.36,4.5,-20.0
2020-06-28 04:57:09,78,0.369,4.46,-20.0
2020-06-28 04:57:09,79,0.392,4.49,-20.0
2020-06-28 04:57:09,80,0.443,4.5,-20.0
2020-06-28 04:57:09,81,0.392,4.51,-20.0
2020-06-28 04:57:09,82,0.353,4.51,-20.0
2020-06-28 04:57:09,83,0.364,4.5,-20.0
2020-06-28 04:57:09,84,0.41,4.49,-20.0
2020-06-28 04:57:09,85,0.388,4.48,20.3
2020-06-28 04:57:09,86,0.381,4.47,-20.0
2020-06-28 04:57:09,87,0.353,4.46,-20.0
2020-06-28 04:57:09,88,0.386,4.48,-20.0
2020-06-28 04:57:09,89,0.37,4.5,-20.0
2020-06-28 04:57:09,90,0.396,4.47,-20.0
2020-06-28 04:57:09,91,0.355,4.48,-20.0
2020-06-28 04:57:09,92,0.372,4.5,-20.0
2020-06-28 04:57:09,93,0.482,4.49,-20.0
2020-06-28 04:57:09,94,0.472,4.47,-20.0
2020-06-28 04:57:09,95,0.431,4.46,-20.0
2020-06-28 04:57:09,96,0.429,4.49,-20.0
2020-06-28 16:56:44,1,0.439,4.51,22.7
2020-06-28 16:56:44,2,0.449,4.51,-20.0
2020-06-28 16:56:44,3,0.418,4.51,-20.0
2020-06-28 16:56:44,4,0.452,4.47,-20.0
2020-06-28 16:56:44,5,0.44,4.51,-20.0
2020-06-28 16:56:44,6,0.372,4.49,-20.0
2020-06-28 16:56:44,7,0.405,4.47,-20.0
2020-06-28 16:56:44,8,0.376,4.5,-20.0
2020-06-28 16:56:44,9,0.412,4.47,-20.0
2020-06-28 16:56:44,10,0.4,4.49,-20.0
2020-06-28 16:56:44,11,0.407,4.44,-20.0
2020-06-28 16:56:44,12,0.37,4.46,-20.0
2020-06-28 16:56:44,13,0.402,4.47,21.6
2020-06-28 16:56:44,14,0.36,4.48,-20.0
2020-06-28 16:56:44,15,0.404,4.5,-20.0
2020-06-28 16:56:44,16,0.426,4.51,-20.0
2020-06-28 16:56:44,17,0.402,4.48,-20.0
2020-06-28 16:56:44,18,0.402,4.49,-20.0
2020-06-28 16:56:44,19,0.402,4.46,-20.0
2020-06-28 16:56:44,20,0.404,4.47,-20.0
2020-06-28 16:56:44,21,0.434,4.47,-20.0
2020-06-28 16:56:44,22,0.409,4.46,-20.0
2020-06-28 16:56:44,23,0.399,4.47,-20.0
2020-06-28 16:56:44,24,0.405,4.48,-20.0
2020-06-28 16:56:44,25,0.351,4.49,19.3
2020-06-28 16:56:44,26,0.406,4.48,-20.0
2020-06-28 16:56:44,27,0.462,4.46,-20.0
2020-06-28 16:56:44,28,0.438,4.46,-20.0
2020-06-28 16:56:44,29,0.423,4.46,-20.0
2020-06-28 16:56:44,30,0.325,4.47,-20.0
2020-06-28 16:56:44,31,0.323,4.45,-20.0
2020-06-28 16:56:44,32,0.338,4.47,-20.0
2020-06-28 16:56:44,33,0.421,4.48,-20.0
2020-06-28 16:56:44,34,0.364,4.48,-20.0
2020-06-28 16:56:44,35,0.35,4.48,-20.0
2020-06-28 16:56:44,36,0.332,4.49,-20.0
2020-06-28 16:56:44,37,0.401,4.47,19.7
2020-06-28 16:56:44,38,0.372,4.48,-20.0
2020-06-28 16:56:44,39,0.308,4.47,-20.0
2020-06-28 16:56:44,40,0.337,4.47,-20.0
2020-06-28 16:56:44,41,0.378,4.51,-20.0
2020-06-28 16:56:44,42,0.346,4.48,-20.0
2020-06-28 16:56:44,43,0.379,4.47,-20.0
2020-06-28 16:56:44,44,0.375,4.49,-20.0
2020-06-28 16:56:44,45,0.308,4.49,-20.0
2020-06-28 16:56:44,46,0.398,4.49,-20.0
2020-06-28 16:56:44,47,0.408,4.48,-20.0
2020-06-28 16:56:44,48,0.457,4.48,-20.0
2020-06-28 16:56:44,49,0.482,4.46,21.8
2020-06-28 16:56:44,50,0.44,4.47,-20.0
2020-06-28 16:56:44,51,0.381,4.47,-20.0
2020-06-28 16:56:44,52,0.402,4.46,-20.0
2020-06-28 16:56:44,53,0.345,4.44,-20.0
2020-06-28 16:56:44,54,0.384,4.46,-20.0
2020-06-28 16:56:44,55,0.364,4.42,-20.0
2020-06-28 16:56:44,56,0.334,4.42,-20.0
2020-06-28 16:56:44,57,0.398,4.42,-20.0
2020-06-28 16:56:44,58,0.381,4.42,-20.0
2020-06-28 16:56:44,59,0.386,4.44,-20.0
2020-06-28 16:56:44,60,0.371,4.45,-20.0
2020-06-28 16:56:44,61,0.368,4.49,19.1
2020-06-28 16:56:44,62,0.331,4.49,-20.0
2020-06-28 16:56:44,63,0.403,4.48,-20.0
2020-06-28 16:56:44,64,0.405,4.45,-20.0
2020-06-28 16:56:44,65,0.353,4.45,-20.0
2020-06-28 16:56:44,66,0.387,4.45,-20.0
2020-06-28 16:56:44,67,0.344,4.42,-20.0
2020-06-28 16:56:44,68,0.405,4.45,-20.0
2020-06-28 16:56:44,69,0.414,4.44,-20.0
2020-06-28 16:56:44,70,0.376,4.46,-20.0
2020-06-28 16:56:44,71,0.324,4.48,-20.0
2020-06-28 16:56:44,72,0.419,4.48,-20.0
2020-06-28 16:56:44,73,0.471,4.5,19.6
2020-06-28 16:56:44,74,0.434,4.5,-20.0
2020-06-28 16:56:44,75,0.428,4.46,-20.0
2020-06-28 16:56:44,76,0.349,4.44,-20.0
2020-06-28 16:56:44,77,0.363,4.5,-20.0
2020-06-28 16:56:44,78,0.37,4.46,-20.0
2020-06-28 16:56:44,79,0.394,4.5,-20.0
2020-06-28 16:56:44,80,0.446,4.5,-20.0
2020-06-28 16:56:44,81,0.392,4.51,-20.0
2020-06-28 16:56:44,82,0.352,4.51,-20.0
2020-06-28 16:56:44,83,0.362,4.5,-20.0
2020-06-28 16:56:44,84,0.412,4.48,-20.0
2020-06-28 16:56:44,85,0.387,4.47,20.4
2020-06-28 16:56:44,86,0.382,4.46,-20.0
2020-06-28 16:56:44,87,0.355,4.46,-20.0
2020-06-28 16:56:44,88,0.386,4.48,-20.0
2020-06-28 16:56:44,89,0.371,4.5,-20.0
2020-06-28 16:56:44,90,0.398,4.47,-20.0
2020-06-28 16:56:44,91,0.357,4.48,-20.0
2020-06-28 16:56:44,92,0.375,4.49,-20.0
2020-06-28 16:56:44,93,0.484,4.49,-20.0
2020-06-28 16:56:44,94,0.47,4.46,-20.0
2020-06-28 16:56:44,95,0.431,4.46,-20.0
2020-06-28 16:56:44,96,0.433,4.48,-20.0
2020-06-29 04:56:15,1,0.439,4.51,22.6
2020-06-29 04:56:15,2,0.45,4.5,-20.0
2020-06-29 04:56:15,3,0.419,4.51,-20.0
2020-06-29 04:56:15,4,0.452,4.47,-20.0
2020-06-29 04:56:15,5,0.44,4.51,-20.0
2020-06-29 04:56:15,6,0.371,4.48,-20.0
2020-06-29 04:56:15,7,0.403,4.47,-20.0
2020-06-29 04:56:15,8,0.378,4.5,-20.0
2020-06-29 04:56:15,9,0.414,4.46,-20.0
2020-06-29 04:56:15,10,0.401,4.49,-20.0
2020-06-29 04:56:15,11,0.404,4.44,-20.0
2020-06-29 04:56:15,12,0.369,4.45,-20.0
2020-06-29 04:56:15,13,0.404,4.46,21.6
2020-06-29 04:56:15,14,0.36,4.48,-20.0
2020-06-29 04:56:15,15,0.406,4.51,-20.0
2020-06-29 04:56:15,16,0.428,4.52,-20.0
2020-06-29 04:56:15,17,0.401,4.48,-20.0
2020-06-29 04:56:15,18,0.402,4.48,-20.0
2020-06-29 04:56:15,19,0.4,4.46,-20.0
2020-06-29 04:56:15,20,0.404,4.47,-20.0
2020-06-29 04:56:15,21,0.43,4.47,-20.0
2020-06-29 04:56:15,22,0.411,4.46,-20.0
2020-06-29 04:56:15,23,0.385,4.47,-20.0
2020-06-29 04:56:15,24,0.396,4.48,-20.0
2020-06-29 04:56:15,25,0.349,4.49,19.3
2020-06-29 04:56:15,26,0.404,4.49,-20.0
2020-06-29 04:56:15,27,0.448,4.46,-20.0
2020-06-29 04:56:15,28,0.433,4.47,-20.0
2020-06-29 04:56:15,29,0.409,4.46,-20.0
2020-06-29 04:56:15,30,0.318,4.47,-20.0
2020-06-29 04:56:15,31,0.324,4.46,-20.0
2020-06-29 04:56:15,32,0.342,4.46,-20.0
2020-06-29 04:56:15,33,0.422,4.48,-20.0
2020-06-29 04:56:15,34,0.366,4.48,-20.0
2020-06-29 04:56:15,35,0.35,4.47,-20.0
2020-06-29 04:56:15,36,0.329,4.49,-20.0
2020-06-29 04:56:15,37,0.404,4.49,19.7
2020-06-29 04:56:15,38,0.375,4.48,-20.0
2020-06-29 04:56:15,39,0.312,4.46,-20.0
2020-06-29 04:56:15,40,0.336,4.47,-20.0
2020-06-29 04:56:15,41,0.373,4.5,-20.0
2020-06-29 04:56:15,42,0.349,4.48,-20.0
2020-06-29 04:56:15,43,0.381,4.47,-20.0
2020-06-29 04:56:15,44,0.38,4.49,-20.0
2020-06-29 04:56:15,45,0.307,4.5,-20.0
2020-06-29 04:56:15,46,0.399,4.48,-20.0
2020-06-29 04:56:15,47,0.404,4.49,-20.0
2020-06-29 04:56:15,48,0.454,4.49,-20.0
2020-06-29 04:56:15,49,0.483,4.46,21.7
2020-06-29 04:56:15,50,0.44,4.47,-20.0
2020-06-29 04:56:15,51,0.383,4.46,-20.0
2020-06-29 04:56:15,52,0.405,4.45,-20.0
2020-06-29 04:56:15,53,0.347,4.45,-20.0
2020-06-29 04:56:15,54,0.385,4.46,-20.0
2020-06-29 04:56:15,55,0.365,4.43,-20.0
2020-06-29 04:56:15,56,0.333,4.42,-20.0
2020-06-29 04:56:15,57,0.398,4.42,-20.0
2020-06-29 04:56:15,58,0.383,4.42,-20.0
2020-06-29 04:56:15,59,0.392,4.44,-20.0
2020-06-29 04:56:15,60,0.373,4.45,-20.0
2020-06-29 04:56:15,61,0.369,4.49,19.1
2020-06-29 04:56:15,62,0.337,4.49,-20.0
2020-06-29 04:56:15,63,0.409,4.47,-20.0
2020-06-29 04:56:15,64,0.408,4.45,-20.0
2020-06-29 04:56:15,65,0.352,4.44,-20.0
2020-06-29 04:56:15,66,0.389,4.45,-20.0
2020-06-29 04:56:15,67,0.345,4.42,-20.0
2020-06-29 04:56:15,68,0.405,4.45,-20.0
2020-06-29 04:56:15,69,0.414,4.44,-20.0
2020-06-29 04:56:15,70,0.381,4.46,-20.0
2020-06-29 04:56:15,71,0.324,4.48,-20.0
2020-06-29 04:56:15,72,0.42,4.48,-20.0
2020-06-29 04:56:15,73,0.471,4.51,19.5
2020-06-29 04:56:15,74,0.438,4.5,-20.0
2020-06-29 04:56:15,75,0.428,4.47,-20.0
2020-06-29 04:56:15,76,0.344,4.44,-20.0
2020-06-29 04:56:15,77,0.363,4.5,-20.0
2020-06-29 04:56:15,78,0.371,4.47,-20.0
2020-06-29 04:56:15,79,0.394,4.5,-20.0
2020-06-29 04:56:15,80,0.447,4.51,-20.0
2020-06-29 04:56:15,81,0.394,4.51,-20.0
2020-06-29 04:56:15,82,0.352,4.51,-20.0
2020-06-29 04:56:15,83,0.362,4.5,-20.0
2020-06-29 04:56:15,84,0.409,4.49,-20.0
2020-06-29 04:56:15,85,0.385,4.48,20.4
2020-06-29 04:56:15,86,0.381,4.46,-20.0
2020-06-29 04:56:15,87,0.354,4.47,-20.0
2020-06-29 04:56:15,88,0.386,4.48,-20.0
2020-06-29 04:56:15,89,0.371,4.5,-20.0
2020-06-29 04:56:15,90,0.397,4.47,-20.0
2020-06-29 04:56:15,91,0.354,4.48,-20.0
2020-06-29 04:56:15,92,0.372,4.5,-20.0
2020-06-29 04:56:15,93,0.483,4.49,-20.0
2020-06-29 04:56:15,94,0.469,4.47,-20.0
2020-06-29 04:56:15,95,0.429,4.46,-20.0
2020-06-29 04:56:15,96,0.433,4.49,-20.0
2020-06-29 16:55:53,1,0.439,4.5,22.7
2020-06-29 16:55:53,2,0.447,4.5,-20.0
2020-06-29 16:55:53,3,0.419,4.51,-20.0
2020-06-29 16:55:53,4,0.452,4.46,-20.0
2020-06-29 16:55:53,5,0.438,4.51,-20.0
2020-06-29 16:55:53,6,0.369,4.48,-20.0
2020-06-29 16:55:53,7,0.403,4.47,-20.0
2020-06-29 16:55:53,8,0.378,4.49,-20.0
2020-06-29 16:55:53,9,0.415,4.47,-20.0
2020-06-29 16:55:53,10,0.401,4.49,-20.0
2020-06-29 16:55:53,11,0.404,4.44,-20.0
2020-06-29 16:55:53,12,0.37,4.47,-20.0
2020-06-29 16:55:53,13,0.405,4.47,21.7
2020-06-29 16:55:53,14,0.362,4.48,-20.0
2020-06-29 16:55:53,15,0.404,4.52,-20.0
2020-06-29 16:55:53,16,0.429,4.52,-20.0
2020-06-29 16:55:53,17,0.402,4.47,-20.0
2020-06-29 16:55:53,18,0.4,4.48,-20.0
2020-06-29 16:55:53,19,0.403,4.48,-20.0
2020-06-29 16:55:53,20,0.406,4.47,-20.0
2020-06-29 16:55:53,21,0.435,4.47,-20.0
2020-06-29 16:55:53,22,0.411,4.46,-20.0
2020-06-29 16:55:53,23,0.388,4.48,-20.0
2020-06-29 16:55:53,24,0.4,4.48,-20.0
2020-06-29 16:55:53,25,0.348,4.49,19.4
2020-06-29 16:55:53,26,0.407,4.49,-20.0
2020-06-29 16:55:53,27,0.452,4.47,-20.0
2020-06-29 16:55:53,28,0.434,4.48,-20.0
2020-06-29 16:55:53,29,0.412,4.47,-20.0
2020-06-29 16:55:53,30,0.32,4.47,-20.0
2020-06-29 16:55:53,31,0.324,4.47,-20.0
2020-06-29 16:55:53,32,0.342,4.46,-20.0
2020-06-29 16:55:53,33,0.423,4.48,-20.0
2020-06-29 16:55:53,34,0.367,4.48,-20.0
2020-06-29 16:55:53,35,0.351,4.48,-20.0
2020-06-29 16:55:53,36,0.328,4.49,-20.0
2020-06-29 16:55:53,37,0.409,4.48,19.7
2020-06-29 16:55:53,38,0.377,4.49,-20.0
2020-06-29 16:55:53,39,0.316,4.47,-20.0
2020-06-29 16:55:53,40,0.338,4.47,-20.0
2020-06-29 16:55:53,41,0.373,4.51,-20.0
2020-06-29 16:55:53,42,0.351,4.48,-20.0
2020-06-29 16:55:53,43,0.385,4.47,-20.0
2020-06-29 16:55:53,44,0.382,4.49,-20.0
2020-06-29 16:55:53,45,0.308,4.5,-20.0
2020-06-29 16:55:53,46,0.401,4.49,-20.0
2020-06-29 16:55:53,47,0.408,4.48,-20.0
2020-06-29 16:55:53,48,0.457,4.48,-20.0
2020-06-29 16:55:53,49,0.481,4.47,21.8
2020-06-29 16:55:53,50,0.438,4.46,-20.0
2020-06-29 16:55:53,51,0.38,4.46,-20.0
2020-06-29 16:55:53,52,0.402,4.46,-20.0
2020-06-29 16:55:53,53,0.344,4.45,-20.0
2020-06-29 16:55:53,54,0.383,4.46,-20.0
2020-06-29 16:55:53,55,0.357,4.43,-20.0
2020-06-29 16:55:53,56,0.333,4.43,-20.0
2020-06-29 16:55:53,57,0.398,4.42,-20.0
2020-06-29 16:55:53,58,0.384,4.42,-20.0
2020-06-29 16:55:53,59,0.398,4.44,-20.0
2020-06-29 16:55:53,60,0.373,4.46,-20.0
2020-06-29 16:55:53,61,0.37,4.49,19.1
2020-06-29 16:55:53,62,0.34,4.49,-20.0
2020-06-29 16:55:53,63,0.409,4.47,-20.0
2020-06-29 16:55:53,64,0.41,4.46,-20.0
2020-06-29 16:55:53,65,0.355,4.45,-20.0
2020-06-29 16:55:53,66,0.39,4.45,-20.0
2020-06-29 16:55:53,67,0.345,4.42,-20.0
2020-06-29 16:55:53,68,0.406,4.45,-20.0
2020-06-29 16:55:53,69,0.417,4.45,-20.0
2020-06-29 16:55:53,70,0.379,4.45,-20.0
2020-06-29 16:55:53,71,0.324,4.48,-20.0
2020-06-29 16:55:53,72,0.418,4.48,-20.0
2020-06-29 16:55:53,73,0.47,4.51,19.6
2020-06-29 16:55:53,74,0.436,4.49,-20.0
2020-06-29 16:55:53,75,0.428,4.46,-20.0
2020-06-29 16:55:53,76,0.346,4.44,-20.0
2020-06-29 16:55:53,77,0.364,4.5,-20.0
2020-06-29 16:55:53,78,0.374,4.47,-20.0
2020-06-29 16:55:53,79,0.396,4.5,-20.0
2020-06-29 16:55:53,80,0.444,4.51,-20.0
2020-06-29 16:55:53,81,0.392,4.51,-20.0
2020-06-29 16:55:53,82,0.351,4.51,-20.0
2020-06-29 16:55:53,83,0.362,4.5,-20.0
2020-06-29 16:55:53,84,0.408,4.49,-20.0
2020-06-29 16:55:53,85,0.381,4.48,20.4
2020-06-29 16:55:53,86,0.38,4.46,-20.0
2020-06-29 16:55:53,87,0.355,4.46,-20.0
2020-06-29 16:55:53,88,0.386,4.48,-20.0
2020-06-29 16:55:53,89,0.373,4.5,-20.0
2020-06-29 16:55:53,90,0.398,4.47,-20.0
2020-06-29 16:55:53,91,0.354,4.48,-20.0
2020-06-29 16:55:53,92,0.37,4.5,-20.0
2020-06-29 16:55:53,93,0.485,4.49,-20.0
2020-06-29 16:55:53,94,0.47,4.47,-20.0
2020-06-29 16:55:53,95,0.428,4.46,-20.0
2020-06-29 16:55:53,96,0.432,4.49,-20.0
2020-06-30 04:55:24,1,0.439,4.5,22.6
2020-06-30 04:55:24,2,0.446,4.5,-20.0
2020-06-30 04:55:24,3,0.42,4.51,-20.0
2020-06-30 04:55:24,4,0.452,4.47,-20.0
2020-06-30 04:55:24,5,0.441,4.5,-20.0
2020-06-30 04:55:24,6,0.371,4.49,-20.0
2020-06-30 04:55:24,7,0.402,4.47,-20.0
2020-06-30 04:55:24,8,0.377,4.5,-20.0
2020-06-30 04:55:24,9,0.415,4.48,-20.0
2020-06-30 04:55:24,10,0.399,4.48,-20.0
2020-06-30 04:55:24,11,0.402,4.44,-20.0
2020-06-30 04:55:24,12,0.367,4.45,-20.0
2020-06-30 04:55:24,13,0.404,4.47,21.6
2020-06-30 04:55:24,14,0.36,4.49,-20.0
2020-06-30 04:55:24,15,0.401,4.51,-20.0
2020-06-30 04:55:24,16,0.428,4.52,-20.0
2020-06-30 04:55:24,17,0.4,4.47,-20.0
2020-06-30 04:55:24,18,0.393,4.49,-20.0
2020-06-30 04:55:24,19,0.395,4.46,-20.0
2020-06-30 04:55:24,20,0.407,4.48,-20.0
2020-06-30 04:55:24,21,0.435,4.47,-20.0
2020-06-30 04:55:24,22,0.41,4.46,-20.0
2020-06-30 04:55:24,23,0.391,4.47,-20.0
2020-06-30 04:55:24,24,0.402,4.48,-20.0
2020-06-30 04:55:24,25,0.347,4.5,19.4
2020-06-30 04:55:24,26,0.406,4.48,-20.0
2020-06-30 04:55:24,27,0.453,4.47,-20.0
2020-06-30 04:55:24,28,0.434,4.47,-20.0
2020-06-30 04:55:24,29,0.414,4.46,-20.0
2020-06-30 04:55:24,30,0.323,4.47,-20.0
2020-06-30 04:55:24,31,0.323,4.47,-20.0
2020-06-30 04:55:24,32,0.346,4.47,-20.0
2020-06-30 04:55:24,33,0.423,4.48,-20.0
2020-06-30 04:55:24,34,0.371,4.48,-20.0
2020-06-30 04:55:24,35,0.353,4.48,-20.0
2020-06-30 04:55:24,36,0.33,4.5,-20.0
2020-06-30 04:55:24,37,0.406,4.47,19.7
2020-06-30 04:55:24,38,0.382,4.49,-20.0
2020-06-30 04:55:24,39,0.317,4.47,-20.0
2020-06-30 04:55:24,40,0.338,4.47,-20.0
2020-06-30 04:55:24,41,0.372,4.5,-20.0
2020-06-30 04:55:24,42,0.348,4.48,-20.0
2020-06-30 04:55:24,43,0.386,4.48,-20.0
2020-06-30 04:55:24,44,0.383,4.49,-20.0
2020-06-30 04:55:24,45,0.307,4.49,-20.0
2020-06-30 04:55:24,46,0.401,4.48,-20.0
2020-06-30 04:55:24,47,0.409,4.48,-20.0
2020-06-30 04:55:24,48,0.457,4.48,-20.0
2020-06-30 04:55:24,49,0.48,4.47,21.8
2020-06-30 04:55:24,50,0.438,4.47,-20.0
2020-06-30 04:55:24,51,0.38,4.46,-20.0
2020-06-30 04:55:24,52,0.404,4.46,-20.0
2020-06-30 04:55:24,53,0.344,4.44,-20.0
2020-06-30 04:55:24,54,0.384,4.45,-20.0
2020-06-30 04:55:24,55,0.36,4.42,-20.0
2020-06-30 04:55:24,56,0.33,4.42,-20.0
2020-06-30 04:55:24,57,0.4,4.42,-20.0
2020-06-30 04:55:24,58,0.386,4.42,-20.0
2020-06-30 04:55:24,59,0.399,4.44,-20.0
2020-06-30 04:55:24,60,0.374,4.45,-20.0
2020-06-30 04:55:24,61,0.369,4.49,19.1
2020-06-30 04:55:24,62,0.341,4.49,-20.0
2020-06-30 04:55:24,63,0.411,4.47,-20.0
2020-06-30 04:55:24,64,0.41,4.45,-20.0
2020-06-30 04:55:24,65,0.353,4.44,-20.0
2020-06-30 04:55:24,66,0.388,4.45,-20.0
2020-06-30 04:55:24,67,0.346,4.42,-20.0
2020-06-30 04:55:24,68,0.407,4.45,-20.0
2020-06-30 04:55:24,69,0.417,4.44,-20.0
2020-06-30 04:55:24,70,0.378,4.46,-20.0
2020-06-30 04:55:24,71,0.327,4.48,-20.0
2020-06-30 04:55:24,72,0.415,4.48,-20.0
2020-06-30 04:55:24,73,0.473,4.51,19.6
2020-06-30 04:55:24,74,0.441,4.49,-20.0
2020-06-30 04:55:24,75,0.427,4.46,-20.0
2020-06-30 04:55:24,76,0.345,4.44,-20.0
2020-06-30 04:55:24,77,0.364,4.49,-20.0
2020-06-30 04:55:24,78,0.372,4.47,-20.0
2020-06-30 04:55:24,79,0.393,4.5,-20.0
2020-06-30 04:55:24,80,0.443,4.5,-20.0
2020-06-30 04:55:24,81,0.392,4.51,-20.0
2020-06-30 04:55:24,82,0.353,4.51,-20.0
2020-06-30 04:55:24,83,0.365,4.5,-20.0
2020-06-30 04:55:24,84,0.41,4.49,-20.0
2020-06-30 04:55:24,85,0.383,4.49,20.4
2020-06-30 04:55:24,86,0.38,4.46,-20.0
2020-06-30 04:55:24,87,0.351,4.46,-20.0
2020-06-30 04:55:24,88,0.385,4.48,-20.0
2020-06-30 04:55:24,89,0.37,4.5,-20.0
2020-06-30 04:55:24,90,0.393,4.47,-20.0
2020-06-30 04:55:24,91,0.354,4.48,-20.0
2020-06-30 04:55:24,92,0.366,4.49,-20.0
2020-06-30 04:55:24,93,0.484,4.49,-20.0
2020-06-30 04:55:24,94,0.467,4.47,-20.0
2020-06-30 04:55:24,95,0.424,4.46,-20.0
2020-06-30 04:55:24,96,0.428,4.49,-20.0
2020-06-30 14:02:57,1,0.443,4.51,22.8
2020-06-30 14:02:57,2,0.437,4.5,-20.0
2020-06-30 14:02:57,3,0.419,4.51,-20.0
2020-06-30 14:02:57,4,0.448,4.47,-20.0
2020-06-30 14:02:57,5,0.444,4.5,-20.0
2020-06-30 14:02:57,6,0.367,4.49,-20.0
2020-06-30 14:02:57,7,0.38,4.47,-20.0
2020-06-30 14:02:57,8,0.356,4.5,-20.0
2020-06-30 14:02:57,9,0.413,4.46,-20.0
2020-06-30 14:02:57,10,0.39,4.49,-20.0
2020-06-30 14:02:57,11,0.396,4.46,-20.0
2020-06-30 14:02:57,12,0.375,4.45,-20.0
2020-06-30 14:02:57,13,0.395,4.47,21.8
2020-06-30 14:02:57,14,0.356,4.48,-20.0
2020-06-30 14:02:57,15,0.417,4.51,-20.0
2020-06-30 14:02:57,49,0.478,4.46,21.8
2020-06-30 14:02:57,50,0.435,4.46,-20.0
2020-06-30 14:02:57,51,0.383,4.46,-20.0
2020-06-30 14:02:57,52,0.4,4.46,-20.0
2020-06-30 14:02:57,53,0.344,4.45,-20.0
2020-06-30 14:02:57,54,0.384,4.46,-20.0
2020-06-30 14:02:57,55,0.364,4.43,-20.0
2020-06-30 14:02:57,56,0.329,4.42,-20.0
2020-06-30 14:02:57,57,0.405,4.42,-20.0
2020-06-30 14:02:57,58,0.393,4.42,-20.0
2020-06-30 14:02:57,59,0.406,4.43,-20.0
2020-06-30 14:02:57,60,0.389,4.45,-20.0
2020-06-30 14:02:57,61,0.368,4.49,19.2
2020-06-30 14:02:57,62,0.327,4.49,-20.0
2020-06-30 14:02:57,63,0.407,4.47,-20.0
2020-06-30 14:05:25,1,0.438,4.51,22.8
2020-06-30 14:05:25,2,0.45,4.5,-20.0
2020-06-30 14:05:25,3,0.421,4.51,-20.0
2020-06-30 14:05:25,4,0.448,4.47,-20.0
2020-06-30 14:05:25,5,0.442,4.51,-20.0
2020-06-30 14:05:25,6,0.361,4.49,-20.0
2020-06-30 14:05:25,7,0.398,4.47,-20.0
2020-06-30 14:05:25,8,0.373,4.5,-20.0
2020-06-30 14:05:25,9,0.413,4.47,-20.0
2020-06-30 14:05:25,10,0.396,4.48,-20.0
2020-06-30 14:05:25,11,0.389,4.45,-20.0
2020-06-30 14:05:25,12,0.341,4.46,-20.0
2020-06-30 14:05:25,13,0.394,4.46,21.8
2020-06-30 14:05:25,14,0.352,4.49,-20.0
2020-06-30 14:05:25,15,0.404,4.51,-20.0
2020-06-30 14:05:25,16,0.417,4.51,-20.0
2020-06-30 14:05:25,17,0.401,4.47,-20.0
2020-06-30 14:05:25,18,0.398,4.49,-20.0
2020-06-30 14:05:25,19,0.402,4.46,-20.0
2020-06-30 14:05:25,20,0.406,4.47,-20.0
2020-06-30 14:05:25,21,0.437,4.47,-20.0
2020-06-30 14:05:25,22,0.401,4.47,-20.0
2020-06-30 14:05:25,23,0.395,4.48,-20.0
2020-06-30 14:05:25,24,0.404,4.49,-20.0
2020-06-30 14:05:25,25,0.343,4.5,19.6
2020-06-30 14:05:25,26,0.408,4.48,-20.0
2020-06-30 14:05:25,27,0.471,4.46,-20.0
2020-06-30 14:05:25,28,0.436,4.47,-20.0
2020-06-30 14:05:25,29,0.42,4.46,-20.0
2020-06-30 14:05:25,30,0.331,4.47,-20.0
2020-06-30 14:05:25,31,0.334,4.45,-20.0
2020-06-30 14:05:25,32,0.363,4.47,-20.0
2020-06-30 14:05:25,33,0.431,4.48,-20.0
2020-06-30 14:05:25,34,0.379,4.49,-20.0
2020-06-30 14:05:25,35,0.357,4.49,-20.0
2020-06-30 14:05:25,36,0.335,4.5,-20.0
2020-06-30 14:05:25,37,0.412,4.48,20.0
2020-06-30 14:05:25,38,0.397,4.49,-20.0
2020-06-30 14:05:25,39,0.329,4.48,-20.0
2020-06-30 14:05:25,40,0.338,4.47,-20.0
2020-06-30 14:05:25,41,0.373,4.5,-20.0
2020-06-30 14:05:25,42,0.351,4.48,-20.0
2020-06-30 14:05:25,43,0.388,4.48,-20.0
2020-06-30 14:05:25,44,0.377,4.49,-20.0
2020-06-30 14:05:25,45,0.313,4.5,-20.0
2020-06-30 14:05:25,46,0.402,4.48,-20.0
2020-06-30 14:05:25,47,0.425,4.48,-20.0
2020-06-30 14:05:25,48,0.457,4.48,-20.0
2020-06-30 14:05:25,49,0.478,4.46,21.9
2020-06-30 14:05:25,50,0.431,4.47,-20.0
2020-06-30 14:05:25,51,0.374,4.46,-20.0
2020-06-30 14:05:25,52,0.4,4.46,-20.0
2020-06-30 14:05:25,53,0.348,4.44,-20.0
2020-06-30 14:05:25,54,0.385,4.46,-20.0
2020-06-30 14:05:25,55,0.352,4.43,-20.0
2020-06-30 14:05:25,56,0.332,4.43,-20.0
2020-06-30 14:05:25,57,0.393,4.42,-20.0
2020-06-30 14:05:25,58,0.392,4.42,-20.0
2020-06-30 14:05:25,59,0.4,4.44,-20.0
2020-06-30 14:05:25,60,0.386,4.45,-20.0
2020-06-30 14:05:25,61,0.366,4.49,19.2
2020-06-30 14:05:25,62,0.341,4.49,-20.0
2020-06-30 14:05:25,63,0.407,4.47,-20.0
2020-06-30 14:05:25,64,0.407,4.46,-20.0
2020-06-30 14:05:25,65,0.369,4.44,-20.0
2020-06-30 14:05:25,66,0.39,4.44,-20.0
2020-06-30 14:05:25,67,0.338,4.42,-20.0
2020-06-30 14:05:25,68,0.401,4.45,-20.0
2020-06-30 14:05:25,69,0.412,4.44,-20.0
2020-06-30 14:05:25,70,0.381,4.47,-20.0
2020-06-30 14:05:25,71,0.322,4.48,-20.0
2020-06-30 14:05:25,72,0.41,4.48,-20.0
2020-06-30 14:05:25,73,0.473,4.5,19.7
2020-06-30 14:05:25,74,0.435,4.49,-20.0
2020-06-30 14:05:25,75,0.422,4.46,-20.0
2020-06-30 14:05:25,76,0.337,4.44,-20.0
2020-06-30 14:05:25,77,0.366,4.5,-20.0
2020-06-30 14:05:25,78,0.345,4.47,-20.0
2020-06-30 14:05:25,79,0.377,4.5,-20.0
2020-06-30 14:05:25,80,0.441,4.51,-20.0
2020-06-30 14:05:25,81,0.376,4.5,-20.0
2020-06-30 14:05:25,82,0.348,4.51,-20.0
2020-06-30 14:05:25,83,0.361,4.5,-20.0
2020-06-30 14:05:25,84,0.413,4.5,-20.0
2020-06-30 14:05:25,85,0.381,4.49,20.6
2020-06-30 14:05:25,86,0.377,4.47,-20.0
2020-06-30 14:05:25,87,0.345,4.46,-20.0
2020-06-30 14:05:25,88,0.389,4.47,-20.0
2020-06-30 14:05:25,89,0.38,4.51,-20.0
2020-06-30 14:05:25,90,0.395,4.47,-20.0
2020-06-30 14:05:25,91,0.364,4.48,-20.0
2020-06-30 14:05:25,92,0.371,4.5,-20.0
2020-06-30 14:05:25,93,0.485,4.49,-20.0
2020-06-30 14:05:25,94,0.471,4.47,-20.0
2020-06-30 14:05:25,95,0.432,4.46,-20.0
2020-06-30 14:05:25,96,0.431,4.49,-20.0
2020-06-30 14:11:33,1,0.488,4.51,22.9
2020-06-30 14:11:33,2,0.5,4.51,-20.0
2020-06-30 14:11:33,3,0.433,4.52,-20.0
2020-06-30 14:11:33,4,0.46,4.48,-20.0
2020-06-30 14:11:33,5,0.456,4.5,-20.0
2020-06-30 14:11:33,6,0.512,4.49,-20.0
2020-06-30 14:11:33,7,0.679,4.48,-20.0
2020-06-30 14:11:33,8,0.657,4.5,-20.0
2020-06-30 14:11:33,9,0.23,4.48,-20.0
2020-06-30 14:11:33,10,0.411,4.49,-20.0
2020-06-30 14:11:33,11,0.412,4.44,-20.0
2020-06-30 14:11:33,12,0.722,4.46,-20.0
2020-06-30 14:11:33,13,0.415,4.47,21.8
2020-06-30 14:11:33,14,0.365,4.48,-20.0
2020-06-30 14:11:33,15,0.417,4.51,-20.0
2020-06-30 14:11:33,16,0.426,4.52,-20.0
2020-06-30 14:11:33,17,0.406,4.48,-20.0
2020-06-30 14:11:33,18,0.559,4.49,-20.0
2020-06-30 14:11:33,19,0.745,4.46,-20.0
2020-06-30 14:11:33,20,0.419,4.47,-20.0
2020-06-30 14:11:33,21,0.448,4.47,-20.0
2020-06-30 14:11:33,22,0.114,4.46,-20.0
2020-06-30 14:11:33,23,1.046,4.47,-20.0
2020-06-30 14:11:33,24,1.149,4.48,-20.0
2020-06-30 14:11:33,25,0.459,4.49,19.6
2020-06-30 14:11:33,26,0.413,4.49,-20.0
2020-06-30 14:11:33,27,1.048,4.46,-20.0
2020-06-30 14:11:33,28,0.744,4.46,-20.0
2020-06-30 14:11:33,29,1.177,4.47,-20.0
2020-06-30 14:11:33,30,0.497,4.48,-20.0
2020-06-30 14:11:33,31,0.572,4.45,-20.0
2020-06-30 14:11:33,32,1.282,4.47,-20.0
2020-06-30 14:11:33,33,0.828,4.48,-20.0
2020-06-30 14:11:33,34,1.278,4.48,-20.0
2020-06-30 14:11:33,35,0.469,4.48,-20.0
2020-06-30 14:11:33,36,0.566,4.49,-20.0
2020-06-30 14:11:33,37,1.469,4.47,20.0
2020-06-30 14:11:33,38,1.524,4.48,-20.0
2020-06-30 14:11:33,39,0.341,4.46,-20.0
2020-06-30 14:11:33,40,0.438,4.47,-20.0
2020-06-30 14:11:33,41,0.391,4.5,-20.0
2020-06-30 14:11:33,42,1.286,4.48,-20.0
2020-06-30 14:11:33,43,1.161,4.48,-20.0
2020-06-30 14:11:33,49,0.601,4.46,21.9
2020-06-30 14:11:33,50,0.387,4.47,-20.0
2020-06-30 14:11:33,51,0.395,4.47,-20.0
2020-06-30 14:11:33,52,0.415,4.46,-20.0
2020-06-30 14:11:33,53,0.356,4.45,-20.0
2020-06-30 14:11:33,54,0.396,4.46,-20.0
2020-06-30 14:11:33,55,1.197,4.43,-20.0
2020-06-30 14:11:33,56,0.346,4.43,-20.0
2020-06-30 14:11:33,57,0.409,4.43,-20.0
2020-06-30 14:11:33,58,0.399,4.42,-20.0
2020-06-30 14:11:33,59,1.483,4.44,-20.0
2020-06-30 14:11:33,60,1.513,4.45,-20.0
2020-06-30 14:11:33,61,0.551,4.49,19.2
2020-06-30 14:11:33,62,0.516,4.49,-20.0
2020-06-30 14:11:33,63,1.391,4.48,-20.0
2020-06-30 14:11:33,64,0.877,4.45,-20.0
2020-06-30 14:11:33,65,1.287,4.45,-20.0
2020-06-30 14:11:33,66,0.483,4.45,-20.0
2020-06-30 14:11:33,67,0.441,4.42,-20.0
2020-06-30 14:11:33,68,1.151,4.45,-20.0
2020-06-30 14:11:33,69,0.717,4.45,-20.0
2020-06-30 14:11:33,70,1.056,4.46,-20.0
2020-06-30 14:11:33,71,0.342,4.48,-20.0
2020-06-30 14:11:33,72,0.515,4.49,-20.0
2020-06-30 14:11:33,73,1.149,4.51,19.7
2020-06-30 14:11:33,74,1.076,4.49,-20.0
2020-06-30 14:11:33,75,0.144,4.46,-20.0
2020-06-30 14:11:33,76,0.462,4.44,-20.0
2020-06-30 14:11:33,77,0.483,4.5,-20.0
2020-06-30 14:11:33,78,0.828,4.47,-20.0
2020-06-30 14:11:33,79,0.609,4.49,-20.0
2020-06-30 14:11:33,80,0.45,4.51,-20.0
2020-06-30 14:11:33,81,0.397,4.51,-20.0
2020-06-30 14:11:33,82,0.427,4.51,-20.0
2020-06-30 14:11:33,83,0.369,4.5,-20.0
2020-06-30 14:11:33,84,0.42,4.49,-20.0
2020-06-30 14:11:33,85,0.658,4.48,20.6
2020-06-30 14:11:33,86,0.388,4.47,-20.0
2020-06-30 14:11:33,87,0.423,4.47,-20.0
2020-06-30 14:11:33,88,0.232,4.49,-20.0
2020-06-30 14:11:33,89,0.606,4.5,-20.0
2020-06-30 14:11:33,90,0.685,4.47,-20.0
2020-06-30 14:11:33,91,0.539,4.49,-20.0
2020-06-30 14:18:56,1,0.417,4.51,22.9
2020-06-30 14:18:56,2,0.421,4.51,-20.0
2020-06-30 14:18:56,3,0.417,4.52,-20.0
2020-06-30 14:18:56,4,0.419,4.48,-20.0
2020-06-30 14:18:56,5,0.405,4.51,-20.0
2020-06-30 14:18:56,6,0.421,4.49,-20.0
2020-06-30 14:18:56,7,0.404,4.48,-20.0
2020-06-30 14:18:56,8,0.421,4.5,-20.0
2020-06-30 14:18:56,9,0.419,4.48,-20.0
2020-06-30 14:18:56,10,0.416,4.49,-20.0
2020-06-30 14:18:56,11,0.42,4.45,-20.0
2020-06-30 14:18:56,12,0.426,4.46,-20.0
2020-06-30 14:18:56,13,0.426,4.47,21.8
2020-06-30 14:18:56,14,0.422,4.47,-20.0
2020-06-30 14:18:56,15,0.419,4.51,-20.0
2020-06-30 14:18:56,16,0.422,4.52,-20.0
2020-06-30 14:18:56,17,0.428,4.48,-20.0
2020-06-30 14:18:56,18,0.411,4.49,-20.0
2020-06-30 14:18:56,19,0.398,4.47,-20.0
2020-06-30 14:18:56,20,0.398,4.47,-20.0
2020-06-30 14:18:56,21,0.41,4.48,-20.0
2020-06-30 14:18:56,22,0.43,4.47,-20.0
2020-06-30 14:18:56,23,0.385,4.48,-20.0
2020-06-30 14:18:56,24,0.409,4.48,-20.0
2020-06-30 14:18:56,25,0.417,4.5,19.5
2020-06-30 14:18:56,26,0.427,4.49,-20.0
2020-06-30 14:18:56,27,0.417,4.46,-20.0
2020-06-30 14:18:56,28,0.425,4.47,-20.0
2020-06-30 14:18:56,29,0.419,4.46,-20.0
2020-06-30 14:18:56,30,0.412,4.47,-20.0
2020-06-30 14:18:56,31,0.421,4.47,-20.0
2020-06-30 14:18:56,32,0.422,4.46,-20.0
2020-06-30 14:18:56,33,0.42,4.47,-20.0
2020-06-30 14:18:56,34,0.426,4.49,-20.0
2020-06-30 14:18:56,35,0.416,4.48,-20.0
2020-06-30 14:18:56,36,0.417,4.5,-20.0
2020-06-30 14:18:56,37,0.415,4.47,20.0
2020-06-30 14:18:56,38,0.423,4.48,-20.0
2020-06-30 14:18:56,39,0.42,4.47,-20.0
2020-06-30 14:18:56,40,0.416,4.48,-20.0
2020-06-30 14:18:56,41,0.411,4.5,-20.0
2020-06-30 14:18:56,42,0.415,4.48,-20.0
2020-06-30 14:18:56,43,0.418,4.47,-20.0
2020-06-30 14:18:56,44,0.429,4.5,-20.0
2020-06-30 14:18:56,45,0.419,4.5,-20.0
2020-06-30 14:18:56,46,0.426,4.48,-20.0
2020-06-30 14:18:56,47,0.427,4.48,-20.0
2020-06-30 14:18:56,48,0.419,4.48,-20.0
2020-06-30 14:18:56,49,0.413,4.46,21.9
2020-06-30 14:18:56,50,0.441,4.47,-20.0
2020-06-30 14:18:56,51,0.411,4.47,-20.0
2020-06-30 14:18:56,52,0.409,4.46,-20.0
2020-06-30 14:18:56,53,0.42,4.45,-20.0
2020-06-30 14:18:56,54,0.42,4.46,-20.0
2020-06-30 14:18:56,55,0.414,4.43,-20.0
2020-06-30 14:18:56,56,0.416,4.43,-20.0
2020-06-30 14:18:56,57,0.423,4.43,-20.0
2020-06-30 14:18:56,58,0.416,4.42,-20.0
2020-06-30 14:18:56,59,0.424,4.44,-20.0
2020-06-30 14:18:56,60,0.433,4.46,-20.0
2020-06-30 14:18:56,61,0.431,4.49,19.2
2020-06-30 14:18:56,62,0.426,4.48,-20.0
2020-06-30 14:18:56,63,0.415,4.47,-20.0
2020-06-30 14:18:56,64,0.42,4.46,-20.0
2020-06-30 14:18:56,65,0.415,4.44,-20.0
2020-06-30 14:18:56,66,0.425,4.45,-20.0
2020-06-30 14:18:56,67,0.419,4.44,-20.0
2020-06-30 14:18:56,68,0.42,4.45,-20.0
2020-06-30 14:18:56,69,0.412,4.45,-20.0
2020-06-30 14:18:56,70,0.423,4.46,-20.0
2020-06-30 14:18:56,71,0.433,4.48,-20.0
2020-06-30 14:18:56,72,0.425,4.48,-20.0
2020-06-30 14:18:56,73,0.418,4.51,19.7
2020-06-30 14:18:56,74,0.414,4.49,-20.0
2020-06-30 14:18:56,75,0.426,4.46,-20.0
2020-06-30 14:18:56,76,0.435,4.44,-20.0
2020-06-30 14:18:56,77,0.427,4.5,-20.0
2020-06-30 14:18:56,78,0.414,4.47,-20.0
2020-06-30 14:18:56,79,0.417,4.49,-20.0
2020-06-30 14:18:56,80,0.43,4.5,-20.0
2020-06-30 14:18:56,81,0.43,4.51,-20.0
2020-06-30 14:18:56,82,0.424,4.51,-20.0
2020-06-30 14:18:56,83,0.421,4.51,-20.0
2020-06-30 14:18:56,84,0.419,4.49,-20.0
2020-06-30 14:18:56,85,0.394,4.49,20.6
2020-06-30 14:18:56,86,0.423,4.46,-20.0
2020-06-30 14:18:56,87,0.434,4.46,-20.0
2020-06-30 14:18:56,88,0.42,4.48,-20.0
2020-06-30 14:18:56,89,0.429,4.5,-20.0
2020-06-30 14:18:56,90,0.421,4.47,-20.0
2020-06-30 14:18:56,91,0.43,4.48,-20.0
2020-06-30 14:18:56,92,0.414,4.49,-20.0
2020-06-30 14:18:56,93,0.425,4.49,-20.0
2020-06-30 14:18:56,94,0.432,4.47,-20.0
2020-06-30 14:18:56,95,0.424,4.46,-20.0
2020-06-30 14:18:56,96,0.413,4.49,-20.0
2020-06-30 14:24:13,1,0.426,4.5,22.9
2020-06-30 14:24:13,49,0.672,4.46,22.0
2020-06-30 14:24:16,2,0.421,4.51,-20.0
2020-06-30 14:24:16,50,0.441,4.46,-20.0
2020-06-30 14:24:48,1,0.427,4.5,22.9
2020-06-30 14:24:48,49,0.599,4.45,21.9
2020-06-30 14:24:51,2,0.421,4.5,-20.0
2020-06-30 14:24:51,50,0.441,4.47,-20.0
2020-06-30 14:24:57,3,0.417,4.52,-20.0
2020-06-30 14:24:57,51,0.411,4.47,-20.0
2020-06-30 14:25:03,4,0.419,4.46,-20.0
2020-06-30 14:25:03,52,0.409,4.46,-20.0
2020-06-30 14:25:09,5,0.405,4.51,-20.0
2020-06-30 14:25:09,53,0.42,4.45,-20.0
2020-06-30 14:25:30,1,0.42,4.5,22.9
2020-06-30 14:25:30,49,0.486,4.46,21.9
2020-06-30 14:25:33,2,0.421,4.5,-20.0
2020-06-30 14:25:33,50,0.441,4.47,-20.0
2020-06-30 14:25:36,1,0.419,4.5,22.9
2020-06-30 14:25:36,2,0.421,4.5,-20.0
2020-06-30 14:25:36,49,0.488,4.46,22.0
2020-06-30 14:25:36,50,0.441,4.47,-20.0
2020-06-30 14:29:13,1,0.427,4.5,22.9
2020-06-30 14:29:13,2,0.419,4.5,-20.0
2020-06-30 14:29:13,3,0.42,4.52,-20.0
2020-06-30 14:29:13,4,0.417,4.48,-20.0
2020-06-30 14:29:13,5,0.416,4.51,-20.0
2020-06-30 14:29:13,6,0.414,4.48,-20.0
2020-06-30 14:29:13,7,0.415,4.48,-20.0
2020-06-30 14:29:13,8,0.41,4.49,-20.0
2020-06-30 14:29:13,9,0.422,4.48,-20.0
2020-06-30 14:29:13,10,0.411,4.49,-20.0
2020-06-30 14:29:13,11,0.412,4.45,-20.0
2020-06-30 14:29:13,12,0.394,4.46,-20.0
2020-06-30 14:29:13,13,0.407,4.47,21.8
2020-06-30 14:29:13,14,0.415,4.5,-20.0
2020-06-30 14:29:13,15,0.424,4.51,-20.0
2020-06-30 14:29:13,16,0.426,4.51,-20.0
2020-06-30 14:29:13,17,0.418,4.48,-20.0
2020-06-30 14:29:13,18,0.429,4.49,-20.0
2020-06-30 14:29:13,19,0.444,4.46,-20.0
2020-06-30 14:29:13,20,0.414,4.48,-20.0
2020-06-30 14:29:13,21,0.418,4.47,-20.0
2020-06-30 14:29:13,22,0.418,4.47,-20.0
2020-06-30 14:29:13,23,0.457,4.47,-20.0
2020-06-30 14:29:13,24,0.416,4.49,-20.0
2020-06-30 14:29:13,25,0.428,4.49,19.6
2020-06-30 14:29:13,26,0.427,4.48,-20.0
2020-06-30 14:29:13,27,0.416,4.47,-20.0
2020-06-30 14:29:13,28,0.414,4.46,-20.0
2020-06-30 14:29:13,29,0.429,4.45,-20.0
2020-06-30 14:29:13,30,0.423,4.46,-20.0
2020-06-30 14:29:13,31,0.426,4.46,-20.0
2020-06-30 14:29:13,32,0.412,4.47,-20.0
2020-06-30 14:29:13,33,0.416,4.49,-20.0
2020-06-30 14:29:13,34,0.428,4.48,-20.0
2020-06-30 14:29:13,35,0.418,4.48,-20.0
2020-06-30 14:29:13,36,0.408,4.5,-20.0
2020-06-30 14:29:13,37,0.4,4.48,20.0
2020-06-30 14:29:13,38,0.415,4.48,-20.0
2020-06-30 14:29:13,39,0.408,4.47,-20.0
2020-06-30 14:29:13,40,0.424,4.47,-20.0
2020-06-30 14:29:13,41,0.416,4.49,-20.0
2020-06-30 14:29:13,42,0.404,4.47,-20.0
2020-06-30 14:29:13,43,0.428,4.48,-20.0
2020-06-30 14:29:13,44,0.432,4.49,-20.0
2020-06-30 14:29:13,45,0.417,4.49,-20.0
2020-06-30 14:29:13,46,0.415,4.5,-20.0
2020-06-30 14:29:13,47,0.404,4.48,-20.0
2020-06-30 14:29:13,48,0.409,4.49,-20.0
2020-06-30 14:29:13,49,0.496,4.45,22.0
2020-06-30 14:29:13,50,0.427,4.46,-20.0
2020-06-30 14:29:13,51,0.417,4.47,-20.0
2020-06-30 14:29:13,52,0.427,4.46,-20.0
2020-06-30 14:29:13,53,0.431,4.45,-20.0
2020-06-30 14:29:13,54,0.425,4.46,-20.0
2020-06-30 14:29:13,55,0.421,4.43,-20.0
2020-06-30 14:29:13,56,0.423,4.43,-20.0
2020-06-30 14:29:13,57,0.435,4.42,-20.0
2020-06-30 14:29:13,58,0.421,4.42,-20.0
2020-06-30 14:29:13,59,0.415,4.44,-20.0
2020-06-30 14:29:13,60,0.407,4.46,-20.0
2020-06-30 14:29:13,61,0.418,4.5,19.2
2020-06-30 14:29:13,62,0.417,4.49,-20.0
2020-06-30 14:29:13,63,0.427,4.47,-20.0
2020-06-30 14:29:13,64,0.415,4.45,-20.0
2020-06-30 14:29:13,65,0.422,4.44,-20.0
2020-06-30 14:29:13,66,0.418,4.45,-20.0
2020-06-30 14:29:13,67,0.418,4.43,-20.0
2020-06-30 14:29:13,68,0.422,4.46,-20.0
2020-06-30 14:29:13,69,0.416,4.45,-20.0
2020-06-30 14:29:13,70,0.412,4.46,-20.0
2020-06-30 14:29:13,71,0.417,4.48,-20.0
2020-06-30 14:29:13,72,0.427,4.49,-20.0
2020-06-30 14:29:13,73,0.416,4.51,19.7
2020-06-30 14:29:13,74,0.382,4.5,-20.0
2020-06-30 14:29:13,75,0.442,4.46,-20.0
2020-06-30 14:29:13,76,0.42,4.44,-20.0
2020-06-30 14:29:13,77,0.42,4.5,-20.0
2020-06-30 14:29:13,78,0.382,4.46,-20.0
2020-06-30 14:29:13,79,0.403,4.49,-20.0
2020-06-30 14:29:13,80,0.419,4.51,-20.0
2020-06-30 14:29:13,81,0.431,4.51,-20.0
2020-06-30 14:29:13,82,0.427,4.52,-20.0
2020-06-30 14:29:13,83,0.425,4.51,-20.0
2020-06-30 14:29:13,84,0.422,4.49,-20.0
2020-06-30 14:29:13,85,0.421,4.48,20.6
2020-06-30 14:29:13,86,0.418,4.46,-20.0
2020-06-30 14:29:13,87,0.431,4.47,-20.0
2020-06-30 14:29:13,88,0.421,4.48,-20.0
2020-06-30 14:29:13,89,0.429,4.5,-20.0
2020-06-30 14:29:13,90,0.425,4.47,-20.0
2020-06-30 14:29:13,91,0.425,4.49,-20.0
2020-06-30 14:29:13,92,0.407,4.49,-20.0
2020-06-30 14:29:13,93,0.425,4.49,-20.0
2020-06-30 14:29:13,94,0.438,4.47,-20.0
2020-06-30 14:29:13,95,0.437,4.46,-20.0
2020-06-30 14:29:13,96,0.42,4.49,-20.0
2020-07-01 02:28:43,1,0.424,4.51,22.7
2020-07-01 02:28:43,2,0.418,4.51,-20.0
2020-07-01 02:28:43,3,0.422,4.52,-20.0
2020-07-01 02:28:43,4,0.416,4.48,-20.0
2020-07-01 02:28:43,5,0.415,4.5,-20.0
2020-07-01 02:28:43,6,0.418,4.48,-20.0
2020-07-01 02:28:43,7,0.416,4.48,-20.0
2020-07-01 02:28:43,8,0.409,4.5,-20.0
2020-07-01 02:28:43,9,0.421,4.47,-20.0
2020-07-01 02:28:43,10,0.413,4.49,-20.0
2020-07-01 02:28:43,11,0.414,4.44,-20.0
2020-07-01 02:28:43,12,0.403,4.46,-20.0
2020-07-01 02:28:43,13,0.408,4.46,21.7
2020-07-01 02:28:43,14,0.416,4.49,-20.0
2020-07-01 02:28:43,15,0.423,4.52,-20.0
2020-07-01 02:28:43,16,0.43,4.51,-20.0
2020-07-01 02:28:43,17,0.418,4.48,-20.0
2020-07-01 02:28:43,18,0.428,4.48,-20.0
2020-07-01 02:28:43,19,0.441,4.47,-20.0
2020-07-01 02:28:43,20,0.414,4.47,-20.0
2020-07-01 02:28:43,21,0.414,4.47,-20.0
2020-07-01 02:28:43,22,0.42,4.46,-20.0
2020-07-01 02:28:43,23,0.448,4.48,-20.0
2020-07-01 02:28:43,24,0.405,4.49,-20.0
2020-07-01 02:28:43,25,0.426,4.5,19.4
2020-07-01 02:28:43,26,0.423,4.48,-20.0
2020-07-01 02:28:43,27,0.405,4.46,-20.0
2020-07-01 02:28:43,28,0.413,4.48,-20.0
2020-07-01 02:28:43,29,0.419,4.47,-20.0
2020-07-01 02:28:43,30,0.417,4.47,-20.0
2020-07-01 02:28:43,31,0.422,4.46,-20.0
2020-07-01 02:28:43,32,0.41,4.47,-20.0
2020-07-01 02:28:43,33,0.416,4.48,-20.0
2020-07-01 02:28:43,34,0.426,4.49,-20.0
2020-07-01 02:28:43,35,0.414,4.48,-20.0
2020-07-01 02:28:43,36,0.408,4.5,-20.0
2020-07-01 02:28:43,37,0.408,4.49,19.8
2020-07-01 02:28:43,38,0.415,4.49,-20.0
2020-07-01 02:28:43,39,0.41,4.46,-20.0
2020-07-01 02:28:43,40,0.422,4.47,-20.0
2020-07-01 02:28:43,41,0.418,4.49,-20.0
2020-07-01 02:28:43,42,0.406,4.49,-20.0
2020-07-01 02:28:43,43,0.424,4.48,-20.0
2020-07-01 02:28:43,44,0.433,4.49,-20.0
2020-07-01 02:28:43,45,0.418,4.49,-20.0
2020-07-01 02:28:43,46,0.419,4.48,-20.0
2020-07-01 02:28:43,47,0.412,4.48,-20.0
2020-07-01 02:28:43,48,0.415,4.47,-20.0
2020-07-01 02:28:43,49,0.492,4.47,21.9
2020-07-01 02:28:43,50,0.427,4.47,-20.0
2020-07-01 02:28:43,51,0.418,4.46,-20.0
2020-07-01 02:28:43,52,0.426,4.46,-20.0
2020-07-01 02:28:43,53,0.426,4.45,-20.0
2020-07-01 02:28:43,54,0.425,4.46,-20.0
2020-07-01 02:28:43,55,0.421,4.43,-20.0
2020-07-01 02:28:43,56,0.421,4.43,-20.0
2020-07-01 02:28:43,57,0.429,4.42,-20.0
2020-07-01 02:28:43,58,0.419,4.43,-20.0
2020-07-01 02:28:43,59,0.419,4.44,-20.0
2020-07-01 02:28:43,60,0.41,4.45,-20.0
2020-07-01 02:28:43,61,0.418,4.48,19.2
2020-07-01 02:28:43,62,0.415,4.49,-20.0
2020-07-01 02:28:43,63,0.426,4.48,-20.0
2020-07-01 02:28:43,64,0.417,4.46,-20.0
2020-07-01 02:28:43,65,0.421,4.44,-20.0
2020-07-01 02:28:43,66,0.419,4.45,-20.0
2020-07-01 02:28:43,67,0.417,4.43,-20.0
2020-07-01 02:28:43,68,0.42,4.45,-20.0
2020-07-01 02:28:43,69,0.417,4.44,-20.0
2020-07-01 02:28:43,70,0.415,4.46,-20.0
2020-07-01 02:28:43,71,0.417,4.48,-20.0
2020-07-01 02:28:43,72,0.422,4.49,-20.0
2020-07-01 02:28:43,73,0.415,4.51,19.6
2020-07-01 02:28:43,74,0.388,4.49,-20.0
2020-07-01 02:28:43,75,0.44,4.47,-20.0
2020-07-01 02:28:43,76,0.422,4.45,-20.0
2020-07-01 02:28:43,77,0.422,4.5,-20.0
2020-07-01 02:28:43,78,0.389,4.46,-20.0
2020-07-01 02:28:43,79,0.404,4.5,-20.0
2020-07-01 02:28:43,80,0.422,4.52,-20.0
2020-07-01 02:28:43,81,0.431,4.51,-20.0
2020-07-01 02:28:43,82,0.424,4.51,-20.0
2020-07-01 02:28:43,83,0.426,4.5,-20.0
2020-07-01 02:28:43,84,0.423,4.49,-20.0
2020-07-01 02:28:43,85,0.423,4.48,20.5
2020-07-01 02:28:43,86,0.419,4.46,-20.0
2020-07-01 02:28:43,87,0.429,4.46,-20.0
2020-07-01 02:28:43,88,0.421,4.47,-20.0
2020-07-01 02:28:43,89,0.427,4.5,-20.0
2020-07-01 02:28:43,90,0.423,4.47,-20.0
2020-07-01 02:28:43,91,0.425,4.48,-20.0
2020-07-01 02:28:43,92,0.407,4.49,-20.0
2020-07-01 02:28:43,93,0.423,4.48,-20.0
2020-07-01 02:28:43,94,0.436,4.47,-20.0
2020-07-01 02:28:43,95,0.433,4.46,-20.0
2020-07-01 02:28:43,96,0.419,4.48,-20.0
2020-07-01 14:28:12,1,0.424,4.51,22.9
2020-07-01 14:28:12,2,0.417,4.5,-20.0
2020-07-01 14:28:12,3,0.422,4.52,-20.0
2020-07-01 14:28:12,4,0.417,4.47,-20.0
2020-07-01 14:28:12,5,0.413,4.5,-20.0
2020-07-01 14:28:12,6,0.418,4.48,-20.0
2020-07-01 14:28:12,7,0.415,4.48,-20.0
2020-07-01 14:28:12,8,0.41,4.5,-20.0
2020-07-01 14:28:12,9,0.421,4.47,-20.0
2020-07-01 14:28:12,10,0.416,4.49,-20.0
2020-07-01 14:28:12,11,0.418,4.45,-20.0
2020-07-01 14:28:12,12,0.407,4.45,-20.0
2020-07-01 14:28:12,13,0.409,4.47,21.8
2020-07-01 14:28:12,14,0.417,4.48,-20.0
2020-07-01 14:28:12,15,0.422,4.5,-20.0
2020-07-01 14:28:12,16,0.428,4.51,-20.0
2020-07-01 14:28:12,17,0.42,4.48,-20.0
2020-07-01 14:28:12,18,0.428,4.48,-20.0
2020-07-01 14:28:12,19,0.444,4.47,-20.0
2020-07-01 14:28:12,20,0.414,4.47,-20.0
2020-07-01 14:28:12,21,0.414,4.48,-20.0
2020-07-01 14:28:12,22,0.421,4.47,-20.0
2020-07-01 14:28:12,23,0.451,4.48,-20.0
2020-07-01 14:28:12,24,0.404,4.48,-20.0
2020-07-01 14:28:12,25,0.421,4.49,19.5
2020-07-01 14:28:12,26,0.422,4.49,-20.0
2020-07-01 14:28:12,27,0.406,4.47,-20.0
2020-07-01 14:28:12,28,0.414,4.47,-20.0
2020-07-01 14:28:12,29,0.412,4.46,-20.0
2020-07-01 14:28:12,30,0.417,4.48,-20.0
2020-07-01 14:28:12,31,0.42,4.47,-20.0
2020-07-01 14:28:12,32,0.41,4.47,-20.0
2020-07-01 14:28:12,33,0.416,4.48,-20.0
2020-07-01 14:28:12,34,0.422,4.48,-20.0
2020-07-01 14:28:12,35,0.414,4.48,-20.0
2020-07-01 14:28:12,36,0.409,4.5,-20.0
2020-07-01 14:28:12,37,0.412,4.47,19.8
2020-07-01 14:28:12,38,0.418,4.48,-20.0
2020-07-01 14:28:12,39,0.412,4.46,-20.0
2020-07-01 14:28:12,40,0.423,4.47,-20.0
2020-07-01 14:28:12,41,0.416,4.5,-20.0
2020-07-01 14:28:12,42,0.406,4.49,-20.0
2020-07-01 14:28:12,43,0.42,4.47,-20.0
2020-07-01 14:28:12,44,0.433,4.5,-20.0
2020-07-01 14:28:12,45,0.42,4.5,-20.0
2020-07-01 14:28:12,46,0.419,4.49,-20.0
2020-07-01 14:28:12,47,0.412,4.48,-20.0
2020-07-01 14:28:12,48,0.42,4.48,-20.0
2020-07-01 14:28:12,49,0.485,4.46,21.9
2020-07-01 14:28:12,50,0.419,4.47,-20.0
2020-07-01 14:28:12,51,0.416,4.46,-20.0
2020-07-01 14:28:12,52,0.422,4.46,-20.0
2020-07-01 14:28:12,53,0.424,4.44,-20.0
2020-07-01 14:28:12,54,0.423,4.46,-20.0
2020-07-01 14:28:12,55,0.409,4.43,-20.0
2020-07-01 14:28:12,56,0.416,4.43,-20.0
2020-07-01 14:28:12,57,0.425,4.42,-20.0
2020-07-01 14:28:12,58,0.415,4.42,-20.0
2020-07-01 14:28:12,59,0.421,4.44,-20.0
2020-07-01 14:28:12,60,0.415,4.46,-20.0
2020-07-01 14:28:12,61,0.419,4.48,19.2
2020-07-01 14:28:12,62,0.415,4.49,-20.0
2020-07-01 14:28:12,63,0.422,4.47,-20.0
2020-07-01 14:28:12,64,0.416,4.46,-20.0
2020-07-01 14:28:12,65,0.418,4.44,-20.0
2020-07-01 14:28:12,66,0.42,4.45,-20.0
2020-07-01 14:28:12,67,0.42,4.42,-20.0
2020-07-01 14:28:12,68,0.42,4.45,-20.0
2020-07-01 14:28:12,69,0.418,4.45,-20.0
2020-07-01 14:28:12,70,0.411,4.46,-20.0
2020-07-01 14:28:12,71,0.419,4.48,-20.0
2020-07-01 14:28:12,72,0.422,4.48,-20.0
2020-07-01 14:28:12,73,0.419,4.51,19.6
2020-07-01 14:28:12,74,0.393,4.5,-20.0
2020-07-01 14:28:12,75,0.437,4.47,-20.0
2020-07-01 14:28:12,76,0.423,4.44,-20.0
2020-07-01 14:28:12,77,0.421,4.5,-20.0
2020-07-01 14:28:12,78,0.394,4.47,-20.0
2020-07-01 14:28:12,79,0.407,4.49,-20.0
2020-07-01 14:28:12,80,0.426,4.51,-20.0
2020-07-01 14:28:12,81,0.431,4.51,-20.0
2020-07-01 14:28:12,82,0.426,4.51,-20.0
2020-07-01 14:28:12,83,0.429,4.5,-20.0
2020-07-01 14:28:12,84,0.425,4.49,-20.0
2020-07-01 14:28:12,85,0.422,4.48,20.6
2020-07-01 14:28:12,86,0.42,4.46,-20.0
2020-07-01 14:28:12,87,0.432,4.46,-20.0
2020-07-01 14:28:12,88,0.422,4.48,-20.0
2020-07-01 14:28:12,89,0.425,4.5,-20.0
2020-07-01 14:28:12,90,0.419,4.47,-20.0
2020-07-01 14:28:12,91,0.425,4.48,-20.0
2020-07-01 14:28:12,92,0.405,4.49,-20.0
2020-07-01 14:28:12,93,0.422,4.49,-20.0
2020-07-01 14:28:12,94,0.433,4.47,-20.0
2020-07-01 14:28:12,95,0.429,4.45,-20.0
2020-07-01 14:28:12,96,0.415,4.49,-20.0
2020-07-02 02:27:38,1,0.423,4.51,23.1
2020-07-02 02:27:38,2,0.418,4.5,-20.0
2020-07-02 02:27:38,3,0.421,4.52,-20.0
2020-07-02 02:27:38,4,0.419,4.48,-20.0
2020-07-02 02:27:38,5,0.415,4.5,-20.0
2020-07-02 02:27:38,6,0.42,4.49,-20.0
2020-07-02 02:27:38,7,0.415,4.48,-20.0
2020-07-02 02:27:38,8,0.408,4.5,-20.0
2020-07-02 02:27:38,9,0.419,4.46,-20.0
2020-07-02 02:27:38,10,0.416,4.48,-20.0
2020-07-02 02:27:38,11,0.42,4.44,-20.0
2020-07-02 02:27:38,12,0.409,4.45,-20.0
2020-07-02 02:27:38,13,0.41,4.48,21.9
2020-07-02 02:27:38,14,0.418,4.48,-20.0
2020-07-02 02:27:38,15,0.419,4.51,-20.0
2020-07-02 02:27:38,16,0.426,4.51,-20.0
2020-07-02 02:27:38,17,0.416,4.48,-20.0
2020-07-02 02:27:38,18,0.426,4.49,-20.0
2020-07-02 02:27:38,19,0.437,4.47,-20.0
2020-07-02 02:27:38,20,0.413,4.48,-20.0
2020-07-02 02:27:38,21,0.413,4.47,-20.0
2020-07-02 02:27:38,22,0.421,4.46,-20.0
2020-07-02 02:27:38,23,0.44,4.47,-20.0
2020-07-02 02:27:38,24,0.392,4.48,-20.0
2020-07-02 02:27:38,25,0.42,4.49,19.6
2020-07-02 02:27:38,26,0.424,4.48,-20.0
2020-07-02 02:27:38,27,0.408,4.46,-20.0
2020-07-02 02:27:38,28,0.413,4.47,-20.0
2020-07-02 02:27:38,29,0.414,4.46,-20.0
2020-07-02 02:27:38,30,0.418,4.47,-20.0
2020-07-02 02:27:38,31,0.422,4.46,-20.0
2020-07-02 02:27:38,32,0.412,4.47,-20.0
2020-07-02 02:27:38,33,0.417,4.49,-20.0
2020-07-02 02:27:38,34,0.423,4.5,-20.0
2020-07-02 02:27:38,35,0.417,4.48,-20.0
2020-07-02 02:27:38,36,0.407,4.5,-20.0
2020-07-02 02:27:38,37,0.411,4.48,20.0
2020-07-02 02:27:38,38,0.421,4.48,-20.0
2020-07-02 02:27:38,39,0.415,4.46,-20.0
2020-07-02 02:27:38,40,0.42,4.47,-20.0
2020-07-02 02:27:38,41,0.418,4.5,-20.0
2020-07-02 02:27:38,42,0.406,4.48,-20.0
2020-07-02 02:27:38,43,0.42,4.47,-20.0
2020-07-02 02:27:38,44,0.43,4.48,-20.0
2020-07-02 02:27:38,45,0.418,4.49,-20.0
2020-07-02 02:27:38,46,0.416,4.49,-20.0
2020-07-02 02:27:38,47,0.414,4.48,-20.0
2020-07-02 02:27:38,48,0.418,4.48,-20.0
2020-07-02 02:27:38,49,0.485,4.46,22.2
2020-07-02 02:27:38,50,0.426,4.47,-20.0
2020-07-02 02:27:38,51,0.417,4.46,-20.0
2020-07-02 02:27:38,52,0.423,4.46,-20.0
2020-07-02 02:27:38,53,0.422,4.45,-20.0
2020-07-02 02:27:38,54,0.421,4.46,-20.0
2020-07-02 02:27:38,55,0.406,4.43,-20.0
2020-07-02 02:27:38,56,0.414,4.42,-20.0
2020-07-02 02:27:38,57,0.424,4.42,-20.0
2020-07-02 02:27:38,58,0.415,4.42,-20.0
2020-07-02 02:27:38,59,0.422,4.44,-20.0
2020-07-02 02:27:38,60,0.414,4.45,-20.0
2020-07-02 02:27:38,61,0.42,4.48,19.5
2020-07-02 02:27:38,62,0.414,4.49,-20.0
2020-07-02 02:27:38,63,0.42,4.47,-20.0
2020-07-02 02:27:38,64,0.415,4.46,-20.0
2020-07-02 02:27:38,65,0.419,4.44,-20.0
2020-07-02 02:27:38,66,0.422,4.45,-20.0
2020-07-02 02:27:38,67,0.42,4.43,-20.0
2020-07-02 02:27:38,68,0.418,4.45,-20.0
2020-07-02 02:27:38,69,0.42,4.44,-20.0
2020-07-02 02:27:38,70,0.414,4.46,-20.0
2020-07-02 02:27:38,71,0.419,4.47,-20.0
2020-07-02 02:27:38,72,0.42,4.49,-20.0
2020-07-02 02:27:38,73,0.417,4.52,19.8
2020-07-02 02:27:38,74,0.397,4.5,-20.0
2020-07-02 02:27:38,75,0.433,4.46,-20.0
2020-07-02 02:27:38,76,0.422,4.45,-20.0
2020-07-02 02:27:38,77,0.422,4.5,-20.0
2020-07-02 02:27:38,78,0.399,4.48,-20.0
2020-07-02 02:27:38,79,0.41,4.5,-20.0
2020-07-02 02:27:38,80,0.423,4.5,-20.0
2020-07-02 02:27:38,81,0.431,4.51,-20.0
2020-07-02 02:27:38,82,0.426,4.51,-20.0
2020-07-02 02:27:38,83,0.43,4.51,-20.0
2020-07-02 02:27:38,84,0.424,4.49,-20.0
2020-07-02 02:27:38,85,0.416,4.49,20.8
2020-07-02 02:27:38,86,0.42,4.47,-20.0
2020-07-02 02:27:38,87,0.431,4.46,-20.0
2020-07-02 02:27:38,88,0.422,4.48,-20.0
2020-07-02 02:27:38,89,0.416,4.5,-20.0
2020-07-02 02:27:38,90,0.413,4.46,-20.0
2020-07-02 02:27:38,91,0.421,4.48,-20.0
2020-07-02 02:27:38,92,0.403,4.49,-20.0
2020-07-02 02:27:38,93,0.422,4.49,-20.0
2020-07-02 02:27:38,94,0.433,4.47,-20.0
2020-07-02 02:27:38,95,0.427,4.45,-20.0
2020-07-02 02:27:38,96,0.413,4.48,-20.0
2020-07-02 14:27:05,1,0.423,4.51,23.2
2020-07-02 14:27:05,2,0.417,4.5,-20.0
2020-07-02 14:27:05,3,0.422,4.52,-20.0
2020-07-02 14:27:05,4,0.419,4.48,-20.0
2020-07-02 14:27:05,5,0.413,4.51,-20.0
2020-07-02 14:27:05,6,0.422,4.5,-20.0
2020-07-02 14:27:05,7,0.414,4.48,-20.0
2020-07-02 14:27:05,8,0.412,4.5,-20.0
2020-07-02 14:27:05,9,0.42,4.46,-20.0
2020-07-02 14:27:05,10,0.415,4.49,-20.0
2020-07-02 14:27:05,11,0.418,4.44,-20.0
2020-07-02 14:27:05,12,0.412,4.45,-20.0
2020-07-02 14:27:05,13,0.413,4.48,22.1
2020-07-02 14:27:05,14,0.421,4.49,-20.0
2020-07-02 14:27:05,16,0.423,4.52,-20.0
2020-07-02 14:27:05,17,0.416,4.48,-20.0
2020-07-02 14:27:05,18,0.426,4.48,-20.0
2020-07-02 14:27:05,19,0.439,4.46,-20.0
2020-07-02 14:27:05,20,0.414,4.48,-20.0
2020-07-02 14:27:05,21,0.412,4.48,-20.0
2020-07-02 14:27:05,22,0.419,4.46,-20.0
2020-07-02 14:27:05,23,0.441,4.48,-20.0
2020-07-02 14:27:05,24,0.398,4.48,-20.0
2020-07-02 14:27:05,25,0.42,4.49,19.7
2020-07-02 14:27:05,26,0.425,4.48,-20.0
2020-07-02 14:27:05,27,0.41,4.46,-20.0
2020-07-02 14:27:05,28,0.417,4.47,-20.0
2020-07-02 14:27:05,29,0.413,4.46,-20.0
2020-07-02 14:27:05,30,0.418,4.47,-20.0
2020-07-02 14:27:05,31,0.424,4.46,-20.0
2020-07-02 14:27:05,32,0.412,4.46,-20.0
2020-07-02 14:27:05,33,0.419,4.49,-20.0
2020-07-02 14:27:05,34,0.423,4.49,-20.0
2020-07-02 14:27:05,35,0.418,4.48,-20.0
2020-07-02 14:27:05,36,0.408,4.49,-20.0
2020-07-02 14:27:05,37,0.415,4.48,20.0
2020-07-02 14:27:05,38,0.419,4.49,-20.0
2020-07-02 14:27:05,39,0.415,4.46,-20.0
2020-07-02 14:27:05,40,0.42,4.47,-20.0
2020-07-02 14:27:05,41,0.415,4.5,-20.0
2020-07-02 14:27:05,42,0.407,4.49,-20.0
2020-07-02 14:27:05,43,0.418,4.47,-20.0
2020-07-02 14:27:05,44,0.431,4.49,-20.0
2020-07-02 14:27:05,45,0.417,4.49,-20.0
2020-07-02 14:27:05,46,0.415,4.48,-20.0
2020-07-02 14:27:05,47,0.416,4.48,-20.0
2020-07-02 14:27:05,48,0.416,4.48,-20.0
2020-07-02 14:27:05,49,0.486,4.46,22.4
2020-07-02 14:27:05,50,0.429,4.47,-20.0
2020-07-02 14:27:05,51,0.415,4.46,-20.0
2020-07-02 14:27:05,52,0.425,4.45,-20.0
2020-07-02 14:27:05,53,0.422,4.45,-20.0
2020-07-02 14:27:05,54,0.419,4.46,-20.0
2020-07-02 14:27:05,55,0.407,4.43,-20.0
2020-07-02 14:27:05,56,0.416,4.42,-20.0
2020-07-02 14:27:05,57,0.425,4.42,-20.0
2020-07-02 14:27:05,58,0.414,4.42,-20.0
2020-07-02 14:27:05,59,0.42,4.44,-20.0
2020-07-02 14:27:05,60,0.414,4.45,-20.0
2020-07-02 14:27:05,61,0.42,4.48,19.5
2020-07-02 14:27:05,62,0.414,4.49,-20.0
2020-07-02 14:27:05,63,0.42,4.48,-20.0
2020-07-02 14:27:05,64,0.416,4.45,-20.0
2020-07-02 14:27:05,65,0.417,4.44,-20.0
2020-07-02 14:27:05,66,0.422,4.44,-20.0
2020-07-02 14:27:05,67,0.418,4.42,-20.0
2020-07-02 14:27:05,68,0.419,4.45,-20.0
2020-07-02 14:27:05,69,0.421,4.44,-20.0
2020-07-02 14:27:05,70,0.414,4.46,-20.0
2020-07-02 14:27:05,71,0.419,4.47,-20.0
2020-07-02 14:27:05,72,0.419,4.48,-20.0
2020-07-02 14:27:05,73,0.417,4.51,19.8
2020-07-02 14:27:05,74,0.399,4.5,-20.0
2020-07-02 14:27:05,75,0.432,4.46,-20.0
2020-07-02 14:27:05,76,0.423,4.44,-20.0
2020-07-02 14:27:05,77,0.423,4.5,-20.0
2020-07-02 14:27:05,78,0.407,4.47,-20.0
2020-07-02 14:27:05,79,0.411,4.5,-20.0
2020-07-02 14:27:05,80,0.422,4.52,-20.0
2020-07-02 14:27:05,81,0.43,4.51,-20.0
2020-07-02 14:27:05,82,0.427,4.51,-20.0
2020-07-02 14:27:05,83,0.429,4.5,-20.0
2020-07-02 14:27:05,84,0.424,4.49,-20.0
2020-07-02 14:27:05,85,0.417,4.48,20.5
2020-07-02 14:27:05,86,0.418,4.45,-20.0
2020-07-02 14:27:05,87,0.432,4.46,-20.0
2020-07-02 14:27:05,88,0.421,4.47,-20.0
2020-07-02 14:27:05,89,0.414,4.5,-20.0
2020-07-02 14:27:05,90,0.414,4.47,-20.0
2020-07-02 14:27:05,91,0.42,4.49,-20.0
2020-07-02 14:27:05,92,0.404,4.49,-20.0
2020-07-02 14:27:05,93,0.421,4.49,-20.0
2020-07-02 14:27:05,94,0.43,4.47,-20.0
2020-07-02 14:27:05,95,0.422,4.45,-20.0
2020-07-02 14:27:05,96,0.414,4.49,-20.0
2020-07-03 02:26:26,1,0.422,4.51,23.2
2020-07-03 02:26:26,2,0.417,4.5,-20.0
2020-07-03 02:26:26,3,0.42,4.52,-20.0
2020-07-03 02:26:26,4,0.417,4.47,-20.0
2020-07-03 02:26:26,5,0.412,4.5,-20.0
2020-07-03 02:26:26,6,0.421,4.49,-20.0
2020-07-03 02:26:26,7,0.407,4.48,-20.0
2020-07-03 02:26:26,8,0.403,4.5,-20.0
2020-07-03 02:26:26,9,0.419,4.46,-20.0
2020-07-03 02:26:26,10,0.416,4.49,-20.0
2020-07-03 02:26:26,11,0.418,4.46,-20.0
2020-07-03 02:26:26,12,0.41,4.47,-20.0
2020-07-03 02:26:26,13,0.412,4.47,22.1
2020-07-03 02:26:26,14,0.421,4.48,-20.0
2020-07-03 02:26:26,15,0.417,4.52,-20.0
2020-07-03 02:26:26,16,0.425,4.52,-20.0
2020-07-03 02:26:26,17,0.417,4.49,-20.0
2020-07-03 02:26:26,18,0.431,4.49,-20.0
2020-07-03 02:26:26,19,0.437,4.45,-20.0
2020-07-03 02:26:26,20,0.414,4.48,-20.0
2020-07-03 02:26:26,21,0.411,4.48,-20.0
2020-07-03 02:26:26,22,0.416,4.46,-20.0
2020-07-03 02:26:26,23,0.443,4.48,-20.0
2020-07-03 02:26:26,24,0.402,4.48,-20.0
2020-07-03 02:26:26,25,0.418,4.5,19.7
2020-07-03 02:26:26,26,0.425,4.49,-20.0
2020-07-03 02:26:26,27,0.411,4.46,-20.0
2020-07-03 02:26:26,28,0.419,4.48,-20.0
2020-07-03 02:26:26,29,0.415,4.46,-20.0
2020-07-03 02:26:26,30,0.417,4.48,-20.0
2020-07-03 02:26:26,31,0.423,4.45,-20.0
2020-07-03 02:26:26,32,0.417,4.46,-20.0
2020-07-03 02:26:26,33,0.42,4.47,-20.0
2020-07-03 02:26:26,34,0.423,4.49,-20.0
2020-07-03 02:26:26,35,0.418,4.48,-20.0
2020-07-03 02:26:26,36,0.411,4.5,-20.0
2020-07-03 02:26:26,37,0.419,4.48,20.1
2020-07-03 02:26:26,38,0.418,4.48,-20.0
2020-07-03 02:26:26,39,0.418,4.45,-20.0
2020-07-03 02:26:26,40,0.418,4.47,-20.0
2020-07-03 02:26:26,41,0.416,4.49,-20.0
2020-07-03 02:26:26,42,0.408,4.48,-20.0
2020-07-03 02:26:26,43,0.417,4.48,-20.0
2020-07-03 02:26:26,44,0.426,4.49,-20.0
2020-07-03 02:26:26,45,0.418,4.49,-20.0
2020-07-03 02:26:26,46,0.417,4.48,-20.0
2020-07-03 02:26:26,47,0.417,4.47,-20.0
2020-07-03 02:26:26,48,0.419,4.48,-20.0
2020-07-03 02:26:26,49,0.488,4.46,22.3
2020-07-03 02:26:26,50,0.432,4.46,-20.0
2020-07-03 02:26:26,51,0.414,4.46,-20.0
2020-07-03 02:26:26,52,0.422,4.46,-20.0
2020-07-03 02:26:26,53,0.421,4.44,-20.0
2020-07-03 02:26:26,54,0.418,4.46,-20.0
2020-07-03 02:26:26,55,0.411,4.42,-20.0
2020-07-03 02:26:26,56,0.417,4.43,-20.0
2020-07-03 02:26:26,57,0.425,4.42,-20.0
2020-07-03 02:26:26,58,0.414,4.42,-20.0
2020-07-03 02:26:26,59,0.421,4.44,-20.0
2020-07-03 02:26:26,60,0.416,4.45,-20.0
2020-07-03 02:26:26,61,0.421,4.48,19.6
2020-07-03 02:26:26,62,0.413,4.5,-20.0
2020-07-03 02:26:26,63,0.418,4.48,-20.0
2020-07-03 02:26:26,64,0.416,4.45,-20.0
2020-07-03 02:26:26,65,0.416,4.45,-20.0
2020-07-03 02:26:26,66,0.422,4.44,-20.0
2020-07-03 02:26:26,67,0.419,4.42,-20.0
2020-07-03 02:26:26,68,0.419,4.45,-20.0
2020-07-03 02:26:26,69,0.421,4.45,-20.0
2020-07-03 02:26:26,70,0.414,4.46,-20.0
2020-07-03 02:26:26,71,0.421,4.49,-20.0
2020-07-03 02:26:26,72,0.419,4.49,-20.0
2020-07-03 02:26:26,73,0.407,4.51,19.8
2020-07-03 02:26:26,74,0.391,4.49,-20.0
2020-07-03 02:26:26,75,0.434,4.46,-20.0
2020-07-03 02:26:26,76,0.423,4.45,-20.0
2020-07-03 02:26:26,77,0.423,4.5,-20.0
2020-07-03 02:26:26,78,0.403,4.47,-20.0
2020-07-03 02:26:26,79,0.41,4.5,-20.0
2020-07-03 02:26:26,80,0.423,4.51,-20.0
2020-07-03 02:26:26,81,0.428,4.51,-20.0
2020-07-03 02:26:26,82,0.429,4.51,-20.0
2020-07-03 02:26:26,83,0.427,4.5,-20.0
2020-07-03 02:26:26,84,0.423,4.49,-20.0
2020-07-03 02:26:26,85,0.417,4.48,20.7
2020-07-03 02:26:26,86,0.418,4.46,-20.0
2020-07-03 02:26:26,87,0.433,4.46,-20.0
2020-07-03 02:26:26,88,0.42,4.47,-20.0
2020-07-03 02:26:26,89,0.413,4.5,-20.0
2020-07-03 02:26:26,90,0.41,4.47,-20.0
2020-07-03 02:26:26,91,0.419,4.48,-20.0
2020-07-03 02:26:26,92,0.402,4.49,-20.0
2020-07-03 02:26:26,93,0.42,4.49,-20.0
2020-07-03 02:26:26,94,0.427,4.47,-20.0
2020-07-03 02:26:26,95,0.423,4.46,-20.0
2020-07-03 02:26:26,96,0.412,4.49,-20.0
2020-07-03 14:25:59,1,0.424,4.5,23.2
2020-07-03 14:25:59,2,0.417,4.51,-20.0
2020-07-03 14:25:59,3,0.421,4.52,-20.0
2020-07-03 14:25:59,4,0.419,4.47,-20.0
2020-07-03 14:25:59,5,0.41,4.52,-20.0
2020-07-03 14:25:59,6,0.421,4.48,-20.0
2020-07-03 14:25:59,7,0.408,4.47,-20.0
2020-07-03 14:25:59,8,0.405,4.5,-20.0
2020-07-03 14:25:59,9,0.417,4.46,-20.0
2020-07-03 14:25:59,10,0.419,4.49,-20.0
2020-07-03 14:25:59,11,0.422,4.44,-20.0
2020-07-03 14:25:59,12,0.412,4.45,-20.0
2020-07-03 14:25:59,13,0.414,4.48,22.1
2020-07-03 14:25:59,14,0.423,4.49,-20.0
2020-07-03 14:25:59,15,0.414,4.51,-20.0
2020-07-03 14:25:59,16,0.427,4.51,-20.0
2020-07-03 14:25:59,17,0.417,4.48,-20.0
2020-07-03 14:25:59,18,0.432,4.49,-20.0
2020-07-03 14:25:59,19,0.437,4.47,-20.0
2020-07-03 14:25:59,20,0.415,4.47,-20.0
2020-07-03 14:25:59,21,0.413,4.48,-20.0
2020-07-03 14:25:59,22,0.418,4.46,-20.0
2020-07-03 14:25:59,23,0.446,4.48,-20.0
2020-07-03 14:25:59,24,0.406,4.48,-20.0
2020-07-03 14:25:59,25,0.421,4.49,19.6
2020-07-03 14:25:59,26,0.425,4.5,-20.0
2020-07-03 14:25:59,27,0.416,4.47,-20.0
2020-07-03 14:25:59,28,0.425,4.47,-20.0
2020-07-03 14:25:59,29,0.414,4.47,-20.0
2020-07-03 14:25:59,30,0.416,4.47,-20.0
2020-07-03 14:25:59,31,0.423,4.46,-20.0
2020-07-03 14:25:59,32,0.416,4.47,-20.0
2020-07-03 14:25:59,33,0.42,4.47,-20.0
2020-07-03 14:25:59,34,0.422,4.49,-20.0
2020-07-03 14:25:59,35,0.414,4.49,-20.0
2020-07-03 14:25:59,36,0.408,4.5,-20.0
2020-07-03 14:25:59,37,0.421,4.48,20.0
2020-07-03 14:25:59,38,0.415,4.48,-20.0
2020-07-03 14:25:59,39,0.418,4.47,-20.0
2020-07-03 14:25:59,40,0.416,4.47,-20.0
2020-07-03 14:25:59,41,0.414,4.5,-20.0
2020-07-03 14:25:59,42,0.387,4.48,-20.0
2020-07-03 14:25:59,43,0.401,4.47,-20.0
2020-07-03 14:25:59,44,0.413,4.48,-20.0
2020-07-03 14:25:59,45,0.417,4.5,-20.0
2020-07-03 14:25:59,46,0.415,4.49,-20.0
2020-07-03 14:25:59,47,0.402,4.48,-20.0
2020-07-03 14:25:59,48,0.393,4.48,-20.0
2020-07-03 14:25:59,49,0.484,4.46,22.4
2020-07-03 14:25:59,50,0.432,4.46,-20.0
2020-07-03 14:25:59,51,0.414,4.47,-20.0
2020-07-03 14:25:59,52,0.419,4.46,-20.0
2020-07-03 14:25:59,53,0.421,4.45,-20.0
2020-07-03 14:25:59,54,0.417,4.46,-20.0
2020-07-03 14:25:59,55,0.415,4.43,-20.0
2020-07-03 14:25:59,56,0.416,4.42,-20.0
2020-07-03 14:25:59,57,0.424,4.42,-20.0
2020-07-03 14:25:59,58,0.416,4.42,-20.0
2020-07-03 14:25:59,59,0.42,4.44,-20.0
2020-07-03 14:25:59,60,0.416,4.45,-20.0
2020-07-03 14:25:59,61,0.421,4.5,19.4
2020-07-03 14:25:59,62,0.411,4.49,-20.0
2020-07-03 14:25:59,63,0.416,4.47,-20.0
2020-07-03 14:25:59,64,0.414,4.45,-20.0
2020-07-03 14:25:59,65,0.417,4.44,-20.0
2020-07-03 14:25:59,66,0.422,4.45,-20.0
2020-07-03 14:25:59,67,0.417,4.43,-20.0
2020-07-03 14:25:59,68,0.417,4.45,-20.0
2020-07-03 14:25:59,69,0.418,4.45,-20.0
2020-07-03 14:25:59,70,0.416,4.46,-20.0
2020-07-03 14:25:59,71,0.421,4.48,-20.0
2020-07-03 14:25:59,72,0.415,4.48,-20.0
2020-07-03 14:25:59,73,0.407,4.51,19.7
2020-07-03 14:25:59,74,0.399,4.49,-20.0
2020-07-03 14:25:59,75,0.433,4.46,-20.0
2020-07-03 14:25:59,76,0.425,4.44,-20.0
2020-07-03 14:25:59,77,0.422,4.49,-20.0
2020-07-03 14:25:59,78,0.403,4.46,-20.0
2020-07-03 14:25:59,79,0.413,4.49,-20.0
2020-07-03 14:25:59,80,0.422,4.51,-20.0
2020-07-03 14:25:59,81,0.43,4.51,-20.0
2020-07-03 14:25:59,82,0.429,4.51,-20.0
2020-07-03 14:25:59,83,0.426,4.5,-20.0
2020-07-03 14:25:59,84,0.424,4.49,-20.0
2020-07-03 14:25:59,85,0.417,4.48,20.8
2020-07-03 14:25:59,86,0.421,4.46,-20.0
2020-07-03 14:25:59,87,0.437,4.46,-20.0
2020-07-03 14:25:59,88,0.421,4.48,-20.0
2020-07-03 14:25:59,89,0.417,4.51,-20.0
2020-07-03 14:25:59,90,0.413,4.47,-20.0
2020-07-03 14:25:59,91,0.42,4.49,-20.0
2020-07-03 14:25:59,92,0.401,4.5,-20.0
2020-07-03 14:25:59,93,0.419,4.5,-20.0
2020-07-03 14:25:59,94,0.427,4.47,-20.0
2020-07-03 14:25:59,95,0.423,4.46,-20.0
2020-07-03 14:25:59,96,0.412,4.49,-20.0
2020-07-04 02:25:29,1,0.42,4.5,23.2
2020-07-04 02:25:29,2,0.414,4.5,-20.0
2020-07-04 02:25:29,3,0.419,4.53,-20.0
2020-07-04 02:25:29,4,0.42,4.48,-20.0
2020-07-04 02:25:29,5,0.41,4.52,-20.0
2020-07-04 02:25:29,6,0.422,4.49,-20.0
2020-07-04 02:25:29,7,0.407,4.48,-20.0
2020-07-04 02:25:29,8,0.407,4.5,-20.0
2020-07-04 02:25:29,9,0.415,4.47,-20.0
2020-07-04 02:25:29,10,0.42,4.49,-20.0
2020-07-04 02:25:29,11,0.422,4.45,-20.0
2020-07-04 02:25:29,12,0.415,4.45,-20.0
2020-07-04 02:25:29,13,0.414,4.47,22.2
2020-07-04 02:25:29,14,0.422,4.48,-20.0
2020-07-04 02:25:29,15,0.415,4.5,-20.0
2020-07-04 02:25:29,16,0.427,4.52,-20.0
2020-07-04 02:25:29,17,0.419,4.49,-20.0
2020-07-04 02:25:29,18,0.431,4.49,-20.0
2020-07-04 02:25:29,19,0.439,4.46,-20.0
2020-07-04 02:25:29,20,0.414,4.47,-20.0
2020-07-04 02:25:29,21,0.412,4.46,-20.0
2020-07-04 02:25:29,22,0.419,4.46,-20.0
2020-07-04 02:25:29,23,0.445,4.47,-20.0
2020-07-04 02:25:29,24,0.407,4.48,-20.0
2020-07-04 02:25:29,25,0.422,4.49,19.8
2020-07-04 02:25:29,26,0.426,4.49,-20.0
2020-07-04 02:25:29,27,0.417,4.47,-20.0
2020-07-04 02:25:29,28,0.425,4.47,-20.0
2020-07-04 02:25:29,29,0.416,4.46,-20.0
2020-07-04 02:25:29,30,0.419,4.47,-20.0
2020-07-04 02:25:29,31,0.422,4.47,-20.0
2020-07-04 02:25:29,32,0.414,4.47,-20.0
2020-07-04 02:25:29,33,0.417,4.48,-20.0
2020-07-04 02:25:29,34,0.422,4.48,-20.0
2020-07-04 02:25:29,35,0.411,4.48,-20.0
2020-07-04 02:25:29,36,0.411,4.5,-20.0
2020-07-04 02:25:29,37,0.423,4.47,20.2
2020-07-04 02:25:29,38,0.415,4.48,-20.0
2020-07-04 02:25:29,39,0.421,4.46,-20.0
2020-07-04 02:25:29,40,0.416,4.47,-20.0
2020-07-04 02:25:29,41,0.414,4.5,-20.0
2020-07-04 02:25:29,42,0.391,4.48,-20.0
2020-07-04 02:25:29,43,0.403,4.48,-20.0
2020-07-04 02:25:29,44,0.417,4.48,-20.0
2020-07-04 02:25:29,45,0.418,4.5,-20.0
2020-07-04 02:25:29,46,0.416,4.49,-20.0
2020-07-04 02:25:29,47,0.409,4.49,-20.0
2020-07-04 02:25:29,48,0.399,4.48,-20.0
2020-07-04 02:25:29,49,0.486,4.46,22.2
2020-07-04 02:25:29,50,0.432,4.47,-20.0
2020-07-04 02:25:29,51,0.413,4.47,-20.0
2020-07-04 02:25:29,52,0.419,4.46,-20.0
2020-07-04 02:25:29,53,0.42,4.44,-20.0
2020-07-04 02:25:29,54,0.417,4.46,-20.0
2020-07-04 02:25:29,55,0.42,4.43,-20.0
2020-07-04 02:25:29,56,0.417,4.43,-20.0
2020-07-04 02:25:29,57,0.423,4.42,-20.0
2020-07-04 02:25:29,58,0.416,4.42,-20.0
2020-07-04 02:25:29,59,0.42,4.44,-20.0
2020-07-04 02:25:29,60,0.412,4.46,-20.0
2020-07-04 02:25:29,61,0.42,4.5,19.7
2020-07-04 02:25:29,62,0.413,4.49,-20.0
2020-07-04 02:25:29,63,0.417,4.48,-20.0
2020-07-04 02:25:29,64,0.414,4.45,-20.0
2020-07-04 02:25:29,65,0.418,4.45,-20.0
2020-07-04 02:25:29,66,0.421,4.44,-20.0
2020-07-04 02:25:29,67,0.415,4.42,-20.0
2020-07-04 02:25:29,68,0.419,4.45,-20.0
2020-07-04 02:25:29,69,0.417,4.45,-20.0
2020-07-04 02:25:29,70,0.407,4.46,-20.0
2020-07-04 02:25:29,71,0.416,4.49,-20.0
2020-07-04 02:25:29,72,0.413,4.48,-20.0
2020-07-04 02:25:29,74,0.391,4.49,-20.0
2020-07-04 02:25:29,75,0.432,4.46,-20.0
2020-07-04 02:25:29,76,0.422,4.44,-20.0
2020-07-04 02:25:29,77,0.42,4.5,-20.0
2020-07-04 02:25:29,78,0.397,4.46,-20.0
2020-07-04 02:25:29,79,0.41,4.49,-20.0
2020-07-04 02:25:29,80,0.423,4.5,-20.0
2020-07-04 02:25:29,81,0.428,4.51,-20.0
2020-07-04 02:25:29,82,0.432,4.52,-20.0
2020-07-04 02:25:29,83,0.426,4.5,-20.0
2020-07-04 02:25:29,84,0.424,4.49,-20.0
2020-07-04 02:25:29,85,0.419,4.49,21.0
2020-07-04 02:25:29,86,0.421,4.46,-20.0
2020-07-04 02:25:29,87,0.434,4.46,-20.0
2020-07-04 02:25:29,88,0.421,4.47,-20.0
2020-07-04 02:25:29,89,0.417,4.5,-20.0
2020-07-04 02:25:29,90,0.413,4.47,-20.0
2020-07-04 02:25:29,91,0.418,4.49,-20.0
2020-07-04 02:25:29,92,0.404,4.5,-20.0
2020-07-04 02:25:29,93,0.42,4.49,-20.0
2020-07-04 02:25:29,94,0.426,4.47,-20.0
2020-07-04 02:25:29,95,0.426,4.46,-20.0
2020-07-04 02:25:29,96,0.412,4.48,-20.0
2020-07-04 14:25:00,1,0.419,4.51,23.2
2020-07-04 14:25:00,2,0.416,4.51,-20.0
2020-07-04 14:25:00,3,0.419,4.52,-20.0
2020-07-04 14:25:00,4,0.42,4.47,-20.0
2020-07-04 14:25:00,5,0.41,4.52,-20.0
2020-07-04 14:25:00,6,0.42,4.49,-20.0
2020-07-04 14:25:00,7,0.407,4.48,-20.0
2020-07-04 14:25:00,8,0.405,4.49,-20.0
2020-07-04 14:25:00,9,0.413,4.47,-20.0
2020-07-04 14:25:00,10,0.419,4.49,-20.0
2020-07-04 14:25:00,11,0.421,4.45,-20.0
2020-07-04 14:25:00,12,0.415,4.45,-20.0
2020-07-04 14:25:00,13,0.414,4.47,22.2
2020-07-04 14:25:00,14,0.422,4.48,-20.0
2020-07-04 14:25:00,15,0.415,4.51,-20.0
2020-07-04 14:25:00,16,0.429,4.53,-20.0
2020-07-04 14:25:00,17,0.421,4.49,-20.0
2020-07-04 14:25:00,18,0.429,4.48,-20.0
2020-07-04 14:25:00,19,0.438,4.46,-20.0
2020-07-04 14:25:00,20,0.415,4.47,-20.0
2020-07-04 14:25:00,21,0.414,4.47,-20.0
2020-07-04 14:25:00,22,0.419,4.46,-20.0
2020-07-04 14:25:00,23,0.445,4.48,-20.0
2020-07-04 14:25:00,24,0.408,4.48,-20.0
2020-07-04 14:25:00,25,0.42,4.5,19.8
2020-07-04 14:25:00,26,0.425,4.48,-20.0
2020-07-04 14:25:00,27,0.419,4.46,-20.0
2020-07-04 14:25:00,28,0.425,4.48,-20.0
2020-07-04 14:25:00,29,0.417,4.47,-20.0
2020-07-04 14:25:00,30,0.42,4.47,-20.0
2020-07-04 14:25:00,31,0.421,4.47,-20.0
2020-07-04 14:25:00,32,0.416,4.47,-20.0
2020-07-04 14:25:00,33,0.416,4.48,-20.0
2020-07-04 14:25:00,34,0.419,4.48,-20.0
2020-07-04 14:25:00,35,0.408,4.48,-20.0
2020-07-04 14:25:00,36,0.413,4.5,-20.0
2020-07-04 14:25:00,37,0.427,4.48,20.3
2020-07-04 14:25:00,38,0.397,4.48,-20.0
2020-07-04 14:25:00,39,0.408,4.48,-20.0
2020-07-04 14:25:00,40,0.414,4.47,-20.0
2020-07-04 14:25:00,41,0.414,4.5,-20.0
2020-07-04 14:25:00,42,0.381,4.48,-20.0
2020-07-04 14:25:00,43,0.395,4.48,-20.0
2020-07-04 14:25:00,44,0.403,4.49,-20.0
2020-07-04 14:25:00,45,0.419,4.49,-20.0
2020-07-04 14:25:00,46,0.414,4.49,-20.0
2020-07-04 14:25:00,47,0.402,4.48,-20.0
2020-07-04 14:25:00,48,0.407,4.48,-20.0
2020-07-04 14:25:00,49,0.485,4.46,22.5
2020-07-04 14:25:00,50,0.427,4.47,-20.0
2020-07-04 14:25:00,51,0.41,4.47,-20.0
2020-07-04 14:25:00,52,0.42,4.46,-20.0
2020-07-04 14:25:00,53,0.42,4.44,-20.0
2020-07-04 14:25:00,54,0.419,4.46,-20.0
2020-07-04 14:25:00,55,0.421,4.43,-20.0
2020-07-04 14:25:00,56,0.416,4.43,-20.0
2020-07-04 14:25:00,57,0.422,4.42,-20.0
2020-07-04 14:25:00,58,0.415,4.42,-20.0
2020-07-04 14:25:00,59,0.422,4.44,-20.0
2020-07-04 14:25:00,60,0.413,4.45,-20.0
2020-07-04 14:25:00,61,0.417,4.5,19.8
2020-07-04 14:25:00,62,0.413,4.49,-20.0
2020-07-04 14:25:00,63,0.415,4.47,-20.0
2020-07-04 14:25:00,64,0.413,4.46,-20.0
2020-07-04 14:25:00,65,0.418,4.44,-20.0
2020-07-04 14:25:00,66,0.421,4.45,-20.0
2020-07-04 14:25:00,67,0.414,4.42,-20.0
2020-07-04 14:25:00,68,0.418,4.45,-20.0
2020-07-04 14:25:00,69,0.418,4.44,-20.0
2020-07-04 14:25:00,70,0.41,4.46,-20.0
2020-07-04 14:25:00,71,0.417,4.48,-20.0
2020-07-04 14:25:00,72,0.415,4.48,-20.0
2020-07-04 14:25:00,73,0.405,4.51,20.2
2020-07-04 14:25:00,74,0.394,4.49,-20.0
2020-07-04 14:25:00,75,0.43,4.46,-20.0
2020-07-04 14:25:00,76,0.425,4.44,-20.0
2020-07-04 14:25:00,77,0.421,4.5,-20.0
2020-07-04 14:25:00,78,0.402,4.46,-20.0
2020-07-04 14:25:00,79,0.413,4.5,-20.0
2020-07-04 14:25:00,80,0.423,4.5,-20.0
2020-07-04 14:25:00,81,0.428,4.51,-20.0
2020-07-04 14:25:00,82,0.428,4.51,-20.0
2020-07-04 14:25:00,83,0.426,4.5,-20.0
2020-07-04 14:25:00,84,0.423,4.49,-20.0
2020-07-04 14:25:00,85,0.42,4.49,21.0
2020-07-04 14:25:00,86,0.421,4.47,-20.0
2020-07-04 14:25:00,87,0.435,4.46,-20.0
2020-07-04 14:25:00,88,0.419,4.48,-20.0
2020-07-04 14:25:00,89,0.418,4.5,-20.0
2020-07-04 14:25:00,90,0.409,4.47,-20.0
2020-07-04 14:25:00,91,0.416,4.48,-20.0
2020-07-04 14:25:00,92,0.406,4.5,-20.0
2020-07-04 14:25:00,93,0.42,4.49,-20.0
2020-07-04 14:25:00,94,0.425,4.47,-20.0
2020-07-04 14:25:00,95,0.426,4.46,-20.0
2020-07-04 14:25:00,96,0.414,4.49,-20.0
2020-07-05 02:24:37,1,0.416,4.5,23.2
2020-07-05 02:24:37,2,0.415,4.5,-20.0
2020-07-05 02:24:37,3,0.418,4.53,-20.0
2020-07-05 02:24:37,4,0.419,4.47,-20.0
2020-07-05 02:24:37,5,0.408,4.51,-20.0
2020-07-05 02:24:37,6,0.42,4.48,-20.0
2020-07-05 02:24:37,7,0.41,4.48,-20.0
2020-07-05 02:24:37,8,0.406,4.51,-20.0
2020-07-05 02:24:37,9,0.41,4.48,-20.0
2020-07-05 02:24:37,10,0.416,4.49,-20.0
2020-07-05 02:24:37,11,0.42,4.44,-20.0
2020-07-05 02:24:37,12,0.416,4.45,-20.0
2020-07-05 02:24:37,13,0.416,4.46,22.2
2020-07-05 02:24:37,14,0.421,4.47,-20.0
2020-07-05 02:24:37,15,0.415,4.51,-20.0
2020-07-05 02:24:37,16,0.429,4.52,-20.0
2020-07-05 02:24:37,17,0.418,4.48,-20.0
2020-07-05 02:24:37,18,0.427,4.48,-20.0
2020-07-05 02:24:37,19,0.442,4.46,-20.0
2020-07-05 02:24:37,20,0.416,4.47,-20.0
2020-07-05 02:24:37,21,0.415,4.47,-20.0
2020-07-05 02:24:37,22,0.421,4.47,-20.0
2020-07-05 02:24:37,23,0.445,4.48,-20.0
2020-07-05 02:24:37,24,0.409,4.49,-20.0
2020-07-05 02:24:37,25,0.42,4.49,19.9
2020-07-05 02:24:37,26,0.427,4.49,-20.0
2020-07-05 02:24:37,27,0.419,4.46,-20.0
2020-07-05 02:24:37,28,0.428,4.47,-20.0
2020-07-05 02:24:37,29,0.421,4.46,-20.0
2020-07-05 02:24:37,30,0.42,4.48,-20.0
2020-07-05 02:24:37,31,0.421,4.47,-20.0
2020-07-05 02:24:37,32,0.413,4.47,-20.0
2020-07-05 02:24:37,33,0.418,4.47,-20.0
2020-07-05 02:24:37,34,0.418,4.48,-20.0
2020-07-05 02:24:37,35,0.41,4.48,-20.0
2020-07-05 02:24:37,36,0.409,4.5,-20.0
2020-07-05 02:24:37,37,0.423,4.47,20.3
2020-07-05 02:24:37,38,0.401,4.48,-20.0
2020-07-05 02:24:37,39,0.412,4.46,-20.0
2020-07-05 02:24:37,40,0.415,4.48,-20.0
2020-07-05 02:24:37,41,0.41,4.5,-20.0
2020-07-05 02:24:37,42,0.385,4.47,-20.0
2020-07-05 02:24:37,43,0.402,4.47,-20.0
2020-07-05 02:24:37,44,0.41,4.49,-20.0
2020-07-05 02:24:37,45,0.416,4.49,-20.0
2020-07-05 02:24:37,46,0.413,4.48,-20.0
2020-07-05 02:24:37,47,0.41,4.48,-20.0
2020-07-05 02:24:37,48,0.412,4.49,-20.0
2020-07-05 02:24:37,49,0.486,4.46,22.4
2020-07-05 02:24:37,50,0.432,4.47,-20.0
2020-07-05 02:24:37,51,0.412,4.46,-20.0
2020-07-05 02:24:37,52,0.421,4.46,-20.0
2020-07-05 02:24:37,53,0.421,4.44,-20.0
2020-07-05 02:24:37,54,0.419,4.46,-20.0
2020-07-05 02:24:37,55,0.42,4.43,-20.0
2020-07-05 02:24:37,56,0.416,4.42,-20.0
2020-07-05 02:24:37,57,0.422,4.42,-20.0
2020-07-05 02:24:37,58,0.414,4.42,-20.0
2020-07-05 02:24:37,59,0.417,4.44,-20.0
2020-07-05 02:24:37,60,0.419,4.45,-20.0
2020-07-05 02:24:37,61,0.418,4.5,19.8
2020-07-05 02:24:37,62,0.413,4.49,-20.0
2020-07-05 02:24:37,63,0.402,4.48,-20.0
2020-07-05 02:24:37,64,0.408,4.45,-20.0
2020-07-05 02:24:37,65,0.406,4.44,-20.0
2020-07-05 02:24:37,66,0.418,4.45,-20.0
2020-07-05 02:24:37,67,0.411,4.42,-20.0
2020-07-05 02:24:37,68,0.403,4.46,-20.0
2020-07-05 02:24:37,69,0.412,4.44,-20.0
2020-07-05 02:24:37,70,0.402,4.47,-20.0
2020-07-05 02:24:37,71,0.414,4.48,-20.0
2020-07-05 02:24:37,72,0.415,4.48,-20.0
2020-07-05 02:24:37,73,0.405,4.5,20.1
2020-07-05 02:24:37,74,0.4,4.5,-20.0
2020-07-05 02:24:37,75,0.431,4.47,-20.0
2020-07-05 02:24:37,76,0.425,4.45,-20.0
2020-07-05 02:24:37,77,0.42,4.5,-20.0
2020-07-05 02:24:37,78,0.403,4.47,-20.0
2020-07-05 02:24:37,79,0.412,4.5,-20.0
2020-07-05 02:24:37,80,0.423,4.51,-20.0
2020-07-05 02:24:37,81,0.428,4.51,-20.0
2020-07-05 02:24:37,82,0.426,4.51,-20.0
2020-07-05 02:24:37,83,0.425,4.51,-20.0
2020-07-05 02:24:37,84,0.424,4.5,-20.0
2020-07-05 02:24:37,85,0.421,4.48,20.9
2020-07-05 02:24:37,86,0.424,4.46,-20.0
2020-07-05 02:24:37,87,0.435,4.46,-20.0
2020-07-05 02:24:37,88,0.419,4.48,-20.0
2020-07-05 02:24:37,89,0.421,4.5,-20.0
2020-07-05 02:24:37,90,0.411,4.47,-20.0
2020-07-05 02:24:37,91,0.417,4.49,-20.0
2020-07-05 02:24:37,92,0.407,4.5,-20.0
2020-07-05 02:24:37,93,0.417,4.49,-20.0
2020-07-05 02:24:37,94,0.423,4.47,-20.0
2020-07-05 02:24:37,95,0.425,4.46,-20.0
2020-07-05 02:24:37,96,0.416,4.49,-20.0
2020-07-05 14:24:17,1,0.415,4.51,23.2
2020-07-05 14:24:17,2,0.416,4.5,-20.0
2020-07-05 14:24:17,3,0.418,4.52,-20.0
2020-07-05 14:24:17,4,0.415,4.47,-20.0
2020-07-05 14:24:17,5,0.408,4.51,-20.0
2020-07-05 14:24:17,6,0.42,4.48,-20.0
2020-07-05 14:24:17,7,0.413,4.47,-20.0
2020-07-05 14:24:17,8,0.406,4.5,-20.0
2020-07-05 14:24:17,9,0.412,4.47,-20.0
2020-07-05 14:24:17,10,0.415,4.49,-20.0
2020-07-05 14:24:17,11,0.419,4.45,-20.0
2020-07-05 14:24:17,12,0.419,4.45,-20.0
2020-07-05 14:24:17,13,0.416,4.47,22.3
2020-07-05 14:24:17,14,0.42,4.48,-20.0
2020-07-05 14:24:17,15,0.417,4.51,-20.0
2020-07-05 14:24:17,16,0.427,4.52,-20.0
2020-07-05 14:24:17,17,0.415,4.48,-20.0
2020-07-05 14:24:17,18,0.43,4.49,-20.0
2020-07-05 14:24:17,19,0.441,4.46,-20.0
2020-07-05 14:24:17,20,0.415,4.47,-20.0
2020-07-05 14:24:17,21,0.417,4.47,-20.0
2020-07-05 14:24:17,22,0.42,4.47,-20.0
2020-07-05 14:24:17,23,0.445,4.47,-20.0
2020-07-05 14:24:17,24,0.411,4.48,-20.0
2020-07-05 14:24:17,25,0.42,4.49,19.9
2020-07-05 14:24:17,26,0.428,4.48,-20.0
2020-07-05 14:24:17,27,0.418,4.46,-20.0
2020-07-05 14:24:17,28,0.423,4.47,-20.0
2020-07-05 14:24:17,29,0.412,4.47,-20.0
2020-07-05 14:24:17,30,0.416,4.47,-20.0
2020-07-05 14:24:17,31,0.421,4.45,-20.0
2020-07-05 14:24:17,32,0.398,4.48,-20.0
2020-07-05 14:24:17,33,0.41,4.48,-20.0
2020-07-05 14:24:17,34,0.407,4.48,-20.0
2020-07-05 14:24:17,35,0.406,4.49,-20.0
2020-07-05 14:24:17,36,0.405,4.5,-20.0
2020-07-05 14:24:17,37,0.41,4.47,20.4
2020-07-05 14:24:17,38,0.388,4.48,-20.0
2020-07-05 14:24:17,39,0.406,4.46,-20.0
2020-07-05 14:24:17,40,0.414,4.47,-20.0
2020-07-05 14:24:17,41,0.412,4.51,-20.0
2020-07-05 14:24:17,42,0.388,4.48,-20.0
2020-07-05 14:24:17,43,0.406,4.47,-20.0
2020-07-05 14:24:17,44,0.417,4.49,-20.0
2020-07-05 14:24:17,45,0.414,4.5,-20.0
2020-07-05 14:24:17,46,0.413,4.49,-20.0
2020-07-05 14:24:17,47,0.414,4.48,-20.0
2020-07-05 14:24:17,48,0.415,4.49,-20.0
2020-07-05 14:24:17,49,0.489,4.46,22.6
2020-07-05 14:24:17,50,0.431,4.47,-20.0
2020-07-05 14:24:17,51,0.412,4.47,-20.0
2020-07-05 14:24:17,52,0.42,4.46,-20.0
2020-07-05 14:24:17,53,0.42,4.44,-20.0
2020-07-05 14:24:17,54,0.42,4.46,-20.0
2020-07-05 14:24:17,55,0.423,4.43,-20.0
2020-07-05 14:24:17,56,0.417,4.42,-20.0
2020-07-05 14:24:17,57,0.423,4.42,-20.0
2020-07-05 14:24:17,58,0.414,4.42,-20.0
2020-07-05 14:24:17,59,0.416,4.44,-20.0
2020-07-05 14:24:17,60,0.422,4.45,-20.0
2020-07-05 14:24:17,61,0.42,4.5,19.9
2020-07-05 14:24:17,62,0.412,4.49,-20.0
2020-07-05 14:24:17,63,0.408,4.48,-20.0
2020-07-05 14:24:17,64,0.409,4.46,-20.0
2020-07-05 14:24:17,65,0.41,4.44,-20.0
2020-07-05 14:24:17,66,0.419,4.45,-20.0
2020-07-05 14:24:17,67,0.416,4.42,-20.0
2020-07-05 14:24:17,68,0.403,4.45,-20.0
2020-07-05 14:24:17,69,0.415,4.44,-20.0
2020-07-05 14:24:17,70,0.409,4.46,-20.0
2020-07-05 14:24:17,71,0.414,4.49,-20.0
2020-07-05 14:24:17,72,0.416,4.49,-20.0
2020-07-05 14:24:17,73,0.408,4.51,20.3
2020-07-05 14:24:17,74,0.399,4.49,-20.0
2020-07-05 14:24:17,75,0.431,4.47,-20.0
2020-07-05 14:24:17,76,0.427,4.45,-20.0
2020-07-05 14:24:17,77,0.423,4.51,-20.0
2020-07-05 14:24:17,78,0.407,4.46,-20.0
2020-07-05 14:24:17,79,0.41,4.5,-20.0
2020-07-05 14:24:17,80,0.425,4.52,-20.0
2020-07-05 14:24:17,81,0.427,4.51,-20.0
2020-07-05 14:24:17,82,0.429,4.51,-20.0
2020-07-05 14:24:17,83,0.426,4.5,-20.0
2020-07-05 14:24:17,84,0.425,4.49,-20.0
2020-07-05 14:24:17,85,0.421,4.48,21.2
2020-07-05 14:24:17,86,0.422,4.46,-20.0
2020-07-05 14:24:17,87,0.436,4.46,-20.0
2020-07-05 14:24:17,88,0.421,4.47,-20.0
2020-07-05 14:24:17,89,0.421,4.5,-20.0
2020-07-05 14:24:17,90,0.412,4.47,-20.0
2020-07-05 14:24:17,91,0.422,4.48,-20.0
2020-07-05 14:24:17,92,0.407,4.5,-20.0
2020-07-05 14:24:17,93,0.417,4.5,-20.0
2020-07-05 14:24:17,94,0.423,4.47,-20.0
2020-07-05 14:24:17,95,0.423,4.45,-20.0
2020-07-05 14:24:17,96,0.416,4.48,-20.0
2020-07-06 02:24:00,1,0.415,4.51,23.2
2020-07-06 02:24:00,2,0.414,4.51,-20.0
2020-07-06 02:24:00,3,0.416,4.52,-20.0
2020-07-06 02:24:00,4,0.418,4.48,-20.0
2020-07-06 02:24:00,5,0.411,4.51,-20.0
2020-07-06 02:24:00,6,0.42,4.48,-20.0
2020-07-06 02:24:00,7,0.412,4.47,-20.0
2020-07-06 02:24:00,8,0.41,4.49,-20.0
2020-07-06 02:24:00,9,0.414,4.48,-20.0
2020-07-06 02:24:00,10,0.416,4.49,-20.0
2020-07-06 02:24:00,11,0.42,4.44,-20.0
2020-07-06 02:24:00,12,0.42,4.46,-20.0
2020-07-06 02:24:00,13,0.416,4.46,22.2
2020-07-06 02:24:00,14,0.421,4.48,-20.0
2020-07-06 02:24:00,15,0.418,4.52,-20.0
2020-07-06 02:24:00,16,0.429,4.52,-20.0
2020-07-06 02:24:00,17,0.416,4.47,-20.0
2020-07-06 02:24:00,18,0.43,4.49,-20.0
2020-07-06 02:24:00,19,0.443,4.46,-20.0
2020-07-06 02:24:00,20,0.417,4.48,-20.0
2020-07-06 02:24:00,21,0.417,4.47,-20.0
2020-07-06 02:24:00,22,0.419,4.47,-20.0
2020-07-06 02:24:00,23,0.448,4.48,-20.0
2020-07-06 02:24:00,24,0.411,4.49,-20.0
2020-07-06 02:24:00,25,0.419,4.49,19.7
2020-07-06 02:24:00,26,0.428,4.49,-20.0
2020-07-06 02:24:00,27,0.416,4.46,-20.0
2020-07-06 02:24:00,28,0.424,4.47,-20.0
2020-07-06 02:24:00,29,0.414,4.46,-20.0
2020-07-06 02:24:00,30,0.416,4.47,-20.0
2020-07-06 02:24:00,31,0.423,4.47,-20.0
2020-07-06 02:24:00,32,0.399,4.46,-20.0
2020-07-06 02:24:00,33,0.412,4.48,-20.0
2020-07-06 02:24:00,34,0.411,4.48,-20.0
2020-07-06 02:24:00,35,0.407,4.48,-20.0
2020-07-06 02:24:00,36,0.409,4.5,-20.0
2020-07-06 02:24:00,37,0.409,4.49,20.1
2020-07-06 02:24:00,38,0.398,4.48,-20.0
2020-07-06 02:24:00,39,0.407,4.46,-20.0
2020-07-06 02:24:00,40,0.414,4.47,-20.0
2020-07-06 02:24:00,41,0.413,4.5,-20.0
2020-07-06 02:24:00,42,0.393,4.48,-20.0
2020-07-06 02:24:00,43,0.407,4.47,-20.0
2020-07-06 02:24:00,44,0.421,4.49,-20.0
2020-07-06 02:24:00,45,0.413,4.49,-20.0
2020-07-06 02:24:00,46,0.415,4.49,-20.0
2020-07-06 02:24:00,47,0.417,4.48,-20.0
2020-07-06 02:24:00,48,0.417,4.47,-20.0
2020-07-06 02:24:00,49,0.491,4.46,22.3
2020-07-06 02:24:00,50,0.435,4.47,-20.0
2020-07-06 02:24:00,51,0.413,4.46,-20.0
2020-07-06 02:24:00,52,0.419,4.46,-20.0
2020-07-06 02:24:00,53,0.419,4.45,-20.0
2020-07-06 02:24:00,54,0.421,4.46,-20.0
2020-07-06 02:24:00,55,0.407,4.43,-20.0
2020-07-06 02:24:00,56,0.415,4.42,-20.0
2020-07-06 02:24:00,57,0.42,4.42,-20.0
2020-07-06 02:24:00,58,0.404,4.42,-20.0
2020-07-06 02:24:00,59,0.401,4.44,-20.0
2020-07-06 02:24:00,60,0.412,4.46,-20.0
2020-07-06 02:24:00,61,0.419,4.5,19.6
2020-07-06 02:24:00,62,0.408,4.5,-20.0
2020-07-06 02:24:00,63,0.399,4.47,-20.0
2020-07-06 02:24:00,64,0.41,4.46,-20.0
2020-07-06 02:24:00,65,0.411,4.44,-20.0
2020-07-06 02:24:00,66,0.419,4.45,-20.0
2020-07-06 02:24:00,67,0.413,4.43,-20.0
2020-07-06 02:24:00,68,0.408,4.45,-20.0
2020-07-06 02:24:00,69,0.417,4.44,-20.0
2020-07-06 02:24:00,70,0.413,4.47,-20.0
2020-07-06 02:24:00,71,0.414,4.48,-20.0
2020-07-06 02:24:00,72,0.416,4.48,-20.0
2020-07-06 02:24:00,73,0.409,4.51,19.8
2020-07-06 02:24:00,74,0.401,4.49,-20.0
2020-07-06 02:24:00,75,0.43,4.47,-20.0
2020-07-06 02:24:00,76,0.426,4.44,-20.0
2020-07-06 02:24:00,77,0.423,4.5,-20.0
2020-07-06 02:24:00,78,0.41,4.47,-20.0
2020-07-06 02:24:00,79,0.41,4.49,-20.0
2020-07-06 02:24:00,80,0.423,4.51,-20.0
2020-07-06 02:24:00,81,0.422,4.51,-20.0
2020-07-06 02:24:00,82,0.431,4.51,-20.0
2020-07-06 02:24:00,83,0.425,4.5,-20.0
2020-07-06 02:24:00,84,0.426,4.49,-20.0
2020-07-06 02:24:00,85,0.419,4.48,20.7
2020-07-06 02:24:00,86,0.422,4.46,-20.0
2020-07-06 02:24:00,87,0.437,4.46,-20.0
2020-07-06 02:24:00,88,0.418,4.47,-20.0
2020-07-06 02:24:00,89,0.42,4.5,-20.0
2020-07-06 02:24:00,90,0.412,4.47,-20.0
2020-07-06 02:24:00,91,0.421,4.49,-20.0
2020-07-06 02:24:00,92,0.406,4.5,-20.0
2020-07-06 02:24:00,93,0.414,4.49,-20.0
2020-07-06 02:24:00,94,0.425,4.47,-20.0
2020-07-06 02:24:00,95,0.424,4.45,-20.0
2020-07-06 02:24:00,96,0.417,4.48,-20.0
2020-07-06 14:23:40,1,0.415,4.51,23.2
2020-07-06 14:23:40,2,0.41,4.5,-20.0
2020-07-06 14:23:40,3,0.419,4.52,-20.0
2020-07-06 14:23:40,4,0.417,4.48,-20.0
2020-07-06 14:23:40,5,0.411,4.5,-20.0
2020-07-06 14:23:40,6,0.418,4.49,-20.0
2020-07-06 14:23:40,7,0.412,4.47,-20.0
2020-07-06 14:23:40,8,0.41,4.5,-20.0
2020-07-06 14:23:40,9,0.413,4.47,-20.0
2020-07-06 14:23:40,10,0.416,4.49,-20.0
2020-07-06 14:23:40,11,0.42,4.45,-20.0
2020-07-06 14:23:40,12,0.419,4.47,-20.0
2020-07-06 14:23:40,13,0.415,4.46,22.1
2020-07-06 14:23:40,14,0.419,4.48,-20.0
2020-07-06 14:23:40,15,0.416,4.5,-20.0
2020-07-06 14:23:40,16,0.429,4.51,-20.0
2020-07-06 14:23:40,17,0.414,4.48,-20.0
2020-07-06 14:23:40,18,0.43,4.49,-20.0
2020-07-06 14:23:40,19,0.439,4.46,-20.0
2020-07-06 14:23:40,20,0.417,4.47,-20.0
2020-07-06 14:23:40,21,0.414,4.48,-20.0
2020-07-06 14:23:40,22,0.421,4.46,-20.0
2020-07-06 14:23:40,23,0.438,4.48,-20.0
2020-07-06 14:23:40,24,0.403,4.48,-20.0
2020-07-06 14:23:40,25,0.416,4.5,19.7
2020-07-06 14:23:40,26,0.424,4.49,-20.0
2020-07-06 14:23:40,27,0.407,4.46,-20.0
2020-07-06 14:23:40,28,0.418,4.46,-20.0
2020-07-06 14:23:40,29,0.398,4.47,-20.0
2020-07-06 14:23:40,30,0.415,4.48,-20.0
2020-07-06 14:23:40,31,0.422,4.46,-20.0
2020-07-06 14:23:40,32,0.403,4.47,-20.0
2020-07-06 14:23:40,33,0.411,4.48,-20.0
2020-07-06 14:23:40,34,0.411,4.49,-20.0
2020-07-06 14:23:40,35,0.408,4.48,-20.0
2020-07-06 14:23:40,36,0.408,4.49,-20.0
2020-07-06 14:23:40,37,0.413,4.48,20.1
2020-07-06 14:23:40,38,0.404,4.49,-20.0
2020-07-06 14:23:40,39,0.407,4.45,-20.0
2020-07-06 14:23:40,40,0.415,4.47,-20.0
2020-07-06 14:23:40,41,0.414,4.5,-20.0
2020-07-06 14:23:40,42,0.399,4.48,-20.0
2020-07-06 14:23:40,43,0.408,4.47,-20.0
2020-07-06 14:23:40,44,0.424,4.49,-20.0
2020-07-06 14:23:40,45,0.415,4.49,-20.0
2020-07-06 14:23:40,46,0.417,4.48,-20.0
2020-07-06 14:23:40,47,0.419,4.48,-20.0
2020-07-06 14:23:40,48,0.42,4.48,-20.0
2020-07-06 14:23:40,49,0.492,4.46,22.3
2020-07-06 14:23:40,50,0.432,4.47,-20.0
2020-07-06 14:23:40,51,0.413,4.46,-20.0
2020-07-06 14:23:40,52,0.42,4.46,-20.0
2020-07-06 14:23:40,53,0.421,4.45,-20.0
2020-07-06 14:23:40,54,0.422,4.46,-20.0
2020-07-06 14:23:40,55,0.408,4.43,-20.0
2020-07-06 14:23:40,56,0.415,4.43,-20.0
2020-07-06 14:23:40,57,0.42,4.42,-20.0
2020-07-06 14:23:40,58,0.408,4.42,-20.0
2020-07-06 14:23:40,59,0.406,4.44,-20.0
2020-07-06 14:23:40,60,0.414,4.45,-20.0
2020-07-06 14:23:40,61,0.42,4.49,19.5
2020-07-06 14:23:40,62,0.41,4.49,-20.0
2020-07-06 14:23:40,63,0.407,4.48,-20.0
2020-07-06 14:23:40,64,0.412,4.45,-20.0
2020-07-06 14:23:40,65,0.411,4.44,-20.0
2020-07-06 14:23:40,66,0.419,4.45,-20.0
2020-07-06 14:23:40,67,0.411,4.42,-20.0
2020-07-06 14:23:40,68,0.412,4.45,-20.0
2020-07-06 14:23:40,69,0.419,4.45,-20.0
2020-07-06 14:23:40,70,0.416,4.46,-20.0
2020-07-06 14:23:40,71,0.417,4.48,-20.0
2020-07-06 14:23:40,72,0.415,4.48,-20.0
2020-07-06 14:23:40,73,0.41,4.51,19.8
2020-07-06 14:23:40,74,0.404,4.5,-20.0
2020-07-06 14:23:40,75,0.432,4.46,-20.0
2020-07-06 14:23:40,76,0.428,4.45,-20.0
2020-07-06 14:23:40,77,0.424,4.5,-20.0
2020-07-06 14:23:40,78,0.415,4.47,-20.0
2020-07-06 14:23:40,79,0.409,4.49,-20.0
2020-07-06 14:23:40,80,0.425,4.51,-20.0
2020-07-06 14:23:40,81,0.423,4.51,-20.0
2020-07-06 14:23:40,82,0.428,4.51,-20.0
2020-07-06 14:23:40,83,0.427,4.5,-20.0
2020-07-06 14:23:40,84,0.425,4.49,-20.0
2020-07-06 14:23:40,85,0.419,4.49,20.8
2020-07-06 14:23:40,86,0.422,4.46,-20.0
2020-07-06 14:23:40,87,0.439,4.46,-20.0
2020-07-06 14:23:40,88,0.418,4.48,-20.0
2020-07-06 14:23:40,89,0.418,4.5,-20.0
2020-07-06 14:23:40,90,0.41,4.47,-20.0
2020-07-06 14:23:40,91,0.419,4.48,-20.0
2020-07-06 14:23:40,92,0.402,4.49,-20.0
2020-07-06 14:23:40,93,0.413,4.5,-20.0
2020-07-06 14:23:40,94,0.421,4.47,-20.0
2020-07-06 14:23:40,95,0.418,4.45,-20.0
2020-07-06 14:23:40,96,0.41,4.49,-20.0
2020-07-07 02:23:02,1,0.415,4.51,23.2
2020-07-07 02:23:02,2,0.412,4.51,-20.0
2020-07-07 02:23:02,3,0.421,4.52,-20.0
2020-07-07 02:23:02,4,0.417,4.47,-20.0
2020-07-07 02:23:02,5,0.412,4.51,-20.0
2020-07-07 02:23:02,6,0.419,4.49,-20.0
2020-07-07 02:23:02,7,0.408,4.48,-20.0
2020-07-07 02:23:02,8,0.408,4.49,-20.0
2020-07-07 02:23:02,9,0.412,4.47,-20.0
2020-07-07 02:23:02,10,0.415,4.49,-20.0
2020-07-07 02:23:02,11,0.423,4.46,-20.0
2020-07-07 02:23:02,12,0.421,4.45,-20.0
2020-07-07 02:23:02,13,0.415,4.48,22.2
2020-07-07 02:23:02,14,0.419,4.48,-20.0
2020-07-07 02:23:02,15,0.414,4.52,-20.0
2020-07-07 02:23:02,16,0.428,4.51,-20.0
2020-07-07 02:23:02,17,0.417,4.48,-20.0
2020-07-07 02:23:02,18,0.431,4.5,-20.0
2020-07-07 02:23:02,19,0.439,4.46,-20.0
2020-07-07 02:23:02,20,0.414,4.49,-20.0
2020-07-07 02:23:02,21,0.413,4.47,-20.0
2020-07-07 02:23:02,22,0.42,4.47,-20.0
2020-07-07 02:23:02,23,0.44,4.47,-20.0
2020-07-07 02:23:02,24,0.404,4.48,-20.0
2020-07-07 02:23:02,25,0.414,4.49,19.9
2020-07-07 02:23:02,26,0.421,4.48,-20.0
2020-07-07 02:23:02,27,0.41,4.47,-20.0
2020-07-07 02:23:02,28,0.421,4.47,-20.0
2020-07-07 02:23:02,29,0.402,4.47,-20.0
2020-07-07 02:23:02,30,0.417,4.47,-20.0
2020-07-07 02:23:02,31,0.423,4.46,-20.0
2020-07-07 02:23:02,32,0.407,4.46,-20.0
2020-07-07 02:23:02,33,0.411,4.48,-20.0
2020-07-07 02:23:02,34,0.414,4.48,-20.0
2020-07-07 02:23:02,35,0.407,4.48,-20.0
2020-07-07 02:23:02,36,0.406,4.5,-20.0
2020-07-07 02:23:02,37,0.415,4.48,20.3
2020-07-07 02:23:02,38,0.407,4.48,-20.0
2020-07-07 02:23:02,39,0.41,4.46,-20.0
2020-07-07 02:23:02,40,0.417,4.47,-20.0
2020-07-07 02:23:02,41,0.414,4.5,-20.0
2020-07-07 02:23:02,42,0.401,4.48,-20.0
2020-07-07 02:23:02,43,0.413,4.47,-20.0
2020-07-07 02:23:02,44,0.423,4.49,-20.0
2020-07-07 02:23:02,45,0.413,4.5,-20.0
2020-07-07 02:23:02,46,0.415,4.48,-20.0
2020-07-07 02:23:02,47,0.418,4.47,-20.0
2020-07-07 02:23:02,48,0.419,4.47,-20.0
2020-07-07 02:23:02,49,0.488,4.46,22.5
2020-07-07 02:23:02,50,0.43,4.47,-20.0
2020-07-07 02:23:02,51,0.413,4.47,-20.0
2020-07-07 02:23:02,52,0.419,4.46,-20.0
2020-07-07 02:23:02,53,0.421,4.45,-20.0
2020-07-07 02:23:02,54,0.42,4.46,-20.0
2020-07-07 02:23:02,55,0.411,4.43,-20.0
2020-07-07 02:23:02,56,0.413,4.43,-20.0
2020-07-07 02:23:02,57,0.42,4.42,-20.0
2020-07-07 02:23:02,58,0.411,4.42,-20.0
2020-07-07 02:23:02,59,0.411,4.44,-20.0
2020-07-07 02:23:02,60,0.419,4.45,-20.0
2020-07-07 02:23:02,61,0.421,4.49,19.7
2020-07-07 02:23:02,62,0.411,4.49,-20.0
2020-07-07 02:23:02,63,0.408,4.48,-20.0
2020-07-07 02:23:02,64,0.41,4.45,-20.0
2020-07-07 02:23:02,65,0.413,4.45,-20.0
2020-07-07 02:23:02,66,0.418,4.45,-20.0
2020-07-07 02:23:02,67,0.414,4.42,-20.0
2020-07-07 02:23:02,68,0.414,4.45,-20.0
2020-07-07 02:23:02,69,0.42,4.44,-20.0
2020-07-07 02:23:02,70,0.416,4.46,-20.0
2020-07-07 02:23:02,71,0.416,4.48,-20.0
2020-07-07 02:23:02,72,0.416,4.49,-20.0
2020-07-07 02:23:02,73,0.411,4.51,20.1
2020-07-07 02:23:02,74,0.405,4.49,-20.0
2020-07-07 02:23:02,75,0.431,4.46,-20.0
2020-07-07 02:23:02,76,0.426,4.44,-20.0
2020-07-07 02:23:02,77,0.423,4.5,-20.0
2020-07-07 02:23:02,78,0.418,4.47,-20.0
2020-07-07 02:23:02,79,0.411,4.5,-20.0
2020-07-07 02:23:02,80,0.425,4.51,-20.0
2020-07-07 02:23:02,81,0.425,4.51,-20.0
2020-07-07 02:23:02,82,0.428,4.51,-20.0
2020-07-07 02:23:02,83,0.427,4.51,-20.0
2020-07-07 02:23:02,84,0.423,4.49,-20.0
2020-07-07 02:23:02,85,0.42,4.48,21.0
2020-07-07 02:23:02,86,0.422,4.46,-20.0
2020-07-07 02:23:02,87,0.437,4.46,-20.0
2020-07-07 02:23:02,88,0.418,4.48,-20.0
2020-07-07 02:23:02,89,0.42,4.5,-20.0
2020-07-07 02:23:02,90,0.413,4.47,-20.0
2020-07-07 02:23:02,91,0.421,4.48,-20.0
2020-07-07 02:23:02,92,0.401,4.5,-20.0
2020-07-07 02:23:02,93,0.415,4.49,-20.0
2020-07-07 02:23:02,94,0.422,4.46,-20.0
2020-07-07 02:23:02,95,0.418,4.46,-20.0
2020-07-07 02:23:02,96,0.414,4.49,-20.0
2020-07-07 14:22:30,1,0.415,4.51,23.2
2020-07-07 14:22:30,2,0.411,4.51,-20.0
2020-07-07 14:22:30,3,0.418,4.52,-20.0
2020-07-07 14:22:30,4,0.418,4.47,-20.0
2020-07-07 14:22:30,5,0.411,4.51,-20.0
2020-07-07 14:22:30,6,0.421,4.49,-20.0
2020-07-07 14:22:30,7,0.407,4.47,-20.0
2020-07-07 14:22:30,8,0.409,4.5,-20.0
2020-07-07 14:22:30,9,0.412,4.46,-20.0
2020-07-07 14:22:30,10,0.419,4.49,-20.0
2020-07-07 14:22:30,11,0.423,4.44,-20.0
2020-07-07 14:22:30,12,0.422,4.45,-20.0
2020-07-07 14:22:30,13,0.413,4.46,22.3
2020-07-07 14:22:30,14,0.418,4.48,-20.0
2020-07-07 14:22:30,15,0.41,4.51,-20.0
2020-07-07 14:22:30,16,0.426,4.53,-20.0
2020-07-07 14:22:30,17,0.415,4.48,-20.0
2020-07-07 14:22:30,18,0.425,4.5,-20.0
2020-07-07 14:22:30,19,0.434,4.46,-20.0
2020-07-07 14:22:30,20,0.414,4.48,-20.0
2020-07-07 14:22:30,21,0.41,4.48,-20.0
2020-07-07 14:22:30,22,0.422,4.47,-20.0
2020-07-07 14:22:30,23,0.432,4.48,-20.0
2020-07-07 14:22:30,24,0.405,4.49,-20.0
2020-07-07 14:22:30,25,0.418,4.5,20.0
2020-07-07 14:22:30,26,0.42,4.49,-20.0
2020-07-07 14:22:30,27,0.415,4.46,-20.0
2020-07-07 14:22:30,28,0.422,4.47,-20.0
2020-07-07 14:22:30,29,0.407,4.46,-20.0
2020-07-07 14:22:30,30,0.42,4.48,-20.0
2020-07-07 14:22:30,31,0.418,4.47,-20.0
2020-07-07 14:22:30,32,0.41,4.47,-20.0
2020-07-07 14:22:30,33,0.409,4.47,-20.0
2020-07-07 14:22:30,34,0.418,4.49,-20.0
2020-07-07 14:22:30,35,0.409,4.48,-20.0
2020-07-07 14:22:30,36,0.409,4.5,-20.0
2020-07-07 14:22:30,37,0.416,4.48,20.4
2020-07-07 14:22:30,38,0.41,4.48,-20.0
2020-07-07 14:22:30,39,0.413,4.47,-20.0
2020-07-07 14:22:30,40,0.417,4.47,-20.0
2020-07-07 14:22:30,41,0.414,4.5,-20.0
2020-07-07 14:22:30,42,0.404,4.49,-20.0
2020-07-07 14:22:30,43,0.413,4.47,-20.0
2020-07-07 14:22:30,44,0.425,4.49,-20.0
2020-07-07 14:22:30,45,0.416,4.49,-20.0
2020-07-07 14:22:30,46,0.415,4.49,-20.0
2020-07-07 14:22:30,47,0.423,4.48,-20.0
2020-07-07 14:22:30,48,0.419,4.48,-20.0
2020-07-07 14:22:30,49,0.488,4.46,22.4
2020-07-07 14:22:30,50,0.428,4.47,-20.0
2020-07-07 14:22:30,51,0.413,4.47,-20.0
2020-07-07 14:22:30,52,0.418,4.46,-20.0
2020-07-07 14:22:30,53,0.42,4.44,-20.0
2020-07-07 14:22:30,54,0.42,4.46,-20.0
2020-07-07 14:22:30,55,0.415,4.43,-20.0
2020-07-07 14:22:30,56,0.41,4.42,-20.0
2020-07-07 14:22:30,57,0.419,4.43,-20.0
2020-07-07 14:22:30,58,0.413,4.42,-20.0
2020-07-07 14:22:30,59,0.409,4.44,-20.0
2020-07-07 14:22:30,60,0.421,4.46,-20.0
2020-07-07 14:22:30,61,0.422,4.49,19.9
2020-07-07 14:22:30,62,0.411,4.49,-20.0
2020-07-07 14:22:30,63,0.41,4.48,-20.0
2020-07-07 14:22:30,64,0.408,4.45,-20.0
2020-07-07 14:22:30,65,0.41,4.44,-20.0
2020-07-07 14:22:30,66,0.421,4.44,-20.0
2020-07-07 14:22:30,67,0.418,4.43,-20.0
2020-07-07 14:22:30,68,0.418,4.45,-20.0
2020-07-07 14:22:30,69,0.417,4.45,-20.0
2020-07-07 14:22:30,70,0.418,4.46,-20.0
2020-07-07 14:22:30,71,0.416,4.49,-20.0
2020-07-07 14:22:30,72,0.419,4.48,-20.0
2020-07-07 14:22:30,73,0.413,4.51,20.4
2020-07-07 14:22:30,74,0.406,4.49,-20.0
2020-07-07 14:22:30,75,0.431,4.47,-20.0
2020-07-07 14:22:30,76,0.428,4.44,-20.0
2020-07-07 14:22:30,77,0.426,4.49,-20.0
2020-07-07 14:22:30,78,0.418,4.47,-20.0
2020-07-07 14:22:30,79,0.411,4.49,-20.0
2020-07-07 14:22:30,80,0.426,4.51,-20.0
2020-07-07 14:22:30,81,0.421,4.51,-20.0
2020-07-07 14:22:30,82,0.424,4.52,-20.0
2020-07-07 14:22:30,83,0.427,4.5,-20.0
2020-07-07 14:22:30,84,0.422,4.49,-20.0
2020-07-07 14:22:30,85,0.417,4.48,21.3
2020-07-07 14:22:30,86,0.419,4.47,-20.0
2020-07-07 14:22:30,87,0.434,4.46,-20.0
2020-07-07 14:22:30,88,0.417,4.47,-20.0
2020-07-07 14:22:30,89,0.419,4.51,-20.0
2020-07-07 14:22:30,90,0.413,4.47,-20.0
2020-07-07 14:22:30,91,0.418,4.48,-20.0
2020-07-07 14:22:30,92,0.403,4.5,-20.0
2020-07-07 14:22:30,93,0.413,4.49,-20.0
2020-07-07 14:22:30,94,0.421,4.46,-20.0
2020-07-07 14:22:30,95,0.419,4.45,-20.0
2020-07-07 14:22:30,96,0.413,4.48,-20.0
2020-07-08 02:22:05,1,0.417,4.51,23.2
2020-07-08 02:22:05,2,0.412,4.51,-20.0
2020-07-08 02:22:05,3,0.417,4.51,-20.0
2020-07-08 02:22:05,4,0.416,4.47,-20.0
2020-07-08 02:22:05,5,0.408,4.51,-20.0
2020-07-08 02:22:05,6,0.421,4.49,-20.0
2020-07-08 02:22:05,7,0.408,4.47,-20.0
2020-07-08 02:22:05,8,0.409,4.49,-20.0
2020-07-08 02:22:05,9,0.413,4.47,-20.0
2020-07-08 02:22:05,10,0.422,4.48,-20.0
2020-07-08 02:22:05,11,0.424,4.45,-20.0
2020-07-08 02:22:05,12,0.423,4.46,-20.0
2020-07-08 02:22:05,13,0.412,4.48,22.3
2020-07-08 02:22:05,14,0.415,4.48,-20.0
2020-07-08 02:22:05,15,0.411,4.51,-20.0
2020-07-08 02:22:05,16,0.423,4.51,-20.0
2020-07-08 02:22:05,17,0.416,4.48,-20.0
2020-07-08 02:22:05,18,0.424,4.49,-20.0
2020-07-08 02:22:05,19,0.435,4.46,-20.0
2020-07-08 02:22:05,20,0.412,4.48,-20.0
2020-07-08 02:22:05,21,0.412,4.48,-20.0
2020-07-08 02:22:05,22,0.422,4.46,-20.0
2020-07-08 02:22:05,23,0.435,4.48,-20.0
2020-07-08 02:22:05,24,0.406,4.48,-20.0
2020-07-08 02:22:05,25,0.418,4.5,19.9
2020-07-08 02:22:05,26,0.419,4.49,-20.0
2020-07-08 02:22:05,27,0.418,4.47,-20.0
2020-07-08 02:22:05,28,0.424,4.46,-20.0
2020-07-08 02:22:05,29,0.413,4.46,-20.0
2020-07-08 02:22:05,30,0.42,4.47,-20.0
2020-07-08 02:22:05,31,0.419,4.46,-20.0
2020-07-08 02:22:05,32,0.404,4.47,-20.0
2020-07-08 02:22:05,33,0.411,4.48,-20.0
2020-07-08 02:22:05,34,0.424,4.49,-20.0
2020-07-08 02:22:05,35,0.413,4.48,-20.0
2020-07-08 02:22:05,36,0.409,4.5,-20.0
2020-07-08 02:22:05,37,0.417,4.48,20.4
2020-07-08 02:22:05,38,0.412,4.48,-20.0
2020-07-08 02:22:05,39,0.413,4.46,-20.0
2020-07-08 02:22:05,40,0.418,4.46,-20.0
2020-07-08 02:22:05,41,0.416,4.5,-20.0
2020-07-08 02:22:05,42,0.403,4.48,-20.0
2020-07-08 02:22:05,43,0.415,4.48,-20.0
2020-07-08 02:22:05,44,0.425,4.49,-20.0
2020-07-08 02:22:05,45,0.418,4.49,-20.0
2020-07-08 02:22:05,46,0.415,4.49,-20.0
2020-07-08 02:22:05,47,0.417,4.48,-20.0
2020-07-08 02:22:05,48,0.419,4.48,-20.0
2020-07-08 02:22:05,49,0.485,4.46,22.5
2020-07-08 02:22:05,50,0.429,4.47,-20.0
2020-07-08 02:22:05,51,0.414,4.47,-20.0
2020-07-08 02:22:05,52,0.418,4.46,-20.0
2020-07-08 02:22:05,53,0.42,4.45,-20.0
2020-07-08 02:22:05,54,0.418,4.46,-20.0
2020-07-08 02:22:05,55,0.418,4.43,-20.0
2020-07-08 02:22:05,56,0.412,4.42,-20.0
2020-07-08 02:22:05,57,0.422,4.42,-20.0
2020-07-08 02:22:05,58,0.413,4.42,-20.0
2020-07-08 02:22:05,59,0.416,4.44,-20.0
2020-07-08 02:22:05,60,0.42,4.45,-20.0
2020-07-08 02:22:05,61,0.421,4.49,19.8
2020-07-08 02:22:05,62,0.413,4.49,-20.0
2020-07-08 02:22:05,63,0.411,4.47,-20.0
2020-07-08 02:22:05,64,0.408,4.45,-20.0
2020-07-08 02:22:05,65,0.413,4.44,-20.0
2020-07-08 02:22:05,66,0.422,4.45,-20.0
2020-07-08 02:22:05,67,0.419,4.43,-20.0
2020-07-08 02:22:05,68,0.418,4.45,-20.0
2020-07-08 02:22:05,69,0.415,4.45,-20.0
2020-07-08 02:22:05,70,0.415,4.46,-20.0
2020-07-08 02:22:05,71,0.418,4.48,-20.0
2020-07-08 02:22:05,72,0.42,4.48,-20.0
2020-07-08 02:22:05,73,0.414,4.51,20.3
2020-07-08 02:22:05,74,0.405,4.5,-20.0
2020-07-08 02:22:05,75,0.43,4.46,-20.0
2020-07-08 02:22:05,76,0.428,4.45,-20.0
2020-07-08 02:22:05,77,0.426,4.51,-20.0
2020-07-08 02:22:05,78,0.416,4.46,-20.0
2020-07-08 02:22:05,79,0.412,4.49,-20.0
2020-07-08 02:22:05,80,0.426,4.51,-20.0
2020-07-08 02:22:05,81,0.423,4.51,-20.0
2020-07-08 02:22:05,82,0.422,4.51,-20.0
2020-07-08 02:22:05,83,0.427,4.5,-20.0
2020-07-08 02:22:05,84,0.422,4.49,-20.0
2020-07-08 02:22:05,85,0.42,4.48,21.3
2020-07-08 02:22:05,86,0.417,4.47,-20.0
2020-07-08 02:22:05,87,0.434,4.47,-20.0
2020-07-08 02:22:05,88,0.416,4.47,-20.0
2020-07-08 02:22:05,89,0.417,4.5,-20.0
2020-07-08 02:22:05,90,0.413,4.47,-20.0
2020-07-08 02:22:05,91,0.419,4.48,-20.0
2020-07-08 02:22:05,92,0.401,4.5,-20.0
2020-07-08 02:22:05,93,0.415,4.49,-20.0
2020-07-08 02:22:05,94,0.421,4.47,-20.0
2020-07-08 02:22:05,95,0.421,4.46,-20.0
2020-07-08 02:22:05,96,0.41,4.48,-20.0
2020-07-08 14:21:31,1,0.418,4.5,23.2
2020-07-08 14:21:31,2,0.414,4.51,-20.0
2020-07-08 14:21:31,3,0.419,4.52,-20.0
2020-07-08 14:21:31,4,0.413,4.48,-20.0
2020-07-08 14:21:31,5,0.404,4.51,-20.0
2020-07-08 14:21:31,6,0.418,4.49,-20.0
2020-07-08 14:21:31,7,0.404,4.48,-20.0
2020-07-08 14:21:31,8,0.401,4.5,-20.0
2020-07-08 14:21:31,9,0.413,4.47,-20.0
2020-07-08 14:21:31,10,0.417,4.49,-20.0
2020-07-08 14:21:31,11,0.423,4.45,-20.0
2020-07-08 14:21:31,12,0.419,4.46,-20.0
2020-07-08 14:21:31,13,0.411,4.46,22.2
2020-07-08 14:21:31,14,0.416,4.48,-20.0
2020-07-08 14:21:31,15,0.413,4.51,-20.0
2020-07-08 14:21:31,16,0.428,4.52,-20.0
2020-07-08 14:21:31,17,0.416,4.48,-20.0
2020-07-08 14:21:31,18,0.424,4.49,-20.0
2020-07-08 14:21:31,19,0.434,4.47,-20.0
2020-07-08 14:21:31,20,0.412,4.47,-20.0
2020-07-08 14:21:31,21,0.415,4.47,-20.0
2020-07-08 14:21:31,22,0.421,4.46,-20.0
2020-07-08 14:21:31,23,0.437,4.48,-20.0
2020-07-08 14:21:31,24,0.409,4.48,-20.0
2020-07-08 14:21:31,25,0.418,4.5,19.8
2020-07-08 14:21:31,26,0.422,4.49,-20.0
2020-07-08 14:21:31,27,0.42,4.46,-20.0
2020-07-08 14:21:31,28,0.426,4.47,-20.0
2020-07-08 14:21:31,29,0.415,4.47,-20.0
2020-07-08 14:21:31,30,0.419,4.47,-20.0
2020-07-08 14:21:31,31,0.42,4.46,-20.0
2020-07-08 14:21:31,32,0.41,4.47,-20.0
2020-07-08 14:21:31,33,0.414,4.48,-20.0
2020-07-08 14:21:31,34,0.425,4.49,-20.0
2020-07-08 14:21:31,35,0.414,4.48,-20.0
2020-07-08 14:21:31,36,0.407,4.5,-20.0
2020-07-08 14:21:31,37,0.422,4.48,20.2
2020-07-08 14:21:31,38,0.412,4.48,-20.0
2020-07-08 14:21:31,39,0.415,4.47,-20.0
2020-07-08 14:21:31,40,0.417,4.48,-20.0
2020-07-08 14:21:31,41,0.416,4.5,-20.0
2020-07-08 14:21:31,42,0.405,4.48,-20.0
2020-07-08 14:21:31,43,0.414,4.48,-20.0
2020-07-08 14:21:31,44,0.426,4.49,-20.0
2020-07-08 14:21:31,45,0.417,4.49,-20.0
2020-07-08 14:21:31,46,0.415,4.49,-20.0
2020-07-08 14:21:31,47,0.415,4.47,-20.0
2020-07-08 14:21:31,48,0.416,4.48,-20.0
2020-07-08 14:21:31,49,0.489,4.46,22.3
2020-07-08 14:21:31,50,0.43,4.46,-20.0
2020-07-08 14:21:31,51,0.416,4.47,-20.0
2020-07-08 14:21:31,52,0.421,4.46,-20.0
2020-07-08 14:21:31,53,0.421,4.44,-20.0
2020-07-08 14:21:31,54,0.418,4.46,-20.0
2020-07-08 14:21:31,55,0.42,4.42,-20.0
2020-07-08 14:21:31,56,0.412,4.42,-20.0
2020-07-08 14:21:31,57,0.421,4.42,-20.0
2020-07-08 14:21:31,58,0.414,4.42,-20.0
2020-07-08 14:21:31,59,0.417,4.44,-20.0
2020-07-08 14:21:31,60,0.424,4.45,-20.0
2020-07-08 14:21:31,61,0.421,4.5,19.6
2020-07-08 14:21:31,62,0.415,4.49,-20.0
2020-07-08 14:21:31,63,0.411,4.47,-20.0
2020-07-08 14:21:31,64,0.409,4.45,-20.0
2020-07-08 14:21:31,65,0.414,4.45,-20.0
2020-07-08 14:21:31,66,0.42,4.45,-20.0
2020-07-08 14:21:31,67,0.421,4.42,-20.0
2020-07-08 14:21:31,68,0.415,4.46,-20.0
2020-07-08 14:21:31,69,0.414,4.45,-20.0
2020-07-08 14:21:31,70,0.416,4.46,-20.0
2020-07-08 14:21:31,71,0.418,4.48,-20.0
2020-07-08 14:21:31,72,0.418,4.48,-20.0
2020-07-08 14:21:31,73,0.4,4.51,20.1
2020-07-08 14:21:31,74,0.398,4.49,-20.0
2020-07-08 14:21:31,75,0.431,4.47,-20.0
2020-07-08 14:21:31,76,0.426,4.44,-20.0
2020-07-08 14:21:31,77,0.423,4.5,-20.0
2020-07-08 14:21:31,78,0.41,4.47,-20.0
2020-07-08 14:21:31,79,0.411,4.49,-20.0
2020-07-08 14:21:31,80,0.426,4.5,-20.0
2020-07-08 14:21:31,81,0.424,4.51,-20.0
2020-07-08 14:21:31,82,0.423,4.51,-20.0
2020-07-08 14:21:31,83,0.425,4.5,-20.0
2020-07-08 14:21:31,84,0.424,4.5,-20.0
2020-07-08 14:21:31,85,0.42,4.48,20.9
2020-07-08 14:21:31,86,0.417,4.47,-20.0
2020-07-08 14:21:31,87,0.433,4.46,-20.0
2020-07-08 14:21:31,88,0.415,4.48,-20.0
2020-07-08 14:21:31,89,0.418,4.5,-20.0
2020-07-08 14:21:31,90,0.414,4.47,-20.0
2020-07-08 14:21:31,91,0.417,4.48,-20.0
2020-07-08 14:21:31,92,0.403,4.5,-20.0
2020-07-08 14:21:31,93,0.416,4.49,-20.0
2020-07-08 14:21:31,94,0.424,4.47,-20.0
2020-07-08 14:21:31,95,0.422,4.45,-20.0
2020-07-08 14:21:31,96,0.411,4.48,-20.0
2020-07-09 02:21:05,1,0.419,4.51,23.2
2020-07-09 02:21:05,2,0.415,4.5,-20.0
2020-07-09 02:21:05,3,0.421,4.52,-20.0
2020-07-09 02:21:05,4,0.415,4.47,-20.0
2020-07-09 02:21:05,5,0.403,4.51,-20.0
2020-07-09 02:21:05,6,0.419,4.5,-20.0
2020-07-09 02:21:05,7,0.406,4.47,-20.0
2020-07-09 02:21:05,8,0.402,4.5,-20.0
2020-07-09 02:21:05,9,0.414,4.46,-20.0
2020-07-09 02:21:05,10,0.42,4.49,-20.0
2020-07-09 02:21:05,11,0.422,4.45,-20.0
2020-07-09 02:21:05,12,0.42,4.46,-20.0
2020-07-09 02:21:05,13,0.41,4.46,22.2
2020-07-09 02:21:05,14,0.417,4.48,-20.0
2020-07-09 02:21:05,15,0.416,4.51,-20.0
2020-07-09 02:21:05,16,0.428,4.53,-20.0
2020-07-09 02:21:05,17,0.419,4.48,-20.0
2020-07-09 02:21:05,18,0.424,4.49,-20.0
2020-07-09 02:21:05,19,0.434,4.46,-20.0
2020-07-09 02:21:05,20,0.41,4.47,-20.0
2020-07-09 02:21:05,21,0.414,4.48,-20.0
2020-07-09 02:21:05,22,0.418,4.45,-20.0
2020-07-09 02:21:05,23,0.44,4.48,-20.0
2020-07-09 02:21:05,24,0.409,4.48,-20.0
2020-07-09 02:21:05,25,0.419,4.49,19.9
2020-07-09 02:21:05,26,0.426,4.48,-20.0
2020-07-09 02:21:05,27,0.421,4.46,-20.0
2020-07-09 02:21:05,28,0.429,4.46,-20.0
2020-07-09 02:21:05,29,0.415,4.46,-20.0
2020-07-09 02:21:05,30,0.419,4.47,-20.0
2020-07-09 02:21:05,31,0.423,4.46,-20.0
2020-07-09 02:21:05,32,0.412,4.47,-20.0
2020-07-09 02:21:05,33,0.414,4.47,-20.0
2020-07-09 02:21:05,34,0.424,4.49,-20.0
2020-07-09 02:21:05,35,0.411,4.49,-20.0
2020-07-09 02:21:05,36,0.404,4.5,-20.0
2020-07-09 02:21:05,37,0.425,4.48,20.3
2020-07-09 02:21:05,38,0.414,4.48,-20.0
2020-07-09 02:21:05,39,0.419,4.46,-20.0
2020-07-09 02:21:05,40,0.415,4.48,-20.0
2020-07-09 02:21:05,41,0.413,4.5,-20.0
2020-07-09 02:21:05,42,0.391,4.48,-20.0
2020-07-09 02:21:05,43,0.393,4.47,-20.0
2020-07-09 02:21:05,44,0.416,4.48,-20.0
2020-07-09 02:21:05,45,0.416,4.49,-20.0
2020-07-09 02:21:05,46,0.415,4.48,-20.0
2020-07-09 02:21:05,47,0.402,4.48,-20.0
2020-07-09 02:21:05,48,0.396,4.48,-20.0
2020-07-09 02:21:05,49,0.486,4.46,22.2
2020-07-09 02:21:05,50,0.431,4.47,-20.0
2020-07-09 02:21:05,51,0.414,4.47,-20.0
2020-07-09 02:21:05,52,0.42,4.46,-20.0
2020-07-09 02:21:05,53,0.422,4.45,-20.0
2020-07-09 02:21:05,54,0.419,4.46,-20.0
2020-07-09 02:21:05,55,0.421,4.43,-20.0
2020-07-09 02:21:05,56,0.414,4.43,-20.0
2020-07-09 02:21:05,57,0.423,4.42,-20.0
2020-07-09 02:21:05,58,0.413,4.42,-20.0
2020-07-09 02:21:05,59,0.421,4.44,-20.0
2020-07-09 02:21:05,60,0.425,4.45,-20.0
2020-07-09 02:21:05,61,0.421,4.5,19.7
2020-07-09 02:21:05,62,0.417,4.49,-20.0
2020-07-09 02:21:05,63,0.411,4.47,-20.0
2020-07-09 02:21:05,64,0.413,4.46,-20.0
2020-07-09 02:21:05,65,0.417,4.45,-20.0
2020-07-09 02:21:05,66,0.42,4.45,-20.0
2020-07-09 02:21:05,67,0.42,4.42,-20.0
2020-07-09 02:21:05,68,0.415,4.46,-20.0
2020-07-09 02:21:05,69,0.416,4.45,-20.0
2020-07-09 02:21:05,70,0.415,4.46,-20.0
2020-07-09 02:21:05,71,0.417,4.48,-20.0
2020-07-09 02:21:05,72,0.419,4.48,-20.0
2020-07-09 02:21:05,73,0.404,4.51,20.1
2020-07-09 02:21:05,74,0.401,4.5,-20.0
2020-07-09 02:21:05,75,0.43,4.46,-20.0
2020-07-09 02:21:05,76,0.425,4.44,-20.0
2020-07-09 02:21:05,77,0.422,4.5,-20.0
2020-07-09 02:21:05,78,0.407,4.47,-20.0
2020-07-09 02:21:05,79,0.412,4.5,-20.0
2020-07-09 02:21:05,80,0.429,4.5,-20.0
2020-07-09 02:21:05,81,0.424,4.51,-20.0
2020-07-09 02:21:05,82,0.422,4.51,-20.0
2020-07-09 02:21:05,83,0.424,4.49,-20.0
2020-07-09 02:21:05,84,0.422,4.49,-20.0
2020-07-09 02:21:05,85,0.418,4.48,20.9
2020-07-09 02:21:05,86,0.417,4.47,-20.0
2020-07-09 02:21:05,87,0.434,4.46,-20.0
2020-07-09 02:21:05,88,0.413,4.49,-20.0
2020-07-09 02:21:05,89,0.415,4.5,-20.0
2020-07-09 02:21:05,90,0.416,4.47,-20.0
2020-07-09 02:21:05,91,0.417,4.49,-20.0
2020-07-09 02:21:05,92,0.4,4.5,-20.0
2020-07-09 02:21:05,93,0.418,4.49,-20.0
2020-07-09 02:21:05,94,0.423,4.47,-20.0
2020-07-09 02:21:05,95,0.42,4.46,-20.0
2020-07-09 02:21:05,96,0.411,4.48,-20.0
2020-07-09 14:20:36,1,0.415,4.51,23.2
2020-07-09 14:20:36,2,0.416,4.51,-20.0
2020-07-09 14:20:36,3,0.42,4.52,-20.0
2020-07-09 14:20:36,4,0.415,4.47,-20.0
2020-07-09 14:20:36,5,0.405,4.52,-20.0
2020-07-09 14:20:36,6,0.418,4.48,-20.0
2020-07-09 14:20:36,7,0.406,4.47,-20.0
2020-07-09 14:20:36,8,0.402,4.49,-20.0
2020-07-09 14:20:36,9,0.416,4.46,-20.0
2020-07-09 14:20:36,10,0.421,4.49,-20.0
2020-07-09 14:20:36,11,0.422,4.45,-20.0
2020-07-09 14:20:36,12,0.421,4.45,-20.0
2020-07-09 14:20:36,13,0.41,4.47,22.2
2020-07-09 14:20:36,14,0.417,4.49,-20.0
2020-07-09 14:20:36,15,0.414,4.51,-20.0
2020-07-09 14:20:36,16,0.429,4.52,-20.0
2020-07-09 14:20:36,17,0.418,4.48,-20.0
2020-07-09 14:20:36,18,0.422,4.49,-20.0
2020-07-09 14:20:36,19,0.433,4.47,-20.0
2020-07-09 14:20:36,20,0.409,4.47,-20.0
2020-07-09 14:20:36,21,0.416,4.47,-20.0
2020-07-09 14:20:36,22,0.416,4.48,-20.0
2020-07-09 14:20:36,23,0.44,4.47,-20.0
2020-07-09 14:20:36,24,0.409,4.48,-20.0
2020-07-09 14:20:36,25,0.419,4.5,19.6
2020-07-09 14:20:36,26,0.426,4.48,-20.0
2020-07-09 14:20:36,27,0.424,4.47,-20.0
2020-07-09 14:20:36,28,0.43,4.48,-20.0
2020-07-09 14:20:36,29,0.417,4.46,-20.0
2020-07-09 14:20:36,30,0.419,4.48,-20.0
2020-07-09 14:20:36,31,0.422,4.46,-20.0
2020-07-09 14:20:36,32,0.409,4.47,-20.0
2020-07-09 14:20:36,33,0.414,4.49,-20.0
2020-07-09 14:20:36,34,0.421,4.49,-20.0
2020-07-09 14:20:36,35,0.412,4.48,-20.0
2020-07-09 14:20:36,36,0.406,4.49,-20.0
2020-07-09 14:20:36,37,0.426,4.48,20.1
2020-07-09 14:20:36,38,0.415,4.48,-20.0
2020-07-09 14:20:36,39,0.42,4.46,-20.0
2020-07-09 14:20:36,40,0.416,4.48,-20.0
2020-07-09 14:20:36,41,0.415,4.5,-20.0
2020-07-09 14:20:36,42,0.394,4.48,-20.0
2020-07-09 14:20:36,43,0.4,4.48,-20.0
2020-07-09 14:20:36,44,0.418,4.49,-20.0
2020-07-09 14:20:36,45,0.417,4.49,-20.0
2020-07-09 14:20:36,46,0.418,4.48,-20.0
2020-07-09 14:20:36,47,0.406,4.48,-20.0
2020-07-09 14:20:36,48,0.398,4.48,-20.0
2020-07-09 14:20:36,49,0.486,4.46,22.3
2020-07-09 14:20:36,50,0.433,4.47,-20.0
2020-07-09 14:20:36,51,0.412,4.46,-20.0
2020-07-09 14:20:36,52,0.421,4.46,-20.0
2020-07-09 14:20:36,53,0.421,4.45,-20.0
2020-07-09 14:20:36,54,0.419,4.46,-20.0
2020-07-09 14:20:36,55,0.423,4.43,-20.0
2020-07-09 14:20:36,56,0.414,4.43,-20.0
2020-07-09 14:20:36,57,0.424,4.42,-20.0
2020-07-09 14:20:36,58,0.414,4.42,-20.0
2020-07-09 14:20:36,59,0.421,4.44,-20.0
2020-07-09 14:20:36,60,0.426,4.45,-20.0
2020-07-09 14:20:36,61,0.421,4.49,19.5
2020-07-09 14:20:36,62,0.418,4.49,-20.0
2020-07-09 14:20:36,63,0.404,4.48,-20.0
2020-07-09 14:20:36,64,0.406,4.46,-20.0
2020-07-09 14:20:36,65,0.403,4.45,-20.0
2020-07-09 14:20:36,66,0.417,4.45,-20.0
2020-07-09 14:20:36,67,0.416,4.43,-20.0
2020-07-09 14:20:36,68,0.406,4.45,-20.0
2020-07-09 14:20:36,69,0.407,4.45,-20.0
2020-07-09 14:20:36,70,0.403,4.46,-20.0
2020-07-09 14:20:36,71,0.414,4.48,-20.0
2020-07-09 14:20:36,72,0.418,4.48,-20.0
2020-07-09 14:20:36,73,0.404,4.51,19.7
2020-07-09 14:20:36,74,0.401,4.5,-20.0
2020-07-09 14:20:36,75,0.43,4.46,-20.0
2020-07-09 14:20:36,76,0.425,4.44,-20.0
2020-07-09 14:20:36,77,0.422,4.5,-20.0
2020-07-09 14:20:36,78,0.41,4.47,-20.0
2020-07-09 14:20:36,79,0.413,4.5,-20.0
2020-07-09 14:20:36,80,0.429,4.5,-20.0
2020-07-09 14:20:36,81,0.424,4.51,-20.0
2020-07-09 14:20:36,82,0.425,4.51,-20.0
2020-07-09 14:20:36,83,0.426,4.5,-20.0
2020-07-09 14:20:36,84,0.423,4.49,-20.0
2020-07-09 14:20:36,85,0.42,4.48,20.5
2020-07-09 14:20:36,86,0.42,4.46,-20.0
2020-07-09 14:20:36,87,0.435,4.46,-20.0
2020-07-09 14:20:36,88,0.41,4.48,-20.0
2020-07-09 14:20:36,89,0.416,4.5,-20.0
2020-07-09 14:20:36,90,0.416,4.48,-20.0
2020-07-09 14:20:36,91,0.418,4.49,-20.0
2020-07-09 14:20:36,92,0.4,4.49,-20.0
2020-07-09 14:20:36,93,0.42,4.49,-20.0
2020-07-09 14:20:36,94,0.425,4.46,-20.0
2020-07-09 14:20:36,95,0.42,4.45,-20.0
2020-07-09 14:20:36,96,0.412,4.49,-20.0
2020-07-10 02:20:02,1,0.419,4.51,23.3
2020-07-10 02:20:02,2,0.417,4.5,-20.0
2020-07-10 02:20:02,3,0.422,4.52,-20.0
2020-07-10 02:20:02,4,0.417,4.47,-20.0
2020-07-10 02:20:02,5,0.408,4.51,-20.0
2020-07-10 02:20:02,6,0.419,4.49,-20.0
2020-07-10 02:20:02,7,0.409,4.47,-20.0
2020-07-10 02:20:02,8,0.404,4.49,-20.0
2020-07-10 02:20:02,9,0.414,4.46,-20.0
2020-07-10 02:20:02,10,0.421,4.48,-20.0
2020-07-10 02:20:02,11,0.423,4.45,-20.0
2020-07-10 02:20:02,12,0.423,4.45,-20.0
2020-07-10 02:20:02,13,0.412,4.46,22.2
2020-07-10 02:20:02,14,0.418,4.48,-20.0
2020-07-10 02:20:02,15,0.416,4.52,-20.0
2020-07-10 02:20:02,16,0.429,4.53,-20.0
2020-07-10 02:20:02,17,0.419,4.47,-20.0
2020-07-10 02:20:02,18,0.423,4.5,-20.0
2020-07-10 02:20:02,19,0.437,4.46,-20.0
2020-07-10 02:20:02,20,0.411,4.48,-20.0
2020-07-10 02:20:02,21,0.417,4.47,-20.0
2020-07-10 02:20:02,22,0.418,4.46,-20.0
2020-07-10 02:20:02,23,0.443,4.48,-20.0
2020-07-10 02:20:02,24,0.412,4.49,-20.0
2020-07-10 02:20:02,25,0.418,4.5,19.8
2020-07-10 02:20:02,26,0.427,4.48,-20.0
2020-07-10 02:20:02,27,0.424,4.47,-20.0
2020-07-10 02:20:02,28,0.429,4.47,-20.0
2020-07-10 02:20:02,29,0.42,4.47,-20.0
2020-07-10 02:20:02,30,0.421,4.47,-20.0
2020-07-10 02:20:02,31,0.418,4.46,-20.0
2020-07-10 02:20:02,32,0.396,4.47,-20.0
2020-07-10 02:20:02,33,0.407,4.48,-20.0
2020-07-10 02:20:02,34,0.409,4.48,-20.0
2020-07-10 02:20:02,35,0.409,4.48,-20.0
2020-07-10 02:20:02,36,0.405,4.5,-20.0
2020-07-10 02:20:02,37,0.413,4.48,20.2
2020-07-10 02:20:02,38,0.401,4.48,-20.0
2020-07-10 02:20:02,39,0.412,4.47,-20.0
2020-07-10 02:20:02,40,0.415,4.47,-20.0
2020-07-10 02:20:02,41,0.412,4.5,-20.0
2020-07-10 02:20:02,42,0.388,4.48,-20.0
2020-07-10 02:20:02,43,0.403,4.47,-20.0
2020-07-10 02:20:02,44,0.421,4.49,-20.0
2020-07-10 02:20:02,45,0.417,4.5,-20.0
2020-07-10 02:20:02,46,0.417,4.49,-20.0
2020-07-10 02:20:02,47,0.408,4.48,-20.0
2020-07-10 02:20:02,48,0.401,4.47,-20.0
2020-07-10 02:20:02,49,0.488,4.46,22.4
2020-07-10 02:20:02,50,0.431,4.46,-20.0
2020-07-10 02:20:02,51,0.412,4.46,-20.0
2020-07-10 02:20:02,52,0.418,4.46,-20.0
2020-07-10 02:20:02,53,0.422,4.45,-20.0
2020-07-10 02:20:02,54,0.419,4.46,-20.0
2020-07-10 02:20:02,55,0.423,4.42,-20.0
2020-07-10 02:20:02,56,0.413,4.43,-20.0
2020-07-10 02:20:02,57,0.428,4.42,-20.0
2020-07-10 02:20:02,58,0.414,4.42,-20.0
2020-07-10 02:20:02,59,0.424,4.44,-20.0
2020-07-10 02:20:02,60,0.428,4.45,-20.0
2020-07-10 02:20:02,61,0.422,4.5,19.6
2020-07-10 02:20:02,62,0.417,4.49,-20.0
2020-07-10 02:20:02,63,0.407,4.48,-20.0
2020-07-10 02:20:02,64,0.41,4.45,-20.0
2020-07-10 02:20:02,65,0.408,4.44,-20.0
2020-07-10 02:20:02,66,0.419,4.45,-20.0
2020-07-10 02:20:02,67,0.417,4.42,-20.0
2020-07-10 02:20:02,68,0.41,4.45,-20.0
2020-07-10 02:20:02,69,0.412,4.45,-20.0
2020-07-10 02:20:02,70,0.407,4.46,-20.0
2020-07-10 02:20:02,71,0.413,4.48,-20.0
2020-07-10 02:20:02,72,0.415,4.48,-20.0
2020-07-10 02:20:02,73,0.409,4.51,20.1
2020-07-10 02:20:02,74,0.405,4.49,-20.0
2020-07-10 02:20:02,75,0.431,4.46,-20.0
2020-07-10 02:20:02,76,0.428,4.45,-20.0
2020-07-10 02:20:02,77,0.422,4.49,-20.0
2020-07-10 02:20:02,78,0.413,4.46,-20.0
2020-07-10 02:20:02,79,0.414,4.5,-20.0
2020-07-10 02:20:02,80,0.428,4.5,-20.0
2020-07-10 02:20:02,81,0.426,4.52,-20.0
2020-07-10 02:20:02,82,0.423,4.51,-20.0
2020-07-10 02:20:02,83,0.425,4.5,-20.0
2020-07-10 02:20:02,84,0.425,4.49,-20.0
2020-07-10 02:20:02,85,0.42,4.48,21.0
2020-07-10 02:20:02,86,0.421,4.46,-20.0
2020-07-10 02:20:02,87,0.437,4.46,-20.0
2020-07-10 02:20:02,88,0.412,4.48,-20.0
2020-07-10 02:20:02,89,0.415,4.5,-20.0
2020-07-10 02:20:02,90,0.411,4.47,-20.0
2020-07-10 02:20:02,91,0.419,4.48,-20.0
2020-07-10 02:20:02,92,0.401,4.5,-20.0
2020-07-10 02:20:02,93,0.42,4.49,-20.0
2020-07-10 02:20:02,94,0.427,4.47,-20.0
2020-07-10 02:20:02,95,0.422,4.46,-20.0
2020-07-10 02:20:02,96,0.411,4.49,-20.0
2020-07-10 14:19:37,1,0.419,4.5,23.2
2020-07-10 14:19:37,2,0.418,4.5,-20.0
2020-07-10 14:19:37,3,0.421,4.52,-20.0
2020-07-10 14:19:37,4,0.416,4.47,-20.0
2020-07-10 14:19:37,5,0.408,4.5,-20.0
2020-07-10 14:19:37,6,0.417,4.49,-20.0
2020-07-10 14:19:37,7,0.408,4.47,-20.0
2020-07-10 14:19:37,8,0.404,4.49,-20.0
2020-07-10 14:19:37,9,0.413,4.46,-20.0
2020-07-10 14:19:37,10,0.42,4.49,-20.0
2020-07-10 14:19:37,11,0.423,4.45,-20.0
2020-07-10 14:19:37,12,0.421,4.45,-20.0
2020-07-10 14:19:37,13,0.412,4.46,22.4
2020-07-10 14:19:37,14,0.416,4.48,-20.0
2020-07-10 14:19:37,15,0.416,4.5,-20.0
2020-07-10 14:19:37,16,0.428,4.52,-20.0
2020-07-10 14:19:37,17,0.418,4.48,-20.0
2020-07-10 14:19:37,18,0.427,4.49,-20.0
2020-07-10 14:19:37,19,0.436,4.47,-20.0
2020-07-10 14:19:37,20,0.412,4.47,-20.0
2020-07-10 14:19:37,21,0.415,4.47,-20.0
2020-07-10 14:19:37,22,0.416,4.46,-20.0
2020-07-10 14:19:37,23,0.442,4.48,-20.0
2020-07-10 14:19:37,24,0.412,4.48,-20.0
2020-07-10 14:19:37,25,0.417,4.5,20.0
2020-07-10 14:19:37,26,0.427,4.49,-20.0
2020-07-10 14:19:37,27,0.422,4.46,-20.0
2020-07-10 14:19:37,28,0.429,4.47,-20.0
2020-07-10 14:19:37,29,0.417,4.46,-20.0
2020-07-10 14:19:37,30,0.421,4.47,-20.0
2020-07-10 14:19:37,31,0.418,4.46,-20.0
2020-07-10 14:19:37,32,0.4,4.46,-20.0
2020-07-10 14:19:37,33,0.407,4.47,-20.0
2020-07-10 14:19:37,34,0.411,4.48,-20.0
2020-07-10 14:19:37,35,0.411,4.48,-20.0
2020-07-10 14:19:37,36,0.408,4.5,-20.0
2020-07-10 14:19:37,37,0.411,4.47,20.4
2020-07-10 14:19:37,38,0.405,4.48,-20.0
2020-07-10 14:19:37,39,0.415,4.47,-20.0
2020-07-10 14:19:37,40,0.414,4.47,-20.0
2020-07-10 14:19:37,41,0.413,4.5,-20.0
2020-07-10 14:19:37,42,0.396,4.48,-20.0
2020-07-10 14:19:37,43,0.405,4.47,-20.0
2020-07-10 14:19:37,44,0.421,4.49,-20.0
2020-07-10 14:19:37,45,0.417,4.49,-20.0
2020-07-10 14:19:37,46,0.419,4.49,-20.0
2020-07-10 14:19:37,47,0.411,4.49,-20.0
2020-07-10 14:19:37,48,0.405,4.48,-20.0
2020-07-10 14:19:37,49,0.489,4.46,22.5
2020-07-10 14:19:37,50,0.436,4.47,-20.0
2020-07-10 14:19:37,51,0.413,4.47,-20.0
2020-07-10 14:19:37,52,0.418,4.46,-20.0
2020-07-10 14:19:37,53,0.422,4.44,-20.0
2020-07-10 14:19:37,54,0.42,4.46,-20.0
2020-07-10 14:19:37,55,0.408,4.43,-20.0
2020-07-10 14:19:37,56,0.409,4.42,-20.0
2020-07-10 14:19:37,57,0.427,4.43,-20.0
2020-07-10 14:19:37,58,0.406,4.42,-20.0
2020-07-10 14:19:37,59,0.41,4.44,-20.0
2020-07-10 14:19:37,60,0.427,4.45,-20.0
2020-07-10 14:19:37,61,0.424,4.5,19.9
2020-07-10 14:19:37,62,0.415,4.49,-20.0
2020-07-10 14:19:37,63,0.409,4.47,-20.0
2020-07-10 14:19:37,64,0.41,4.46,-20.0
2020-07-10 14:19:37,65,0.407,4.44,-20.0
2020-07-10 14:19:37,66,0.42,4.45,-20.0
2020-07-10 14:19:37,67,0.415,4.43,-20.0
2020-07-10 14:19:37,68,0.414,4.45,-20.0
2020-07-10 14:19:37,69,0.412,4.45,-20.0
2020-07-10 14:19:37,70,0.407,4.46,-20.0
2020-07-10 14:19:37,71,0.413,4.48,-20.0
2020-07-10 14:19:37,72,0.413,4.48,-20.0
2020-07-10 14:19:37,73,0.41,4.51,20.4
2020-07-10 14:19:37,74,0.406,4.49,-20.0
2020-07-10 14:19:37,75,0.43,4.47,-20.0
2020-07-10 14:19:37,76,0.426,4.44,-20.0
2020-07-10 14:19:37,77,0.423,4.5,-20.0
2020-07-10 14:19:37,78,0.414,4.47,-20.0
2020-07-10 14:19:37,79,0.418,4.5,-20.0
2020-07-10 14:19:37,80,0.429,4.51,-20.0
2020-07-10 14:19:37,81,0.425,4.51,-20.0
2020-07-10 14:19:37,82,0.423,4.52,-20.0
2020-07-10 14:19:37,83,0.428,4.5,-20.0
2020-07-10 14:19:37,84,0.426,4.49,-20.0
2020-07-10 14:19:37,85,0.419,4.49,21.3
2020-07-10 14:19:37,86,0.422,4.47,-20.0
2020-07-10 14:19:37,87,0.438,4.46,-20.0
2020-07-10 14:19:37,88,0.411,4.47,-20.0
2020-07-10 14:19:37,89,0.413,4.5,-20.0
2020-07-10 14:19:37,90,0.416,4.47,-20.0
2020-07-10 14:19:37,91,0.421,4.48,-20.0
2020-07-10 14:19:37,92,0.401,4.5,-20.0
2020-07-10 14:19:37,93,0.418,4.49,-20.0
2020-07-10 14:19:37,94,0.428,4.47,-20.0
2020-07-10 14:19:37,95,0.42,4.46,-20.0
2020-07-10 14:19:37,96,0.411,4.48,-20.0
2020-07-11 02:19:11,1,0.419,4.51,23.2
2020-07-11 02:19:11,2,0.415,4.5,-20.0
2020-07-11 02:19:11,3,0.423,4.51,-20.0
2020-07-11 02:19:11,4,0.418,4.48,-20.0
2020-07-11 02:19:11,5,0.41,4.51,-20.0
2020-07-11 02:19:11,6,0.418,4.49,-20.0
2020-07-11 02:19:11,7,0.407,4.48,-20.0
2020-07-11 02:19:11,8,0.404,4.52,-20.0
2020-07-11 02:19:11,9,0.414,4.46,-20.0
2020-07-11 02:19:11,10,0.423,4.49,-20.0
2020-07-11 02:19:11,11,0.425,4.44,-20.0
2020-07-11 02:19:11,12,0.421,4.46,-20.0
2020-07-11 02:19:11,13,0.413,4.47,22.2
2020-07-11 02:19:11,14,0.417,4.49,-20.0
2020-07-11 02:19:11,15,0.418,4.51,-20.0
2020-07-11 02:19:11,16,0.428,4.52,-20.0
2020-07-11 02:19:11,17,0.422,4.48,-20.0
2020-07-11 02:19:11,18,0.426,4.49,-20.0
2020-07-11 02:19:11,19,0.438,4.46,-20.0
2020-07-11 02:19:11,20,0.414,4.47,-20.0
2020-07-11 02:19:11,21,0.416,4.47,-20.0
2020-07-11 02:19:11,22,0.417,4.45,-20.0
2020-07-11 02:19:11,23,0.445,4.47,-20.0
2020-07-11 02:19:11,24,0.413,4.49,-20.0
2020-07-11 02:19:11,25,0.418,4.49,19.8
2020-07-11 02:19:11,26,0.424,4.48,-20.0
2020-07-11 02:19:11,27,0.411,4.46,-20.0
2020-07-11 02:19:11,28,0.424,4.47,-20.0
2020-07-11 02:19:11,29,0.406,4.46,-20.0
2020-07-11 02:19:11,30,0.415,4.47,-20.0
2020-07-11 02:19:11,31,0.414,4.46,-20.0
2020-07-11 02:19:11,32,0.389,4.47,-20.0
2020-07-11 02:19:11,33,0.404,4.48,-20.0
2020-07-11 02:19:11,34,0.395,4.48,-20.0
2020-07-11 02:19:11,35,0.411,4.49,-20.0
2020-07-11 02:19:11,36,0.412,4.5,-20.0
2020-07-11 02:19:11,37,0.416,4.47,20.3
2020-07-11 02:19:11,38,0.41,4.48,-20.0
2020-07-11 02:19:11,39,0.414,4.47,-20.0
2020-07-11 02:19:11,40,0.414,4.47,-20.0
2020-07-11 02:19:11,41,0.413,4.5,-20.0
2020-07-11 02:19:11,42,0.401,4.48,-20.0
2020-07-11 02:19:11,43,0.407,4.47,-20.0
2020-07-11 02:19:11,44,0.422,4.48,-20.0
2020-07-11 02:19:11,45,0.417,4.49,-20.0
2020-07-11 02:19:11,46,0.422,4.49,-20.0
2020-07-11 02:19:11,47,0.417,4.48,-20.0
2020-07-11 02:19:11,48,0.406,4.47,-20.0
2020-07-11 02:19:11,49,0.492,4.46,22.4
2020-07-11 02:19:11,50,0.435,4.46,-20.0
2020-07-11 02:19:11,51,0.413,4.47,-20.0
2020-07-11 02:19:11,52,0.419,4.46,-20.0
2020-07-11 02:19:11,53,0.423,4.45,-20.0
2020-07-11 02:19:11,54,0.42,4.46,-20.0
2020-07-11 02:19:11,55,0.413,4.43,-20.0
2020-07-11 02:19:11,56,0.41,4.42,-20.0
2020-07-11 02:19:11,57,0.426,4.43,-20.0
2020-07-11 02:19:11,58,0.407,4.42,-20.0
2020-07-11 02:19:11,59,0.408,4.43,-20.0
2020-07-11 02:19:11,60,0.426,4.46,-20.0
2020-07-11 02:19:11,61,0.418,4.49,19.8
2020-07-11 02:19:11,62,0.417,4.49,-20.0
2020-07-11 02:19:11,63,0.412,4.47,-20.0
2020-07-11 02:19:11,64,0.413,4.45,-20.0
2020-07-11 02:19:11,65,0.412,4.45,-20.0
2020-07-11 02:19:11,66,0.421,4.45,-20.0
2020-07-11 02:19:11,67,0.414,4.43,-20.0
2020-07-11 02:19:11,68,0.419,4.45,-20.0
2020-07-11 02:19:11,69,0.415,4.45,-20.0
2020-07-11 02:19:11,70,0.413,4.46,-20.0
2020-07-11 02:19:11,71,0.417,4.48,-20.0
2020-07-11 02:19:11,72,0.418,4.49,-20.0
2020-07-11 02:19:11,73,0.413,4.51,20.1
2020-07-11 02:19:11,74,0.408,4.5,-20.0
2020-07-11 02:19:11,75,0.43,4.47,-20.0
2020-07-11 02:19:11,76,0.427,4.44,-20.0
2020-07-11 02:19:11,77,0.427,4.5,-20.0
2020-07-11 02:19:11,78,0.415,4.47,-20.0
2020-07-11 02:19:11,79,0.419,4.5,-20.0
2020-07-11 02:19:11,80,0.43,4.51,-20.0
2020-07-11 02:19:11,81,0.426,4.51,-20.0
2020-07-11 02:19:11,82,0.421,4.52,-20.0
2020-07-11 02:19:11,83,0.429,4.5,-20.0
2020-07-11 02:19:11,84,0.427,4.49,-20.0
2020-07-11 02:19:11,85,0.42,4.48,21.0
2020-07-11 02:19:11,86,0.426,4.46,-20.0
2020-07-11 02:19:11,87,0.438,4.47,-20.0
2020-07-11 02:19:11,88,0.412,4.47,-20.0
2020-07-11 02:19:11,89,0.408,4.51,-20.0
2020-07-11 02:19:11,90,0.411,4.47,-20.0
2020-07-11 02:19:11,91,0.421,4.48,-20.0
2020-07-11 02:19:11,92,0.402,4.49,-20.0
2020-07-11 02:19:11,93,0.414,4.5,-20.0
2020-07-11 02:19:11,94,0.425,4.46,-20.0
2020-07-11 02:19:11,95,0.42,4.46,-20.0
2020-07-11 02:19:11,96,0.41,4.48,-20.0
2020-07-11 14:18:42,1,0.418,4.51,23.3
2020-07-11 14:18:42,2,0.416,4.51,-20.0
2020-07-11 14:18:42,3,0.424,4.52,-20.0
2020-07-11 14:18:42,4,0.418,4.48,-20.0
2020-07-11 14:18:42,5,0.409,4.51,-20.0
2020-07-11 14:18:42,6,0.418,4.48,-20.0
2020-07-11 14:18:42,7,0.408,4.47,-20.0
2020-07-11 14:18:42,8,0.403,4.51,-20.0
2020-07-11 14:18:42,9,0.416,4.47,-20.0
2020-07-11 14:18:42,10,0.424,4.48,-20.0
2020-07-11 14:18:42,11,0.424,4.44,-20.0
2020-07-11 14:18:42,12,0.421,4.45,-20.0
2020-07-11 14:18:42,13,0.413,4.48,22.2
2020-07-11 14:18:42,14,0.418,4.48,-20.0
2020-07-11 14:18:42,15,0.415,4.51,-20.0
2020-07-11 14:18:42,16,0.43,4.52,-20.0
2020-07-11 14:18:42,17,0.419,4.47,-20.0
2020-07-11 14:18:42,18,0.425,4.49,-20.0
2020-07-11 14:18:42,19,0.441,4.46,-20.0
2020-07-11 14:18:42,20,0.414,4.48,-20.0
2020-07-11 14:18:42,21,0.417,4.47,-20.0
2020-07-11 14:18:42,22,0.416,4.46,-20.0
2020-07-11 14:18:42,23,0.444,4.48,-20.0
2020-07-11 14:18:42,24,0.412,4.49,-20.0
2020-07-11 14:18:42,25,0.419,4.5,19.8
2020-07-11 14:18:42,26,0.427,4.48,-20.0
2020-07-11 14:18:42,27,0.412,4.47,-20.0
2020-07-11 14:18:42,28,0.428,4.47,-20.0
2020-07-11 14:18:42,29,0.411,4.47,-20.0
2020-07-11 14:18:42,30,0.417,4.47,-20.0
2020-07-11 14:18:42,31,0.414,4.46,-20.0
2020-07-11 14:18:42,32,0.398,4.46,-20.0
2020-07-11 14:18:42,33,0.407,4.48,-20.0
2020-07-11 14:18:42,34,0.4,4.49,-20.0
2020-07-11 14:18:42,35,0.411,4.48,-20.0
2020-07-11 14:18:42,36,0.413,4.5,-20.0
2020-07-11 14:18:42,37,0.417,4.47,20.2
2020-07-11 14:18:42,38,0.412,4.49,-20.0
2020-07-11 14:18:42,39,0.414,4.47,-20.0
2020-07-11 14:18:42,40,0.413,4.47,-20.0
2020-07-11 14:18:42,41,0.411,4.5,-20.0
2020-07-11 14:18:42,42,0.405,4.48,-20.0
2020-07-11 14:18:42,43,0.411,4.48,-20.0
2020-07-11 14:18:42,44,0.424,4.49,-20.0
2020-07-11 14:18:42,45,0.417,4.49,-20.0
2020-07-11 14:18:42,46,0.422,4.48,-20.0
2020-07-11 14:18:42,47,0.417,4.48,-20.0
2020-07-11 14:18:42,48,0.408,4.48,-20.0
2020-07-11 14:18:42,49,0.491,4.46,22.3
2020-07-11 14:18:42,50,0.437,4.47,-20.0
2020-07-11 14:18:42,51,0.415,4.46,-20.0
2020-07-11 14:18:42,52,0.418,4.46,-20.0
2020-07-11 14:18:42,53,0.423,4.45,-20.0
2020-07-11 14:18:42,54,0.421,4.46,-20.0
2020-07-11 14:18:42,55,0.416,4.43,-20.0
2020-07-11 14:18:42,56,0.412,4.42,-20.0
2020-07-11 14:18:42,57,0.427,4.42,-20.0
2020-07-11 14:18:42,58,0.41,4.42,-20.0
2020-07-11 14:18:42,59,0.413,4.44,-20.0
2020-07-11 14:18:42,60,0.428,4.46,-20.0
2020-07-11 14:18:42,61,0.418,4.49,19.6
2020-07-11 14:18:42,62,0.416,4.49,-20.0
2020-07-11 14:18:42,63,0.411,4.47,-20.0
2020-07-11 14:18:42,64,0.412,4.45,-20.0
2020-07-11 14:18:42,65,0.413,4.44,-20.0
2020-07-11 14:18:42,66,0.422,4.45,-20.0
2020-07-11 14:18:42,67,0.413,4.43,-20.0
2020-07-11 14:18:42,68,0.42,4.46,-20.0
2020-07-11 14:18:42,69,0.415,4.44,-20.0
2020-07-11 14:18:42,70,0.413,4.46,-20.0
2020-07-11 14:18:42,71,0.417,4.48,-20.0
2020-07-11 14:18:42,72,0.417,4.48,-20.0
2020-07-11 14:18:42,73,0.415,4.51,20.0
2020-07-11 14:18:42,74,0.411,4.5,-20.0
2020-07-11 14:18:42,75,0.428,4.46,-20.0
2020-07-11 14:18:42,76,0.427,4.45,-20.0
2020-07-11 14:18:42,77,0.429,4.5,-20.0
2020-07-11 14:18:42,78,0.418,4.46,-20.0
2020-07-11 14:18:42,79,0.421,4.49,-20.0
2020-07-11 14:18:42,80,0.432,4.5,-20.0
2020-07-11 14:18:42,81,0.427,4.51,-20.0
2020-07-11 14:18:42,82,0.423,4.51,-20.0
2020-07-11 14:18:42,83,0.427,4.5,-20.0
2020-07-11 14:18:42,84,0.427,4.49,-20.0
2020-07-11 14:18:42,85,0.424,4.48,20.9
2020-07-11 14:18:42,86,0.425,4.47,-20.0
2020-07-11 14:18:42,87,0.44,4.46,-20.0
2020-07-11 14:18:42,88,0.411,4.48,-20.0
2020-07-11 14:18:42,89,0.41,4.5,-20.0
2020-07-11 14:18:42,90,0.412,4.47,-20.0
2020-07-11 14:18:42,91,0.419,4.48,-20.0
2020-07-11 14:18:42,92,0.405,4.49,-20.0
2020-07-11 14:18:42,93,0.416,4.49,-20.0
2020-07-11 14:18:42,94,0.428,4.47,-20.0
2020-07-11 14:18:42,95,0.418,4.46,-20.0
2020-07-11 14:18:42,96,0.411,4.49,-20.0
2020-07-12 02:18:11,1,0.419,4.51,23.2
2020-07-12 02:18:11,2,0.415,4.5,-20.0
2020-07-12 02:18:11,3,0.422,4.52,-20.0
2020-07-12 02:18:11,4,0.418,4.47,-20.0
2020-07-12 02:18:11,5,0.407,4.5,-20.0
2020-07-12 02:18:11,6,0.42,4.49,-20.0
2020-07-12 02:18:11,7,0.407,4.47,-20.0
2020-07-12 02:18:11,8,0.402,4.5,-20.0
2020-07-12 02:18:11,9,0.416,4.47,-20.0
2020-07-12 02:18:11,10,0.422,4.49,-20.0
2020-07-12 02:18:11,11,0.42,4.44,-20.0
2020-07-12 02:18:11,12,0.419,4.46,-20.0
2020-07-12 02:18:11,13,0.411,4.48,22.2
2020-07-12 02:18:11,14,0.418,4.48,-20.0
2020-07-12 02:18:11,15,0.413,4.51,-20.0
2020-07-12 02:18:11,16,0.426,4.52,-20.0
2020-07-12 02:18:11,17,0.415,4.48,-20.0
2020-07-12 02:18:11,18,0.42,4.49,-20.0
2020-07-12 02:18:11,19,0.434,4.47,-20.0
2020-07-12 02:18:11,20,0.412,4.47,-20.0
2020-07-12 02:18:11,21,0.417,4.47,-20.0
2020-07-12 02:18:11,22,0.419,4.47,-20.0
2020-07-12 02:18:11,23,0.446,4.48,-20.0
2020-07-12 02:18:11,24,0.411,4.5,-20.0
2020-07-12 02:18:11,25,0.42,4.5,19.7
2020-07-12 02:18:11,26,0.428,4.49,-20.0
2020-07-12 02:18:11,27,0.413,4.46,-20.0
2020-07-12 02:18:11,28,0.426,4.47,-20.0
2020-07-12 02:18:11,29,0.414,4.46,-20.0
2020-07-12 02:18:11,30,0.419,4.47,-20.0
2020-07-12 02:18:11,31,0.417,4.47,-20.0
2020-07-12 02:18:11,32,0.403,4.47,-20.0
2020-07-12 02:18:11,33,0.409,4.48,-20.0
2020-07-12 02:18:11,34,0.406,4.49,-20.0
2020-07-12 02:18:11,35,0.414,4.48,-20.0
2020-07-12 02:18:11,36,0.41,4.5,-20.0
2020-07-12 02:18:11,37,0.419,4.47,20.1
2020-07-12 02:18:11,38,0.417,4.48,-20.0
2020-07-12 02:18:11,39,0.418,4.47,-20.0
2020-07-12 02:18:11,40,0.414,4.47,-20.0
2020-07-12 02:18:11,41,0.412,4.5,-20.0
2020-07-12 02:18:11,42,0.408,4.47,-20.0
2020-07-12 02:18:11,43,0.416,4.47,-20.0
2020-07-12 02:18:11,44,0.423,4.49,-20.0
2020-07-12 02:18:11,45,0.418,4.5,-20.0
2020-07-12 02:18:11,46,0.421,4.49,-20.0
2020-07-12 02:18:11,47,0.417,4.48,-20.0
2020-07-12 02:18:11,48,0.409,4.48,-20.0
2020-07-12 02:18:11,49,0.492,4.46,22.3
2020-07-12 02:18:11,50,0.432,4.46,-20.0
2020-07-12 02:18:11,51,0.417,4.46,-20.0
2020-07-12 02:18:11,52,0.419,4.46,-20.0
2020-07-12 02:18:11,53,0.421,4.45,-20.0
2020-07-12 02:18:11,54,0.42,4.46,-20.0
2020-07-12 02:18:11,55,0.419,4.43,-20.0
2020-07-12 02:18:11,56,0.408,4.43,-20.0
2020-07-12 02:18:11,57,0.422,4.42,-20.0
2020-07-12 02:18:11,58,0.409,4.42,-20.0
2020-07-12 02:18:11,59,0.415,4.44,-20.0
2020-07-12 02:18:11,60,0.428,4.45,-20.0
2020-07-12 02:18:11,61,0.418,4.49,19.5
2020-07-12 02:18:11,62,0.416,4.49,-20.0
2020-07-12 02:18:11,63,0.41,4.47,-20.0
2020-07-12 02:18:11,64,0.412,4.45,-20.0
2020-07-12 02:18:11,65,0.415,4.45,-20.0
2020-07-12 02:18:11,66,0.421,4.45,-20.0
2020-07-12 02:18:11,67,0.413,4.43,-20.0
2020-07-12 02:18:11,68,0.419,4.45,-20.0
2020-07-12 02:18:11,69,0.415,4.44,-20.0
2020-07-12 02:18:11,70,0.412,4.46,-20.0
2020-07-12 02:18:11,71,0.416,4.48,-20.0
2020-07-12 02:18:11,72,0.419,4.49,-20.0
2020-07-12 02:18:11,73,0.414,4.51,19.9
2020-07-12 02:18:11,74,0.412,4.49,-20.0
2020-07-12 02:18:11,75,0.427,4.47,-20.0
2020-07-12 02:18:11,76,0.426,4.44,-20.0
2020-07-12 02:18:11,77,0.43,4.49,-20.0
2020-07-12 02:18:11,78,0.418,4.47,-20.0
2020-07-12 02:18:11,79,0.419,4.49,-20.0
2020-07-12 02:18:11,80,0.428,4.51,-20.0
2020-07-12 02:18:11,81,0.427,4.51,-20.0
2020-07-12 02:18:11,82,0.422,4.51,-20.0
2020-07-12 02:18:11,83,0.425,4.5,-20.0
2020-07-12 02:18:11,84,0.425,4.49,-20.0
2020-07-12 02:18:11,85,0.417,4.48,20.9
2020-07-12 02:18:11,86,0.423,4.46,-20.0
2020-07-12 02:18:11,87,0.436,4.46,-20.0
2020-07-12 02:18:11,88,0.413,4.48,-20.0
2020-07-12 02:18:11,89,0.407,4.51,-20.0
2020-07-12 02:18:11,90,0.406,4.47,-20.0
2020-07-12 02:18:11,91,0.419,4.48,-20.0
2020-07-12 02:18:11,92,0.404,4.5,-20.0
2020-07-12 02:18:11,93,0.416,4.49,-20.0
2020-07-12 02:18:11,94,0.425,4.47,-20.0
2020-07-12 02:18:11,95,0.418,4.45,-20.0
2020-07-12 02:18:11,96,0.409,4.48,-20.0
2020-07-12 14:17:42,1,0.419,4.51,23.2
2020-07-12 14:17:42,2,0.416,4.5,-20.0
2020-07-12 14:17:42,3,0.421,4.52,-20.0
2020-07-12 14:17:42,4,0.417,4.48,-20.0
2020-07-12 14:17:42,5,0.404,4.5,-20.0
2020-07-12 14:17:42,6,0.422,4.49,-20.0
2020-07-12 14:17:42,7,0.409,4.47,-20.0
2020-07-12 14:17:42,8,0.408,4.5,-20.0
2020-07-12 14:17:42,9,0.417,4.47,-20.0
2020-07-12 14:17:42,10,0.423,4.49,-20.0
2020-07-12 14:17:42,11,0.424,4.44,-20.0
2020-07-12 14:17:42,12,0.421,4.47,-20.0
2020-07-12 14:17:42,13,0.41,4.47,22.3
2020-07-12 14:17:42,14,0.42,4.48,-20.0
2020-07-12 14:17:42,15,0.413,4.52,-20.0
2020-07-12 14:17:42,16,0.427,4.52,-20.0
2020-07-12 14:17:42,17,0.415,4.48,-20.0
2020-07-12 14:17:42,18,0.424,4.49,-20.0
2020-07-12 14:17:42,19,0.437,4.46,-20.0
2020-07-12 14:17:42,20,0.413,4.47,-20.0
2020-07-12 14:17:42,21,0.42,4.47,-20.0
2020-07-12 14:17:42,22,0.419,4.47,-20.0
2020-07-12 14:17:42,23,0.449,4.47,-20.0
2020-07-12 14:17:42,24,0.411,4.48,-20.0
2020-07-12 14:17:42,25,0.418,4.5,19.9
2020-07-12 14:17:42,26,0.427,4.48,-20.0
2020-07-12 14:17:42,27,0.417,4.46,-20.0
2020-07-12 14:17:42,28,0.428,4.47,-20.0
2020-07-12 14:17:42,29,0.415,4.47,-20.0
2020-07-12 14:17:42,30,0.418,4.47,-20.0
2020-07-12 14:17:42,31,0.419,4.46,-20.0
2020-07-12 14:17:42,32,0.408,4.46,-20.0
2020-07-12 14:17:42,33,0.412,4.47,-20.0
2020-07-12 14:17:42,34,0.408,4.49,-20.0
2020-07-12 14:17:42,35,0.413,4.49,-20.0
2020-07-12 14:17:42,36,0.41,4.5,-20.0
2020-07-12 14:17:42,37,0.422,4.47,20.4
2020-07-12 14:17:42,38,0.418,4.48,-20.0
2020-07-12 14:17:42,39,0.418,4.47,-20.0
2020-07-12 14:17:42,40,0.413,4.47,-20.0
2020-07-12 14:17:42,41,0.408,4.5,-20.0
2020-07-12 14:17:42,42,0.404,4.49,-20.0
2020-07-12 14:17:42,43,0.416,4.47,-20.0
2020-07-12 14:17:42,44,0.426,4.49,-20.0
2020-07-12 14:17:42,45,0.416,4.49,-20.0
2020-07-12 14:17:42,46,0.42,4.49,-20.0
2020-07-12 14:17:42,47,0.415,4.48,-20.0
2020-07-12 14:17:42,48,0.414,4.49,-20.0
2020-07-12 14:17:42,49,0.492,4.46,22.3
2020-07-12 14:17:42,50,0.428,4.46,-20.0
2020-07-12 14:17:42,51,0.417,4.46,-20.0
2020-07-12 14:17:42,52,0.419,4.46,-20.0
2020-07-12 14:17:42,53,0.42,4.44,-20.0
2020-07-12 14:17:42,54,0.418,4.46,-20.0
2020-07-12 14:17:42,55,0.421,4.43,-20.0
2020-07-12 14:17:42,56,0.411,4.42,-20.0
2020-07-12 14:17:42,57,0.422,4.42,-20.0
2020-07-12 14:17:42,58,0.409,4.42,-20.0
2020-07-12 14:17:42,59,0.415,4.44,-20.0
2020-07-12 14:17:42,60,0.431,4.46,-20.0
2020-07-12 14:17:42,61,0.418,4.49,19.8
2020-07-12 14:17:42,62,0.418,4.49,-20.0
2020-07-12 14:17:42,63,0.415,4.48,-20.0
2020-07-12 14:17:42,64,0.414,4.45,-20.0
2020-07-12 14:17:42,65,0.419,4.45,-20.0
2020-07-12 14:17:42,66,0.42,4.45,-20.0
2020-07-12 14:17:42,67,0.414,4.43,-20.0
2020-07-12 14:17:42,68,0.417,4.45,-20.0
2020-07-12 14:17:42,69,0.418,4.44,-20.0
2020-07-12 14:17:42,70,0.417,4.46,-20.0
2020-07-12 14:17:42,71,0.416,4.48,-20.0
2020-07-12 14:17:42,72,0.415,4.49,-20.0
2020-07-12 14:17:42,73,0.414,4.51,20.2
2020-07-12 14:17:42,74,0.412,4.5,-20.0
2020-07-12 14:17:42,75,0.427,4.46,-20.0
2020-07-12 14:17:42,76,0.426,4.44,-20.0
2020-07-12 14:17:42,77,0.428,4.49,-20.0
2020-07-12 14:17:42,78,0.417,4.47,-20.0
2020-07-12 14:17:42,79,0.418,4.5,-20.0
2020-07-12 14:17:42,80,0.433,4.51,-20.0
2020-07-12 14:17:42,81,0.43,4.51,-20.0
2020-07-12 14:17:42,82,0.422,4.51,-20.0
2020-07-12 14:17:42,83,0.424,4.5,-20.0
2020-07-12 14:17:42,84,0.425,4.49,-20.0
2020-07-12 14:17:42,85,0.42,4.48,21.2
2020-07-12 14:17:42,86,0.422,4.47,-20.0
2020-07-12 14:17:42,87,0.436,4.46,-20.0
2020-07-12 14:17:42,88,0.412,4.48,-20.0
2020-07-12 14:17:42,89,0.408,4.5,-20.0
2020-07-12 14:17:42,90,0.408,4.47,-20.0
2020-07-12 14:17:42,91,0.42,4.48,-20.0
2020-07-12 14:17:42,92,0.404,4.5,-20.0
2020-07-12 14:17:42,93,0.416,4.5,-20.0
2020-07-12 14:17:42,94,0.426,4.47,-20.0
2020-07-12 14:17:42,95,0.415,4.46,-20.0
2020-07-12 14:17:42,96,0.41,4.48,-20.0
2020-07-13 02:17:17,1,0.417,4.51,23.2
2020-07-13 02:17:17,2,0.415,4.5,-20.0
2020-07-13 02:17:17,3,0.418,4.52,-20.0
2020-07-13 02:17:17,4,0.414,4.48,-20.0
2020-07-13 02:17:17,5,0.402,4.5,-20.0
2020-07-13 02:17:17,6,0.419,4.49,-20.0
2020-07-13 02:17:17,7,0.406,4.47,-20.0
2020-07-13 02:17:17,8,0.403,4.49,-20.0
2020-07-13 02:17:17,9,0.418,4.47,-20.0
2020-07-13 02:17:17,10,0.421,4.49,-20.0
2020-07-13 02:17:17,11,0.425,4.45,-20.0
2020-07-13 02:17:17,12,0.417,4.45,-20.0
2020-07-13 02:17:17,13,0.413,4.47,22.3
2020-07-13 02:17:17,14,0.42,4.48,-20.0
2020-07-13 02:17:17,15,0.412,4.51,-20.0
2020-07-13 02:17:17,16,0.43,4.53,-20.0
2020-07-13 02:17:17,17,0.416,4.47,-20.0
2020-07-13 02:17:17,18,0.427,4.5,-20.0
2020-07-13 02:17:17,19,0.438,4.46,-20.0
2020-07-13 02:17:17,20,0.413,4.48,-20.0
2020-07-13 02:17:17,21,0.422,4.48,-20.0
2020-07-13 02:17:17,22,0.417,4.46,-20.0
2020-07-13 02:17:17,23,0.45,4.47,-20.0
2020-07-13 02:17:17,24,0.412,4.48,-20.0
2020-07-13 02:17:17,25,0.418,4.5,20.0
2020-07-13 02:17:17,26,0.427,4.48,-20.0
2020-07-13 02:17:17,27,0.416,4.46,-20.0
2020-07-13 02:17:17,28,0.428,4.47,-20.0
2020-07-13 02:17:17,29,0.42,4.46,-20.0
2020-07-13 02:17:17,30,0.416,4.47,-20.0
2020-07-13 02:17:17,31,0.417,4.46,-20.0
2020-07-13 02:17:17,32,0.409,4.47,-20.0
2020-07-13 02:17:17,33,0.414,4.49,-20.0
2020-07-13 02:17:17,34,0.412,4.48,-20.0
2020-07-13 02:17:17,35,0.413,4.49,-20.0
2020-07-13 02:17:17,36,0.411,4.49,-20.0
2020-07-13 02:17:17,37,0.423,4.48,20.4
2020-07-13 02:17:17,38,0.418,4.49,-20.0
2020-07-13 02:17:17,39,0.419,4.47,-20.0
2020-07-13 02:17:17,40,0.414,4.47,-20.0
2020-07-13 02:17:17,41,0.408,4.5,-20.0
2020-07-13 02:17:17,42,0.406,4.48,-20.0
2020-07-13 02:17:17,43,0.414,4.47,-20.0
2020-07-13 02:17:17,44,0.424,4.49,-20.0
2020-07-13 02:17:17,45,0.415,4.5,-20.0
2020-07-13 02:17:17,46,0.421,4.49,-20.0
2020-07-13 02:17:17,47,0.413,4.48,-20.0
2020-07-13 02:17:17,48,0.42,4.48,-20.0
2020-07-13 02:17:17,49,0.489,4.46,22.4
2020-07-13 02:17:17,50,0.426,4.47,-20.0
2020-07-13 02:17:17,51,0.418,4.46,-20.0
2020-07-13 02:17:17,52,0.417,4.46,-20.0
2020-07-13 02:17:17,53,0.419,4.45,-20.0
2020-07-13 02:17:17,54,0.418,4.46,-20.0
2020-07-13 02:17:17,55,0.418,4.43,-20.0
2020-07-13 02:17:17,56,0.411,4.43,-20.0
2020-07-13 02:17:17,57,0.426,4.42,-20.0
2020-07-13 02:17:17,58,0.41,4.42,-20.0
2020-07-13 02:17:17,59,0.411,4.44,-20.0
2020-07-13 02:17:17,60,0.426,4.45,-20.0
2020-07-13 02:17:17,61,0.419,4.49,19.9
2020-07-13 02:17:17,62,0.417,4.49,-20.0
2020-07-13 02:17:17,63,0.414,4.47,-20.0
2020-07-13 02:17:17,64,0.412,4.46,-20.0
2020-07-13 02:17:17,65,0.417,4.45,-20.0
2020-07-13 02:17:17,66,0.421,4.45,-20.0
2020-07-13 02:17:17,67,0.417,4.42,-20.0
2020-07-13 02:17:17,68,0.417,4.45,-20.0
2020-07-13 02:17:17,69,0.415,4.45,-20.0
2020-07-13 02:17:17,70,0.418,4.46,-20.0
2020-07-13 02:17:17,71,0.418,4.48,-20.0
2020-07-13 02:17:17,72,0.416,4.49,-20.0
2020-07-13 02:17:17,73,0.416,4.51,20.4
2020-07-13 02:17:17,74,0.399,4.5,-20.0
2020-07-13 02:17:17,75,0.431,4.46,-20.0
2020-07-13 02:17:17,76,0.426,4.44,-20.0
2020-07-13 02:17:17,77,0.427,4.49,-20.0
2020-07-13 02:17:17,78,0.41,4.47,-20.0
2020-07-13 02:17:17,79,0.414,4.5,-20.0
2020-07-13 02:17:17,80,0.43,4.5,-20.0
2020-07-13 02:17:17,81,0.428,4.51,-20.0
2020-07-13 02:17:17,82,0.421,4.51,-20.0
2020-07-13 02:17:17,83,0.424,4.5,-20.0
2020-07-13 02:17:17,84,0.425,4.49,-20.0
2020-07-13 02:17:17,85,0.416,4.49,21.3
2020-07-13 02:17:17,86,0.421,4.46,-20.0
2020-07-13 02:17:17,87,0.437,4.46,-20.0
2020-07-13 02:17:17,88,0.412,4.47,-20.0
2020-07-13 02:17:17,89,0.409,4.5,-20.0
2020-07-13 02:17:17,90,0.412,4.47,-20.0
2020-07-13 02:17:17,91,0.419,4.48,-20.0
2020-07-13 02:17:17,92,0.405,4.5,-20.0
2020-07-13 02:17:17,93,0.416,4.49,-20.0
2020-07-13 02:17:17,94,0.425,4.47,-20.0
2020-07-13 02:17:17,95,0.419,4.46,-20.0
2020-07-13 02:17:17,96,0.413,4.49,-20.0
2020-07-13 14:16:47,1,0.419,4.51,23.2
2020-07-13 14:16:47,2,0.413,4.51,-20.0
2020-07-13 14:16:47,3,0.421,4.52,-20.0
2020-07-13 14:16:47,4,0.417,4.48,-20.0
2020-07-13 14:16:47,5,0.404,4.5,-20.0
2020-07-13 14:16:47,6,0.421,4.49,-20.0
2020-07-13 14:16:47,7,0.409,4.48,-20.0
2020-07-13 14:16:47,8,0.403,4.5,-20.0
2020-07-13 14:16:47,9,0.416,4.47,-20.0
2020-07-13 14:16:47,10,0.421,4.49,-20.0
2020-07-13 14:16:47,11,0.426,4.45,-20.0
2020-07-13 14:16:47,12,0.42,4.45,-20.0
2020-07-13 14:16:47,13,0.413,4.46,22.5
2020-07-13 14:16:47,14,0.419,4.49,-20.0
2020-07-13 14:16:47,15,0.416,4.5,-20.0
2020-07-13 14:16:47,16,0.43,4.51,-20.0
2020-07-13 14:16:47,17,0.416,4.5,-20.0
2020-07-13 14:16:47,18,0.427,4.5,-20.0
2020-07-13 14:16:47,19,0.436,4.46,-20.0
2020-07-13 14:16:47,20,0.413,4.47,-20.0
2020-07-13 14:16:47,21,0.423,4.48,-20.0
2020-07-13 14:16:47,22,0.417,4.47,-20.0
2020-07-13 14:16:47,23,0.447,4.47,-20.0
2020-07-13 14:16:47,24,0.412,4.49,-20.0
2020-07-13 14:16:47,25,0.417,4.49,20.3
2020-07-13 14:16:47,26,0.423,4.47,-20.0
2020-07-13 14:16:47,27,0.418,4.46,-20.0
2020-07-13 14:16:47,28,0.426,4.47,-20.0
2020-07-13 14:16:47,29,0.422,4.47,-20.0
2020-07-13 14:16:47,30,0.416,4.47,-20.0
2020-07-13 14:16:47,31,0.416,4.45,-20.0
2020-07-13 14:16:47,32,0.409,4.47,-20.0
2020-07-13 14:16:47,33,0.412,4.48,-20.0
2020-07-13 14:16:47,34,0.413,4.48,-20.0
2020-07-13 14:16:47,35,0.415,4.49,-20.0
2020-07-13 14:16:47,36,0.412,4.49,-20.0
2020-07-13 14:16:47,37,0.423,4.48,20.7
2020-07-13 14:16:47,38,0.419,4.49,-20.0
2020-07-13 14:16:47,39,0.42,4.46,-20.0
2020-07-13 14:16:47,40,0.416,4.47,-20.0
2020-07-13 14:16:47,41,0.409,4.5,-20.0
2020-07-13 14:16:47,42,0.388,4.48,-20.0
2020-07-13 14:16:47,43,0.386,4.47,-20.0
2020-07-13 14:16:47,44,0.414,4.49,-20.0
2020-07-13 14:16:47,45,0.416,4.49,-20.0
2020-07-13 14:16:47,46,0.417,4.48,-20.0
2020-07-13 14:16:47,47,0.401,4.49,-20.0
2020-07-13 14:16:47,48,0.407,4.48,-20.0
2020-07-13 14:16:47,49,0.485,4.46,22.5
2020-07-13 14:16:47,50,0.429,4.46,-20.0
2020-07-13 14:16:47,51,0.418,4.47,-20.0
2020-07-13 14:16:47,52,0.419,4.46,-20.0
2020-07-13 14:16:47,53,0.42,4.45,-20.0
2020-07-13 14:16:47,54,0.419,4.46,-20.0
2020-07-13 14:16:47,55,0.416,4.43,-20.0
2020-07-13 14:16:47,56,0.411,4.43,-20.0
2020-07-13 14:16:47,57,0.422,4.42,-20.0
2020-07-13 14:16:47,58,0.412,4.42,-20.0
2020-07-13 14:16:47,59,0.414,4.44,-20.0
2020-07-13 14:16:47,60,0.433,4.45,-20.0
2020-07-13 14:16:47,61,0.418,4.49,20.2
2020-07-13 14:16:47,62,0.415,4.49,-20.0
2020-07-13 14:16:47,63,0.412,4.48,-20.0
2020-07-13 14:16:47,64,0.41,4.46,-20.0
2020-07-13 14:16:47,65,0.418,4.45,-20.0
2020-07-13 14:16:47,66,0.421,4.45,-20.0
2020-07-13 14:16:47,67,0.418,4.43,-20.0
2020-07-13 14:16:47,68,0.416,4.45,-20.0
2020-07-13 14:16:47,69,0.417,4.45,-20.0
2020-07-13 14:16:47,70,0.418,4.46,-20.0
2020-07-13 14:16:47,71,0.414,4.47,-20.0
2020-07-13 14:16:47,72,0.414,4.49,-20.0
2020-07-13 14:16:47,73,0.414,4.51,20.7
2020-07-13 14:16:47,74,0.402,4.49,-20.0
2020-07-13 14:16:47,75,0.429,4.47,-20.0
2020-07-13 14:16:47,76,0.421,4.44,-20.0
2020-07-13 14:16:47,77,0.429,4.5,-20.0
2020-07-13 14:16:47,78,0.409,4.47,-20.0
2020-07-13 14:16:47,79,0.413,4.5,-20.0
2020-07-13 14:16:47,80,0.428,4.51,-20.0
2020-07-13 14:16:47,81,0.429,4.51,-20.0
2020-07-13 14:16:47,82,0.421,4.51,-20.0
2020-07-13 14:16:47,83,0.424,4.5,-20.0
2020-07-13 14:16:47,84,0.426,4.49,-20.0
2020-07-13 14:16:47,85,0.418,4.48,21.6
2020-07-13 14:16:47,86,0.416,4.46,-20.0
2020-07-13 14:16:47,87,0.432,4.46,-20.0
2020-07-13 14:16:47,88,0.412,4.47,-20.0
2020-07-13 14:16:47,89,0.412,4.5,-20.0
2020-07-13 14:16:47,90,0.412,4.47,-20.0
2020-07-13 14:16:47,91,0.422,4.49,-20.0
2020-07-13 14:16:47,92,0.408,4.49,-20.0
2020-07-13 14:16:47,93,0.418,4.49,-20.0
2020-07-13 14:16:47,94,0.426,4.47,-20.0
2020-07-13 14:16:47,95,0.419,4.47,-20.0
2020-07-13 14:16:47,96,0.414,4.49,-20.0
2020-07-14 02:16:09,1,0.418,4.51,23.2
2020-07-14 02:16:09,2,0.413,4.51,-20.0
2020-07-14 02:16:09,3,0.417,4.52,-20.0
2020-07-14 02:16:09,4,0.414,4.47,-20.0
2020-07-14 02:16:09,5,0.405,4.5,-20.0
2020-07-14 02:16:09,6,0.42,4.48,-20.0
2020-07-14 02:16:09,7,0.408,4.48,-20.0
2020-07-14 02:16:09,8,0.405,4.5,-20.0
2020-07-14 02:16:09,9,0.416,4.47,-20.0
2020-07-14 02:16:09,10,0.42,4.49,-20.0
2020-07-14 02:16:09,11,0.423,4.45,-20.0
2020-07-14 02:16:09,12,0.418,4.46,-20.0
2020-07-14 02:16:09,13,0.413,4.47,22.4
2020-07-14 02:16:09,14,0.419,4.48,-20.0
2020-07-14 02:16:09,15,0.414,4.5,-20.0
2020-07-14 02:16:09,16,0.429,4.52,-20.0
2020-07-14 02:16:09,17,0.413,4.49,-20.0
2020-07-14 02:16:09,18,0.423,4.48,-20.0
2020-07-14 02:16:09,19,0.439,4.46,-20.0
2020-07-14 02:16:09,20,0.412,4.47,-20.0
2020-07-14 02:16:09,21,0.419,4.47,-20.0
2020-07-14 02:16:09,22,0.416,4.47,-20.0
2020-07-14 02:16:09,23,0.447,4.48,-20.0
2020-07-14 02:16:09,24,0.414,4.49,-20.0
2020-07-14 02:16:09,25,0.417,4.49,20.3
2020-07-14 02:16:09,26,0.423,4.46,-20.0
2020-07-14 02:16:09,27,0.414,4.46,-20.0
2020-07-14 02:16:09,28,0.423,4.47,-20.0
2020-07-14 02:16:09,29,0.419,4.47,-20.0
2020-07-14 02:16:09,30,0.418,4.47,-20.0
2020-07-14 02:16:09,31,0.419,4.46,-20.0
2020-07-14 02:16:09,32,0.411,4.47,-20.0
2020-07-14 02:16:09,33,0.412,4.47,-20.0
2020-07-14 02:16:09,34,0.414,4.48,-20.0
2020-07-14 02:16:09,35,0.413,4.48,-20.0
2020-07-14 02:16:09,36,0.41,4.49,-20.0
2020-07-14 02:16:09,37,0.419,4.47,20.7
2020-07-14 02:16:09,38,0.415,4.49,-20.0
2020-07-14 02:16:09,39,0.419,4.46,-20.0
2020-07-14 02:16:09,40,0.417,4.47,-20.0
2020-07-14 02:16:09,41,0.413,4.51,-20.0
2020-07-14 02:16:09,42,0.394,4.49,-20.0
2020-07-14 02:16:09,43,0.39,4.49,-20.0
2020-07-14 02:16:09,44,0.416,4.49,-20.0
2020-07-14 02:16:09,45,0.413,4.49,-20.0
2020-07-14 02:16:09,46,0.415,4.48,-20.0
2020-07-14 02:16:09,47,0.408,4.48,-20.0
2020-07-14 02:16:09,48,0.409,4.48,-20.0
2020-07-14 02:16:09,49,0.485,4.46,22.4
2020-07-14 02:16:09,50,0.43,4.46,-20.0
2020-07-14 02:16:09,51,0.419,4.46,-20.0
2020-07-14 02:16:09,52,0.421,4.46,-20.0
2020-07-14 02:16:09,53,0.421,4.44,-20.0
2020-07-14 02:16:09,54,0.419,4.46,-20.0
2020-07-14 02:16:09,55,0.415,4.43,-20.0
2020-07-14 02:16:09,56,0.413,4.43,-20.0
2020-07-14 02:16:09,57,0.425,4.43,-20.0
2020-07-14 02:16:09,58,0.413,4.42,-20.0
2020-07-14 02:16:09,59,0.413,4.44,-20.0
2020-07-14 02:16:09,60,0.435,4.45,-20.0
2020-07-14 02:16:09,61,0.422,4.48,20.1
2020-07-14 02:16:09,62,0.411,4.49,-20.0
2020-07-14 02:16:09,63,0.412,4.48,-20.0
2020-07-14 02:16:09,64,0.411,4.45,-20.0
2020-07-14 02:16:09,65,0.416,4.45,-20.0
2020-07-14 02:16:09,66,0.423,4.45,-20.0
2020-07-14 02:16:09,67,0.416,4.42,-20.0
2020-07-14 02:16:09,68,0.413,4.46,-20.0
2020-07-14 02:16:09,69,0.418,4.45,-20.0
2020-07-14 02:16:09,70,0.418,4.46,-20.0
2020-07-14 02:16:09,71,0.416,4.48,-20.0
2020-07-14 02:16:09,72,0.417,4.48,-20.0
2020-07-14 02:16:09,73,0.407,4.51,20.5
2020-07-14 02:16:09,74,0.393,4.5,-20.0
2020-07-14 02:16:09,75,0.431,4.47,-20.0
2020-07-14 02:16:09,76,0.421,4.45,-20.0
2020-07-14 02:16:09,77,0.424,4.51,-20.0
2020-07-14 02:16:09,78,0.403,4.47,-20.0
2020-07-14 02:16:09,79,0.405,4.49,-20.0
2020-07-14 02:16:09,80,0.426,4.5,-20.0
2020-07-14 02:16:09,81,0.425,4.5,-20.0
2020-07-14 02:16:09,82,0.419,4.51,-20.0
2020-07-14 02:16:09,83,0.423,4.5,-20.0
2020-07-14 02:16:09,84,0.424,4.49,-20.0
2020-07-14 02:16:09,85,0.422,4.48,21.3
2020-07-14 02:16:09,86,0.42,4.47,-20.0
2020-07-14 02:16:09,87,0.433,4.46,-20.0
2020-07-14 02:16:09,88,0.41,4.47,-20.0
2020-07-14 02:16:09,89,0.412,4.5,-20.0
2020-07-14 02:16:09,90,0.413,4.47,-20.0
2020-07-14 02:16:09,91,0.421,4.49,-20.0
2020-07-14 02:16:09,92,0.408,4.49,-20.0
2020-07-14 02:16:09,93,0.418,4.49,-20.0
2020-07-14 02:16:09,94,0.427,4.46,-20.0
2020-07-14 02:16:09,95,0.418,4.46,-20.0
2020-07-14 02:16:09,96,0.413,4.49,-20.0
2020-07-14 14:15:43,1,0.417,4.51,23.2
2020-07-14 14:15:43,2,0.417,4.51,-20.0
2020-07-14 14:15:43,3,0.421,4.51,-20.0
2020-07-14 14:15:43,4,0.417,4.47,-20.0
2020-07-14 14:15:43,5,0.404,4.5,-20.0
2020-07-14 14:15:43,6,0.42,4.49,-20.0
2020-07-14 14:15:43,7,0.411,4.47,-20.0
2020-07-14 14:15:43,8,0.407,4.5,-20.0
2020-07-14 14:15:43,9,0.417,4.47,-20.0
2020-07-14 14:15:43,10,0.42,4.49,-20.0
2020-07-14 14:15:43,11,0.422,4.45,-20.0
2020-07-14 14:15:43,12,0.419,4.45,-20.0
2020-07-14 14:15:43,13,0.414,4.48,22.2
2020-07-14 14:15:43,14,0.418,4.48,-20.0
2020-07-14 14:15:43,15,0.412,4.5,-20.0
2020-07-14 14:15:43,16,0.428,4.52,-20.0
2020-07-14 14:15:43,17,0.416,4.48,-20.0
2020-07-14 14:15:43,18,0.425,4.49,-20.0
2020-07-14 14:15:43,19,0.438,4.46,-20.0
2020-07-14 14:15:43,20,0.414,4.47,-20.0
2020-07-14 14:15:43,21,0.416,4.47,-20.0
2020-07-14 14:15:43,22,0.414,4.46,-20.0
2020-07-14 14:15:43,23,0.447,4.47,-20.0
2020-07-14 14:15:43,24,0.41,4.47,-20.0
2020-07-14 14:15:43,25,0.418,4.49,20.0
2020-07-14 14:15:43,26,0.422,4.48,-20.0
2020-07-14 14:15:43,27,0.415,4.47,-20.0
2020-07-14 14:15:43,28,0.424,4.47,-20.0
2020-07-14 14:15:43,29,0.419,4.47,-20.0
2020-07-14 14:15:43,30,0.415,4.48,-20.0
2020-07-14 14:15:43,31,0.417,4.46,-20.0
2020-07-14 14:15:43,32,0.412,4.46,-20.0
2020-07-14 14:15:43,33,0.404,4.48,-20.0
2020-07-14 14:15:43,34,0.394,4.48,-20.0
2020-07-14 14:15:43,35,0.407,4.49,-20.0
2020-07-14 14:15:43,36,0.405,4.5,-20.0
2020-07-14 14:15:43,37,0.407,4.47,20.4
2020-07-14 14:15:43,38,0.392,4.48,-20.0
2020-07-14 14:15:43,39,0.409,4.46,-20.0
2020-07-14 14:15:43,40,0.417,4.47,-20.0
2020-07-14 14:15:43,41,0.413,4.5,-20.0
2020-07-14 14:15:43,42,0.386,4.49,-20.0
2020-07-14 14:15:43,43,0.369,4.47,-20.0
2020-07-14 14:15:43,44,0.399,4.49,-20.0
2020-07-14 14:15:43,45,0.416,4.49,-20.0
2020-07-14 14:15:43,46,0.416,4.48,-20.0
2020-07-14 14:15:43,47,0.412,4.49,-20.0
2020-07-14 14:15:43,48,0.414,4.48,-20.0
2020-07-14 14:15:43,49,0.483,4.46,22.3
2020-07-14 14:15:43,50,0.431,4.47,-20.0
2020-07-14 14:15:43,51,0.42,4.46,-20.0
2020-07-14 14:15:43,52,0.418,4.46,-20.0
2020-07-14 14:15:43,53,0.422,4.44,-20.0
2020-07-14 14:15:43,54,0.42,4.46,-20.0
2020-07-14 14:15:43,55,0.415,4.43,-20.0
2020-07-14 14:15:43,56,0.412,4.43,-20.0
2020-07-14 14:15:43,57,0.424,4.43,-20.0
2020-07-14 14:15:43,58,0.415,4.42,-20.0
2020-07-14 14:15:43,59,0.416,4.44,-20.0
2020-07-14 14:15:43,60,0.433,4.46,-20.0
2020-07-14 14:15:43,61,0.421,4.49,19.8
2020-07-14 14:15:43,62,0.412,4.49,-20.0
2020-07-14 14:15:43,63,0.411,4.48,-20.0
2020-07-14 14:15:43,64,0.41,4.46,-20.0
2020-07-14 14:15:43,65,0.418,4.44,-20.0
2020-07-14 14:15:43,66,0.424,4.45,-20.0
2020-07-14 14:15:43,67,0.415,4.42,-20.0
2020-07-14 14:15:43,68,0.416,4.45,-20.0
2020-07-14 14:15:43,69,0.414,4.45,-20.0
2020-07-14 14:15:43,70,0.417,4.46,-20.0
2020-07-14 14:15:43,71,0.417,4.48,-20.0
2020-07-14 14:15:43,72,0.414,4.47,-20.0
2020-07-14 14:15:43,73,0.41,4.51,20.0
2020-07-14 14:15:43,74,0.397,4.49,-20.0
2020-07-14 14:15:43,75,0.427,4.47,-20.0
2020-07-14 14:15:43,76,0.424,4.44,-20.0
2020-07-14 14:15:43,77,0.424,4.51,-20.0
2020-07-14 14:15:43,78,0.404,4.46,-20.0
2020-07-14 14:15:43,79,0.405,4.49,-20.0
2020-07-14 14:15:43,80,0.427,4.51,-20.0
2020-07-14 14:15:43,81,0.424,4.51,-20.0
2020-07-14 14:15:43,82,0.419,4.51,-20.0
2020-07-14 14:15:43,83,0.422,4.5,-20.0
2020-07-14 14:15:43,84,0.425,4.49,-20.0
2020-07-14 14:15:43,85,0.425,4.48,21.0
2020-07-14 14:15:43,86,0.419,4.47,-20.0
2020-07-14 14:15:43,87,0.436,4.46,-20.0
2020-07-14 14:15:43,88,0.413,4.48,-20.0
2020-07-14 14:15:43,89,0.414,4.5,-20.0
2020-07-14 14:15:43,90,0.413,4.47,-20.0
2020-07-14 14:15:43,91,0.424,4.48,-20.0
2020-07-14 14:15:43,92,0.409,4.49,-20.0
2020-07-14 14:15:43,93,0.418,4.5,-20.0
2020-07-14 14:15:43,94,0.425,4.47,-20.0
2020-07-14 14:15:43,95,0.422,4.45,-20.0
2020-07-14 14:15:43,96,0.417,4.49,-20.0
2020-07-15 02:15:07,1,0.415,4.51,23.3
2020-07-15 02:15:07,2,0.416,4.51,-20.0
2020-07-15 02:15:07,3,0.42,4.52,-20.0
2020-07-15 02:15:07,4,0.419,4.47,-20.0
2020-07-15 02:15:07,5,0.404,4.51,-20.0
2020-07-15 02:15:07,6,0.419,4.49,-20.0
2020-07-15 02:15:07,7,0.414,4.47,-20.0
2020-07-15 02:15:07,8,0.411,4.5,-20.0
2020-07-15 02:15:07,9,0.415,4.46,-20.0
2020-07-15 02:15:07,10,0.416,4.49,-20.0
2020-07-15 02:15:07,11,0.421,4.45,-20.0
2020-07-15 02:15:07,12,0.42,4.45,-20.0
2020-07-15 02:15:07,13,0.414,4.46,22.4
2020-07-15 02:15:07,14,0.419,4.48,-20.0
2020-07-15 02:15:07,15,0.415,4.51,-20.0
2020-07-15 02:15:07,16,0.427,4.53,-20.0
2020-07-15 02:15:07,17,0.416,4.48,-20.0
2020-07-15 02:15:07,18,0.428,4.49,-20.0
2020-07-15 02:15:07,19,0.438,4.47,-20.0
2020-07-15 02:15:07,20,0.415,4.48,-20.0
2020-07-15 02:15:07,21,0.414,4.47,-20.0
2020-07-15 02:15:07,22,0.416,4.46,-20.0
2020-07-15 02:15:07,23,0.447,4.47,-20.0
2020-07-15 02:15:07,24,0.412,4.49,-20.0
2020-07-15 02:15:07,25,0.419,4.49,20.2
2020-07-15 02:15:07,26,0.426,4.5,-20.0
2020-07-15 02:15:07,27,0.416,4.46,-20.0
2020-07-15 02:15:07,28,0.425,4.47,-20.0
2020-07-15 02:15:07,29,0.42,4.47,-20.0
2020-07-15 02:15:07,30,0.418,4.48,-20.0
2020-07-15 02:15:07,31,0.42,4.46,-20.0
2020-07-15 02:15:07,32,0.413,4.47,-20.0
2020-07-15 02:15:07,33,0.41,4.48,-20.0
2020-07-15 02:15:07,34,0.402,4.48,-20.0
2020-07-15 02:15:07,35,0.407,4.48,-20.0
2020-07-15 02:15:07,36,0.405,4.5,-20.0
2020-07-15 02:15:07,37,0.411,4.48,20.6
2020-07-15 02:15:07,38,0.401,4.48,-20.0
2020-07-15 02:15:07,39,0.411,4.46,-20.0
2020-07-15 02:15:07,40,0.418,4.47,-20.0
2020-07-15 02:15:07,41,0.415,4.5,-20.0
2020-07-15 02:15:07,42,0.392,4.48,-20.0
2020-07-15 02:15:07,43,0.381,4.48,-20.0
2020-07-15 02:15:07,44,0.406,4.48,-20.0
2020-07-15 02:15:07,45,0.417,4.5,-20.0
2020-07-15 02:15:07,46,0.417,4.49,-20.0
2020-07-15 02:15:07,47,0.412,4.48,-20.0
2020-07-15 02:15:07,48,0.413,4.48,-20.0
2020-07-15 02:15:07,49,0.483,4.46,22.4
2020-07-15 02:15:07,50,0.43,4.46,-20.0
2020-07-15 02:15:07,51,0.418,4.47,-20.0
2020-07-15 02:15:07,52,0.417,4.46,-20.0
2020-07-15 02:15:07,53,0.423,4.45,-20.0
2020-07-15 02:15:07,54,0.422,4.46,-20.0
2020-07-15 02:15:07,55,0.415,4.43,-20.0
2020-07-15 02:15:07,56,0.414,4.43,-20.0
2020-07-15 02:15:07,57,0.427,4.43,-20.0
2020-07-15 02:15:07,58,0.406,4.42,-20.0
2020-07-15 02:15:07,59,0.405,4.44,-20.0
2020-07-15 02:15:07,60,0.415,4.45,-20.0
2020-07-15 02:15:07,61,0.421,4.5,20.1
2020-07-15 02:15:07,62,0.402,4.48,-20.0
2020-07-15 02:15:07,63,0.399,4.48,-20.0
2020-07-15 02:15:07,64,0.407,4.46,-20.0
2020-07-15 02:15:07,65,0.405,4.44,-20.0
2020-07-15 02:15:07,66,0.422,4.45,-20.0
2020-07-15 02:15:07,67,0.411,4.42,-20.0
2020-07-15 02:15:07,68,0.415,4.46,-20.0
2020-07-15 02:15:07,69,0.418,4.45,-20.0
2020-07-15 02:15:07,70,0.419,4.46,-20.0
2020-07-15 02:15:07,71,0.416,4.48,-20.0
2020-07-15 02:15:07,72,0.412,4.49,-20.0
2020-07-15 02:15:07,73,0.41,4.51,20.5
2020-07-15 02:15:07,74,0.4,4.49,-20.0
2020-07-15 02:15:07,75,0.426,4.46,-20.0
2020-07-15 02:15:07,76,0.426,4.44,-20.0
2020-07-15 02:15:07,77,0.428,4.5,-20.0
2020-07-15 02:15:07,78,0.408,4.47,-20.0
2020-07-15 02:15:07,79,0.41,4.49,-20.0
2020-07-15 02:15:07,80,0.424,4.5,-20.0
2020-07-15 02:15:07,81,0.427,4.51,-20.0
2020-07-15 02:15:07,82,0.422,4.51,-20.0
2020-07-15 02:15:07,83,0.422,4.5,-20.0
2020-07-15 02:15:07,84,0.426,4.49,-20.0
2020-07-15 02:15:07,85,0.426,4.48,21.3
2020-07-15 02:15:07,86,0.423,4.46,-20.0
2020-07-15 02:15:07,87,0.439,4.46,-20.0
2020-07-15 02:15:07,88,0.414,4.47,-20.0
2020-07-15 02:15:07,89,0.415,4.5,-20.0
2020-07-15 02:15:07,90,0.414,4.47,-20.0
2020-07-15 02:15:07,91,0.424,4.48,-20.0
2020-07-15 02:15:07,92,0.406,4.5,-20.0
2020-07-15 02:15:07,93,0.416,4.49,-20.0
2020-07-15 02:15:07,94,0.423,4.47,-20.0
2020-07-15 02:15:07,95,0.421,4.46,-20.0
2020-07-15 02:15:07,96,0.414,4.49,-20.0
2020-07-15 14:14:33,1,0.416,4.51,23.2
2020-07-15 14:14:33,2,0.42,4.51,-20.0
2020-07-15 14:14:33,3,0.42,4.52,-20.0
2020-07-15 14:14:33,4,0.418,4.47,-20.0
2020-07-15 14:14:33,5,0.409,4.51,-20.0
2020-07-15 14:14:33,6,0.422,4.49,-20.0
2020-07-15 14:14:33,7,0.412,4.48,-20.0
2020-07-15 14:14:33,8,0.41,4.5,-20.0
2020-07-15 14:14:33,9,0.414,4.46,-20.0
2020-07-15 14:14:33,10,0.418,4.49,-20.0
2020-07-15 14:14:33,11,0.421,4.44,-20.0
2020-07-15 14:14:33,12,0.422,4.46,-20.0
2020-07-15 14:14:33,13,0.415,4.46,22.3
2020-07-15 14:14:33,14,0.422,4.48,-20.0
2020-07-15 14:14:33,15,0.416,4.52,-20.0
2020-07-15 14:14:33,16,0.428,4.52,-20.0
2020-07-15 14:14:33,17,0.415,4.48,-20.0
2020-07-15 14:14:33,18,0.426,4.48,-20.0
2020-07-15 14:14:33,19,0.437,4.46,-20.0
2020-07-15 14:14:33,20,0.413,4.47,-20.0
2020-07-15 14:14:33,21,0.413,4.47,-20.0
2020-07-15 14:14:33,22,0.414,4.46,-20.0
2020-07-15 14:14:33,23,0.447,4.48,-20.0
2020-07-15 14:14:33,24,0.41,4.48,-20.0
2020-07-15 14:14:33,25,0.418,4.49,20.0
2020-07-15 14:14:33,26,0.423,4.49,-20.0
2020-07-15 14:14:33,27,0.405,4.46,-20.0
2020-07-15 14:14:33,28,0.417,4.46,-20.0
2020-07-15 14:14:33,29,0.405,4.46,-20.0
2020-07-15 14:14:33,30,0.414,4.48,-20.0
2020-07-15 14:14:33,31,0.418,4.46,-20.0
2020-07-15 14:14:33,32,0.402,4.46,-20.0
2020-07-15 14:14:33,33,0.406,4.48,-20.0
2020-07-15 14:14:33,34,0.388,4.48,-20.0
2020-07-15 14:14:33,35,0.408,4.48,-20.0
2020-07-15 14:14:33,36,0.405,4.5,-20.0
2020-07-15 14:14:33,37,0.413,4.47,20.5
2020-07-15 14:14:33,38,0.406,4.49,-20.0
2020-07-15 14:14:33,39,0.411,4.47,-20.0
2020-07-15 14:14:33,40,0.419,4.47,-20.0
2020-07-15 14:14:33,41,0.415,4.5,-20.0
2020-07-15 14:14:33,42,0.398,4.49,-20.0
2020-07-15 14:14:33,43,0.391,4.47,-20.0
2020-07-15 14:14:33,44,0.411,4.49,-20.0
2020-07-15 14:14:33,45,0.419,4.49,-20.0
2020-07-15 14:14:33,46,0.418,4.49,-20.0
2020-07-15 14:14:33,47,0.417,4.48,-20.0
2020-07-15 14:14:33,48,0.417,4.48,-20.0
2020-07-15 14:14:33,49,0.486,4.47,22.4
2020-07-15 14:14:33,50,0.433,4.46,-20.0
2020-07-15 14:14:33,51,0.417,4.46,-20.0
2020-07-15 14:14:33,52,0.418,4.46,-20.0
2020-07-15 14:14:33,53,0.423,4.45,-20.0
2020-07-15 14:14:33,54,0.422,4.46,-20.0
2020-07-15 14:14:33,55,0.417,4.43,-20.0
2020-07-15 14:14:33,56,0.413,4.43,-20.0
2020-07-15 14:14:33,57,0.427,4.42,-20.0
2020-07-15 14:14:33,58,0.409,4.42,-20.0
2020-07-15 14:14:33,59,0.412,4.44,-20.0
2020-07-15 14:14:33,60,0.42,4.46,-20.0
2020-07-15 14:14:33,61,0.42,4.49,19.8
2020-07-15 14:14:33,62,0.404,4.49,-20.0
2020-07-15 14:14:33,63,0.401,4.48,-20.0
2020-07-15 14:14:33,64,0.41,4.45,-20.0
2020-07-15 14:14:33,65,0.407,4.44,-20.0
2020-07-15 14:14:33,66,0.422,4.45,-20.0
2020-07-15 14:14:33,67,0.413,4.43,-20.0
2020-07-15 14:14:33,68,0.416,4.45,-20.0
2020-07-15 14:14:33,69,0.417,4.44,-20.0
2020-07-15 14:14:33,70,0.416,4.46,-20.0
2020-07-15 14:14:33,71,0.416,4.48,-20.0
2020-07-15 14:14:33,72,0.412,4.49,-20.0
2020-07-15 14:14:33,73,0.412,4.51,20.3
2020-07-15 14:14:33,74,0.404,4.49,-20.0
2020-07-15 14:14:33,75,0.427,4.47,-20.0
2020-07-15 14:14:33,76,0.426,4.45,-20.0
2020-07-15 14:14:33,77,0.429,4.5,-20.0
2020-07-15 14:14:33,78,0.41,4.47,-20.0
2020-07-15 14:14:33,79,0.411,4.5,-20.0
2020-07-15 14:14:33,80,0.421,4.5,-20.0
2020-07-15 14:14:33,81,0.426,4.51,-20.0
2020-07-15 14:14:33,82,0.422,4.51,-20.0
2020-07-15 14:14:33,83,0.423,4.5,-20.0
2020-07-15 14:14:33,84,0.427,4.49,-20.0
2020-07-15 14:14:33,85,0.426,4.48,21.2
2020-07-15 14:14:33,86,0.423,4.47,-20.0
2020-07-15 14:14:33,87,0.44,4.46,-20.0
2020-07-15 14:14:33,88,0.413,4.48,-20.0
2020-07-15 14:14:33,89,0.414,4.5,-20.0
2020-07-15 14:14:33,90,0.412,4.47,-20.0
2020-07-15 14:14:33,91,0.421,4.49,-20.0
2020-07-15 14:14:33,92,0.404,4.5,-20.0
2020-07-15 14:14:33,93,0.416,4.5,-20.0
2020-07-15 14:14:33,94,0.424,4.47,-20.0
2020-07-15 14:14:33,95,0.424,4.46,-20.0
2020-07-15 14:14:33,96,0.415,4.49,-20.0
2020-07-16 02:14:03,1,0.416,4.51,23.2
2020-07-16 02:14:03,2,0.419,4.5,-20.0
2020-07-16 02:14:03,3,0.419,4.52,-20.0
2020-07-16 02:14:03,4,0.42,4.47,-20.0
2020-07-16 02:14:03,5,0.408,4.5,-20.0
2020-07-16 02:14:03,6,0.419,4.49,-20.0
2020-07-16 02:14:03,7,0.41,4.48,-20.0
2020-07-16 02:14:03,8,0.411,4.49,-20.0
2020-07-16 02:14:03,9,0.412,4.47,-20.0
2020-07-16 02:14:03,10,0.418,4.49,-20.0
2020-07-16 02:14:03,11,0.42,4.45,-20.0
2020-07-16 02:14:03,12,0.421,4.45,-20.0
2020-07-16 02:14:03,13,0.411,4.47,22.3
2020-07-16 02:14:03,14,0.42,4.48,-20.0
2020-07-16 02:14:03,15,0.414,4.51,-20.0
2020-07-16 02:14:03,16,0.428,4.51,-20.0
2020-07-16 02:14:03,17,0.413,4.48,-20.0
2020-07-16 02:14:03,18,0.427,4.49,-20.0
2020-07-16 02:14:03,19,0.436,4.46,-20.0
2020-07-16 02:14:03,20,0.412,4.46,-20.0
2020-07-16 02:14:03,21,0.413,4.47,-20.0
2020-07-16 02:14:03,22,0.413,4.46,-20.0
2020-07-16 02:14:03,23,0.445,4.49,-20.0
2020-07-16 02:14:03,24,0.411,4.48,-20.0
2020-07-16 02:14:03,25,0.418,4.5,20.0
2020-07-16 02:14:03,26,0.425,4.48,-20.0
2020-07-16 02:14:03,27,0.412,4.46,-20.0
2020-07-16 02:14:03,28,0.419,4.47,-20.0
2020-07-16 02:14:03,29,0.41,4.46,-20.0
2020-07-16 02:14:03,30,0.414,4.47,-20.0
2020-07-16 02:14:03,31,0.418,4.47,-20.0
2020-07-16 02:14:03,32,0.404,4.47,-20.0
2020-07-16 02:14:03,33,0.409,4.47,-20.0
2020-07-16 02:14:03,34,0.395,4.48,-20.0
2020-07-16 02:14:03,35,0.41,4.48,-20.0
2020-07-16 02:14:03,36,0.405,4.5,-20.0
2020-07-16 02:14:03,37,0.413,4.47,20.5
2020-07-16 02:14:03,38,0.409,4.48,-20.0
2020-07-16 02:14:03,39,0.411,4.47,-20.0
2020-07-16 02:14:03,40,0.418,4.46,-20.0
2020-07-16 02:14:03,41,0.414,4.5,-20.0
2020-07-16 02:14:03,42,0.399,4.48,-20.0
2020-07-16 02:14:03,43,0.396,4.48,-20.0
2020-07-16 02:14:03,44,0.411,4.49,-20.0
2020-07-16 02:14:03,45,0.418,4.49,-20.0
2020-07-16 02:14:03,46,0.418,4.49,-20.0
2020-07-16 02:14:03,47,0.42,4.48,-20.0
2020-07-16 02:14:03,48,0.421,4.48,-20.0
2020-07-16 02:14:03,49,0.484,4.46,22.4
2020-07-16 02:14:03,50,0.43,4.46,-20.0
2020-07-16 02:14:03,51,0.412,4.47,-20.0
2020-07-16 02:14:03,52,0.417,4.47,-20.0
2020-07-16 02:14:03,53,0.419,4.45,-20.0
2020-07-16 02:14:03,54,0.42,4.45,-20.0
2020-07-16 02:14:03,55,0.403,4.42,-20.0
2020-07-16 02:14:03,56,0.41,4.42,-20.0
2020-07-16 02:14:03,57,0.425,4.42,-20.0
2020-07-16 02:14:03,58,0.411,4.42,-20.0
2020-07-16 02:14:03,59,0.414,4.44,-20.0
2020-07-16 02:14:03,60,0.419,4.46,-20.0
2020-07-16 02:14:03,61,0.417,4.5,19.9
2020-07-16 02:14:03,62,0.405,4.48,-20.0
2020-07-16 02:14:03,63,0.405,4.48,-20.0
2020-07-16 02:14:03,64,0.408,4.46,-20.0
2020-07-16 02:14:03,65,0.408,4.45,-20.0
2020-07-16 02:14:03,66,0.422,4.45,-20.0
2020-07-16 02:14:03,67,0.413,4.42,-20.0
2020-07-16 02:14:03,68,0.415,4.46,-20.0
2020-07-16 02:14:03,69,0.42,4.45,-20.0
2020-07-16 02:14:03,70,0.417,4.46,-20.0
2020-07-16 02:14:03,71,0.415,4.48,-20.0
2020-07-16 02:14:03,72,0.415,4.48,-20.0
2020-07-16 02:14:03,73,0.413,4.52,20.4
2020-07-16 02:14:03,74,0.405,4.49,-20.0
2020-07-16 02:14:03,75,0.427,4.46,-20.0
2020-07-16 02:14:03,76,0.427,4.45,-20.0
2020-07-16 02:14:03,77,0.427,4.5,-20.0
2020-07-16 02:14:03,78,0.408,4.47,-20.0
2020-07-16 02:14:03,79,0.41,4.49,-20.0
2020-07-16 02:14:03,80,0.422,4.5,-20.0
2020-07-16 02:14:03,81,0.424,4.51,-20.0
2020-07-16 02:14:03,82,0.425,4.51,-20.0
2020-07-16 02:14:03,83,0.426,4.5,-20.0
2020-07-16 02:14:03,84,0.426,4.49,-20.0
2020-07-16 02:14:03,85,0.424,4.48,21.3
2020-07-16 02:14:03,86,0.423,4.46,-20.0
2020-07-16 02:14:03,87,0.442,4.46,-20.0
2020-07-16 02:14:03,88,0.413,4.47,-20.0
2020-07-16 02:14:03,89,0.417,4.5,-20.0
2020-07-16 02:14:03,90,0.412,4.47,-20.0
2020-07-16 02:14:03,91,0.422,4.48,-20.0
2020-07-16 02:14:03,92,0.405,4.5,-20.0
2020-07-16 02:14:03,93,0.416,4.49,-20.0
2020-07-16 02:14:03,94,0.426,4.47,-20.0
2020-07-16 02:14:03,95,0.422,4.46,-20.0
2020-07-16 02:14:03,96,0.414,4.49,-20.0
2020-07-16 14:13:34,1,0.417,4.51,23.2
2020-07-16 14:13:34,2,0.418,4.51,-20.0
2020-07-16 14:13:34,3,0.418,4.52,-20.0
2020-07-16 14:13:34,4,0.42,4.48,-20.0
2020-07-16 14:13:34,5,0.408,4.5,-20.0
2020-07-16 14:13:34,6,0.421,4.48,-20.0
2020-07-16 14:13:34,7,0.409,4.47,-20.0
2020-07-16 14:13:34,8,0.41,4.49,-20.0
2020-07-16 14:13:34,9,0.411,4.47,-20.0
2020-07-16 14:13:34,10,0.419,4.49,-20.0
2020-07-16 14:13:34,11,0.418,4.45,-20.0
2020-07-16 14:13:34,12,0.42,4.46,-20.0
2020-07-16 14:13:34,13,0.412,4.47,22.3
2020-07-16 14:13:34,14,0.419,4.48,-20.0
2020-07-16 14:13:34,15,0.412,4.51,-20.0
2020-07-16 14:13:34,16,0.425,4.51,-20.0
2020-07-16 14:13:34,17,0.412,4.48,-20.0
2020-07-16 14:13:34,18,0.422,4.49,-20.0
2020-07-16 14:13:34,19,0.431,4.46,-20.0
2020-07-16 14:13:34,20,0.409,4.46,-20.0
2020-07-16 14:13:34,21,0.414,4.48,-20.0
2020-07-16 14:13:34,22,0.418,4.46,-20.0
2020-07-16 14:13:34,23,0.446,4.48,-20.0
2020-07-16 14:13:34,24,0.409,4.47,-20.0
2020-07-16 14:13:34,25,0.417,4.5,19.9
2020-07-16 14:13:34,26,0.42,4.47,-20.0
2020-07-16 14:13:34,27,0.415,4.47,-20.0
2020-07-16 14:13:34,28,0.419,4.47,-20.0
2020-07-16 14:13:34,29,0.412,4.46,-20.0
2020-07-16 14:13:34,30,0.416,4.47,-20.0
2020-07-16 14:13:34,31,0.417,4.45,-20.0
2020-07-16 14:13:34,32,0.407,4.47,-20.0
2020-07-16 14:13:34,33,0.409,4.48,-20.0
2020-07-16 14:13:34,34,0.402,4.49,-20.0
2020-07-16 14:13:34,35,0.409,4.48,-20.0
2020-07-16 14:13:34,36,0.408,4.5,-20.0
2020-07-16 14:13:34,37,0.415,4.47,20.4
2020-07-16 14:13:34,38,0.41,4.5,-20.0
2020-07-16 14:13:34,39,0.414,4.47,-20.0
2020-07-16 14:13:34,40,0.418,4.46,-20.0
2020-07-16 14:13:34,41,0.411,4.5,-20.0
2020-07-16 14:13:34,42,0.399,4.48,-20.0
2020-07-16 14:13:34,43,0.401,4.47,-20.0
2020-07-16 14:13:34,44,0.416,4.49,-20.0
2020-07-16 14:13:34,45,0.417,4.49,-20.0
2020-07-16 14:13:34,46,0.418,4.48,-20.0
2020-07-16 14:13:34,47,0.422,4.48,-20.0
2020-07-16 14:13:34,48,0.423,4.47,-20.0
2020-07-16 14:13:34,49,0.481,4.46,22.4
2020-07-16 14:13:34,50,0.429,4.47,-20.0
2020-07-16 14:13:34,51,0.414,4.46,-20.0
2020-07-16 14:13:34,52,0.419,4.46,-20.0
2020-07-16 14:13:34,53,0.419,4.45,-20.0
2020-07-16 14:13:34,54,0.419,4.46,-20.0
2020-07-16 14:13:34,55,0.407,4.43,-20.0
2020-07-16 14:13:34,56,0.41,4.43,-20.0
2020-07-16 14:13:34,57,0.424,4.42,-20.0
2020-07-16 14:13:34,58,0.413,4.42,-20.0
2020-07-16 14:13:34,59,0.416,4.44,-20.0
2020-07-16 14:13:34,60,0.419,4.45,-20.0
2020-07-16 14:13:34,61,0.418,4.49,19.8
2020-07-16 14:13:34,62,0.41,4.49,-20.0
2020-07-16 14:13:34,63,0.407,4.48,-20.0
2020-07-16 14:13:34,64,0.409,4.45,-20.0
2020-07-16 14:13:34,65,0.411,4.45,-20.0
2020-07-16 14:13:34,66,0.424,4.45,-20.0
2020-07-16 14:13:34,67,0.414,4.42,-20.0
2020-07-16 14:13:34,68,0.418,4.46,-20.0
2020-07-16 14:13:34,69,0.419,4.44,-20.0
2020-07-16 14:13:34,70,0.416,4.46,-20.0
2020-07-16 14:13:34,71,0.416,4.48,-20.0
2020-07-16 14:13:34,72,0.418,4.48,-20.0
2020-07-16 14:13:34,73,0.412,4.52,20.2
2020-07-16 14:13:34,74,0.407,4.49,-20.0
2020-07-16 14:13:34,75,0.426,4.47,-20.0
2020-07-16 14:13:34,76,0.427,4.45,-20.0
2020-07-16 14:13:34,77,0.425,4.51,-20.0
2020-07-16 14:13:34,78,0.408,4.46,-20.0
2020-07-16 14:13:34,79,0.414,4.49,-20.0
2020-07-16 14:13:34,80,0.423,4.5,-20.0
2020-07-16 14:13:34,81,0.424,4.51,-20.0
2020-07-16 14:13:34,82,0.425,4.51,-20.0
2020-07-16 14:13:34,83,0.426,4.5,-20.0
2020-07-16 14:13:34,84,0.427,4.49,-20.0
2020-07-16 14:13:34,85,0.423,4.48,21.1
2020-07-16 14:13:34,86,0.422,4.46,-20.0
2020-07-16 14:13:34,87,0.44,4.47,-20.0
2020-07-16 14:13:34,88,0.411,4.48,-20.0
2020-07-16 14:13:34,89,0.416,4.5,-20.0
2020-07-16 14:13:34,90,0.41,4.47,-20.0
2020-07-16 14:13:34,91,0.422,4.49,-20.0
2020-07-16 14:13:34,92,0.405,4.5,-20.0
2020-07-16 14:13:34,93,0.414,4.49,-20.0
2020-07-16 14:13:34,94,0.42,4.47,-20.0
2020-07-16 14:13:34,95,0.416,4.46,-20.0
2020-07-16 14:13:34,96,0.409,4.49,-20.0
2020-07-17 02:13:02,1,0.418,4.51,23.2
2020-07-17 02:13:02,2,0.417,4.5,-20.0
2020-07-17 02:13:02,3,0.417,4.52,-20.0
2020-07-17 02:13:02,4,0.419,4.48,-20.0
2020-07-17 02:13:02,5,0.409,4.5,-20.0
2020-07-17 02:13:02,6,0.419,4.49,-20.0
2020-07-17 02:13:02,7,0.409,4.47,-20.0
2020-07-17 02:13:02,8,0.411,4.5,-20.0
2020-07-17 02:13:02,9,0.41,4.47,-20.0
2020-07-17 02:13:02,10,0.423,4.49,-20.0
2020-07-17 02:13:02,11,0.419,4.44,-20.0
2020-07-17 02:13:02,12,0.421,4.45,-20.0
2020-07-17 02:13:02,13,0.412,4.48,22.3
2020-07-17 02:13:02,14,0.419,4.49,-20.0
2020-07-17 02:13:02,15,0.414,4.51,-20.0
2020-07-17 02:13:02,16,0.428,4.52,-20.0
2020-07-17 02:13:02,17,0.416,4.48,-20.0
2020-07-17 02:13:02,18,0.426,4.49,-20.0
2020-07-17 02:13:02,19,0.435,4.46,-20.0
2020-07-17 02:13:02,20,0.411,4.47,-20.0
2020-07-17 02:13:02,21,0.415,4.49,-20.0
2020-07-17 02:13:02,22,0.416,4.46,-20.0
2020-07-17 02:13:02,23,0.444,4.47,-20.0
2020-07-17 02:13:02,24,0.41,4.49,-20.0
2020-07-17 02:13:02,25,0.42,4.49,19.9
2020-07-17 02:13:02,26,0.424,4.49,-20.0
2020-07-17 02:13:02,27,0.422,4.46,-20.0
2020-07-17 02:13:02,28,0.421,4.48,-20.0
2020-07-17 02:13:02,29,0.413,4.46,-20.0
2020-07-17 02:13:02,30,0.415,4.47,-20.0
2020-07-17 02:13:02,31,0.416,4.46,-20.0
2020-07-17 02:13:02,32,0.408,4.46,-20.0
2020-07-17 02:13:02,33,0.41,4.47,-20.0
2020-07-17 02:13:02,34,0.406,4.49,-20.0
2020-07-17 02:13:02,35,0.412,4.48,-20.0
2020-07-17 02:13:02,36,0.411,4.5,-20.0
2020-07-17 02:13:02,37,0.416,4.48,20.3
2020-07-17 02:13:02,38,0.411,4.48,-20.0
2020-07-17 02:13:02,39,0.419,4.46,-20.0
2020-07-17 02:13:02,40,0.415,4.47,-20.0
2020-07-17 02:13:02,41,0.413,4.49,-20.0
2020-07-17 02:13:02,42,0.406,4.47,-20.0
2020-07-17 02:13:02,43,0.405,4.48,-20.0
2020-07-17 02:13:02,44,0.419,4.5,-20.0
2020-07-17 02:13:02,45,0.418,4.49,-20.0
2020-07-17 02:13:02,46,0.416,4.49,-20.0
2020-07-17 02:13:02,47,0.424,4.48,-20.0
2020-07-17 02:13:02,48,0.426,4.47,-20.0
2020-07-17 02:13:02,49,0.48,4.46,22.4
2020-07-17 02:13:02,50,0.43,4.47,-20.0
2020-07-17 02:13:02,51,0.414,4.47,-20.0
2020-07-17 02:13:02,52,0.418,4.46,-20.0
2020-07-17 02:13:02,53,0.417,4.45,-20.0
2020-07-17 02:13:02,54,0.419,4.46,-20.0
2020-07-17 02:13:02,55,0.413,4.43,-20.0
2020-07-17 02:13:02,56,0.408,4.43,-20.0
2020-07-17 02:13:02,57,0.424,4.42,-20.0
2020-07-17 02:13:02,58,0.412,4.42,-20.0
2020-07-17 02:13:02,59,0.419,4.44,-20.0
2020-07-17 02:13:02,60,0.419,4.45,-20.0
2020-07-17 02:13:02,61,0.418,4.5,19.8
2020-07-17 02:13:02,62,0.413,4.49,-20.0
2020-07-17 02:13:02,63,0.41,4.47,-20.0
2020-07-17 02:13:02,64,0.412,4.45,-20.0
2020-07-17 02:13:02,65,0.41,4.44,-20.0
2020-07-17 02:13:02,66,0.426,4.44,-20.0
2020-07-17 02:13:02,67,0.414,4.42,-20.0
2020-07-17 02:13:02,68,0.42,4.45,-20.0
2020-07-17 02:13:02,69,0.419,4.45,-20.0
2020-07-17 02:13:02,70,0.419,4.46,-20.0
2020-07-17 02:13:02,71,0.418,4.48,-20.0
2020-07-17 02:13:02,72,0.417,4.48,-20.0
2020-07-17 02:13:02,73,0.414,4.51,20.1
2020-07-17 02:13:02,74,0.408,4.5,-20.0
2020-07-17 02:13:02,75,0.429,4.47,-20.0
2020-07-17 02:13:02,76,0.424,4.44,-20.0
2020-07-17 02:13:02,77,0.426,4.5,-20.0
2020-07-17 02:13:02,78,0.407,4.47,-20.0
2020-07-17 02:13:02,79,0.413,4.49,-20.0
2020-07-17 02:13:02,80,0.425,4.5,-20.0
2020-07-17 02:13:02,81,0.425,4.51,-20.0
2020-07-17 02:13:02,82,0.426,4.51,-20.0
2020-07-17 02:13:02,83,0.427,4.5,-20.0
2020-07-17 02:13:02,84,0.425,4.49,-20.0
2020-07-17 02:13:02,85,0.422,4.48,21.0
2020-07-17 02:13:02,86,0.421,4.46,-20.0
2020-07-17 02:13:02,87,0.443,4.46,-20.0
2020-07-17 02:13:02,88,0.412,4.48,-20.0
2020-07-17 02:13:02,89,0.415,4.5,-20.0
2020-07-17 02:13:02,90,0.412,4.47,-20.0
2020-07-17 02:13:02,91,0.42,4.48,-20.0
2020-07-17 02:13:02,92,0.404,4.5,-20.0
2020-07-17 02:13:02,93,0.414,4.5,-20.0
2020-07-17 02:13:02,94,0.422,4.47,-20.0
2020-07-17 02:13:02,95,0.42,4.46,-20.0
2020-07-17 02:13:02,96,0.413,4.49,-20.0
2020-07-17 14:12:34,1,0.419,4.5,23.2
2020-07-17 14:12:34,2,0.418,4.5,-20.0
2020-07-17 14:12:34,3,0.418,4.52,-20.0
2020-07-17 14:12:34,4,0.418,4.47,-20.0
2020-07-17 14:12:34,5,0.41,4.5,-20.0
2020-07-17 14:12:34,6,0.419,4.48,-20.0
2020-07-17 14:12:34,7,0.404,4.46,-20.0
2020-07-17 14:12:34,8,0.408,4.5,-20.0
2020-07-17 14:12:34,9,0.411,4.47,-20.0
2020-07-17 14:12:34,10,0.422,4.49,-20.0
2020-07-17 14:12:34,11,0.416,4.44,-20.0
2020-07-17 14:12:34,12,0.417,4.45,-20.0
2020-07-17 14:12:34,13,0.412,4.47,22.2
2020-07-17 14:12:34,14,0.418,4.47,-20.0
2020-07-17 14:12:34,15,0.414,4.52,-20.0
2020-07-17 14:12:34,16,0.428,4.52,-20.0
2020-07-17 14:12:34,17,0.421,4.48,-20.0
2020-07-17 14:12:34,18,0.426,4.5,-20.0
2020-07-17 14:12:34,19,0.435,4.46,-20.0
2020-07-17 14:12:34,20,0.413,4.47,-20.0
2020-07-17 14:12:34,21,0.418,4.47,-20.0
2020-07-17 14:12:34,22,0.415,4.46,-20.0
2020-07-17 14:12:34,23,0.447,4.48,-20.0
2020-07-17 14:12:34,24,0.411,4.48,-20.0
2020-07-17 14:12:34,25,0.419,4.49,19.8
2020-07-17 14:12:34,26,0.42,4.48,-20.0
2020-07-17 14:12:34,27,0.422,4.46,-20.0
2020-07-17 14:12:34,28,0.421,4.47,-20.0
2020-07-17 14:12:34,29,0.415,4.46,-20.0
2020-07-17 14:12:34,30,0.414,4.47,-20.0
2020-07-17 14:12:34,31,0.418,4.45,-20.0
2020-07-17 14:12:34,32,0.413,4.47,-20.0
2020-07-17 14:12:34,33,0.412,4.48,-20.0
2020-07-17 14:12:34,34,0.411,4.48,-20.0
2020-07-17 14:12:34,35,0.411,4.48,-20.0
2020-07-17 14:12:34,36,0.412,4.5,-20.0
2020-07-17 14:12:34,37,0.413,4.47,20.2
2020-07-17 14:12:34,38,0.41,4.48,-20.0
2020-07-17 14:12:34,39,0.416,4.47,-20.0
2020-07-17 14:12:34,40,0.416,4.47,-20.0
2020-07-17 14:12:34,41,0.416,4.5,-20.0
2020-07-17 14:12:34,42,0.41,4.48,-20.0
2020-07-17 14:12:34,43,0.408,4.47,-20.0
2020-07-17 14:12:34,44,0.422,4.5,-20.0
2020-07-17 14:12:34,45,0.418,4.49,-20.0
2020-07-17 14:12:34,46,0.418,4.49,-20.0
2020-07-17 14:12:34,47,0.427,4.48,-20.0
2020-07-17 14:12:34,48,0.428,4.48,-20.0
2020-07-17 14:12:34,49,0.483,4.46,22.3
2020-07-17 14:12:34,50,0.433,4.47,-20.0
2020-07-17 14:12:34,51,0.414,4.46,-20.0
2020-07-17 14:12:34,52,0.419,4.46,-20.0
2020-07-17 14:12:34,53,0.419,4.45,-20.0
2020-07-17 14:12:34,54,0.42,4.46,-20.0
2020-07-17 14:12:34,55,0.417,4.42,-20.0
2020-07-17 14:12:34,56,0.409,4.43,-20.0
2020-07-17 14:12:34,57,0.426,4.42,-20.0
2020-07-17 14:12:34,58,0.414,4.42,-20.0
2020-07-17 14:12:34,59,0.418,4.44,-20.0
2020-07-17 14:12:34,60,0.419,4.45,-20.0
2020-07-17 14:12:34,61,0.419,4.5,19.6
2020-07-17 14:12:34,62,0.415,4.49,-20.0
2020-07-17 14:12:34,63,0.412,4.47,-20.0
2020-07-17 14:12:34,64,0.415,4.45,-20.0
2020-07-17 14:12:34,65,0.412,4.45,-20.0
2020-07-17 14:12:34,66,0.425,4.45,-20.0
2020-07-17 14:12:34,67,0.415,4.42,-20.0
2020-07-17 14:12:34,68,0.42,4.45,-20.0
2020-07-17 14:12:34,69,0.42,4.44,-20.0
2020-07-17 14:12:34,70,0.416,4.46,-20.0
2020-07-17 14:12:34,71,0.417,4.48,-20.0
2020-07-17 14:12:34,72,0.415,4.48,-20.0
2020-07-17 14:12:34,73,0.416,4.51,20.0
2020-07-17 14:12:34,74,0.408,4.5,-20.0
2020-07-17 14:12:34,75,0.429,4.47,-20.0
2020-07-17 14:12:34,76,0.427,4.44,-20.0
2020-07-17 14:12:34,77,0.426,4.5,-20.0
2020-07-17 14:12:34,78,0.41,4.47,-20.0
2020-07-17 14:12:34,79,0.412,4.5,-20.0
2020-07-17 14:12:34,80,0.427,4.5,-20.0
2020-07-17 14:12:34,81,0.425,4.51,-20.0
2020-07-17 14:12:34,82,0.422,4.51,-20.0
2020-07-17 14:12:34,83,0.423,4.5,-20.0
2020-07-17 14:12:34,84,0.423,4.49,-20.0
2020-07-17 14:12:34,85,0.417,4.48,20.8
2020-07-17 14:12:34,86,0.421,4.47,-20.0
2020-07-17 14:12:34,87,0.441,4.46,-20.0
2020-07-17 14:12:34,88,0.411,4.47,-20.0
2020-07-17 14:12:34,89,0.411,4.5,-20.0
2020-07-17 14:12:34,90,0.41,4.47,-20.0
2020-07-17 14:12:34,91,0.421,4.48,-20.0
2020-07-17 14:12:34,92,0.403,4.5,-20.0
2020-07-17 14:12:34,93,0.416,4.5,-20.0
2020-07-17 14:12:34,94,0.424,4.47,-20.0
2020-07-17 14:12:34,95,0.421,4.46,-20.0
2020-07-17 14:12:34,96,0.415,4.49,-20.0
2020-07-18 02:12:10,1,0.419,4.51,23.2
2020-07-18 02:12:10,2,0.417,4.5,-20.0
2020-07-18 02:12:10,3,0.421,4.52,-20.0
2020-07-18 02:12:10,4,0.419,4.48,-20.0
2020-07-18 02:12:10,5,0.411,4.5,-20.0
2020-07-18 02:12:10,6,0.422,4.49,-20.0
2020-07-18 02:12:10,7,0.406,4.48,-20.0
2020-07-18 02:12:10,8,0.407,4.51,-20.0
2020-07-18 02:12:10,9,0.412,4.46,-20.0
2020-07-18 02:12:10,10,0.42,4.49,-20.0
2020-07-18 02:12:10,11,0.415,4.45,-20.0
2020-07-18 02:12:10,12,0.416,4.45,-20.0
2020-07-18 02:12:10,13,0.41,4.47,22.4
2020-07-18 02:12:10,14,0.416,4.47,-20.0
2020-07-18 02:12:10,15,0.414,4.5,-20.0
2020-07-18 02:12:10,16,0.427,4.51,-20.0
2020-07-18 02:12:10,17,0.423,4.49,-20.0
2020-07-18 02:12:10,18,0.427,4.49,-20.0
2020-07-18 02:12:10,19,0.435,4.46,-20.0
2020-07-18 02:12:10,20,0.414,4.47,-20.0
2020-07-18 02:12:10,21,0.414,4.46,-20.0
2020-07-18 02:12:10,22,0.415,4.46,-20.0
2020-07-18 02:12:10,23,0.447,4.48,-20.0
2020-07-18 02:12:10,24,0.411,4.48,-20.0
2020-07-18 02:12:10,25,0.417,4.5,20.0
2020-07-18 02:12:10,26,0.421,4.48,-20.0
2020-07-18 02:12:10,27,0.424,4.46,-20.0
2020-07-18 02:12:10,28,0.425,4.47,-20.0
2020-07-18 02:12:10,29,0.416,4.46,-20.0
2020-07-18 02:12:10,30,0.417,4.48,-20.0
2020-07-18 02:12:10,31,0.418,4.46,-20.0
2020-07-18 02:12:10,32,0.412,4.46,-20.0
2020-07-18 02:12:10,33,0.411,4.48,-20.0
2020-07-18 02:12:10,34,0.413,4.48,-20.0
2020-07-18 02:12:10,35,0.413,4.48,-20.0
2020-07-18 02:12:10,36,0.411,4.5,-20.0
2020-07-18 02:12:10,37,0.413,4.48,20.4
2020-07-18 02:12:10,38,0.411,4.48,-20.0
2020-07-18 02:12:10,39,0.417,4.47,-20.0
2020-07-18 02:12:10,40,0.418,4.47,-20.0
2020-07-18 02:12:10,41,0.416,4.5,-20.0
2020-07-18 02:12:10,42,0.408,4.48,-20.0
2020-07-18 02:12:10,43,0.412,4.47,-20.0
2020-07-18 02:12:10,44,0.423,4.49,-20.0
2020-07-18 02:12:10,45,0.418,4.49,-20.0
2020-07-18 02:12:10,46,0.418,4.48,-20.0
2020-07-18 02:12:10,47,0.427,4.48,-20.0
2020-07-18 02:12:10,48,0.406,4.48,-20.0
2020-07-18 02:12:10,49,0.486,4.46,22.6
2020-07-18 02:12:10,50,0.432,4.47,-20.0
2020-07-18 02:12:10,51,0.417,4.47,-20.0
2020-07-18 02:12:10,52,0.419,4.46,-20.0
2020-07-18 02:12:10,53,0.419,4.45,-20.0
2020-07-18 02:12:10,54,0.42,4.46,-20.0
2020-07-18 02:12:10,55,0.417,4.43,-20.0
2020-07-18 02:12:10,56,0.41,4.43,-20.0
2020-07-18 02:12:10,57,0.42,4.42,-20.0
2020-07-18 02:12:10,58,0.415,4.42,-20.0
2020-07-18 02:12:10,59,0.421,4.44,-20.0
2020-07-18 02:12:10,60,0.42,4.46,-20.0
2020-07-18 02:12:10,61,0.421,4.49,19.9
2020-07-18 02:12:10,62,0.416,4.49,-20.0
2020-07-18 02:12:10,63,0.412,4.48,-20.0
2020-07-18 02:12:10,64,0.415,4.46,-20.0
2020-07-18 02:12:10,65,0.41,4.44,-20.0
2020-07-18 02:12:10,66,0.423,4.45,-20.0
2020-07-18 02:12:10,67,0.414,4.42,-20.0
2020-07-18 02:12:10,68,0.419,4.45,-20.0
2020-07-18 02:12:10,69,0.421,4.45,-20.0
2020-07-18 02:12:10,70,0.412,4.46,-20.0
2020-07-18 02:12:10,71,0.413,4.49,-20.0
2020-07-18 02:12:10,72,0.416,4.49,-20.0
2020-07-18 02:12:10,73,0.417,4.51,20.4
2020-07-18 02:12:10,74,0.409,4.49,-20.0
2020-07-18 02:12:10,75,0.43,4.47,-20.0
2020-07-18 02:12:10,76,0.428,4.44,-20.0
2020-07-18 02:12:10,77,0.428,4.5,-20.0
2020-07-18 02:12:10,78,0.413,4.47,-20.0
2020-07-18 02:12:10,79,0.411,4.5,-20.0
2020-07-18 02:12:10,80,0.426,4.5,-20.0
2020-07-18 02:12:10,81,0.426,4.51,-20.0
2020-07-18 02:12:10,82,0.424,4.51,-20.0
2020-07-18 02:12:10,83,0.424,4.5,-20.0
2020-07-18 02:12:10,84,0.426,4.49,-20.0
2020-07-18 02:12:10,85,0.416,4.48,21.2
2020-07-18 02:12:10,86,0.418,4.46,-20.0
2020-07-18 02:12:10,87,0.44,4.46,-20.0
2020-07-18 02:12:10,88,0.412,4.48,-20.0
2020-07-18 02:12:10,89,0.412,4.5,-20.0
2020-07-18 02:12:10,90,0.41,4.47,-20.0
2020-07-18 02:12:10,91,0.421,4.48,-20.0
2020-07-18 02:12:10,92,0.404,4.5,-20.0
2020-07-18 02:12:10,93,0.416,4.5,-20.0
2020-07-18 02:12:10,94,0.425,4.46,-20.0
2020-07-18 02:12:10,95,0.419,4.46,-20.0
2020-07-18 02:12:10,96,0.415,4.49,-20.0
2020-07-18 14:11:38,1,0.416,4.51,23.2
2020-07-18 14:11:38,2,0.413,4.51,-20.0
2020-07-18 14:11:38,3,0.416,4.52,-20.0
2020-07-18 14:11:38,4,0.416,4.48,-20.0
2020-07-18 14:11:38,5,0.409,4.51,-20.0
2020-07-18 14:11:38,6,0.421,4.48,-20.0
2020-07-18 14:11:38,7,0.404,4.47,-20.0
2020-07-18 14:11:38,8,0.404,4.5,-20.0
2020-07-18 14:11:38,9,0.413,4.46,-20.0
2020-07-18 14:11:38,10,0.419,4.49,-20.0
2020-07-18 14:11:38,11,0.417,4.45,-20.0
2020-07-18 14:11:38,12,0.419,4.46,-20.0
2020-07-18 14:11:38,13,0.41,4.47,22.2
2020-07-18 14:11:38,14,0.416,4.5,-20.0
2020-07-18 14:11:38,15,0.412,4.51,-20.0
2020-07-18 14:11:38,16,0.428,4.52,-20.0
2020-07-18 14:11:38,17,0.424,4.48,-20.0
2020-07-18 14:11:38,18,0.427,4.48,-20.0
2020-07-18 14:11:38,19,0.437,4.47,-20.0
2020-07-18 14:11:38,20,0.413,4.46,-20.0
2020-07-18 14:11:38,21,0.412,4.48,-20.0
2020-07-18 14:11:38,22,0.417,4.46,-20.0
2020-07-18 14:11:38,23,0.447,4.48,-20.0
2020-07-18 14:11:38,24,0.412,4.49,-20.0
2020-07-18 14:11:38,25,0.416,4.5,19.7
2020-07-18 14:11:38,26,0.421,4.49,-20.0
2020-07-18 14:11:38,27,0.427,4.46,-20.0
2020-07-18 14:11:38,28,0.425,4.47,-20.0
2020-07-18 14:11:38,29,0.416,4.48,-20.0
2020-07-18 14:11:38,30,0.419,4.48,-20.0
2020-07-18 14:11:38,31,0.422,4.46,-20.0
2020-07-18 14:11:38,32,0.415,4.48,-20.0
2020-07-18 14:11:38,33,0.414,4.48,-20.0
2020-07-18 14:11:38,34,0.414,4.48,-20.0
2020-07-18 14:11:38,35,0.411,4.48,-20.0
2020-07-18 14:11:38,36,0.41,4.5,-20.0
2020-07-18 14:11:38,37,0.413,4.48,20.1
2020-07-18 14:11:38,38,0.415,4.48,-20.0
2020-07-18 14:11:38,39,0.415,4.47,-20.0
2020-07-18 14:11:38,40,0.42,4.48,-20.0
2020-07-18 14:11:38,41,0.417,4.5,-20.0
2020-07-18 14:11:38,42,0.408,4.48,-20.0
2020-07-18 14:11:38,43,0.413,4.47,-20.0
2020-07-18 14:11:38,44,0.424,4.49,-20.0
2020-07-18 14:11:38,45,0.418,4.49,-20.0
2020-07-18 14:11:38,46,0.418,4.48,-20.0
2020-07-18 14:11:38,47,0.433,4.48,-20.0
2020-07-18 14:11:38,48,0.416,4.48,-20.0
2020-07-18 14:11:38,49,0.485,4.46,22.3
2020-07-18 14:11:38,50,0.43,4.47,-20.0
2020-07-18 14:11:38,51,0.416,4.46,-20.0
2020-07-18 14:11:38,52,0.42,4.46,-20.0
2020-07-18 14:11:38,53,0.417,4.45,-20.0
2020-07-18 14:11:38,54,0.42,4.46,-20.0
2020-07-18 14:11:38,55,0.419,4.43,-20.0
2020-07-18 14:11:38,56,0.411,4.42,-20.0
2020-07-18 14:11:38,57,0.421,4.42,-20.0
2020-07-18 14:11:38,58,0.414,4.42,-20.0
2020-07-18 14:11:38,59,0.425,4.45,-20.0
2020-07-18 14:11:38,60,0.421,4.45,-20.0
2020-07-18 14:11:38,61,0.418,4.49,19.5
2020-07-18 14:11:38,62,0.413,4.49,-20.0
2020-07-18 14:11:38,63,0.415,4.47,-20.0
2020-07-18 14:11:38,64,0.414,4.45,-20.0
2020-07-18 14:11:38,65,0.411,4.45,-20.0
2020-07-18 14:11:38,66,0.423,4.45,-20.0
2020-07-18 14:11:38,67,0.412,4.42,-20.0
2020-07-18 14:11:38,68,0.421,4.45,-20.0
2020-07-18 14:11:38,69,0.419,4.45,-20.0
2020-07-18 14:11:38,70,0.416,4.46,-20.0
2020-07-18 14:11:38,71,0.414,4.48,-20.0
2020-07-18 14:11:38,72,0.417,4.49,-20.0
2020-07-18 14:11:38,73,0.418,4.51,19.7
2020-07-18 14:11:38,74,0.409,4.5,-20.0
2020-07-18 14:11:38,75,0.428,4.46,-20.0
2020-07-18 14:11:38,76,0.428,4.45,-20.0
2020-07-18 14:11:38,77,0.431,4.5,-20.0
2020-07-18 14:11:38,78,0.412,4.46,-20.0
2020-07-18 14:11:38,79,0.409,4.5,-20.0
2020-07-18 14:11:38,80,0.425,4.51,-20.0
2020-07-18 14:11:38,81,0.425,4.51,-20.0
2020-07-18 14:11:38,82,0.421,4.51,-20.0
2020-07-18 14:11:38,83,0.425,4.5,-20.0
2020-07-18 14:11:38,84,0.426,4.5,-20.0
2020-07-18 14:11:38,85,0.412,4.49,20.7
2020-07-18 14:11:38,86,0.418,4.46,-20.0
2020-07-18 14:11:38,87,0.44,4.46,-20.0
2020-07-18 14:11:38,88,0.412,4.47,-20.0
2020-07-18 14:11:38,89,0.413,4.5,-20.0
2020-07-18 14:11:38,90,0.41,4.47,-20.0
2020-07-18 14:11:38,91,0.421,4.48,-20.0
2020-07-18 14:11:38,92,0.405,4.5,-20.0
2020-07-18 14:11:38,93,0.416,4.49,-20.0
2020-07-18 14:11:38,94,0.427,4.47,-20.0
2020-07-18 14:11:38,95,0.421,4.46,-20.0
2020-07-18 14:11:38,96,0.418,4.48,-20.0
2020-07-19 02:11:07,1,0.416,4.5,23.2
2020-07-19 02:11:07,2,0.415,4.5,-20.0
2020-07-19 02:11:07,3,0.417,4.51,-20.0
2020-07-19 02:11:07,4,0.415,4.48,-20.0
2020-07-19 02:11:07,5,0.41,4.51,-20.0
2020-07-19 02:11:07,6,0.424,4.48,-20.0
2020-07-19 02:11:07,7,0.405,4.47,-20.0
2020-07-19 02:11:07,8,0.406,4.49,-20.0
2020-07-19 02:11:07,9,0.41,4.47,-20.0
2020-07-19 02:11:07,10,0.418,4.49,-20.0
2020-07-19 02:11:07,11,0.417,4.45,-20.0
2020-07-19 02:11:07,12,0.421,4.45,-20.0
2020-07-19 02:11:07,13,0.412,4.47,22.4
2020-07-19 02:11:07,14,0.418,4.48,-20.0
2020-07-19 02:11:07,15,0.413,4.5,-20.0
2020-07-19 02:11:07,16,0.429,4.51,-20.0
2020-07-19 02:11:07,17,0.423,4.48,-20.0
2020-07-19 02:11:07,18,0.43,4.5,-20.0
2020-07-19 02:11:07,19,0.439,4.47,-20.0
2020-07-19 02:11:07,20,0.415,4.46,-20.0
2020-07-19 02:11:07,21,0.414,4.47,-20.0
2020-07-19 02:11:07,22,0.419,4.46,-20.0
2020-07-19 02:11:07,23,0.447,4.48,-20.0
2020-07-19 02:11:07,24,0.412,4.49,-20.0
2020-07-19 02:11:07,25,0.416,4.5,19.9
2020-07-19 02:11:07,26,0.426,4.48,-20.0
2020-07-19 02:11:07,27,0.421,4.47,-20.0
2020-07-19 02:11:07,28,0.421,4.48,-20.0
2020-07-19 02:11:07,29,0.415,4.47,-20.0
2020-07-19 02:11:07,30,0.417,4.47,-20.0
2020-07-19 02:11:07,31,0.423,4.45,-20.0
2020-07-19 02:11:07,32,0.415,4.47,-20.0
2020-07-19 02:11:07,33,0.415,4.48,-20.0
2020-07-19 02:11:07,34,0.414,4.49,-20.0
2020-07-19 02:11:07,35,0.411,4.48,-20.0
2020-07-19 02:11:07,36,0.408,4.51,-20.0
2020-07-19 02:11:07,37,0.414,4.47,20.4
2020-07-19 02:11:07,38,0.383,4.48,-20.0
2020-07-19 02:11:07,39,0.403,4.46,-20.0
2020-07-19 02:11:07,40,0.417,4.47,-20.0
2020-07-19 02:11:07,41,0.412,4.5,-20.0
2020-07-19 02:11:07,42,0.398,4.48,-20.0
2020-07-19 02:11:07,43,0.398,4.47,-20.0
2020-07-19 02:11:07,44,0.405,4.49,-20.0
2020-07-19 02:11:07,45,0.414,4.5,-20.0
2020-07-19 02:11:07,46,0.414,4.48,-20.0
2020-07-19 02:11:07,47,0.42,4.48,-20.0
2020-07-19 02:11:07,48,0.419,4.47,-20.0
2020-07-19 02:11:07,49,0.485,4.46,22.4
2020-07-19 02:11:07,50,0.429,4.46,-20.0
2020-07-19 02:11:07,51,0.416,4.47,-20.0
2020-07-19 02:11:07,52,0.415,4.46,-20.0
2020-07-19 02:11:07,53,0.42,4.44,-20.0
2020-07-19 02:11:07,54,0.42,4.46,-20.0
2020-07-19 02:11:07,55,0.417,4.43,-20.0
2020-07-19 02:11:07,56,0.413,4.43,-20.0
2020-07-19 02:11:07,57,0.42,4.42,-20.0
2020-07-19 02:11:07,58,0.416,4.42,-20.0
2020-07-19 02:11:07,59,0.425,4.44,-20.0
2020-07-19 02:11:07,60,0.422,4.46,-20.0
2020-07-19 02:11:07,61,0.419,4.49,19.8
2020-07-19 02:11:07,62,0.413,4.49,-20.0
2020-07-19 02:11:07,63,0.414,4.47,-20.0
2020-07-19 02:11:07,64,0.412,4.45,-20.0
2020-07-19 02:11:07,65,0.411,4.44,-20.0
2020-07-19 02:11:07,66,0.423,4.45,-20.0
2020-07-19 02:11:07,67,0.415,4.42,-20.0
2020-07-19 02:11:07,68,0.421,4.45,-20.0
2020-07-19 02:11:07,69,0.417,4.45,-20.0
2020-07-19 02:11:07,70,0.416,4.46,-20.0
2020-07-19 02:11:07,71,0.417,4.48,-20.0
2020-07-19 02:11:07,72,0.419,4.48,-20.0
2020-07-19 02:11:07,73,0.418,4.51,20.2
2020-07-19 02:11:07,74,0.41,4.49,-20.0
2020-07-19 02:11:07,75,0.43,4.46,-20.0
2020-07-19 02:11:07,76,0.428,4.44,-20.0
2020-07-19 02:11:07,77,0.427,4.5,-20.0
2020-07-19 02:11:07,78,0.41,4.47,-20.0
2020-07-19 02:11:07,79,0.413,4.49,-20.0
2020-07-19 02:11:07,80,0.425,4.51,-20.0
2020-07-19 02:11:07,81,0.425,4.51,-20.0
2020-07-19 02:11:07,82,0.422,4.51,-20.0
2020-07-19 02:11:07,83,0.424,4.5,-20.0
2020-07-19 02:11:07,84,0.425,4.49,-20.0
2020-07-19 02:11:07,85,0.413,4.48,21.3
2020-07-19 02:11:07,86,0.417,4.46,-20.0
2020-07-19 02:11:07,87,0.441,4.46,-20.0
2020-07-19 02:11:07,88,0.41,4.48,-20.0
2020-07-19 02:11:07,89,0.416,4.5,-20.0
2020-07-19 02:11:07,90,0.41,4.47,-20.0
2020-07-19 02:11:07,91,0.423,4.49,-20.0
2020-07-19 02:11:07,92,0.407,4.5,-20.0
2020-07-19 02:11:07,93,0.42,4.49,-20.0
2020-07-19 02:11:07,94,0.428,4.47,-20.0
2020-07-19 02:11:07,95,0.419,4.46,-20.0
2020-07-19 02:11:07,96,0.416,4.49,-20.0
2020-07-19 14:10:32,1,0.414,4.51,23.3
2020-07-19 14:10:32,2,0.415,4.5,-20.0
2020-07-19 14:10:32,3,0.418,4.51,-20.0
2020-07-19 14:10:32,4,0.418,4.47,-20.0
2020-07-19 14:10:32,5,0.412,4.5,-20.0
2020-07-19 14:10:32,6,0.424,4.48,-20.0
2020-07-19 14:10:32,7,0.407,4.47,-20.0
2020-07-19 14:10:32,8,0.406,4.49,-20.0
2020-07-19 14:10:32,9,0.409,4.47,-20.0
2020-07-19 14:10:32,10,0.416,4.5,-20.0
2020-07-19 14:10:32,11,0.418,4.45,-20.0
2020-07-19 14:10:32,12,0.42,4.46,-20.0
2020-07-19 14:10:32,13,0.413,4.47,22.2
2020-07-19 14:10:32,14,0.418,4.48,-20.0
2020-07-19 14:10:32,15,0.413,4.51,-20.0
2020-07-19 14:10:32,16,0.427,4.51,-20.0
2020-07-19 14:10:32,17,0.422,4.48,-20.0
2020-07-19 14:10:32,18,0.43,4.49,-20.0
2020-07-19 14:10:32,19,0.437,4.47,-20.0
2020-07-19 14:10:32,20,0.415,4.46,-20.0
2020-07-19 14:10:32,21,0.413,4.47,-20.0
2020-07-19 14:10:32,22,0.417,4.46,-20.0
2020-07-19 14:10:32,23,0.442,4.47,-20.0
2020-07-19 14:10:32,24,0.411,4.48,-20.0
2020-07-19 14:10:32,25,0.417,4.5,19.8
2020-07-19 14:10:32,26,0.424,4.48,-20.0
2020-07-19 14:10:32,27,0.417,4.47,-20.0
2020-07-19 14:10:32,28,0.419,4.47,-20.0
2020-07-19 14:10:32,29,0.416,4.47,-20.0
2020-07-19 14:10:32,30,0.415,4.48,-20.0
2020-07-19 14:10:32,31,0.419,4.45,-20.0
2020-07-19 14:10:32,32,0.414,4.47,-20.0
2020-07-19 14:10:32,33,0.414,4.47,-20.0
2020-07-19 14:10:32,34,0.415,4.49,-20.0
2020-07-19 14:10:32,35,0.413,4.48,-20.0
2020-07-19 14:10:32,36,0.41,4.5,-20.0
2020-07-19 14:10:32,37,0.414,4.48,20.2
2020-07-19 14:10:32,38,0.391,4.48,-20.0
2020-07-19 14:10:32,39,0.406,4.46,-20.0
2020-07-19 14:10:32,40,0.417,4.46,-20.0
2020-07-19 14:10:32,41,0.414,4.5,-20.0
2020-07-19 14:10:32,42,0.398,4.48,-20.0
2020-07-19 14:10:32,43,0.401,4.47,-20.0
2020-07-19 14:10:32,44,0.412,4.49,-20.0
2020-07-19 14:10:32,45,0.414,4.49,-20.0
2020-07-19 14:10:32,46,0.415,4.48,-20.0
2020-07-19 14:10:32,47,0.417,4.48,-20.0
2020-07-19 14:10:32,48,0.421,4.48,-20.0
2020-07-19 14:10:32,49,0.483,4.46,22.3
2020-07-19 14:10:32,50,0.432,4.46,-20.0
2020-07-19 14:10:32,51,0.419,4.46,-20.0
2020-07-19 14:10:32,52,0.416,4.46,-20.0
2020-07-19 14:10:32,53,0.42,4.44,-20.0
2020-07-19 14:10:32,54,0.422,4.46,-20.0
2020-07-19 14:10:32,55,0.42,4.43,-20.0
2020-07-19 14:10:32,56,0.411,4.43,-20.0
2020-07-19 14:10:32,57,0.421,4.43,-20.0
2020-07-19 14:10:32,58,0.416,4.42,-20.0
2020-07-19 14:10:32,59,0.426,4.44,-20.0
2020-07-19 14:10:32,60,0.421,4.45,-20.0
2020-07-19 14:10:32,61,0.421,4.5,19.6
2020-07-19 14:10:32,62,0.414,4.49,-20.0
2020-07-19 14:10:32,63,0.415,4.48,-20.0
2020-07-19 14:10:32,64,0.412,4.46,-20.0
2020-07-19 14:10:32,65,0.41,4.44,-20.0
2020-07-19 14:10:32,66,0.418,4.45,-20.0
2020-07-19 14:10:32,67,0.415,4.43,-20.0
2020-07-19 14:10:32,68,0.408,4.45,-20.0
2020-07-19 14:10:32,69,0.412,4.45,-20.0
2020-07-19 14:10:32,70,0.399,4.46,-20.0
2020-07-19 14:10:32,71,0.416,4.49,-20.0
2020-07-19 14:10:32,72,0.409,4.49,-20.0
2020-07-19 14:10:32,73,0.407,4.51,19.9
2020-07-19 14:10:32,74,0.4,4.49,-20.0
2020-07-19 14:10:32,75,0.433,4.46,-20.0
2020-07-19 14:10:32,76,0.425,4.44,-20.0
2020-07-19 14:10:32,77,0.424,4.5,-20.0
2020-07-19 14:10:32,78,0.409,4.47,-20.0
2020-07-19 14:10:32,79,0.413,4.5,-20.0
2020-07-19 14:10:32,80,0.426,4.51,-20.0
2020-07-19 14:10:32,81,0.425,4.51,-20.0
2020-07-19 14:10:32,82,0.421,4.51,-20.0
2020-07-19 14:10:32,83,0.426,4.5,-20.0
2020-07-19 14:10:32,84,0.425,4.49,-20.0
2020-07-19 14:10:32,85,0.418,4.48,20.8
2020-07-19 14:10:32,86,0.418,4.46,-20.0
2020-07-19 14:10:32,87,0.44,4.46,-20.0
2020-07-19 14:10:32,88,0.41,4.48,-20.0
2020-07-19 14:10:32,89,0.414,4.5,-20.0
2020-07-19 14:10:32,90,0.407,4.47,-20.0
2020-07-19 14:10:32,91,0.422,4.48,-20.0
2020-07-19 14:10:32,92,0.406,4.5,-20.0
2020-07-19 14:10:32,93,0.421,4.49,-20.0
2020-07-19 14:10:32,94,0.428,4.47,-20.0
2020-07-19 14:10:32,95,0.419,4.46,-20.0
2020-07-19 14:10:32,96,0.415,4.49,-20.0
2020-07-20 02:10:08,1,0.413,4.51,23.2
2020-07-20 02:10:08,2,0.413,4.49,-20.0
2020-07-20 02:10:08,3,0.417,4.52,-20.0
2020-07-20 02:10:08,4,0.418,4.48,-20.0
2020-07-20 02:10:08,5,0.413,4.5,-20.0
2020-07-20 02:10:08,6,0.422,4.49,-20.0
2020-07-20 02:10:08,7,0.407,4.48,-20.0
2020-07-20 02:10:08,8,0.406,4.5,-20.0
2020-07-20 02:10:08,9,0.408,4.47,-20.0
2020-07-20 02:10:08,10,0.416,4.49,-20.0
2020-07-20 02:10:08,11,0.42,4.46,-20.0
2020-07-20 02:10:08,12,0.419,4.45,-20.0
2020-07-20 02:10:08,13,0.414,4.46,22.3
2020-07-20 02:10:08,14,0.417,4.47,-20.0
2020-07-20 02:10:08,15,0.414,4.51,-20.0
2020-07-20 02:10:08,16,0.427,4.52,-20.0
2020-07-20 02:10:08,17,0.421,4.48,-20.0
2020-07-20 02:10:08,18,0.431,4.49,-20.0
2020-07-20 02:10:08,19,0.436,4.46,-20.0
2020-07-20 02:10:08,20,0.418,4.48,-20.0
2020-07-20 02:10:08,21,0.41,4.49,-20.0
2020-07-20 02:10:08,22,0.416,4.46,-20.0
2020-07-20 02:10:08,23,0.442,4.47,-20.0
2020-07-20 02:10:08,24,0.41,4.49,-20.0
2020-07-20 02:10:08,25,0.415,4.5,20.0
2020-07-20 02:10:08,26,0.421,4.49,-20.0
2020-07-20 02:10:08,27,0.413,4.47,-20.0
2020-07-20 02:10:08,28,0.422,4.47,-20.0
2020-07-20 02:10:08,29,0.416,4.46,-20.0
2020-07-20 02:10:08,30,0.416,4.48,-20.0
2020-07-20 02:10:08,31,0.419,4.46,-20.0
2020-07-20 02:10:08,32,0.402,4.46,-20.0
2020-07-20 02:10:08,33,0.408,4.47,-20.0
2020-07-20 02:10:08,34,0.399,4.48,-20.0
2020-07-20 02:10:08,35,0.406,4.48,-20.0
2020-07-20 02:10:08,36,0.409,4.5,-20.0
2020-07-20 02:10:08,37,0.402,4.47,20.4
2020-07-20 02:10:08,38,0.384,4.48,-20.0
2020-07-20 02:10:08,39,0.397,4.46,-20.0
2020-07-20 02:10:08,40,0.414,4.48,-20.0
2020-07-20 02:10:08,41,0.412,4.5,-20.0
2020-07-20 02:10:08,42,0.396,4.48,-20.0
2020-07-20 02:10:08,43,0.405,4.48,-20.0
2020-07-20 02:10:08,44,0.416,4.49,-20.0
2020-07-20 02:10:08,45,0.414,4.5,-20.0
2020-07-20 02:10:08,46,0.417,4.48,-20.0
2020-07-20 02:10:08,47,0.415,4.48,-20.0
2020-07-20 02:10:08,48,0.421,4.48,-20.0
2020-07-20 02:10:08,49,0.483,4.46,22.5
2020-07-20 02:10:08,50,0.433,4.47,-20.0
2020-07-20 02:10:08,51,0.417,4.46,-20.0
2020-07-20 02:10:08,52,0.416,4.46,-20.0
2020-07-20 02:10:08,53,0.42,4.45,-20.0
2020-07-20 02:10:08,54,0.423,4.46,-20.0
2020-07-20 02:10:08,55,0.425,4.43,-20.0
2020-07-20 02:10:08,56,0.413,4.43,-20.0
2020-07-20 02:10:08,57,0.422,4.43,-20.0
2020-07-20 02:10:08,58,0.417,4.42,-20.0
2020-07-20 02:10:08,59,0.423,4.44,-20.0
2020-07-20 02:10:08,60,0.428,4.45,-20.0
2020-07-20 02:10:08,61,0.422,4.49,19.8
2020-07-20 02:10:08,62,0.414,4.5,-20.0
2020-07-20 02:10:08,63,0.413,4.47,-20.0
2020-07-20 02:10:08,64,0.413,4.45,-20.0
2020-07-20 02:10:08,65,0.413,4.45,-20.0
2020-07-20 02:10:08,66,0.419,4.45,-20.0
2020-07-20 02:10:08,67,0.415,4.42,-20.0
2020-07-20 02:10:08,68,0.412,4.45,-20.0
2020-07-20 02:10:08,69,0.413,4.45,-20.0
2020-07-20 02:10:08,70,0.404,4.46,-20.0
2020-07-20 02:10:08,71,0.418,4.48,-20.0
2020-07-20 02:10:08,72,0.409,4.49,-20.0
2020-07-20 02:10:08,73,0.41,4.51,20.3
2020-07-20 02:10:08,74,0.402,4.49,-20.0
2020-07-20 02:10:08,75,0.43,4.46,-20.0
2020-07-20 02:10:08,76,0.426,4.44,-20.0
2020-07-20 02:10:08,77,0.426,4.49,-20.0
2020-07-20 02:10:08,78,0.413,4.47,-20.0
2020-07-20 02:10:08,79,0.416,4.5,-20.0
2020-07-20 02:10:08,80,0.426,4.51,-20.0
2020-07-20 02:10:08,81,0.424,4.51,-20.0
2020-07-20 02:10:08,82,0.421,4.51,-20.0
2020-07-20 02:10:08,83,0.425,4.5,-20.0
2020-07-20 02:10:08,84,0.425,4.5,-20.0
2020-07-20 02:10:08,85,0.418,4.48,21.2
2020-07-20 02:10:08,86,0.419,4.45,-20.0
2020-07-20 02:10:08,87,0.441,4.47,-20.0
2020-07-20 02:10:08,88,0.407,4.47,-20.0
2020-07-20 02:10:08,89,0.412,4.5,-20.0
2020-07-20 02:10:08,90,0.406,4.47,-20.0
2020-07-20 02:10:08,91,0.418,4.48,-20.0
2020-07-20 02:10:08,92,0.406,4.5,-20.0
2020-07-20 02:10:08,93,0.42,4.49,-20.0
2020-07-20 02:10:08,94,0.43,4.47,-20.0
2020-07-20 02:10:08,95,0.419,4.46,-20.0
2020-07-20 02:10:08,96,0.416,4.49,-20.0
2020-07-20 14:09:32,1,0.415,4.51,23.2
2020-07-20 14:09:32,2,0.413,4.5,-20.0
2020-07-20 14:09:32,3,0.419,4.53,-20.0
2020-07-20 14:09:32,4,0.415,4.47,-20.0
2020-07-20 14:09:32,5,0.41,4.5,-20.0
2020-07-20 14:09:32,6,0.422,4.49,-20.0
2020-07-20 14:09:32,7,0.409,4.47,-20.0
2020-07-20 14:09:32,8,0.406,4.5,-20.0
2020-07-20 14:09:32,9,0.407,4.47,-20.0
2020-07-20 14:09:32,10,0.416,4.49,-20.0
2020-07-20 14:09:32,11,0.423,4.44,-20.0
2020-07-20 14:09:32,12,0.418,4.47,-20.0
2020-07-20 14:09:32,13,0.412,4.46,22.2
2020-07-20 14:09:32,14,0.417,4.48,-20.0
2020-07-20 14:09:32,15,0.413,4.51,-20.0
2020-07-20 14:09:32,16,0.429,4.51,-20.0
2020-07-20 14:09:32,17,0.423,4.48,-20.0
2020-07-20 14:09:32,18,0.428,4.49,-20.0
2020-07-20 14:09:32,19,0.439,4.46,-20.0
2020-07-20 14:09:32,20,0.418,4.47,-20.0
2020-07-20 14:09:32,21,0.408,4.48,-20.0
2020-07-20 14:09:32,22,0.416,4.46,-20.0
2020-07-20 14:09:32,23,0.444,4.48,-20.0
2020-07-20 14:09:32,24,0.41,4.48,-20.0
2020-07-20 14:09:32,25,0.416,4.49,19.9
2020-07-20 14:09:32,26,0.422,4.48,-20.0
2020-07-20 14:09:32,27,0.417,4.46,-20.0
2020-07-20 14:09:32,28,0.419,4.46,-20.0
2020-07-20 14:09:32,29,0.416,4.47,-20.0
2020-07-20 14:09:32,30,0.415,4.48,-20.0
2020-07-20 14:09:32,31,0.417,4.46,-20.0
2020-07-20 14:09:32,32,0.404,4.47,-20.0
2020-07-20 14:09:32,33,0.411,4.48,-20.0
2020-07-20 14:09:32,34,0.402,4.48,-20.0
2020-07-20 14:09:32,35,0.405,4.48,-20.0
2020-07-20 14:09:32,36,0.406,4.5,-20.0
2020-07-20 14:09:32,37,0.404,4.49,20.3
2020-07-20 14:09:32,38,0.392,4.49,-20.0
2020-07-20 14:09:32,39,0.402,4.47,-20.0
2020-07-20 14:09:32,40,0.414,4.46,-20.0
2020-07-20 14:09:32,41,0.41,4.5,-20.0
2020-07-20 14:09:32,42,0.395,4.48,-20.0
2020-07-20 14:09:32,43,0.409,4.47,-20.0
2020-07-20 14:09:32,44,0.419,4.5,-20.0
2020-07-20 14:09:32,45,0.417,4.49,-20.0
2020-07-20 14:09:32,46,0.414,4.49,-20.0
2020-07-20 14:09:32,47,0.417,4.48,-20.0
2020-07-20 14:09:32,48,0.422,4.48,-20.0
2020-07-20 14:09:32,49,0.486,4.46,22.4
2020-07-20 14:09:32,50,0.436,4.47,-20.0
2020-07-20 14:09:32,51,0.415,4.46,-20.0
2020-07-20 14:09:32,52,0.416,4.47,-20.0
2020-07-20 14:09:32,53,0.418,4.45,-20.0
2020-07-20 14:09:32,54,0.422,4.46,-20.0
2020-07-20 14:09:32,55,0.422,4.43,-20.0
2020-07-20 14:09:32,56,0.415,4.43,-20.0
2020-07-20 14:09:32,57,0.417,4.42,-20.0
2020-07-20 14:09:32,58,0.418,4.42,-20.0
2020-07-20 14:09:32,59,0.428,4.44,-20.0
2020-07-20 14:09:32,60,0.426,4.46,-20.0
2020-07-20 14:09:32,61,0.421,4.49,19.7
2020-07-20 14:09:32,62,0.411,4.49,-20.0
2020-07-20 14:09:32,63,0.399,4.47,-20.0
2020-07-20 14:09:32,64,0.407,4.45,-20.0
2020-07-20 14:09:32,65,0.398,4.44,-20.0
2020-07-20 14:09:32,66,0.417,4.45,-20.0
2020-07-20 14:09:32,67,0.409,4.42,-20.0
2020-07-20 14:09:32,68,0.404,4.45,-20.0
2020-07-20 14:09:32,69,0.409,4.45,-20.0
2020-07-20 14:09:32,70,0.394,4.46,-20.0
2020-07-20 14:09:32,71,0.415,4.47,-20.0
2020-07-20 14:09:32,72,0.41,4.49,-20.0
2020-07-20 14:09:32,73,0.412,4.52,20.1
2020-07-20 14:09:32,74,0.406,4.49,-20.0
2020-07-20 14:09:32,75,0.432,4.46,-20.0
2020-07-20 14:09:32,76,0.426,4.45,-20.0
2020-07-20 14:09:32,77,0.428,4.5,-20.0
2020-07-20 14:09:32,78,0.412,4.47,-20.0
2020-07-20 14:09:32,79,0.412,4.5,-20.0
2020-07-20 14:09:32,80,0.424,4.5,-20.0
2020-07-20 14:09:32,81,0.427,4.51,-20.0
2020-07-20 14:09:32,82,0.423,4.51,-20.0
2020-07-20 14:09:32,83,0.425,4.5,-20.0
2020-07-20 14:09:32,84,0.425,4.49,-20.0
2020-07-20 14:09:32,85,0.42,4.48,21.0
2020-07-20 14:09:32,86,0.419,4.47,-20.0
2020-07-20 14:09:32,87,0.445,4.46,-20.0
2020-07-20 14:09:32,88,0.404,4.47,-20.0
2020-07-20 14:09:32,89,0.412,4.5,-20.0
2020-07-20 14:09:32,90,0.405,4.47,-20.0
2020-07-20 14:09:32,91,0.419,4.47,-20.0
2020-07-20 14:09:32,92,0.409,4.49,-20.0
2020-07-20 14:09:32,93,0.422,4.49,-20.0
2020-07-20 14:09:32,94,0.426,4.47,-20.0
2020-07-20 14:09:32,95,0.421,4.46,-20.0
2020-07-20 14:09:32,96,0.415,4.48,-20.0
2020-07-21 02:08:59,1,0.416,4.51,23.3
2020-07-21 02:08:59,2,0.414,4.5,-20.0
2020-07-21 02:08:59,3,0.419,4.52,-20.0
2020-07-21 02:08:59,4,0.416,4.47,-20.0
2020-07-21 02:08:59,5,0.409,4.5,-20.0
2020-07-21 02:08:59,6,0.422,4.48,-20.0
2020-07-21 02:08:59,7,0.41,4.48,-20.0
2020-07-21 02:08:59,8,0.407,4.49,-20.0
2020-07-21 02:08:59,9,0.409,4.46,-20.0
2020-07-21 02:08:59,10,0.415,4.49,-20.0
2020-07-21 02:08:59,11,0.424,4.44,-20.0
2020-07-21 02:08:59,12,0.416,4.46,-20.0
2020-07-21 02:08:59,13,0.413,4.48,22.2
2020-07-21 02:08:59,14,0.416,4.48,-20.0
2020-07-21 02:08:59,15,0.414,4.52,-20.0
2020-07-21 02:08:59,16,0.433,4.53,-20.0
2020-07-21 02:08:59,17,0.423,4.48,-20.0
2020-07-21 02:08:59,18,0.43,4.49,-20.0
2020-07-21 02:08:59,19,0.442,4.46,-20.0
2020-07-21 02:08:59,20,0.419,4.47,-20.0
2020-07-21 02:08:59,21,0.408,4.47,-20.0
2020-07-21 02:08:59,22,0.416,4.46,-20.0
2020-07-21 02:08:59,23,0.444,4.47,-20.0
2020-07-21 02:08:59,24,0.414,4.49,-20.0
2020-07-21 02:08:59,25,0.417,4.5,19.6
2020-07-21 02:08:59,26,0.42,4.49,-20.0
2020-07-21 02:08:59,27,0.409,4.47,-20.0
2020-07-21 02:08:59,28,0.416,4.48,-20.0
2020-07-21 02:08:59,29,0.404,4.46,-20.0
2020-07-21 02:08:59,30,0.411,4.48,-20.0
2020-07-21 02:08:59,31,0.416,4.46,-20.0
2020-07-21 02:08:59,32,0.398,4.46,-20.0
2020-07-21 02:08:59,33,0.407,4.48,-20.0
2020-07-21 02:08:59,34,0.395,4.48,-20.0
2020-07-21 02:08:59,35,0.406,4.48,-20.0
2020-07-21 02:08:59,36,0.406,4.5,-20.0
2020-07-21 02:08:59,37,0.408,4.48,20.1
2020-07-21 02:08:59,38,0.396,4.49,-20.0
2020-07-21 02:08:59,39,0.405,4.47,-20.0
2020-07-21 02:08:59,40,0.414,4.46,-20.0
2020-07-21 02:08:59,41,0.407,4.5,-20.0
2020-07-21 02:08:59,42,0.397,4.48,-20.0
2020-07-21 02:08:59,43,0.41,4.47,-20.0
2020-07-21 02:08:59,44,0.422,4.49,-20.0
2020-07-21 02:08:59,45,0.417,4.49,-20.0
2020-07-21 02:08:59,46,0.416,4.48,-20.0
2020-07-21 02:08:59,47,0.416,4.48,-20.0
2020-07-21 02:08:59,48,0.419,4.48,-20.0
2020-07-21 02:08:59,49,0.491,4.46,22.5
2020-07-21 02:08:59,50,0.437,4.46,-20.0
2020-07-21 02:08:59,51,0.413,4.47,-20.0
2020-07-21 02:08:59,52,0.416,4.46,-20.0
2020-07-21 02:08:59,53,0.42,4.45,-20.0
2020-07-21 02:08:59,54,0.42,4.46,-20.0
2020-07-21 02:08:59,55,0.419,4.43,-20.0
2020-07-21 02:08:59,56,0.416,4.43,-20.0
2020-07-21 02:08:59,57,0.418,4.42,-20.0
2020-07-21 02:08:59,58,0.417,4.42,-20.0
2020-07-21 02:08:59,59,0.431,4.44,-20.0
2020-07-21 02:08:59,60,0.429,4.45,-20.0
2020-07-21 02:08:59,61,0.424,4.49,19.5
2020-07-21 02:08:59,62,0.415,4.49,-20.0
2020-07-21 02:08:59,63,0.403,4.47,-20.0
2020-07-21 02:08:59,64,0.408,4.45,-20.0
2020-07-21 02:08:59,65,0.404,4.44,-20.0
2020-07-21 02:08:59,66,0.421,4.45,-20.0
2020-07-21 02:08:59,67,0.413,4.42,-20.0
2020-07-21 02:08:59,68,0.405,4.45,-20.0
2020-07-21 02:08:59,69,0.41,4.45,-20.0
2020-07-21 02:08:59,70,0.397,4.46,-20.0
2020-07-21 02:08:59,71,0.414,4.48,-20.0
2020-07-21 02:08:59,72,0.415,4.49,-20.0
2020-07-21 02:08:59,73,0.412,4.51,19.7
2020-07-21 02:08:59,74,0.406,4.5,-20.0
2020-07-21 02:08:59,75,0.432,4.48,-20.0
2020-07-21 02:08:59,76,0.431,4.44,-20.0
2020-07-21 02:08:59,77,0.428,4.5,-20.0
2020-07-21 02:08:59,78,0.41,4.47,-20.0
2020-07-21 02:08:59,79,0.415,4.49,-20.0
2020-07-21 02:08:59,80,0.425,4.51,-20.0
2020-07-21 02:08:59,81,0.427,4.52,-20.0
2020-07-21 02:08:59,82,0.424,4.51,-20.0
2020-07-21 02:08:59,83,0.426,4.5,-20.0
2020-07-21 02:08:59,84,0.424,4.49,-20.0
2020-07-21 02:08:59,85,0.419,4.48,20.7
2020-07-21 02:08:59,86,0.42,4.46,-20.0
2020-07-21 02:08:59,87,0.445,4.46,-20.0
2020-07-21 02:08:59,88,0.405,4.48,-20.0
2020-07-21 02:08:59,89,0.413,4.51,-20.0
2020-07-21 02:08:59,90,0.405,4.48,-20.0
2020-07-21 02:08:59,91,0.419,4.48,-20.0
2020-07-21 02:08:59,92,0.407,4.5,-20.0
2020-07-21 02:08:59,93,0.422,4.49,-20.0
2020-07-21 02:08:59,94,0.425,4.47,-20.0
2020-07-21 02:08:59,95,0.42,4.46,-20.0
2020-07-21 02:08:59,96,0.416,4.49,-20.0
2020-07-21 14:08:29,1,0.416,4.5,23.2
2020-07-21 14:08:29,2,0.415,4.5,-20.0
2020-07-21 14:08:29,3,0.417,4.52,-20.0
2020-07-21 14:08:29,4,0.416,4.47,-20.0
2020-07-21 14:08:29,5,0.411,4.5,-20.0
2020-07-21 14:08:29,6,0.422,4.49,-20.0
2020-07-21 14:08:29,7,0.408,4.48,-20.0
2020-07-21 14:08:29,8,0.409,4.49,-20.0
2020-07-21 14:08:29,9,0.41,4.48,-20.0
2020-07-21 14:08:29,10,0.414,4.49,-20.0
2020-07-21 14:08:29,11,0.421,4.44,-20.0
2020-07-21 14:08:29,12,0.414,4.45,-20.0
2020-07-21 14:08:29,13,0.414,4.46,22.2
2020-07-21 14:08:29,14,0.417,4.48,-20.0
2020-07-21 14:08:29,15,0.414,4.51,-20.0
2020-07-21 14:08:29,16,0.428,4.53,-20.0
2020-07-21 14:08:29,17,0.421,4.49,-20.0
2020-07-21 14:08:29,18,0.429,4.48,-20.0
2020-07-21 14:08:29,19,0.442,4.46,-20.0
2020-07-21 14:08:29,20,0.417,4.46,-20.0
2020-07-21 14:08:29,21,0.409,4.48,-20.0
2020-07-21 14:08:29,22,0.414,4.47,-20.0
2020-07-21 14:08:29,23,0.444,4.48,-20.0
2020-07-21 14:08:29,24,0.413,4.49,-20.0
2020-07-21 14:08:29,25,0.414,4.49,19.8
2020-07-21 14:08:29,26,0.418,4.48,-20.0
2020-07-21 14:08:29,27,0.412,4.46,-20.0
2020-07-21 14:08:29,28,0.419,4.47,-20.0
2020-07-21 14:08:29,29,0.407,4.47,-20.0
2020-07-21 14:08:29,30,0.414,4.48,-20.0
2020-07-21 14:08:29,31,0.416,4.47,-20.0
2020-07-21 14:08:29,32,0.399,4.47,-20.0
2020-07-21 14:08:29,33,0.409,4.48,-20.0
2020-07-21 14:08:29,34,0.397,4.48,-20.0
2020-07-21 14:08:29,35,0.408,4.48,-20.0
2020-07-21 14:08:29,36,0.408,4.5,-20.0
2020-07-21 14:08:29,37,0.408,4.49,20.2
2020-07-21 14:08:29,38,0.403,4.48,-20.0
2020-07-21 14:08:29,39,0.404,4.47,-20.0
2020-07-21 14:08:29,40,0.413,4.48,-20.0
2020-07-21 14:08:29,41,0.409,4.51,-20.0
2020-07-21 14:08:29,42,0.404,4.48,-20.0
2020-07-21 14:08:29,43,0.411,4.47,-20.0
2020-07-21 14:08:29,44,0.424,4.49,-20.0
2020-07-21 14:08:29,45,0.417,4.5,-20.0
2020-07-21 14:08:29,46,0.417,4.48,-20.0
2020-07-21 14:08:29,47,0.419,4.49,-20.0
2020-07-21 14:08:29,48,0.418,4.48,-20.0
2020-07-21 14:08:29,49,0.493,4.47,22.4
2020-07-21 14:08:29,50,0.439,4.46,-20.0
2020-07-21 14:08:29,51,0.414,4.47,-20.0
2020-07-21 14:08:29,52,0.412,4.46,-20.0
2020-07-21 14:08:29,53,0.418,4.45,-20.0
2020-07-21 14:08:29,54,0.417,4.46,-20.0
2020-07-21 14:08:29,55,0.403,4.43,-20.0
2020-07-21 14:08:29,56,0.413,4.43,-20.0
2020-07-21 14:08:29,57,0.417,4.42,-20.0
2020-07-21 14:08:29,58,0.412,4.42,-20.0
2020-07-21 14:08:29,59,0.418,4.44,-20.0
2020-07-21 14:08:29,60,0.414,4.45,-20.0
2020-07-21 14:08:29,61,0.424,4.49,19.6
2020-07-21 14:08:29,62,0.418,4.49,-20.0
2020-07-21 14:08:29,63,0.407,4.47,-20.0
2020-07-21 14:08:29,64,0.408,4.46,-20.0
2020-07-21 14:08:29,65,0.406,4.44,-20.0
2020-07-21 14:08:29,66,0.42,4.45,-20.0
2020-07-21 14:08:29,67,0.417,4.42,-20.0
2020-07-21 14:08:29,68,0.407,4.46,-20.0
2020-07-21 14:08:29,69,0.411,4.45,-20.0
2020-07-21 14:08:29,70,0.401,4.46,-20.0
2020-07-21 14:08:29,71,0.415,4.48,-20.0
2020-07-21 14:08:29,72,0.413,4.49,-20.0
2020-07-21 14:08:29,73,0.413,4.51,20.0
2020-07-21 14:08:29,74,0.408,4.49,-20.0
2020-07-21 14:08:29,75,0.429,4.47,-20.0
2020-07-21 14:08:29,76,0.43,4.44,-20.0
2020-07-21 14:08:29,77,0.427,4.5,-20.0
2020-07-21 14:08:29,78,0.411,4.47,-20.0
2020-07-21 14:08:29,79,0.413,4.5,-20.0
2020-07-21 14:08:29,80,0.424,4.51,-20.0
2020-07-21 14:08:29,81,0.427,4.51,-20.0
2020-07-21 14:08:29,82,0.425,4.52,-20.0
2020-07-21 14:08:29,83,0.426,4.51,-20.0
2020-07-21 14:08:29,84,0.424,4.49,-20.0
2020-07-21 14:08:29,85,0.42,4.47,20.8
2020-07-21 14:08:29,86,0.42,4.46,-20.0
2020-07-21 14:08:29,87,0.443,4.46,-20.0
2020-07-21 14:08:29,88,0.409,4.48,-20.0
2020-07-21 14:08:29,89,0.413,4.5,-20.0
2020-07-21 14:08:29,90,0.409,4.47,-20.0
2020-07-21 14:08:29,91,0.42,4.48,-20.0
2020-07-21 14:08:29,92,0.406,4.5,-20.0
2020-07-21 14:08:29,93,0.421,4.49,-20.0
2020-07-21 14:08:29,94,0.425,4.47,-20.0
2020-07-21 14:08:29,95,0.418,4.46,-20.0
2020-07-21 14:08:29,96,0.416,4.48,-20.0
2020-07-22 02:07:55,1,0.417,4.51,23.3
2020-07-22 02:07:55,2,0.416,4.5,-20.0
2020-07-22 02:07:55,3,0.418,4.52,-20.0
2020-07-22 02:07:55,4,0.416,4.47,-20.0
2020-07-22 02:07:55,5,0.408,4.5,-20.0
2020-07-22 02:07:55,6,0.421,4.49,-20.0
2020-07-22 02:07:55,7,0.411,4.47,-20.0
2020-07-22 02:07:55,8,0.406,4.5,-20.0
2020-07-22 02:07:55,9,0.41,4.46,-20.0
2020-07-22 02:07:55,10,0.413,4.49,-20.0
2020-07-22 02:07:55,11,0.422,4.45,-20.0
2020-07-22 02:07:55,12,0.415,4.45,-20.0
2020-07-22 02:07:55,13,0.415,4.47,22.3
2020-07-22 02:07:55,14,0.417,4.48,-20.0
2020-07-22 02:07:55,15,0.412,4.51,-20.0
2020-07-22 02:07:55,16,0.431,4.53,-20.0
2020-07-22 02:07:55,17,0.419,4.48,-20.0
2020-07-22 02:07:55,18,0.427,4.49,-20.0
2020-07-22 02:07:55,19,0.437,4.47,-20.0
2020-07-22 02:07:55,20,0.416,4.46,-20.0
2020-07-22 02:07:55,21,0.407,4.47,-20.0
2020-07-22 02:07:55,22,0.418,4.47,-20.0
2020-07-22 02:07:55,23,0.439,4.48,-20.0
2020-07-22 02:07:55,24,0.403,4.49,-20.0
2020-07-22 02:07:55,25,0.412,4.5,19.9
2020-07-22 02:07:55,26,0.419,4.48,-20.0
2020-07-22 02:07:55,27,0.397,4.46,-20.0
2020-07-22 02:07:55,28,0.411,4.47,-20.0
2020-07-22 02:07:55,29,0.402,4.46,-20.0
2020-07-22 02:07:55,30,0.415,4.47,-20.0
2020-07-22 02:07:55,31,0.415,4.46,-20.0
2020-07-22 02:07:55,32,0.405,4.46,-20.0
2020-07-22 02:07:55,33,0.411,4.49,-20.0
2020-07-22 02:07:55,34,0.403,4.48,-20.0
2020-07-22 02:07:55,35,0.409,4.49,-20.0
2020-07-22 02:07:55,36,0.409,4.5,-20.0
2020-07-22 02:07:55,37,0.414,4.48,20.4
2020-07-22 02:07:55,38,0.407,4.49,-20.0
2020-07-22 02:07:55,39,0.409,4.47,-20.0
2020-07-22 02:07:55,40,0.414,4.48,-20.0
2020-07-22 02:07:55,41,0.414,4.49,-20.0
2020-07-22 02:07:55,42,0.409,4.49,-20.0
2020-07-22 02:07:55,43,0.413,4.48,-20.0
2020-07-22 02:07:55,44,0.425,4.49,-20.0
2020-07-22 02:07:55,45,0.415,4.5,-20.0
2020-07-22 02:07:55,46,0.417,4.49,-20.0
2020-07-22 02:07:55,47,0.425,4.48,-20.0
2020-07-22 02:07:55,48,0.422,4.47,-20.0
2020-07-22 02:07:55,49,0.491,4.46,22.5
2020-07-22 02:07:55,50,0.438,4.46,-20.0
2020-07-22 02:07:55,51,0.415,4.47,-20.0
2020-07-22 02:07:55,52,0.416,4.46,-20.0
2020-07-22 02:07:55,53,0.42,4.45,-20.0
2020-07-22 02:07:55,54,0.415,4.46,-20.0
2020-07-22 02:07:55,55,0.407,4.43,-20.0
2020-07-22 02:07:55,56,0.413,4.43,-20.0
2020-07-22 02:07:55,57,0.416,4.42,-20.0
2020-07-22 02:07:55,58,0.415,4.42,-20.0
2020-07-22 02:07:55,59,0.417,4.44,-20.0
2020-07-22 02:07:55,60,0.414,4.45,-20.0
2020-07-22 02:07:55,61,0.423,4.49,19.8
2020-07-22 02:07:55,62,0.417,4.49,-20.0
2020-07-22 02:07:55,63,0.412,4.48,-20.0
2020-07-22 02:07:55,64,0.409,4.45,-20.0
2020-07-22 02:07:55,65,0.408,4.44,-20.0
2020-07-22 02:07:55,66,0.421,4.45,-20.0
2020-07-22 02:07:55,67,0.418,4.43,-20.0
2020-07-22 02:07:55,68,0.408,4.45,-20.0
2020-07-22 02:07:55,69,0.411,4.45,-20.0
2020-07-22 02:07:55,70,0.406,4.46,-20.0
2020-07-22 02:07:55,71,0.417,4.48,-20.0
2020-07-22 02:07:55,72,0.416,4.49,-20.0
2020-07-22 02:07:55,73,0.412,4.51,20.2
2020-07-22 02:07:55,74,0.408,4.49,-20.0
2020-07-22 02:07:55,75,0.428,4.46,-20.0
2020-07-22 02:07:55,76,0.43,4.45,-20.0
2020-07-22 02:07:55,77,0.426,4.49,-20.0
2020-07-22 02:07:55,78,0.41,4.46,-20.0
2020-07-22 02:07:55,79,0.416,4.5,-20.0
2020-07-22 02:07:55,80,0.42,4.51,-20.0
2020-07-22 02:07:55,81,0.429,4.51,-20.0
2020-07-22 02:07:55,82,0.423,4.51,-20.0
2020-07-22 02:07:55,83,0.429,4.5,-20.0
2020-07-22 02:07:55,84,0.425,4.49,-20.0
2020-07-22 02:07:55,85,0.42,4.48,21.1
2020-07-22 02:07:55,86,0.418,4.46,-20.0
2020-07-22 02:07:55,87,0.443,4.46,-20.0
2020-07-22 02:07:55,88,0.409,4.48,-20.0
2020-07-22 02:07:55,89,0.416,4.51,-20.0
2020-07-22 02:07:55,90,0.412,4.47,-20.0
2020-07-22 02:07:55,91,0.419,4.48,-20.0
2020-07-22 02:07:55,92,0.406,4.5,-20.0
2020-07-22 02:07:55,93,0.419,4.5,-20.0
2020-07-22 02:07:55,94,0.423,4.47,-20.0
2020-07-22 02:07:55,95,0.418,4.46,-20.0
2020-07-22 02:07:55,96,0.416,4.49,-20.0
2020-07-22 14:07:17,1,0.417,4.5,23.2
2020-07-22 14:07:17,2,0.417,4.5,-20.0
2020-07-22 14:07:17,3,0.419,4.52,-20.0
2020-07-22 14:07:17,4,0.414,4.47,-20.0
2020-07-22 14:07:17,5,0.404,4.5,-20.0
2020-07-22 14:07:17,6,0.418,4.48,-20.0
2020-07-22 14:07:17,7,0.408,4.47,-20.0
2020-07-22 14:07:17,8,0.407,4.49,-20.0
2020-07-22 14:07:17,9,0.412,4.47,-20.0
2020-07-22 14:07:17,10,0.412,4.48,-20.0
2020-07-22 14:07:17,11,0.423,4.45,-20.0
2020-07-22 14:07:17,12,0.418,4.45,-20.0
2020-07-22 14:07:17,13,0.414,4.46,22.2
2020-07-22 14:07:17,14,0.417,4.48,-20.0
2020-07-22 14:07:17,15,0.415,4.51,-20.0
2020-07-22 14:07:17,16,0.431,4.52,-20.0
2020-07-22 14:07:17,17,0.418,4.49,-20.0
2020-07-22 14:07:17,18,0.426,4.49,-20.0
2020-07-22 14:07:17,19,0.438,4.46,-20.0
2020-07-22 14:07:17,20,0.415,4.46,-20.0
2020-07-22 14:07:17,21,0.408,4.48,-20.0
2020-07-22 14:07:17,22,0.418,4.47,-20.0
2020-07-22 14:07:17,23,0.443,4.47,-20.0
2020-07-22 14:07:17,24,0.404,4.48,-20.0
2020-07-22 14:07:17,25,0.414,4.49,19.7
2020-07-22 14:07:17,26,0.421,4.48,-20.0
2020-07-22 14:07:17,27,0.405,4.47,-20.0
2020-07-22 14:07:17,28,0.417,4.46,-20.0
2020-07-22 14:07:17,29,0.407,4.46,-20.0
2020-07-22 14:07:17,30,0.414,4.47,-20.0
2020-07-22 14:07:17,31,0.417,4.45,-20.0
2020-07-22 14:07:17,32,0.406,4.47,-20.0
2020-07-22 14:07:17,33,0.413,4.48,-20.0
2020-07-22 14:07:17,34,0.41,4.49,-20.0
2020-07-22 14:07:17,35,0.412,4.48,-20.0
2020-07-22 14:07:17,36,0.41,4.5,-20.0
2020-07-22 14:07:17,37,0.419,4.48,20.1
2020-07-22 14:07:17,38,0.409,4.48,-20.0
2020-07-22 14:07:17,39,0.411,4.47,-20.0
2020-07-22 14:07:17,40,0.417,4.47,-20.0
2020-07-22 14:07:17,41,0.416,4.49,-20.0
2020-07-22 14:07:17,42,0.409,4.49,-20.0
2020-07-22 14:07:17,43,0.415,4.47,-20.0
2020-07-22 14:07:17,44,0.424,4.49,-20.0
2020-07-22 14:07:17,45,0.417,4.49,-20.0
2020-07-22 14:07:17,46,0.418,4.48,-20.0
2020-07-22 14:07:17,47,0.426,4.48,-20.0
2020-07-22 14:07:17,48,0.422,4.48,-20.0
2020-07-22 14:07:17,49,0.486,4.46,22.4
2020-07-22 14:07:17,50,0.434,4.47,-20.0
2020-07-22 14:07:17,51,0.413,4.46,-20.0
2020-07-22 14:07:17,52,0.418,4.46,-20.0
2020-07-22 14:07:17,53,0.418,4.45,-20.0
2020-07-22 14:07:17,54,0.414,4.46,-20.0
2020-07-22 14:07:17,55,0.401,4.42,-20.0
2020-07-22 14:07:17,56,0.41,4.43,-20.0
2020-07-22 14:07:17,57,0.416,4.42,-20.0
2020-07-22 14:07:17,58,0.41,4.42,-20.0
2020-07-22 14:07:17,59,0.404,4.44,-20.0
2020-07-22 14:07:17,60,0.421,4.46,-20.0
2020-07-22 14:07:17,61,0.421,4.49,19.5
2020-07-22 14:07:17,62,0.417,4.49,-20.0
2020-07-22 14:07:17,63,0.412,4.47,-20.0
2020-07-22 14:07:17,64,0.411,4.45,-20.0
2020-07-22 14:07:17,65,0.411,4.45,-20.0
2020-07-22 14:07:17,66,0.422,4.45,-20.0
2020-07-22 14:07:17,67,0.416,4.42,-20.0
2020-07-22 14:07:17,68,0.412,4.45,-20.0
2020-07-22 14:07:17,69,0.412,4.45,-20.0
2020-07-22 14:07:17,70,0.407,4.46,-20.0
2020-07-22 14:07:17,71,0.416,4.48,-20.0
2020-07-22 14:07:17,72,0.416,4.48,-20.0
2020-07-22 14:07:17,73,0.414,4.51,19.8
2020-07-22 14:07:17,74,0.411,4.5,-20.0
2020-07-22 14:07:17,75,0.428,4.47,-20.0
2020-07-22 14:07:17,76,0.431,4.45,-20.0
2020-07-22 14:07:17,77,0.424,4.5,-20.0
2020-07-22 14:07:17,78,0.408,4.47,-20.0
2020-07-22 14:07:17,79,0.416,4.5,-20.0
2020-07-22 14:07:17,80,0.421,4.5,-20.0
2020-07-22 14:07:17,81,0.429,4.51,-20.0
2020-07-22 14:07:17,82,0.426,4.51,-20.0
2020-07-22 14:07:17,83,0.43,4.5,-20.0
2020-07-22 14:07:17,84,0.425,4.49,-20.0
2020-07-22 14:07:17,85,0.421,4.48,20.7
2020-07-22 14:07:17,86,0.418,4.46,-20.0
2020-07-22 14:07:17,87,0.447,4.46,-20.0
2020-07-22 14:07:17,88,0.41,4.48,-20.0
2020-07-22 14:07:17,89,0.417,4.5,-20.0
2020-07-22 14:07:17,90,0.412,4.47,-20.0
2020-07-22 14:07:17,91,0.42,4.48,-20.0
2020-07-22 14:07:17,92,0.404,4.5,-20.0
2020-07-22 14:07:17,93,0.42,4.5,-20.0
2020-07-22 14:07:17,94,0.424,4.47,-20.0
2020-07-22 14:07:17,95,0.421,4.46,-20.0
2020-07-22 14:07:17,96,0.415,4.48,-20.0
2020-07-23 02:06:44,1,0.419,4.51,23.2
2020-07-23 02:06:44,2,0.419,4.51,-20.0
2020-07-23 02:06:44,3,0.42,4.53,-20.0
2020-07-23 02:06:44,4,0.415,4.47,-20.0
2020-07-23 02:06:44,5,0.405,4.5,-20.0
2020-07-23 02:06:44,6,0.419,4.49,-20.0
2020-07-23 02:06:44,7,0.409,4.49,-20.0
2020-07-23 02:06:44,8,0.407,4.5,-20.0
2020-07-23 02:06:44,9,0.413,4.47,-20.0
2020-07-23 02:06:44,10,0.415,4.49,-20.0
2020-07-23 02:06:44,11,0.424,4.44,-20.0
2020-07-23 02:06:44,12,0.419,4.45,-20.0
2020-07-23 02:06:44,13,0.414,4.47,22.4
2020-07-23 02:06:44,14,0.416,4.48,-20.0
2020-07-23 02:06:44,15,0.414,4.51,-20.0
2020-07-23 02:06:44,16,0.429,4.52,-20.0
2020-07-23 02:06:44,17,0.417,4.48,-20.0
2020-07-23 02:06:44,18,0.419,4.48,-20.0
2020-07-23 02:06:44,19,0.436,4.46,-20.0
2020-07-23 02:06:44,20,0.414,4.48,-20.0
2020-07-23 02:06:44,21,0.409,4.47,-20.0
2020-07-23 02:06:44,22,0.418,4.46,-20.0
2020-07-23 02:06:44,23,0.44,4.47,-20.0
2020-07-23 02:06:44,24,0.394,4.49,-20.0
2020-07-23 02:06:44,25,0.417,4.5,20.0
2020-07-23 02:06:44,26,0.422,4.48,-20.0
2020-07-23 02:06:44,27,0.409,4.47,-20.0
2020-07-23 02:06:44,28,0.419,4.47,-20.0
2020-07-23 02:06:44,29,0.412,4.46,-20.0
2020-07-23 02:06:44,30,0.416,4.48,-20.0
2020-07-23 02:06:44,31,0.417,4.45,-20.0
2020-07-23 02:06:44,32,0.408,4.46,-20.0
2020-07-23 02:06:44,33,0.414,4.48,-20.0
2020-07-23 02:06:44,34,0.413,4.48,-20.0
2020-07-23 02:06:44,35,0.411,4.48,-20.0
2020-07-23 02:06:44,36,0.412,4.49,-20.0
2020-07-23 02:06:44,37,0.417,4.47,20.4
2020-07-23 02:06:44,38,0.412,4.48,-20.0
2020-07-23 02:06:44,39,0.411,4.46,-20.0
2020-07-23 02:06:44,40,0.416,4.47,-20.0
2020-07-23 02:06:44,41,0.417,4.5,-20.0
2020-07-23 02:06:44,42,0.41,4.48,-20.0
2020-07-23 02:06:44,43,0.415,4.47,-20.0
2020-07-23 02:06:44,44,0.428,4.49,-20.0
2020-07-23 02:06:44,45,0.416,4.49,-20.0
2020-07-23 02:06:44,46,0.418,4.48,-20.0
2020-07-23 02:06:44,47,0.428,4.48,-20.0
2020-07-23 02:06:44,48,0.42,4.48,-20.0
2020-07-23 02:06:44,49,0.485,4.47,22.5
2020-07-23 02:06:44,50,0.434,4.46,-20.0
2020-07-23 02:06:44,51,0.417,4.46,-20.0
2020-07-23 02:06:44,52,0.418,4.46,-20.0
2020-07-23 02:06:44,53,0.419,4.45,-20.0
2020-07-23 02:06:44,54,0.416,4.46,-20.0
2020-07-23 02:06:44,55,0.406,4.43,-20.0
2020-07-23 02:06:44,56,0.412,4.43,-20.0
2020-07-23 02:06:44,57,0.417,4.42,-20.0
2020-07-23 02:06:44,58,0.411,4.42,-20.0
2020-07-23 02:06:44,59,0.408,4.44,-20.0
2020-07-23 02:06:44,60,0.425,4.46,-20.0
2020-07-23 02:06:44,61,0.42,4.49,20.0
2020-07-23 02:06:44,62,0.415,4.49,-20.0
2020-07-23 02:06:44,63,0.414,4.48,-20.0
2020-07-23 02:06:44,64,0.413,4.45,-20.0
2020-07-23 02:06:44,65,0.412,4.44,-20.0
2020-07-23 02:06:44,66,0.423,4.45,-20.0
2020-07-23 02:06:44,67,0.415,4.42,-20.0
2020-07-23 02:06:44,68,0.415,4.46,-20.0
2020-07-23 02:06:44,69,0.412,4.45,-20.0
2020-07-23 02:06:44,70,0.413,4.46,-20.0
2020-07-23 02:06:44,71,0.416,4.48,-20.0
2020-07-23 02:06:44,72,0.416,4.48,-20.0
2020-07-23 02:06:44,73,0.415,4.52,20.4
2020-07-23 02:06:44,74,0.412,4.5,-20.0
2020-07-23 02:06:44,75,0.428,4.46,-20.0
2020-07-23 02:06:44,76,0.429,4.44,-20.0
2020-07-23 02:06:44,77,0.425,4.5,-20.0
2020-07-23 02:06:44,78,0.413,4.47,-20.0
2020-07-23 02:06:44,79,0.414,4.49,-20.0
2020-07-23 02:06:44,80,0.421,4.5,-20.0
2020-07-23 02:06:44,81,0.429,4.5,-20.0
2020-07-23 02:06:44,82,0.428,4.51,-20.0
2020-07-23 02:06:44,83,0.43,4.5,-20.0
2020-07-23 02:06:44,84,0.423,4.48,-20.0
2020-07-23 02:06:44,85,0.421,4.48,21.2
2020-07-23 02:06:44,86,0.42,4.47,-20.0
2020-07-23 02:06:44,87,0.445,4.47,-20.0
2020-07-23 02:06:44,88,0.409,4.48,-20.0
2020-07-23 02:06:44,89,0.414,4.5,-20.0
2020-07-23 02:06:44,90,0.408,4.47,-20.0
2020-07-23 02:06:44,91,0.419,4.49,-20.0
2020-07-23 02:06:44,92,0.398,4.5,-20.0
2020-07-23 02:06:44,93,0.417,4.49,-20.0
2020-07-23 02:06:44,94,0.42,4.47,-20.0
2020-07-23 02:06:44,95,0.416,4.46,-20.0
2020-07-23 02:06:44,96,0.413,4.49,-20.0
2020-07-23 14:06:18,1,0.418,4.51,23.2
2020-07-23 14:06:18,2,0.418,4.51,-20.0
2020-07-23 14:06:18,3,0.42,4.52,-20.0
2020-07-23 14:06:18,4,0.414,4.47,-20.0
2020-07-23 14:06:18,5,0.409,4.49,-20.0
2020-07-23 14:06:18,6,0.421,4.48,-20.0
2020-07-23 14:06:18,7,0.409,4.48,-20.0
2020-07-23 14:06:18,8,0.41,4.5,-20.0
2020-07-23 14:06:18,9,0.414,4.46,-20.0
2020-07-23 14:06:18,10,0.418,4.49,-20.0
2020-07-23 14:06:18,11,0.425,4.45,-20.0
2020-07-23 14:06:18,12,0.419,4.46,-20.0
2020-07-23 14:06:18,13,0.414,4.47,22.4
2020-07-23 14:06:18,14,0.42,4.48,-20.0
2020-07-23 14:06:18,15,0.418,4.51,-20.0
2020-07-23 14:06:18,16,0.428,4.53,-20.0
2020-07-23 14:06:18,17,0.418,4.49,-20.0
2020-07-23 14:06:18,18,0.422,4.49,-20.0
2020-07-23 14:06:18,19,0.437,4.47,-20.0
2020-07-23 14:06:18,20,0.417,4.48,-20.0
2020-07-23 14:06:18,21,0.412,4.47,-20.0
2020-07-23 14:06:18,22,0.42,4.46,-20.0
2020-07-23 14:06:18,23,0.445,4.48,-20.0
2020-07-23 14:06:18,24,0.399,4.49,-20.0
2020-07-23 14:06:18,25,0.419,4.5,20.0
2020-07-23 14:06:18,26,0.428,4.48,-20.0
2020-07-23 14:06:18,27,0.414,4.48,-20.0
2020-07-23 14:06:18,28,0.423,4.46,-20.0
2020-07-23 14:06:18,29,0.412,4.46,-20.0
2020-07-23 14:06:18,30,0.418,4.47,-20.0
2020-07-23 14:06:18,31,0.419,4.46,-20.0
2020-07-23 14:06:18,32,0.408,4.47,-20.0
2020-07-23 14:06:18,33,0.415,4.48,-20.0
2020-07-23 14:06:18,34,0.412,4.48,-20.0
2020-07-23 14:06:18,35,0.415,4.49,-20.0
2020-07-23 14:06:18,36,0.409,4.5,-20.0
2020-07-23 14:06:18,37,0.416,4.48,20.5
2020-07-23 14:06:18,38,0.412,4.49,-20.0
2020-07-23 14:06:18,39,0.411,4.47,-20.0
2020-07-23 14:06:18,40,0.416,4.47,-20.0
2020-07-23 14:06:18,41,0.417,4.5,-20.0
2020-07-23 14:06:18,42,0.408,4.48,-20.0
2020-07-23 14:06:18,43,0.416,4.48,-20.0
2020-07-23 14:06:18,44,0.427,4.49,-20.0
2020-07-23 14:06:18,45,0.419,4.49,-20.0
2020-07-23 14:06:18,46,0.422,4.48,-20.0
2020-07-23 14:06:18,47,0.426,4.48,-20.0
2020-07-23 14:06:18,48,0.42,4.48,-20.0
2020-07-23 14:06:18,49,0.482,4.46,22.4
2020-07-23 14:06:18,50,0.431,4.47,-20.0
2020-07-23 14:06:18,51,0.417,4.46,-20.0
2020-07-23 14:06:18,52,0.417,4.46,-20.0
2020-07-23 14:06:18,53,0.418,4.45,-20.0
2020-07-23 14:06:18,54,0.419,4.46,-20.0
2020-07-23 14:06:18,55,0.409,4.43,-20.0
2020-07-23 14:06:18,56,0.412,4.43,-20.0
2020-07-23 14:06:18,57,0.419,4.43,-20.0
2020-07-23 14:06:18,58,0.412,4.42,-20.0
2020-07-23 14:06:18,59,0.409,4.44,-20.0
2020-07-23 14:06:18,60,0.427,4.46,-20.0
2020-07-23 14:06:18,61,0.422,4.49,19.9
2020-07-23 14:06:18,62,0.416,4.49,-20.0
2020-07-23 14:06:18,63,0.417,4.47,-20.0
2020-07-23 14:06:18,64,0.411,4.45,-20.0
2020-07-23 14:06:18,65,0.413,4.45,-20.0
2020-07-23 14:06:18,66,0.424,4.45,-20.0
2020-07-23 14:06:18,67,0.414,4.42,-20.0
2020-07-23 14:06:18,68,0.417,4.45,-20.0
2020-07-23 14:06:18,69,0.414,4.45,-20.0
2020-07-23 14:06:18,70,0.416,4.46,-20.0
2020-07-23 14:06:18,71,0.417,4.48,-20.0
2020-07-23 14:06:18,72,0.418,4.48,-20.0
2020-07-23 14:06:18,73,0.416,4.51,20.3
2020-07-23 14:06:18,74,0.411,4.49,-20.0
2020-07-23 14:06:18,75,0.43,4.47,-20.0
2020-07-23 14:06:18,76,0.429,4.45,-20.0
2020-07-23 14:06:18,77,0.423,4.5,-20.0
2020-07-23 14:06:18,78,0.41,4.47,-20.0
2020-07-23 14:06:18,79,0.415,4.49,-20.0
2020-07-23 14:06:18,80,0.425,4.51,-20.0
2020-07-23 14:06:18,81,0.429,4.52,-20.0
2020-07-23 14:06:18,82,0.43,4.51,-20.0
2020-07-23 14:06:18,83,0.429,4.5,-20.0
2020-07-23 14:06:18,84,0.424,4.49,-20.0
2020-07-23 14:06:18,85,0.42,4.48,21.2
2020-07-23 14:06:18,86,0.42,4.46,-20.0
2020-07-23 14:06:18,87,0.444,4.46,-20.0
2020-07-23 14:06:18,88,0.409,4.48,-20.0
2020-07-23 14:06:18,89,0.414,4.5,-20.0
2020-07-23 14:06:18,90,0.411,4.47,-20.0
2020-07-23 14:06:18,91,0.421,4.48,-20.0
2020-07-23 14:06:18,92,0.401,4.5,-20.0
2020-07-23 14:06:18,93,0.418,4.49,-20.0
2020-07-23 14:06:18,94,0.422,4.48,-20.0
2020-07-23 14:06:18,95,0.419,4.46,-20.0
2020-07-23 14:06:18,96,0.414,4.49,-20.0
2020-07-24 02:05:51,1,0.419,4.51,23.2
2020-07-24 02:05:51,2,0.418,4.5,-20.0
2020-07-24 02:05:51,3,0.421,4.53,-20.0
2020-07-24 02:05:51,4,0.412,4.48,-20.0
2020-07-24 02:05:51,5,0.407,4.5,-20.0
2020-07-24 02:05:51,6,0.419,4.47,-20.0
2020-07-24 02:05:51,7,0.41,4.47,-20.0
2020-07-24 02:05:51,8,0.405,4.51,-20.0
2020-07-24 02:05:51,9,0.414,4.47,-20.0
2020-07-24 02:05:51,10,0.418,4.49,-20.0
2020-07-24 02:05:51,11,0.426,4.44,-20.0
2020-07-24 02:05:51,12,0.417,4.45,-20.0
2020-07-24 02:05:51,13,0.413,4.47,22.5
2020-07-24 02:05:51,14,0.419,4.49,-20.0
2020-07-24 02:05:51,15,0.414,4.51,-20.0
2020-07-24 02:05:51,16,0.423,4.51,-20.0
2020-07-24 02:05:51,17,0.418,4.47,-20.0
2020-07-24 02:05:51,18,0.422,4.49,-20.0
2020-07-24 02:05:51,19,0.44,4.46,-20.0
2020-07-24 02:05:51,20,0.417,4.48,-20.0
2020-07-24 02:05:51,21,0.413,4.48,-20.0
2020-07-24 02:05:51,22,0.421,4.47,-20.0
2020-07-24 02:05:51,23,0.447,4.48,-20.0
2020-07-24 02:05:51,24,0.405,4.49,-20.0
2020-07-24 02:05:51,25,0.419,4.5,20.4
2020-07-24 02:05:51,26,0.429,4.48,-20.0
2020-07-24 02:05:51,27,0.416,4.47,-20.0
2020-07-24 02:05:51,28,0.427,4.46,-20.0
2020-07-24 02:05:51,29,0.413,4.46,-20.0
2020-07-24 02:05:51,30,0.417,4.48,-20.0
2020-07-24 02:05:51,31,0.416,4.46,-20.0
2020-07-24 02:05:51,32,0.41,4.46,-20.0
2020-07-24 02:05:51,33,0.415,4.48,-20.0
2020-07-24 02:05:51,34,0.414,4.48,-20.0
2020-07-24 02:05:51,35,0.415,4.48,-20.0
2020-07-24 02:05:51,36,0.41,4.5,-20.0
2020-07-24 02:05:51,37,0.416,4.47,20.8
2020-07-24 02:05:51,38,0.418,4.49,-20.0
2020-07-24 02:05:51,39,0.412,4.47,-20.0
2020-07-24 02:05:51,40,0.417,4.48,-20.0
2020-07-24 02:05:51,41,0.417,4.5,-20.0
2020-07-24 02:05:51,42,0.409,4.49,-20.0
2020-07-24 02:05:51,43,0.417,4.48,-20.0
2020-07-24 02:05:51,44,0.429,4.49,-20.0
2020-07-24 02:05:51,45,0.416,4.49,-20.0
2020-07-24 02:05:51,46,0.421,4.48,-20.0
2020-07-24 02:05:51,47,0.427,4.49,-20.0
2020-07-24 02:05:51,48,0.418,4.48,-20.0
2020-07-24 02:05:51,49,0.484,4.46,22.4
2020-07-24 02:05:51,50,0.433,4.46,-20.0
2020-07-24 02:05:51,51,0.416,4.47,-20.0
2020-07-24 02:05:51,52,0.42,4.46,-20.0
2020-07-24 02:05:51,53,0.417,4.45,-20.0
2020-07-24 02:05:51,54,0.418,4.46,-20.0
2020-07-24 02:05:51,55,0.413,4.42,-20.0
2020-07-24 02:05:51,56,0.413,4.43,-20.0
2020-07-24 02:05:51,57,0.419,4.42,-20.0
2020-07-24 02:05:51,58,0.413,4.42,-20.0
2020-07-24 02:05:51,59,0.41,4.44,-20.0
2020-07-24 02:05:51,60,0.426,4.46,-20.0
2020-07-24 02:05:51,61,0.42,4.49,20.3
2020-07-24 02:05:51,62,0.416,4.49,-20.0
2020-07-24 02:05:51,63,0.417,4.48,-20.0
2020-07-24 02:05:51,64,0.412,4.46,-20.0
2020-07-24 02:05:51,65,0.413,4.45,-20.0
2020-07-24 02:05:51,66,0.423,4.45,-20.0
2020-07-24 02:05:51,67,0.415,4.43,-20.0
2020-07-24 02:05:51,68,0.419,4.45,-20.0
2020-07-24 02:05:51,69,0.418,4.45,-20.0
2020-07-24 02:05:51,70,0.417,4.46,-20.0
2020-07-24 02:05:51,71,0.417,4.48,-20.0
2020-07-24 02:05:51,72,0.419,4.49,-20.0
2020-07-24 02:05:51,73,0.418,4.52,20.7
2020-07-24 02:05:51,74,0.412,4.5,-20.0
2020-07-24 02:05:51,75,0.433,4.46,-20.0
2020-07-24 02:05:51,76,0.428,4.44,-20.0
2020-07-24 02:05:51,77,0.424,4.51,-20.0
2020-07-24 02:05:51,78,0.402,4.47,-20.0
2020-07-24 02:05:51,79,0.415,4.5,-20.0
2020-07-24 02:05:51,80,0.42,4.51,-20.0
2020-07-24 02:05:51,81,0.428,4.5,-20.0
2020-07-24 02:05:51,82,0.43,4.5,-20.0
2020-07-24 02:05:51,83,0.426,4.5,-20.0
2020-07-24 02:05:51,84,0.424,4.49,-20.0
2020-07-24 02:05:51,85,0.421,4.48,21.4
2020-07-24 02:05:51,86,0.421,4.46,-20.0
2020-07-24 02:05:51,87,0.445,4.46,-20.0
2020-07-24 02:05:51,88,0.41,4.48,-20.0
2020-07-24 02:05:51,89,0.416,4.5,-20.0
2020-07-24 02:05:51,90,0.412,4.47,-20.0
2020-07-24 02:05:51,91,0.422,4.48,-20.0
2020-07-24 02:05:51,92,0.402,4.5,-20.0
2020-07-24 02:05:51,93,0.418,4.49,-20.0
2020-07-24 02:05:51,94,0.42,4.47,-20.0
2020-07-24 02:05:51,95,0.418,4.46,-20.0
2020-07-24 02:05:51,96,0.414,4.49,-20.0
2020-07-24 14:05:20,1,0.417,4.51,23.2
2020-07-24 14:05:20,2,0.417,4.51,-20.0
2020-07-24 14:05:20,3,0.42,4.51,-20.0
2020-07-24 14:05:20,4,0.412,4.48,-20.0
2020-07-24 14:05:20,5,0.406,4.5,-20.0
2020-07-24 14:05:20,6,0.417,4.47,-20.0
2020-07-24 14:05:20,7,0.409,4.47,-20.0
2020-07-24 14:05:20,8,0.405,4.5,-20.0
2020-07-24 14:05:20,9,0.414,4.46,-20.0
2020-07-24 14:05:20,10,0.416,4.49,-20.0
2020-07-24 14:05:20,11,0.427,4.45,-20.0
2020-07-24 14:05:20,12,0.42,4.46,-20.0
2020-07-24 14:05:20,13,0.412,4.47,22.3
2020-07-24 14:05:20,14,0.42,4.48,-20.0
2020-07-24 14:05:20,15,0.414,4.51,-20.0
2020-07-24 14:05:20,16,0.426,4.52,-20.0
2020-07-24 14:05:20,17,0.418,4.48,-20.0
2020-07-24 14:05:20,18,0.424,4.49,-20.0
2020-07-24 14:05:20,19,0.442,4.48,-20.0
2020-07-24 14:05:20,20,0.418,4.47,-20.0
2020-07-24 14:05:20,21,0.413,4.47,-20.0
2020-07-24 14:05:20,22,0.418,4.47,-20.0
2020-07-24 14:05:20,23,0.449,4.48,-20.0
2020-07-24 14:05:20,24,0.407,4.49,-20.0
2020-07-24 14:05:20,25,0.42,4.5,19.9
2020-07-24 14:05:20,26,0.427,4.48,-20.0
2020-07-24 14:05:20,27,0.419,4.46,-20.0
2020-07-24 14:05:20,28,0.426,4.47,-20.0
2020-07-24 14:05:20,29,0.414,4.47,-20.0
2020-07-24 14:05:20,30,0.419,4.48,-20.0
2020-07-24 14:05:20,31,0.421,4.46,-20.0
2020-07-24 14:05:20,32,0.41,4.47,-20.0
2020-07-24 14:05:20,33,0.416,4.48,-20.0
2020-07-24 14:05:20,34,0.414,4.49,-20.0
2020-07-24 14:05:20,35,0.414,4.48,-20.0
2020-07-24 14:05:20,36,0.412,4.5,-20.0
2020-07-24 14:05:20,37,0.416,4.48,20.3
2020-07-24 14:05:20,38,0.418,4.49,-20.0
2020-07-24 14:05:20,39,0.416,4.46,-20.0
2020-07-24 14:05:20,40,0.418,4.46,-20.0
2020-07-24 14:05:20,41,0.416,4.5,-20.0
2020-07-24 14:05:20,42,0.409,4.49,-20.0
2020-07-24 14:05:20,43,0.419,4.48,-20.0
2020-07-24 14:05:20,44,0.429,4.49,-20.0
2020-07-24 14:05:20,45,0.415,4.5,-20.0
2020-07-24 14:05:20,46,0.419,4.48,-20.0
2020-07-24 14:05:20,47,0.423,4.48,-20.0
2020-07-24 14:05:20,48,0.419,4.48,-20.0
2020-07-24 14:05:20,49,0.482,4.46,22.4
2020-07-24 14:05:20,50,0.431,4.46,-20.0
2020-07-24 14:05:20,51,0.418,4.46,-20.0
2020-07-24 14:05:20,52,0.421,4.46,-20.0
2020-07-24 14:05:20,53,0.417,4.45,-20.0
2020-07-24 14:05:20,54,0.419,4.46,-20.0
2020-07-24 14:05:20,55,0.415,4.43,-20.0
2020-07-24 14:05:20,56,0.413,4.43,-20.0
2020-07-24 14:05:20,57,0.419,4.42,-20.0
2020-07-24 14:05:20,58,0.417,4.42,-20.0
2020-07-24 14:05:20,59,0.414,4.44,-20.0
2020-07-24 14:05:20,60,0.426,4.45,-20.0
2020-07-24 14:05:20,61,0.417,4.49,19.7
2020-07-24 14:05:20,62,0.414,4.49,-20.0
2020-07-24 14:05:20,63,0.418,4.48,-20.0
2020-07-24 14:05:20,64,0.412,4.46,-20.0
2020-07-24 14:05:20,65,0.416,4.44,-20.0
2020-07-24 14:05:20,66,0.425,4.45,-20.0
2020-07-24 14:05:20,67,0.418,4.43,-20.0
2020-07-24 14:05:20,68,0.419,4.46,-20.0
2020-07-24 14:05:20,69,0.419,4.45,-20.0
2020-07-24 14:05:20,70,0.417,4.46,-20.0
2020-07-24 14:05:20,71,0.416,4.47,-20.0
2020-07-24 14:05:20,72,0.419,4.47,-20.0
2020-07-24 14:05:20,73,0.418,4.51,19.9
2020-07-24 14:05:20,74,0.412,4.5,-20.0
2020-07-24 14:05:20,75,0.433,4.46,-20.0
2020-07-24 14:05:20,76,0.428,4.44,-20.0
2020-07-24 14:05:20,77,0.425,4.51,-20.0
2020-07-24 14:05:20,78,0.405,4.47,-20.0
2020-07-24 14:05:20,79,0.417,4.51,-20.0
2020-07-24 14:05:20,80,0.422,4.51,-20.0
2020-07-24 14:05:20,81,0.429,4.51,-20.0
2020-07-24 14:05:20,82,0.428,4.51,-20.0
2020-07-24 14:05:20,83,0.426,4.5,-20.0
2020-07-24 14:05:20,84,0.425,4.49,-20.0
2020-07-24 14:05:20,85,0.421,4.49,20.7
2020-07-24 14:05:20,86,0.419,4.47,-20.0
2020-07-24 14:05:20,87,0.444,4.46,-20.0
2020-07-24 14:05:20,88,0.409,4.48,-20.0
2020-07-24 14:05:20,89,0.415,4.5,-20.0
2020-07-24 14:05:20,90,0.411,4.46,-20.0
2020-07-24 14:05:20,91,0.422,4.48,-20.0
2020-07-24 14:05:20,92,0.404,4.5,-20.0
2020-07-24 14:05:20,93,0.417,4.49,-20.0
2020-07-24 14:05:20,94,0.421,4.46,-20.0
2020-07-24 14:05:20,95,0.419,4.46,-20.0
2020-07-24 14:05:20,96,0.412,4.49,-20.0
2020-07-25 02:04:48,1,0.415,4.51,23.2
2020-07-25 02:04:48,2,0.415,4.5,-20.0
2020-07-25 02:04:48,3,0.418,4.52,-20.0
2020-07-25 02:04:48,4,0.411,4.47,-20.0
2020-07-25 02:04:48,5,0.405,4.52,-20.0
2020-07-25 02:04:48,6,0.418,4.49,-20.0
2020-07-25 02:04:48,7,0.401,4.47,-20.0
2020-07-25 02:04:48,8,0.402,4.5,-20.0
2020-07-25 02:04:48,9,0.418,4.46,-20.0
2020-07-25 02:04:48,10,0.417,4.49,-20.0
2020-07-25 02:04:48,11,0.424,4.45,-20.0
2020-07-25 02:04:48,12,0.42,4.45,-20.0
2020-07-25 02:04:48,13,0.412,4.47,22.2
2020-07-25 02:04:48,14,0.423,4.48,-20.0
2020-07-25 02:04:48,15,0.415,4.5,-20.0
2020-07-25 02:04:48,16,0.428,4.51,-20.0
2020-07-25 02:04:48,17,0.414,4.48,-20.0
2020-07-25 02:04:48,18,0.424,4.48,-20.0
2020-07-25 02:04:48,19,0.443,4.45,-20.0
2020-07-25 02:04:48,20,0.419,4.47,-20.0
2020-07-25 02:04:48,21,0.415,4.47,-20.0
2020-07-25 02:04:48,22,0.417,4.46,-20.0
2020-07-25 02:04:48,23,0.449,4.48,-20.0
2020-07-25 02:04:48,24,0.412,4.5,-20.0
2020-07-25 02:04:48,25,0.421,4.49,19.9
2020-07-25 02:04:48,26,0.425,4.5,-20.0
2020-07-25 02:04:48,27,0.416,4.46,-20.0
2020-07-25 02:04:48,28,0.426,4.46,-20.0
2020-07-25 02:04:48,29,0.419,4.46,-20.0
2020-07-25 02:04:48,30,0.419,4.47,-20.0
2020-07-25 02:04:48,31,0.422,4.46,-20.0
2020-07-25 02:04:48,32,0.409,4.47,-20.0
2020-07-25 02:04:48,33,0.418,4.48,-20.0
2020-07-25 02:04:48,34,0.414,4.47,-20.0
2020-07-25 02:04:48,35,0.412,4.5,-20.0
2020-07-25 02:04:48,36,0.412,4.5,-20.0
2020-07-25 02:04:48,37,0.417,4.48,20.4
2020-07-25 02:04:48,38,0.419,4.49,-20.0
2020-07-25 02:04:48,39,0.41,4.47,-20.0
2020-07-25 02:04:48,40,0.415,4.47,-20.0
2020-07-25 02:04:48,41,0.419,4.5,-20.0
2020-07-25 02:04:48,42,0.41,4.48,-20.0
2020-07-25 02:04:48,43,0.418,4.47,-20.0
2020-07-25 02:04:48,44,0.428,4.49,-20.0
2020-07-25 02:04:48,45,0.417,4.5,-20.0
2020-07-25 02:04:48,46,0.42,4.49,-20.0
2020-07-25 02:04:48,47,0.424,4.48,-20.0
2020-07-25 02:04:48,48,0.419,4.48,-20.0
2020-07-25 02:04:48,49,0.486,4.46,22.4
2020-07-25 02:04:48,50,0.436,4.46,-20.0
2020-07-25 02:04:48,51,0.417,4.47,-20.0
2020-07-25 02:04:48,52,0.42,4.46,-20.0
2020-07-25 02:04:48,53,0.416,4.44,-20.0
2020-07-25 02:04:48,54,0.418,4.46,-20.0
2020-07-25 02:04:48,55,0.415,4.43,-20.0
2020-07-25 02:04:48,56,0.416,4.43,-20.0
2020-07-25 02:04:48,57,0.422,4.43,-20.0
2020-07-25 02:04:48,58,0.417,4.42,-20.0
2020-07-25 02:04:48,59,0.417,4.44,-20.0
2020-07-25 02:04:48,60,0.428,4.45,-20.0
2020-07-25 02:04:48,61,0.418,4.5,19.7
2020-07-25 02:04:48,62,0.416,4.49,-20.0
2020-07-25 02:04:48,63,0.42,4.47,-20.0
2020-07-25 02:04:48,64,0.413,4.46,-20.0
2020-07-25 02:04:48,65,0.417,4.45,-20.0
2020-07-25 02:04:48,66,0.426,4.45,-20.0
2020-07-25 02:04:48,67,0.42,4.43,-20.0
2020-07-25 02:04:48,68,0.417,4.45,-20.0
2020-07-25 02:04:48,69,0.419,4.45,-20.0
2020-07-25 02:04:48,70,0.404,4.46,-20.0
2020-07-25 02:04:48,71,0.413,4.49,-20.0
2020-07-25 02:04:48,72,0.419,4.48,-20.0
2020-07-25 02:04:48,73,0.41,4.51,20.0
2020-07-25 02:04:48,74,0.404,4.49,-20.0
2020-07-25 02:04:48,75,0.435,4.46,-20.0
2020-07-25 02:04:48,76,0.427,4.45,-20.0
2020-07-25 02:04:48,77,0.427,4.5,-20.0
2020-07-25 02:04:48,78,0.402,4.46,-20.0
2020-07-25 02:04:48,79,0.415,4.49,-20.0
2020-07-25 02:04:48,80,0.426,4.5,-20.0
2020-07-25 02:04:48,81,0.428,4.51,-20.0
2020-07-25 02:04:48,82,0.427,4.51,-20.0
2020-07-25 02:04:48,83,0.426,4.5,-20.0
2020-07-25 02:04:48,84,0.424,4.5,-20.0
2020-07-25 02:04:48,85,0.422,4.48,21.0
2020-07-25 02:04:48,86,0.418,4.46,-20.0
2020-07-25 02:04:48,87,0.447,4.46,-20.0
2020-07-25 02:04:48,88,0.409,4.48,-20.0
2020-07-25 02:04:48,89,0.415,4.5,-20.0
2020-07-25 02:04:48,90,0.41,4.47,-20.0
2020-07-25 02:04:48,91,0.418,4.48,-20.0
2020-07-25 02:04:48,92,0.408,4.5,-20.0
2020-07-25 02:04:48,93,0.417,4.49,-20.0
2020-07-25 02:04:48,94,0.422,4.46,-20.0
2020-07-25 02:04:48,95,0.42,4.45,-20.0
2020-07-25 02:04:48,96,0.413,4.48,-20.0
2020-07-25 14:04:12,1,0.414,4.51,23.3
2020-07-25 14:04:12,2,0.416,4.5,-20.0
2020-07-25 14:04:12,3,0.42,4.51,-20.0
2020-07-25 14:04:12,4,0.413,4.47,-20.0
2020-07-25 14:04:12,5,0.405,4.5,-20.0
2020-07-25 14:04:12,6,0.419,4.49,-20.0
2020-07-25 14:04:12,7,0.402,4.48,-20.0
2020-07-25 14:04:12,8,0.405,4.51,-20.0
2020-07-25 14:04:12,9,0.421,4.46,-20.0
2020-07-25 14:04:12,10,0.418,4.49,-20.0
2020-07-25 14:04:12,11,0.423,4.46,-20.0
2020-07-25 14:04:12,12,0.419,4.47,-20.0
2020-07-25 14:04:12,13,0.413,4.48,22.3
2020-07-25 14:04:12,14,0.421,4.48,-20.0
2020-07-25 14:04:12,15,0.415,4.51,-20.0
2020-07-25 14:04:12,16,0.426,4.52,-20.0
2020-07-25 14:04:12,17,0.409,4.48,-20.0
2020-07-25 14:04:12,18,0.422,4.49,-20.0
2020-07-25 14:04:12,19,0.44,4.47,-20.0
2020-07-25 14:04:12,20,0.418,4.46,-20.0
2020-07-25 14:04:12,21,0.415,4.47,-20.0
2020-07-25 14:04:12,22,0.413,4.46,-20.0
2020-07-25 14:04:12,23,0.448,4.47,-20.0
2020-07-25 14:04:12,24,0.412,4.49,-20.0
2020-07-25 14:04:12,25,0.419,4.49,19.9
2020-07-25 14:04:12,26,0.423,4.49,-20.0
2020-07-25 14:04:12,27,0.411,4.46,-20.0
2020-07-25 14:04:12,28,0.426,4.47,-20.0
2020-07-25 14:04:12,29,0.422,4.47,-20.0
2020-07-25 14:04:12,30,0.42,4.47,-20.0
2020-07-25 14:04:12,31,0.419,4.47,-20.0
2020-07-25 14:04:12,32,0.405,4.47,-20.0
2020-07-25 14:04:12,33,0.415,4.47,-20.0
2020-07-25 14:04:12,34,0.414,4.48,-20.0
2020-07-25 14:04:12,35,0.413,4.49,-20.0
2020-07-25 14:04:12,36,0.408,4.5,-20.0
2020-07-25 14:04:12,37,0.418,4.48,20.4
2020-07-25 14:04:12,38,0.417,4.48,-20.0
2020-07-25 14:04:12,39,0.415,4.48,-20.0
2020-07-25 14:04:12,40,0.417,4.47,-20.0
2020-07-25 14:04:12,41,0.42,4.49,-20.0
2020-07-25 14:04:12,42,0.411,4.48,-20.0
2020-07-25 14:04:12,43,0.418,4.48,-20.0
2020-07-25 14:04:12,44,0.406,4.49,-20.0
2020-07-25 14:04:12,45,0.418,4.49,-20.0
2020-07-25 14:04:12,46,0.419,4.49,-20.0
2020-07-25 14:04:12,47,0.409,4.48,-20.0
2020-07-25 14:04:12,48,0.405,4.48,-20.0
2020-07-25 14:04:12,49,0.486,4.46,22.4
2020-07-25 14:04:12,50,0.435,4.47,-20.0
2020-07-25 14:04:12,51,0.415,4.47,-20.0
2020-07-25 14:04:12,52,0.423,4.46,-20.0
2020-07-25 14:04:12,53,0.416,4.44,-20.0
2020-07-25 14:04:12,54,0.42,4.46,-20.0
2020-07-25 14:04:12,55,0.413,4.43,-20.0
2020-07-25 14:04:12,56,0.415,4.43,-20.0
2020-07-25 14:04:12,57,0.424,4.43,-20.0
2020-07-25 14:04:12,58,0.416,4.42,-20.0
2020-07-25 14:04:12,59,0.416,4.44,-20.0
2020-07-25 14:04:12,60,0.423,4.45,-20.0
2020-07-25 14:04:12,61,0.418,4.5,19.7
2020-07-25 14:04:12,62,0.411,4.49,-20.0
2020-07-25 14:04:12,63,0.418,4.47,-20.0
2020-07-25 14:04:12,64,0.412,4.45,-20.0
2020-07-25 14:04:12,65,0.416,4.44,-20.0
2020-07-25 14:04:12,66,0.425,4.45,-20.0
2020-07-25 14:04:12,67,0.416,4.42,-20.0
2020-07-25 14:04:12,68,0.417,4.46,-20.0
2020-07-25 14:04:12,69,0.417,4.45,-20.0
2020-07-25 14:04:12,70,0.4,4.46,-20.0
2020-07-25 14:04:12,71,0.415,4.49,-20.0
2020-07-25 14:04:12,72,0.418,4.49,-20.0
2020-07-25 14:04:12,73,0.412,4.52,20.1
2020-07-25 14:04:12,74,0.406,4.49,-20.0
2020-07-25 14:04:12,75,0.431,4.46,-20.0
2020-07-25 14:04:12,76,0.427,4.44,-20.0
2020-07-25 14:04:12,77,0.422,4.5,-20.0
2020-07-25 14:04:12,78,0.405,4.47,-20.0
2020-07-25 14:04:12,79,0.416,4.5,-20.0
2020-07-25 14:04:12,80,0.426,4.5,-20.0
2020-07-25 14:04:12,81,0.426,4.51,-20.0
2020-07-25 14:04:12,82,0.425,4.51,-20.0
2020-07-25 14:04:12,83,0.427,4.5,-20.0
2020-07-25 14:04:12,84,0.423,4.49,-20.0
2020-07-25 14:04:12,85,0.421,4.48,21.1
2020-07-25 14:04:12,86,0.417,4.46,-20.0
2020-07-25 14:04:12,87,0.444,4.46,-20.0
2020-07-25 14:04:12,88,0.406,4.47,-20.0
2020-07-25 14:04:12,89,0.418,4.5,-20.0
2020-07-25 14:04:12,90,0.411,4.47,-20.0
2020-07-25 14:04:12,91,0.421,4.48,-20.0
2020-07-25 14:04:12,92,0.405,4.5,-20.0
2020-07-25 14:04:12,93,0.419,4.5,-20.0
2020-07-25 14:04:12,94,0.425,4.47,-20.0
2020-07-25 14:04:12,95,0.423,4.46,-20.0
2020-07-25 14:04:12,96,0.415,4.49,-20.0
2020-07-26 02:03:50,1,0.413,4.51,23.3
2020-07-26 02:03:50,2,0.413,4.5,-20.0
2020-07-26 02:03:50,3,0.418,4.52,-20.0
2020-07-26 02:03:50,4,0.416,4.48,-20.0
2020-07-26 02:03:50,5,0.404,4.51,-20.0
2020-07-26 02:03:50,6,0.42,4.49,-20.0
2020-07-26 02:03:50,7,0.404,4.47,-20.0
2020-07-26 02:03:50,8,0.405,4.49,-20.0
2020-07-26 02:03:50,9,0.417,4.46,-20.0
2020-07-26 02:03:50,10,0.419,4.48,-20.0
2020-07-26 02:03:50,11,0.423,4.45,-20.0
2020-07-26 02:03:50,12,0.418,4.46,-20.0
2020-07-26 02:03:50,13,0.412,4.48,22.3
2020-07-26 02:03:50,14,0.42,4.48,-20.0
2020-07-26 02:03:50,15,0.414,4.51,-20.0
2020-07-26 02:03:50,16,0.426,4.53,-20.0
2020-07-26 02:03:50,17,0.41,4.48,-20.0
2020-07-26 02:03:50,18,0.421,4.48,-20.0
2020-07-26 02:03:50,19,0.441,4.47,-20.0
2020-07-26 02:03:50,20,0.417,4.47,-20.0
2020-07-26 02:03:50,21,0.414,4.47,-20.0
2020-07-26 02:03:50,22,0.414,4.46,-20.0
2020-07-26 02:03:50,23,0.445,4.47,-20.0
2020-07-26 02:03:50,24,0.41,4.49,-20.0
2020-07-26 02:03:50,25,0.419,4.5,20.0
2020-07-26 02:03:50,26,0.423,4.49,-20.0
2020-07-26 02:03:50,27,0.411,4.46,-20.0
2020-07-26 02:03:50,28,0.424,4.47,-20.0
2020-07-26 02:03:50,29,0.422,4.46,-20.0
2020-07-26 02:03:50,30,0.421,4.49,-20.0
2020-07-26 02:03:50,31,0.419,4.46,-20.0
2020-07-26 02:03:50,32,0.403,4.47,-20.0
2020-07-26 02:03:50,33,0.414,4.48,-20.0
2020-07-26 02:03:50,34,0.416,4.48,-20.0
2020-07-26 02:03:50,35,0.413,4.48,-20.0
2020-07-26 02:03:50,36,0.405,4.5,-20.0
2020-07-26 02:03:50,37,0.418,4.47,20.4
2020-07-26 02:03:50,38,0.415,4.48,-20.0
2020-07-26 02:03:50,39,0.416,4.46,-20.0
2020-07-26 02:03:50,40,0.416,4.47,-20.0
2020-07-26 02:03:50,41,0.42,4.5,-20.0
2020-07-26 02:03:50,42,0.409,4.48,-20.0
2020-07-26 02:03:50,43,0.42,4.48,-20.0
2020-07-26 02:03:50,44,0.412,4.49,-20.0
2020-07-26 02:03:50,45,0.419,4.5,-20.0
2020-07-26 02:03:50,46,0.42,4.48,-20.0
2020-07-26 02:03:50,47,0.414,4.48,-20.0
2020-07-26 02:03:50,48,0.409,4.47,-20.0
2020-07-26 02:03:50,49,0.488,4.46,22.5
2020-07-26 02:03:50,50,0.435,4.47,-20.0
2020-07-26 02:03:50,51,0.415,4.46,-20.0
2020-07-26 02:03:50,52,0.423,4.46,-20.0
2020-07-26 02:03:50,53,0.417,4.44,-20.0
2020-07-26 02:03:50,54,0.418,4.46,-20.0
2020-07-26 02:03:50,55,0.416,4.43,-20.0
2020-07-26 02:03:50,56,0.418,4.43,-20.0
2020-07-26 02:03:50,57,0.423,4.42,-20.0
2020-07-26 02:03:50,58,0.417,4.42,-20.0
2020-07-26 02:03:50,59,0.401,4.44,-20.0
2020-07-26 02:03:50,60,0.406,4.45,-20.0
2020-07-26 02:03:50,61,0.416,4.49,19.8
2020-07-26 02:03:50,62,0.409,4.5,-20.0
2020-07-26 02:03:50,63,0.405,4.47,-20.0
2020-07-26 02:03:50,64,0.406,4.46,-20.0
2020-07-26 02:03:50,65,0.398,4.45,-20.0
2020-07-26 02:03:50,66,0.42,4.45,-20.0
2020-07-26 02:03:50,67,0.415,4.43,-20.0
2020-07-26 02:03:50,68,0.407,4.45,-20.0
2020-07-26 02:03:50,69,0.416,4.45,-20.0
2020-07-26 02:03:50,70,0.407,4.46,-20.0
2020-07-26 02:03:50,71,0.415,4.49,-20.0
2020-07-26 02:03:50,72,0.418,4.49,-20.0
2020-07-26 02:03:50,73,0.41,4.52,20.2
2020-07-26 02:03:50,74,0.409,4.49,-20.0
2020-07-26 02:03:50,75,0.429,4.46,-20.0
2020-07-26 02:03:50,76,0.428,4.45,-20.0
2020-07-26 02:03:50,77,0.417,4.49,-20.0
2020-07-26 02:03:50,78,0.405,4.47,-20.0
2020-07-26 02:03:50,79,0.414,4.49,-20.0
2020-07-26 02:03:50,80,0.424,4.5,-20.0
2020-07-26 02:03:50,81,0.424,4.51,-20.0
2020-07-26 02:03:50,82,0.423,4.51,-20.0
2020-07-26 02:03:50,83,0.425,4.5,-20.0
2020-07-26 02:03:50,84,0.424,4.49,-20.0
2020-07-26 02:03:50,85,0.419,4.48,21.1
2020-07-26 02:03:50,86,0.417,4.46,-20.0
2020-07-26 02:03:50,87,0.444,4.47,-20.0
2020-07-26 02:03:50,88,0.407,4.47,-20.0
2020-07-26 02:03:50,89,0.421,4.5,-20.0
2020-07-26 02:03:50,90,0.413,4.47,-20.0
2020-07-26 02:03:50,91,0.423,4.49,-20.0
2020-07-26 02:03:50,92,0.407,4.5,-20.0
2020-07-26 02:03:50,93,0.421,4.49,-20.0
2020-07-26 02:03:50,94,0.426,4.47,-20.0
2020-07-26 02:03:50,95,0.421,4.46,-20.0
2020-07-26 02:03:50,96,0.417,4.49,-20.0
2020-07-26 14:03:24,1,0.415,4.51,23.3
2020-07-26 14:03:24,2,0.414,4.51,-20.0
2020-07-26 14:03:24,3,0.418,4.53,-20.0
2020-07-26 14:03:24,4,0.417,4.48,-20.0
2020-07-26 14:03:24,5,0.404,4.5,-20.0
2020-07-26 14:03:24,6,0.423,4.48,-20.0
2020-07-26 14:03:24,7,0.404,4.48,-20.0
2020-07-26 14:03:24,8,0.405,4.5,-20.0
2020-07-26 14:03:24,9,0.414,4.47,-20.0
2020-07-26 14:03:24,10,0.42,4.49,-20.0
2020-07-26 14:03:24,11,0.422,4.44,-20.0
2020-07-26 14:03:24,12,0.418,4.47,-20.0
2020-07-26 14:03:24,13,0.413,4.46,22.4
2020-07-26 14:03:24,14,0.417,4.48,-20.0
2020-07-26 14:03:24,15,0.415,4.51,-20.0
2020-07-26 14:03:24,16,0.423,4.53,-20.0
2020-07-26 14:03:24,17,0.413,4.48,-20.0
2020-07-26 14:03:24,18,0.424,4.48,-20.0
2020-07-26 14:03:24,19,0.44,4.46,-20.0
2020-07-26 14:03:24,20,0.413,4.48,-20.0
2020-07-26 14:03:24,21,0.416,4.47,-20.0
2020-07-26 14:03:24,22,0.416,4.47,-20.0
2020-07-26 14:03:24,23,0.447,4.48,-20.0
2020-07-26 14:03:24,24,0.413,4.49,-20.0
2020-07-26 14:03:24,25,0.42,4.5,20.0
2020-07-26 14:03:24,26,0.421,4.48,-20.0
2020-07-26 14:03:24,27,0.409,4.46,-20.0
2020-07-26 14:03:24,28,0.417,4.47,-20.0
2020-07-26 14:03:24,29,0.407,4.46,-20.0
2020-07-26 14:03:24,30,0.417,4.47,-20.0
2020-07-26 14:03:24,31,0.415,4.46,-20.0
2020-07-26 14:03:24,32,0.397,4.47,-20.0
2020-07-26 14:03:24,33,0.409,4.48,-20.0
2020-07-26 14:03:24,34,0.404,4.48,-20.0
2020-07-26 14:03:24,35,0.408,4.47,-20.0
2020-07-26 14:03:24,36,0.406,4.5,-20.0
2020-07-26 14:03:24,37,0.416,4.49,20.4
2020-07-26 14:03:24,38,0.417,4.48,-20.0
2020-07-26 14:03:24,39,0.418,4.46,-20.0
2020-07-26 14:03:24,40,0.416,4.47,-20.0
2020-07-26 14:03:24,41,0.416,4.51,-20.0
2020-07-26 14:03:24,42,0.41,4.48,-20.0
2020-07-26 14:03:24,43,0.42,4.47,-20.0
2020-07-26 14:03:24,44,0.421,4.48,-20.0
2020-07-26 14:03:24,45,0.417,4.5,-20.0
2020-07-26 14:03:24,46,0.417,4.48,-20.0
2020-07-26 14:03:24,47,0.414,4.47,-20.0
2020-07-26 14:03:24,48,0.409,4.48,-20.0
2020-07-26 14:03:24,49,0.494,4.45,22.5
2020-07-26 14:03:24,50,0.435,4.47,-20.0
2020-07-26 14:03:24,51,0.414,4.46,-20.0
2020-07-26 14:03:24,52,0.424,4.46,-20.0
2020-07-26 14:03:24,53,0.419,4.45,-20.0
2020-07-26 14:03:24,54,0.419,4.46,-20.0
2020-07-26 14:03:24,55,0.417,4.43,-20.0
2020-07-26 14:03:24,56,0.416,4.43,-20.0
2020-07-26 14:03:24,57,0.424,4.42,-20.0
2020-07-26 14:03:24,58,0.417,4.42,-20.0
2020-07-26 14:03:24,59,0.408,4.45,-20.0
2020-07-26 14:03:24,60,0.415,4.45,-20.0
2020-07-26 14:03:24,61,0.419,4.49,19.9
2020-07-26 14:03:24,62,0.412,4.49,-20.0
2020-07-26 14:03:24,63,0.406,4.47,-20.0
2020-07-26 14:03:24,64,0.406,4.45,-20.0
2020-07-26 14:03:24,65,0.402,4.45,-20.0
2020-07-26 14:03:24,66,0.417,4.45,-20.0
2020-07-26 14:03:24,67,0.413,4.43,-20.0
2020-07-26 14:03:24,68,0.413,4.45,-20.0
2020-07-26 14:03:24,69,0.415,4.45,-20.0
2020-07-26 14:03:24,70,0.41,4.46,-20.0
2020-07-26 14:03:24,71,0.416,4.48,-20.0
2020-07-26 14:03:24,72,0.418,4.48,-20.0
2020-07-26 14:03:24,73,0.414,4.51,20.2
2020-07-26 14:03:24,74,0.407,4.5,-20.0
2020-07-26 14:03:24,75,0.43,4.46,-20.0
2020-07-26 14:03:24,76,0.428,4.45,-20.0
2020-07-26 14:03:24,77,0.421,4.51,-20.0
2020-07-26 14:03:24,78,0.407,4.47,-20.0
2020-07-26 14:03:24,79,0.416,4.49,-20.0
2020-07-26 14:03:24,80,0.429,4.5,-20.0
2020-07-26 14:03:24,81,0.425,4.51,-20.0
2020-07-26 14:03:24,82,0.42,4.51,-20.0
2020-07-26 14:03:24,83,0.425,4.5,-20.0
2020-07-26 14:03:24,84,0.424,4.49,-20.0
2020-07-26 14:03:24,85,0.421,4.47,21.0
2020-07-26 14:03:24,86,0.419,4.47,-20.0
2020-07-26 14:03:24,87,0.443,4.46,-20.0
2020-07-26 14:03:24,88,0.404,4.48,-20.0
2020-07-26 14:03:24,89,0.42,4.5,-20.0
2020-07-26 14:03:24,90,0.412,4.47,-20.0
2020-07-26 14:03:24,91,0.423,4.48,-20.0
2020-07-26 14:03:24,92,0.405,4.49,-20.0
2020-07-26 14:03:24,93,0.423,4.5,-20.0
2020-07-26 14:03:24,94,0.422,4.47,-20.0
2020-07-26 14:03:24,95,0.417,4.46,-20.0
2020-07-26 14:03:24,96,0.413,4.49,-20.0
2020-07-27 02:02:54,1,0.416,4.51,23.3
2020-07-27 02:02:54,2,0.414,4.5,-20.0
2020-07-27 02:02:54,3,0.418,4.52,-20.0
2020-07-27 02:02:54,4,0.416,4.47,-20.0
2020-07-27 02:02:54,5,0.404,4.5,-20.0
2020-07-27 02:02:54,6,0.424,4.49,-20.0
2020-07-27 02:02:54,7,0.406,4.48,-20.0
2020-07-27 02:02:54,8,0.407,4.49,-20.0
2020-07-27 02:02:54,9,0.412,4.47,-20.0
2020-07-27 02:02:54,10,0.419,4.49,-20.0
2020-07-27 02:02:54,11,0.42,4.45,-20.0
2020-07-27 02:02:54,12,0.416,4.45,-20.0
2020-07-27 02:02:54,13,0.414,4.48,22.4
2020-07-27 02:02:54,14,0.415,4.48,-20.0
2020-07-27 02:02:54,15,0.412,4.52,-20.0
2020-07-27 02:02:54,16,0.425,4.51,-20.0
2020-07-27 02:02:54,17,0.413,4.48,-20.0
2020-07-27 02:02:54,18,0.426,4.49,-20.0
2020-07-27 02:02:54,19,0.439,4.47,-20.0
2020-07-27 02:02:54,20,0.41,4.47,-20.0
2020-07-27 02:02:54,21,0.416,4.48,-20.0
2020-07-27 02:02:54,22,0.418,4.46,-20.0
2020-07-27 02:02:54,23,0.448,4.47,-20.0
2020-07-27 02:02:54,24,0.414,4.48,-20.0
2020-07-27 02:02:54,25,0.42,4.5,20.0
2020-07-27 02:02:54,26,0.424,4.48,-20.0
2020-07-27 02:02:54,27,0.412,4.46,-20.0
2020-07-27 02:02:54,28,0.42,4.47,-20.0
2020-07-27 02:02:54,29,0.407,4.46,-20.0
2020-07-27 02:02:54,30,0.419,4.47,-20.0
2020-07-27 02:02:54,31,0.415,4.46,-20.0
2020-07-27 02:02:54,32,0.401,4.47,-20.0
2020-07-27 02:02:54,33,0.41,4.47,-20.0
2020-07-27 02:02:54,34,0.409,4.48,-20.0
2020-07-27 02:02:54,35,0.41,4.49,-20.0
2020-07-27 02:02:54,36,0.408,4.5,-20.0
2020-07-27 02:02:54,37,0.417,4.49,20.4
2020-07-27 02:02:54,38,0.418,4.49,-20.0
2020-07-27 02:02:54,39,0.415,4.47,-20.0
2020-07-27 02:02:54,40,0.417,4.48,-20.0
2020-07-27 02:02:54,41,0.414,4.5,-20.0
2020-07-27 02:02:54,42,0.412,4.48,-20.0
2020-07-27 02:02:54,43,0.419,4.47,-20.0
2020-07-27 02:02:54,44,0.419,4.49,-20.0
2020-07-27 02:02:54,45,0.417,4.49,-20.0
2020-07-27 02:02:54,46,0.418,4.49,-20.0
2020-07-27 02:02:54,47,0.418,4.48,-20.0
2020-07-27 02:02:54,48,0.414,4.49,-20.0
2020-07-27 02:02:54,49,0.488,4.46,22.4
2020-07-27 02:02:54,50,0.431,4.46,-20.0
2020-07-27 02:02:54,51,0.414,4.46,-20.0
2020-07-27 02:02:54,52,0.421,4.46,-20.0
2020-07-27 02:02:54,53,0.418,4.45,-20.0
2020-07-27 02:02:54,54,0.418,4.46,-20.0
2020-07-27 02:02:54,55,0.405,4.43,-20.0
2020-07-27 02:02:54,56,0.413,4.43,-20.0
2020-07-27 02:02:54,57,0.422,4.43,-20.0
2020-07-27 02:02:54,58,0.417,4.42,-20.0
2020-07-27 02:02:54,59,0.41,4.44,-20.0
2020-07-27 02:02:54,60,0.415,4.45,-20.0
2020-07-27 02:02:54,61,0.416,4.49,19.8
2020-07-27 02:02:54,62,0.412,4.49,-20.0
2020-07-27 02:02:54,63,0.41,4.47,-20.0
2020-07-27 02:02:54,64,0.406,4.45,-20.0
2020-07-27 02:02:54,65,0.405,4.44,-20.0
2020-07-27 02:02:54,66,0.418,4.45,-20.0
2020-07-27 02:02:54,67,0.42,4.43,-20.0
2020-07-27 02:02:54,68,0.413,4.45,-20.0
2020-07-27 02:02:54,69,0.418,4.44,-20.0
2020-07-27 02:02:54,70,0.411,4.46,-20.0
2020-07-27 02:02:54,71,0.416,4.49,-20.0
2020-07-27 02:02:54,72,0.417,4.48,-20.0
2020-07-27 02:02:54,73,0.417,4.52,20.2
2020-07-27 02:02:54,74,0.409,4.49,-20.0
2020-07-27 02:02:54,75,0.43,4.46,-20.0
2020-07-27 02:02:54,76,0.43,4.45,-20.0
2020-07-27 02:02:54,77,0.425,4.5,-20.0
2020-07-27 02:02:54,78,0.411,4.47,-20.0
2020-07-27 02:02:54,79,0.417,4.49,-20.0
2020-07-27 02:02:54,80,0.43,4.5,-20.0
2020-07-27 02:02:54,81,0.426,4.51,-20.0
2020-07-27 02:02:54,82,0.422,4.51,-20.0
2020-07-27 02:02:54,83,0.427,4.5,-20.0
2020-07-27 02:02:54,84,0.424,4.49,-20.0
2020-07-27 02:02:54,85,0.422,4.48,21.1
2020-07-27 02:02:54,86,0.419,4.46,-20.0
2020-07-27 02:02:54,87,0.443,4.46,-20.0
2020-07-27 02:02:54,88,0.405,4.47,-20.0
2020-07-27 02:02:54,89,0.418,4.51,-20.0
2020-07-27 02:02:54,90,0.414,4.47,-20.0
2020-07-27 02:02:54,91,0.425,4.48,-20.0
2020-07-27 02:02:54,92,0.406,4.5,-20.0
2020-07-27 02:02:54,93,0.423,4.49,-20.0
2020-07-27 02:02:54,94,0.423,4.47,-20.0
2020-07-27 02:02:54,95,0.422,4.46,-20.0
2020-07-27 02:02:54,96,0.413,4.49,-20.0
2020-07-27 14:02:31,1,0.416,4.5,23.2
2020-07-27 14:02:31,2,0.413,4.5,-20.0
2020-07-27 14:02:31,3,0.417,4.52,-20.0
2020-07-27 14:02:31,4,0.414,4.47,-20.0
2020-07-27 14:02:31,5,0.404,4.5,-20.0
2020-07-27 14:02:31,6,0.425,4.48,-20.0
2020-07-27 14:02:31,7,0.409,4.47,-20.0
2020-07-27 14:02:31,8,0.409,4.5,-20.0
2020-07-27 14:02:31,9,0.413,4.47,-20.0
2020-07-27 14:02:31,10,0.419,4.49,-20.0
2020-07-27 14:02:31,11,0.42,4.45,-20.0
2020-07-27 14:02:31,12,0.417,4.46,-20.0
2020-07-27 14:02:31,13,0.414,4.47,22.2
2020-07-27 14:02:31,14,0.415,4.48,-20.0
2020-07-27 14:02:31,15,0.413,4.51,-20.0
2020-07-27 14:02:31,16,0.422,4.53,-20.0
2020-07-27 14:02:31,17,0.413,4.47,-20.0
2020-07-27 14:02:31,18,0.419,4.49,-20.0
2020-07-27 14:02:31,19,0.432,4.47,-20.0
2020-07-27 14:02:31,20,0.41,4.47,-20.0
2020-07-27 14:02:31,21,0.415,4.47,-20.0
2020-07-27 14:02:31,22,0.422,4.46,-20.0
2020-07-27 14:02:31,23,0.437,4.48,-20.0
2020-07-27 14:02:31,24,0.414,4.48,-20.0
2020-07-27 14:02:31,25,0.421,4.5,19.8
2020-07-27 14:02:31,26,0.427,4.48,-20.0
2020-07-27 14:02:31,27,0.416,4.46,-20.0
2020-07-27 14:02:31,28,0.421,4.48,-20.0
2020-07-27 14:02:31,29,0.409,4.47,-20.0
2020-07-27 14:02:31,30,0.422,4.47,-20.0
2020-07-27 14:02:31,31,0.418,4.46,-20.0
2020-07-27 14:02:31,32,0.403,4.46,-20.0
2020-07-27 14:02:31,33,0.41,4.47,-20.0
2020-07-27 14:02:31,34,0.411,4.49,-20.0
2020-07-27 14:02:31,35,0.414,4.49,-20.0
2020-07-27 14:02:31,36,0.407,4.5,-20.0
2020-07-27 14:02:31,37,0.418,4.47,20.3
2020-07-27 14:02:31,38,0.417,4.48,-20.0
2020-07-27 14:02:31,39,0.418,4.46,-20.0
2020-07-27 14:02:31,40,0.417,4.47,-20.0
2020-07-27 14:02:31,41,0.417,4.5,-20.0
2020-07-27 14:02:31,42,0.414,4.48,-20.0
2020-07-27 14:02:31,43,0.417,4.48,-20.0
2020-07-27 14:02:31,44,0.422,4.49,-20.0
2020-07-27 14:02:31,45,0.416,4.49,-20.0
2020-07-27 14:02:31,46,0.418,4.48,-20.0
2020-07-27 14:02:31,47,0.418,4.49,-20.0
2020-07-27 14:02:31,48,0.416,4.48,-20.0
2020-07-27 14:02:31,49,0.489,4.46,22.3
2020-07-27 14:02:31,50,0.428,4.47,-20.0
2020-07-27 14:02:31,51,0.414,4.47,-20.0
2020-07-27 14:02:31,52,0.418,4.46,-20.0
2020-07-27 14:02:31,53,0.419,4.44,-20.0
2020-07-27 14:02:31,54,0.419,4.46,-20.0
2020-07-27 14:02:31,55,0.412,4.43,-20.0
2020-07-27 14:02:31,56,0.415,4.42,-20.0
2020-07-27 14:02:31,57,0.424,4.42,-20.0
2020-07-27 14:02:31,58,0.417,4.42,-20.0
2020-07-27 14:02:31,59,0.412,4.44,-20.0
2020-07-27 14:02:31,60,0.417,4.45,-20.0
2020-07-27 14:02:31,61,0.414,4.49,19.6
2020-07-27 14:02:31,62,0.409,4.49,-20.0
2020-07-27 14:02:31,63,0.409,4.47,-20.0
2020-07-27 14:02:31,64,0.405,4.46,-20.0
2020-07-27 14:02:31,65,0.405,4.45,-20.0
2020-07-27 14:02:31,66,0.416,4.46,-20.0
2020-07-27 14:02:31,67,0.42,4.42,-20.0
2020-07-27 14:02:31,68,0.417,4.45,-20.0
2020-07-27 14:02:31,69,0.415,4.45,-20.0
2020-07-27 14:02:31,70,0.411,4.46,-20.0
2020-07-27 14:02:31,71,0.416,4.48,-20.0
2020-07-27 14:02:31,72,0.417,4.49,-20.0
2020-07-27 14:02:31,73,0.418,4.51,20.0
2020-07-27 14:02:31,74,0.408,4.49,-20.0
2020-07-27 14:02:31,75,0.43,4.47,-20.0
2020-07-27 14:02:31,76,0.429,4.44,-20.0
2020-07-27 14:02:31,77,0.425,4.49,-20.0
2020-07-27 14:02:31,78,0.41,4.47,-20.0
2020-07-27 14:02:31,79,0.417,4.49,-20.0
2020-07-27 14:02:31,80,0.426,4.5,-20.0
2020-07-27 14:02:31,81,0.427,4.51,-20.0
2020-07-27 14:02:31,82,0.424,4.51,-20.0
2020-07-27 14:02:31,83,0.429,4.5,-20.0
2020-07-27 14:02:31,84,0.425,4.5,-20.0
2020-07-27 14:02:31,85,0.413,4.48,21.1
2020-07-27 14:02:31,86,0.417,4.46,-20.0
2020-07-27 14:02:31,87,0.442,4.46,-20.0
2020-07-27 14:02:31,88,0.407,4.47,-20.0
2020-07-27 14:02:31,89,0.414,4.51,-20.0
2020-07-27 14:02:31,90,0.407,4.47,-20.0
2020-07-27 14:02:31,91,0.421,4.48,-20.0
2020-07-27 14:02:31,92,0.402,4.5,-20.0
2020-07-27 14:02:31,93,0.418,4.49,-20.0
2020-07-27 14:02:31,94,0.422,4.47,-20.0
2020-07-27 14:02:31,95,0.417,4.46,-20.0
2020-07-27 14:02:31,96,0.413,4.49,-20.0
2020-07-28 02:02:01,1,0.416,4.51,23.2
2020-07-28 02:02:01,2,0.412,4.5,-20.0
2020-07-28 02:02:01,3,0.417,4.51,-20.0
2020-07-28 02:02:01,4,0.414,4.47,-20.0
2020-07-28 02:02:01,5,0.407,4.51,-20.0
2020-07-28 02:02:01,6,0.424,4.48,-20.0
2020-07-28 02:02:01,7,0.407,4.48,-20.0
2020-07-28 02:02:01,8,0.41,4.49,-20.0
2020-07-28 02:02:01,9,0.414,4.47,-20.0
2020-07-28 02:02:01,10,0.419,4.49,-20.0
2020-07-28 02:02:01,11,0.416,4.45,-20.0
2020-07-28 02:02:01,12,0.418,4.46,-20.0
2020-07-28 02:02:01,13,0.415,4.47,22.3
2020-07-28 02:02:01,14,0.416,4.47,-20.0
2020-07-28 02:02:01,15,0.414,4.51,-20.0
2020-07-28 02:02:01,16,0.425,4.53,-20.0
2020-07-28 02:02:01,17,0.415,4.48,-20.0
2020-07-28 02:02:01,18,0.422,4.49,-20.0
2020-07-28 02:02:01,19,0.435,4.46,-20.0
2020-07-28 02:02:01,20,0.414,4.47,-20.0
2020-07-28 02:02:01,21,0.418,4.47,-20.0
2020-07-28 02:02:01,22,0.424,4.46,-20.0
2020-07-28 02:02:01,23,0.438,4.48,-20.0
2020-07-28 02:02:01,24,0.413,4.48,-20.0
2020-07-28 02:02:01,25,0.419,4.5,19.9
2020-07-28 02:02:01,26,0.426,4.49,-20.0
2020-07-28 02:02:01,27,0.414,4.47,-20.0
2020-07-28 02:02:01,28,0.423,4.46,-20.0
2020-07-28 02:02:01,29,0.414,4.45,-20.0
2020-07-28 02:02:01,30,0.423,4.48,-20.0
2020-07-28 02:02:01,31,0.418,4.45,-20.0
2020-07-28 02:02:01,32,0.403,4.47,-20.0
2020-07-28 02:02:01,33,0.41,4.48,-20.0
2020-07-28 02:02:01,34,0.414,4.48,-20.0
2020-07-28 02:02:01,35,0.412,4.49,-20.0
2020-07-28 02:02:01,36,0.407,4.5,-20.0
2020-07-28 02:02:01,37,0.419,4.48,20.3
2020-07-28 02:02:01,38,0.419,4.49,-20.0
2020-07-28 02:02:01,39,0.416,4.46,-20.0
2020-07-28 02:02:01,40,0.419,4.47,-20.0
2020-07-28 02:02:01,41,0.42,4.5,-20.0
2020-07-28 02:02:01,42,0.415,4.48,-20.0
2020-07-28 02:02:01,43,0.417,4.48,-20.0
2020-07-28 02:02:01,44,0.42,4.49,-20.0
2020-07-28 02:02:01,45,0.415,4.5,-20.0
2020-07-28 02:02:01,46,0.416,4.49,-20.0
2020-07-28 02:02:01,47,0.419,4.48,-20.0
2020-07-28 02:02:01,48,0.42,4.48,-20.0
2020-07-28 02:02:01,49,0.49,4.46,22.5
2020-07-28 02:02:01,50,0.429,4.47,-20.0
2020-07-28 02:02:01,51,0.416,4.47,-20.0
2020-07-28 02:02:01,52,0.419,4.46,-20.0
2020-07-28 02:02:01,53,0.42,4.45,-20.0
2020-07-28 02:02:01,54,0.418,4.46,-20.0
2020-07-28 02:02:01,55,0.415,4.43,-20.0
2020-07-28 02:02:01,56,0.414,4.43,-20.0
2020-07-28 02:02:01,57,0.425,4.42,-20.0
2020-07-28 02:02:01,58,0.42,4.42,-20.0
2020-07-28 02:02:01,59,0.416,4.44,-20.0
2020-07-28 02:02:01,60,0.414,4.46,-20.0
2020-07-28 02:02:01,61,0.415,4.5,19.8
2020-07-28 02:02:01,62,0.411,4.49,-20.0
2020-07-28 02:02:01,63,0.411,4.48,-20.0
2020-07-28 02:02:01,64,0.406,4.46,-20.0
2020-07-28 02:02:01,65,0.407,4.44,-20.0
2020-07-28 02:02:01,66,0.417,4.45,-20.0
2020-07-28 02:02:01,67,0.421,4.43,-20.0
2020-07-28 02:02:01,68,0.417,4.45,-20.0
2020-07-28 02:02:01,69,0.416,4.44,-20.0
2020-07-28 02:02:01,70,0.414,4.46,-20.0
2020-07-28 02:02:01,71,0.417,4.49,-20.0
2020-07-28 02:02:01,72,0.416,4.48,-20.0
2020-07-28 02:02:01,73,0.416,4.51,20.2
2020-07-28 02:02:01,74,0.408,4.49,-20.0
2020-07-28 02:02:01,75,0.431,4.46,-20.0
2020-07-28 02:02:01,76,0.43,4.44,-20.0
2020-07-28 02:02:01,77,0.428,4.5,-20.0
2020-07-28 02:02:01,78,0.412,4.46,-20.0
2020-07-28 02:02:01,79,0.415,4.49,-20.0
2020-07-28 02:02:01,80,0.422,4.5,-20.0
2020-07-28 02:02:01,81,0.43,4.52,-20.0
2020-07-28 02:02:01,82,0.423,4.52,-20.0
2020-07-28 02:02:01,83,0.429,4.5,-20.0
2020-07-28 02:02:01,84,0.423,4.5,-20.0
2020-07-28 02:02:01,85,0.414,4.48,21.1
2020-07-28 02:02:01,86,0.414,4.47,-20.0
2020-07-28 02:02:01,87,0.44,4.46,-20.0
2020-07-28 02:02:01,88,0.406,4.48,-20.0
2020-07-28 02:02:01,89,0.419,4.5,-20.0
2020-07-28 02:02:01,90,0.41,4.47,-20.0
2020-07-28 02:02:01,91,0.419,4.48,-20.0
2020-07-28 02:02:01,92,0.404,4.5,-20.0
2020-07-28 02:02:01,93,0.419,4.49,-20.0
2020-07-28 02:02:01,94,0.422,4.47,-20.0
2020-07-28 02:02:01,95,0.416,4.46,-20.0
2020-07-28 02:02:01,96,0.414,4.49,-20.0
2020-07-28 14:01:34,1,0.415,4.51,23.2
2020-07-28 14:01:34,2,0.413,4.5,-20.0
2020-07-28 14:01:34,3,0.416,4.54,-20.0
2020-07-28 14:01:34,4,0.415,4.47,-20.0
2020-07-28 14:01:34,5,0.403,4.51,-20.0
2020-07-28 14:01:34,6,0.42,4.48,-20.0
2020-07-28 14:01:34,7,0.403,4.47,-20.0
2020-07-28 14:01:34,8,0.405,4.5,-20.0
2020-07-28 14:01:34,9,0.412,4.46,-20.0
2020-07-28 14:01:34,10,0.417,4.49,-20.0
2020-07-28 14:01:34,11,0.416,4.45,-20.0
2020-07-28 14:01:34,12,0.411,4.46,-20.0
2020-07-28 14:01:34,13,0.414,4.47,22.2
2020-07-28 14:01:34,14,0.415,4.48,-20.0
2020-07-28 14:01:34,15,0.413,4.51,-20.0
2020-07-28 14:01:34,16,0.426,4.52,-20.0
2020-07-28 14:01:34,17,0.413,4.47,-20.0
2020-07-28 14:01:34,18,0.421,4.48,-20.0
2020-07-28 14:01:34,19,0.435,4.46,-20.0
2020-07-28 14:01:34,20,0.412,4.46,-20.0
2020-07-28 14:01:34,21,0.417,4.47,-20.0
2020-07-28 14:01:34,22,0.421,4.46,-20.0
2020-07-28 14:01:34,23,0.439,4.48,-20.0
2020-07-28 14:01:34,24,0.412,4.48,-20.0
2020-07-28 14:01:34,25,0.419,4.5,19.8
2020-07-28 14:01:34,26,0.429,4.48,-20.0
2020-07-28 14:01:34,27,0.414,4.47,-20.0
2020-07-28 14:01:34,28,0.425,4.47,-20.0
2020-07-28 14:01:34,29,0.417,4.46,-20.0
2020-07-28 14:01:34,30,0.425,4.48,-20.0
2020-07-28 14:01:34,31,0.418,4.46,-20.0
2020-07-28 14:01:34,32,0.408,4.47,-20.0
2020-07-28 14:01:34,33,0.413,4.47,-20.0
2020-07-28 14:01:34,34,0.415,4.49,-20.0
2020-07-28 14:01:34,35,0.411,4.48,-20.0
2020-07-28 14:01:34,36,0.407,4.5,-20.0
2020-07-28 14:01:34,37,0.418,4.47,20.3
2020-07-28 14:01:34,38,0.419,4.48,-20.0
2020-07-28 14:01:34,39,0.416,4.47,-20.0
2020-07-28 14:01:34,40,0.419,4.48,-20.0
2020-07-28 14:01:34,41,0.416,4.49,-20.0
2020-07-28 14:01:34,42,0.416,4.49,-20.0
2020-07-28 14:01:34,43,0.416,4.48,-20.0
2020-07-28 14:01:34,44,0.422,4.48,-20.0
2020-07-28 14:01:34,45,0.416,4.49,-20.0
2020-07-28 14:01:34,46,0.42,4.49,-20.0
2020-07-28 14:01:34,47,0.416,4.48,-20.0
2020-07-28 14:01:34,48,0.423,4.48,-20.0
2020-07-28 14:01:34,49,0.486,4.47,22.4
2020-07-28 14:01:34,50,0.428,4.46,-20.0
2020-07-28 14:01:34,51,0.415,4.47,-20.0
2020-07-28 14:01:34,52,0.421,4.46,-20.0
2020-07-28 14:01:34,53,0.419,4.45,-20.0
2020-07-28 14:01:34,54,0.418,4.46,-20.0
2020-07-28 14:01:34,55,0.419,4.43,-20.0
2020-07-28 14:01:34,56,0.414,4.43,-20.0
2020-07-28 14:01:34,57,0.422,4.42,-20.0
2020-07-28 14:01:34,58,0.42,4.42,-20.0
2020-07-28 14:01:34,59,0.42,4.45,-20.0
2020-07-28 14:01:34,60,0.41,4.45,-20.0
2020-07-28 14:01:34,61,0.418,4.5,19.7
2020-07-28 14:01:34,62,0.413,4.49,-20.0
2020-07-28 14:01:34,63,0.409,4.47,-20.0
2020-07-28 14:01:34,64,0.404,4.45,-20.0
2020-07-28 14:01:34,65,0.411,4.44,-20.0
2020-07-28 14:01:34,66,0.418,4.45,-20.0
2020-07-28 14:01:34,67,0.418,4.42,-20.0
2020-07-28 14:01:34,68,0.418,4.45,-20.0
2020-07-28 14:01:34,69,0.413,4.44,-20.0
2020-07-28 14:01:34,70,0.406,4.46,-20.0
2020-07-28 14:01:34,71,0.413,4.48,-20.0
2020-07-28 14:01:34,72,0.419,4.49,-20.0
2020-07-28 14:01:34,73,0.406,4.51,20.1
2020-07-28 14:01:34,74,0.403,4.49,-20.0
2020-07-28 14:01:34,75,0.431,4.47,-20.0
2020-07-28 14:01:34,76,0.429,4.44,-20.0
2020-07-28 14:01:34,77,0.427,4.5,-20.0
2020-07-28 14:01:34,78,0.405,4.47,-20.0
2020-07-28 14:01:34,79,0.412,4.49,-20.0
2020-07-28 14:01:34,80,0.422,4.51,-20.0
2020-07-28 14:01:34,81,0.429,4.51,-20.0
2020-07-28 14:01:34,82,0.424,4.51,-20.0
2020-07-28 14:01:34,83,0.43,4.5,-20.0
2020-07-28 14:01:34,84,0.424,4.49,-20.0
2020-07-28 14:01:34,85,0.412,4.48,21.0
2020-07-28 14:01:34,86,0.416,4.46,-20.0
2020-07-28 14:01:34,87,0.444,4.46,-20.0
2020-07-28 14:01:34,88,0.408,4.48,-20.0
2020-07-28 14:01:34,89,0.419,4.5,-20.0
2020-07-28 14:01:34,90,0.413,4.47,-20.0
2020-07-28 14:01:34,91,0.424,4.48,-20.0
2020-07-28 14:01:34,92,0.408,4.5,-20.0
2020-07-28 14:01:34,93,0.423,4.49,-20.0
2020-07-28 14:01:34,94,0.423,4.47,-20.0
2020-07-28 14:01:34,95,0.418,4.46,-20.0
2020-07-28 14:01:34,96,0.419,4.49,-20.0
2020-07-29 02:01:00,1,0.418,4.51,23.2
2020-07-29 02:01:00,2,0.415,4.5,-20.0
2020-07-29 02:01:00,3,0.417,4.52,-20.0
2020-07-29 02:01:00,4,0.417,4.48,-20.0
2020-07-29 02:01:00,5,0.407,4.49,-20.0
2020-07-29 02:01:00,6,0.418,4.48,-20.0
2020-07-29 02:01:00,7,0.403,4.47,-20.0
2020-07-29 02:01:00,8,0.407,4.49,-20.0
2020-07-29 02:01:00,9,0.414,4.46,-20.0
2020-07-29 02:01:00,10,0.418,4.49,-20.0
2020-07-29 02:01:00,11,0.422,4.44,-20.0
2020-07-29 02:01:00,12,0.414,4.46,-20.0
2020-07-29 02:01:00,13,0.415,4.46,22.2
2020-07-29 02:01:00,14,0.418,4.48,-20.0
2020-07-29 02:01:00,15,0.414,4.51,-20.0
2020-07-29 02:01:00,16,0.426,4.52,-20.0
2020-07-29 02:01:00,17,0.414,4.48,-20.0
2020-07-29 02:01:00,18,0.427,4.49,-20.0
2020-07-29 02:01:00,19,0.436,4.48,-20.0
2020-07-29 02:01:00,20,0.412,4.47,-20.0
2020-07-29 02:01:00,21,0.415,4.47,-20.0
2020-07-29 02:01:00,22,0.419,4.45,-20.0
2020-07-29 02:01:00,23,0.441,4.47,-20.0
2020-07-29 02:01:00,24,0.411,4.48,-20.0
2020-07-29 02:01:00,25,0.42,4.5,19.8
2020-07-29 02:01:00,26,0.427,4.49,-20.0
2020-07-29 02:01:00,27,0.419,4.46,-20.0
2020-07-29 02:01:00,28,0.427,4.46,-20.0
2020-07-29 02:01:00,29,0.418,4.46,-20.0
2020-07-29 02:01:00,30,0.425,4.47,-20.0
2020-07-29 02:01:00,31,0.417,4.46,-20.0
2020-07-29 02:01:00,32,0.408,4.46,-20.0
2020-07-29 02:01:00,33,0.414,4.48,-20.0
2020-07-29 02:01:00,34,0.415,4.48,-20.0
2020-07-29 02:01:00,35,0.408,4.48,-20.0
2020-07-29 02:01:00,36,0.409,4.5,-20.0
2020-07-29 02:01:00,37,0.419,4.47,20.3
2020-07-29 02:01:00,38,0.42,4.48,-20.0
2020-07-29 02:01:00,39,0.417,4.47,-20.0
2020-07-29 02:01:00,40,0.42,4.47,-20.0
2020-07-29 02:01:00,41,0.418,4.51,-20.0
2020-07-29 02:01:00,42,0.415,4.49,-20.0
2020-07-29 02:01:00,43,0.395,4.47,-20.0
2020-07-29 02:01:00,44,0.409,4.48,-20.0
2020-07-29 02:01:00,45,0.417,4.49,-20.0
2020-07-29 02:01:00,46,0.418,4.48,-20.0
2020-07-29 02:01:00,47,0.396,4.49,-20.0
2020-07-29 02:01:00,48,0.403,4.48,-20.0
2020-07-29 02:01:00,49,0.488,4.46,22.3
2020-07-29 02:01:00,50,0.431,4.46,-20.0
2020-07-29 02:01:00,51,0.416,4.47,-20.0
2020-07-29 02:01:00,52,0.421,4.46,-20.0
2020-07-29 02:01:00,53,0.42,4.44,-20.0
2020-07-29 02:01:00,54,0.417,4.46,-20.0
2020-07-29 02:01:00,55,0.423,4.43,-20.0
2020-07-29 02:01:00,56,0.415,4.43,-20.0
2020-07-29 02:01:00,57,0.425,4.42,-20.0
2020-07-29 02:01:00,58,0.421,4.42,-20.0
2020-07-29 02:01:00,59,0.415,4.44,-20.0
2020-07-29 02:01:00,60,0.417,4.45,-20.0
2020-07-29 02:01:00,61,0.42,4.49,19.7
2020-07-29 02:01:00,62,0.416,4.49,-20.0
2020-07-29 02:01:00,63,0.413,4.48,-20.0
2020-07-29 02:01:00,64,0.409,4.45,-20.0
2020-07-29 02:01:00,65,0.416,4.44,-20.0
2020-07-29 02:01:00,66,0.417,4.45,-20.0
2020-07-29 02:01:00,67,0.421,4.42,-20.0
2020-07-29 02:01:00,68,0.417,4.45,-20.0
2020-07-29 02:01:00,69,0.415,4.44,-20.0
2020-07-29 02:01:00,70,0.405,4.46,-20.0
2020-07-29 02:01:00,71,0.414,4.48,-20.0
2020-07-29 02:01:00,72,0.418,4.48,-20.0
2020-07-29 02:01:00,73,0.408,4.51,20.0
2020-07-29 02:01:00,74,0.405,4.49,-20.0
2020-07-29 02:01:00,75,0.426,4.46,-20.0
2020-07-29 02:01:00,76,0.427,4.44,-20.0
2020-07-29 02:01:00,77,0.426,4.5,-20.0
2020-07-29 02:01:00,78,0.407,4.46,-20.0
2020-07-29 02:01:00,79,0.413,4.49,-20.0
2020-07-29 02:01:00,80,0.423,4.5,-20.0
2020-07-29 02:01:00,81,0.43,4.51,-20.0
2020-07-29 02:01:00,82,0.428,4.51,-20.0
2020-07-29 02:01:00,83,0.428,4.5,-20.0
2020-07-29 02:01:00,84,0.423,4.49,-20.0
2020-07-29 02:01:00,85,0.414,4.48,21.1
2020-07-29 02:01:00,86,0.415,4.46,-20.0
2020-07-29 02:01:00,87,0.449,4.46,-20.0
2020-07-29 02:01:00,88,0.412,4.48,-20.0
2020-07-29 02:01:00,89,0.416,4.5,-20.0
2020-07-29 02:01:00,90,0.414,4.47,-20.0
2020-07-29 02:01:00,91,0.423,4.48,-20.0
2020-07-29 02:01:00,92,0.409,4.5,-20.0
2020-07-29 02:01:00,93,0.421,4.5,-20.0
2020-07-29 02:01:00,94,0.425,4.48,-20.0
2020-07-29 02:01:00,95,0.42,4.46,-20.0
2020-07-29 02:01:00,96,0.415,4.48,-20.0
2020-07-29 14:00:38,1,0.417,4.51,23.2
2020-07-29 14:00:38,2,0.413,4.51,-20.0
2020-07-29 14:00:38,3,0.417,4.52,-20.0
2020-07-29 14:00:38,4,0.415,4.48,-20.0
2020-07-29 14:00:38,5,0.407,4.5,-20.0
2020-07-29 14:00:38,6,0.42,4.48,-20.0
2020-07-29 14:00:38,7,0.403,4.47,-20.0
2020-07-29 14:00:38,8,0.409,4.5,-20.0
2020-07-29 14:00:38,9,0.412,4.48,-20.0
2020-07-29 14:00:38,10,0.418,4.49,-20.0
2020-07-29 14:00:38,11,0.423,4.44,-20.0
2020-07-29 14:00:38,12,0.417,4.45,-20.0
2020-07-29 14:00:38,13,0.416,4.48,22.3
2020-07-29 14:00:38,14,0.421,4.48,-20.0
2020-07-29 14:00:38,15,0.415,4.51,-20.0
2020-07-29 14:00:38,16,0.428,4.51,-20.0
2020-07-29 14:00:38,17,0.419,4.48,-20.0
2020-07-29 14:00:38,18,0.429,4.49,-20.0
2020-07-29 14:00:38,19,0.438,4.46,-20.0
2020-07-29 14:00:38,20,0.41,4.46,-20.0
2020-07-29 14:00:38,21,0.412,4.47,-20.0
2020-07-29 14:00:38,22,0.418,4.46,-20.0
2020-07-29 14:00:38,23,0.443,4.48,-20.0
2020-07-29 14:00:38,24,0.41,4.49,-20.0
2020-07-29 14:00:38,25,0.419,4.5,19.9
2020-07-29 14:00:38,26,0.424,4.48,-20.0
2020-07-29 14:00:38,27,0.415,4.47,-20.0
2020-07-29 14:00:38,28,0.428,4.47,-20.0
2020-07-29 14:00:38,29,0.421,4.46,-20.0
2020-07-29 14:00:38,30,0.427,4.48,-20.0
2020-07-29 14:00:38,31,0.416,4.46,-20.0
2020-07-29 14:00:38,32,0.407,4.47,-20.0
2020-07-29 14:00:38,33,0.413,4.47,-20.0
2020-07-29 14:00:38,34,0.413,4.49,-20.0
2020-07-29 14:00:38,35,0.41,4.48,-20.0
2020-07-29 14:00:38,36,0.409,4.5,-20.0
2020-07-29 14:00:38,37,0.418,4.47,20.4
2020-07-29 14:00:38,38,0.415,4.49,-20.0
2020-07-29 14:00:38,39,0.416,4.48,-20.0
2020-07-29 14:00:38,40,0.421,4.48,-20.0
2020-07-29 14:00:38,41,0.419,4.5,-20.0
2020-07-29 14:00:38,42,0.416,4.48,-20.0
2020-07-29 14:00:38,43,0.401,4.48,-20.0
2020-07-29 14:00:38,44,0.415,4.49,-20.0
2020-07-29 14:00:38,45,0.419,4.49,-20.0
2020-07-29 14:00:38,46,0.42,4.48,-20.0
2020-07-29 14:00:38,47,0.4,4.48,-20.0
2020-07-29 14:00:38,48,0.409,4.48,-20.0
2020-07-29 14:00:38,49,0.489,4.46,22.4
2020-07-29 14:00:38,50,0.433,4.47,-20.0
2020-07-29 14:00:38,51,0.417,4.47,-20.0
2020-07-29 14:00:38,52,0.421,4.45,-20.0
2020-07-29 14:00:38,53,0.422,4.45,-20.0
2020-07-29 14:00:38,54,0.416,4.46,-20.0
2020-07-29 14:00:38,55,0.424,4.43,-20.0
2020-07-29 14:00:38,56,0.42,4.42,-20.0
2020-07-29 14:00:38,57,0.424,4.43,-20.0
2020-07-29 14:00:38,58,0.419,4.42,-20.0
2020-07-29 14:00:38,59,0.417,4.44,-20.0
2020-07-29 14:00:38,60,0.42,4.46,-20.0
2020-07-29 14:00:38,61,0.421,4.49,19.8
2020-07-29 14:00:38,62,0.418,4.49,-20.0
2020-07-29 14:00:38,63,0.414,4.48,-20.0
2020-07-29 14:00:38,64,0.411,4.45,-20.0
2020-07-29 14:00:38,65,0.414,4.45,-20.0
2020-07-29 14:00:38,66,0.415,4.45,-20.0
2020-07-29 14:00:38,67,0.419,4.43,-20.0
2020-07-29 14:00:38,68,0.407,4.45,-20.0
2020-07-29 14:00:38,69,0.409,4.45,-20.0
2020-07-29 14:00:38,70,0.4,4.46,-20.0
2020-07-29 14:00:38,71,0.411,4.49,-20.0
2020-07-29 14:00:38,72,0.415,4.49,-20.0
2020-07-29 14:00:38,73,0.402,4.51,20.3
2020-07-29 14:00:38,74,0.394,4.49,-20.0
2020-07-29 14:00:38,75,0.428,4.46,-20.0
2020-07-29 14:00:38,76,0.424,4.44,-20.0
2020-07-29 14:00:38,77,0.425,4.51,-20.0
2020-07-29 14:00:38,78,0.404,4.47,-20.0
2020-07-29 14:00:38,79,0.412,4.49,-20.0
2020-07-29 14:00:38,80,0.427,4.51,-20.0
2020-07-29 14:00:38,81,0.429,4.51,-20.0
2020-07-29 14:00:38,82,0.427,4.51,-20.0
2020-07-29 14:00:38,83,0.427,4.5,-20.0
2020-07-29 14:00:38,84,0.424,4.49,-20.0
2020-07-29 14:00:38,85,0.416,4.48,21.2
2020-07-29 14:00:38,86,0.414,4.46,-20.0
2020-07-29 14:00:38,87,0.446,4.46,-20.0
2020-07-29 14:00:38,88,0.41,4.47,-20.0
2020-07-29 14:00:38,89,0.417,4.5,-20.0
2020-07-29 14:00:38,90,0.414,4.47,-20.0
2020-07-29 14:00:38,91,0.424,4.48,-20.0
2020-07-29 14:00:38,92,0.411,4.49,-20.0
2020-07-29 14:00:38,93,0.423,4.49,-20.0
2020-07-29 14:00:38,94,0.424,4.47,-20.0
2020-07-29 14:00:38,95,0.42,4.46,-20.0
2020-07-29 14:00:38,96,0.414,4.49,-20.0
2020-07-30 02:00:16,1,0.417,4.51,23.3
2020-07-30 02:00:16,2,0.412,4.5,-20.0
2020-07-30 02:00:16,3,0.42,4.52,-20.0
2020-07-30 02:00:16,4,0.416,4.47,-20.0
2020-07-30 02:00:16,5,0.41,4.5,-20.0
2020-07-30 02:00:16,6,0.422,4.5,-20.0
2020-07-30 02:00:16,7,0.405,4.48,-20.0
2020-07-30 02:00:16,8,0.411,4.5,-20.0
2020-07-30 02:00:16,9,0.412,4.47,-20.0
2020-07-30 02:00:16,10,0.418,4.49,-20.0
2020-07-30 02:00:16,11,0.42,4.45,-20.0
2020-07-30 02:00:16,12,0.417,4.46,-20.0
2020-07-30 02:00:16,13,0.414,4.47,22.3
2020-07-30 02:00:16,14,0.419,4.49,-20.0
2020-07-30 02:00:16,15,0.414,4.5,-20.0
2020-07-30 02:00:16,16,0.426,4.53,-20.0
2020-07-30 02:00:16,17,0.417,4.49,-20.0
2020-07-30 02:00:16,18,0.427,4.5,-20.0
2020-07-30 02:00:16,19,0.436,4.46,-20.0
2020-07-30 02:00:16,20,0.411,4.47,-20.0
2020-07-30 02:00:16,21,0.411,4.47,-20.0
2020-07-30 02:00:16,22,0.416,4.46,-20.0
2020-07-30 02:00:16,23,0.443,4.48,-20.0
2020-07-30 02:00:16,24,0.409,4.48,-20.0
2020-07-30 02:00:16,25,0.418,4.5,19.9
2020-07-30 02:00:16,26,0.423,4.48,-20.0
2020-07-30 02:00:16,27,0.413,4.47,-20.0
2020-07-30 02:00:16,28,0.426,4.47,-20.0
2020-07-30 02:00:16,29,0.421,4.47,-20.0
2020-07-30 02:00:16,30,0.423,4.48,-20.0
2020-07-30 02:00:16,31,0.422,4.46,-20.0
2020-07-30 02:00:16,32,0.411,4.48,-20.0
2020-07-30 02:00:16,33,0.414,4.48,-20.0
2020-07-30 02:00:16,34,0.399,4.49,-20.0
2020-07-30 02:00:16,35,0.409,4.48,-20.0
2020-07-30 02:00:16,36,0.407,4.5,-20.0
2020-07-30 02:00:16,37,0.399,4.48,20.4
2020-07-30 02:00:16,38,0.402,4.49,-20.0
2020-07-30 02:00:16,39,0.412,4.46,-20.0
2020-07-30 02:00:16,40,0.418,4.47,-20.0
2020-07-30 02:00:16,41,0.416,4.49,-20.0
2020-07-30 02:00:16,42,0.403,4.48,-20.0
2020-07-30 02:00:16,43,0.407,4.48,-20.0
2020-07-30 02:00:16,44,0.418,4.49,-20.0
2020-07-30 02:00:16,45,0.418,4.49,-20.0
2020-07-30 02:00:16,46,0.424,4.49,-20.0
2020-07-30 02:00:16,47,0.406,4.48,-20.0
2020-07-30 02:00:16,48,0.41,4.48,-20.0
2020-07-30 02:00:16,49,0.489,4.47,22.5
2020-07-30 02:00:16,50,0.43,4.47,-20.0
2020-07-30 02:00:16,51,0.419,4.47,-20.0
2020-07-30 02:00:16,52,0.42,4.46,-20.0
2020-07-30 02:00:16,53,0.422,4.45,-20.0
2020-07-30 02:00:16,54,0.416,4.46,-20.0
2020-07-30 02:00:16,55,0.424,4.43,-20.0
2020-07-30 02:00:16,56,0.418,4.43,-20.0
2020-07-30 02:00:16,57,0.422,4.42,-20.0
2020-07-30 02:00:16,58,0.419,4.42,-20.0
2020-07-30 02:00:16,59,0.417,4.44,-20.0
2020-07-30 02:00:16,60,0.42,4.46,-20.0
2020-07-30 02:00:16,61,0.421,4.5,19.8
2020-07-30 02:00:16,62,0.421,4.5,-20.0
2020-07-30 02:00:16,63,0.414,4.47,-20.0
2020-07-30 02:00:16,64,0.413,4.45,-20.0
2020-07-30 02:00:16,65,0.414,4.44,-20.0
2020-07-30 02:00:16,66,0.419,4.45,-20.0
2020-07-30 02:00:16,67,0.414,4.43,-20.0
2020-07-30 02:00:16,68,0.411,4.45,-20.0
2020-07-30 02:00:16,69,0.412,4.45,-20.0
2020-07-30 02:00:16,70,0.396,4.47,-20.0
2020-07-30 02:00:16,71,0.412,4.48,-20.0
2020-07-30 02:00:16,72,0.415,4.48,-20.0
2020-07-30 02:00:16,73,0.406,4.52,20.1
2020-07-30 02:00:16,74,0.397,4.49,-20.0
2020-07-30 02:00:16,75,0.43,4.47,-20.0
2020-07-30 02:00:16,76,0.424,4.44,-20.0
2020-07-30 02:00:16,77,0.423,4.5,-20.0
2020-07-30 02:00:16,78,0.408,4.47,-20.0
2020-07-30 02:00:16,79,0.417,4.5,-20.0
2020-07-30 02:00:16,80,0.428,4.51,-20.0
2020-07-30 02:00:16,81,0.43,4.51,-20.0
2020-07-30 02:00:16,82,0.425,4.51,-20.0
2020-07-30 02:00:16,83,0.428,4.5,-20.0
2020-07-30 02:00:16,84,0.422,4.49,-20.0
2020-07-30 02:00:16,85,0.419,4.48,21.1
2020-07-30 02:00:16,86,0.417,4.46,-20.0
2020-07-30 02:00:16,87,0.448,4.46,-20.0
2020-07-30 02:00:16,88,0.409,4.48,-20.0
2020-07-30 02:00:16,89,0.417,4.5,-20.0
2020-07-30 02:00:16,90,0.414,4.47,-20.0
2020-07-30 02:00:16,91,0.423,4.48,-20.0
2020-07-30 02:00:16,92,0.408,4.5,-20.0
2020-07-30 02:00:16,93,0.42,4.49,-20.0
2020-07-30 02:00:16,94,0.426,4.47,-20.0
2020-07-30 02:00:16,95,0.421,4.46,-20.0
2020-07-30 02:00:16,96,0.415,4.48,-20.0
2020-07-30 13:59:40,1,0.417,4.51,23.2
2020-07-30 13:59:40,2,0.417,4.51,-20.0
2020-07-30 13:59:40,3,0.42,4.52,-20.0
2020-07-30 13:59:40,4,0.418,4.47,-20.0
2020-07-30 13:59:40,5,0.411,4.5,-20.0
2020-07-30 13:59:40,6,0.421,4.48,-20.0
2020-07-30 13:59:40,7,0.407,4.48,-20.0
2020-07-30 13:59:40,8,0.41,4.5,-20.0
2020-07-30 13:59:40,9,0.41,4.47,-20.0
2020-07-30 13:59:40,10,0.419,4.49,-20.0
2020-07-30 13:59:40,11,0.423,4.45,-20.0
2020-07-30 13:59:40,12,0.418,4.45,-20.0
2020-07-30 13:59:40,13,0.416,4.47,22.1
2020-07-30 13:59:40,14,0.423,4.48,-20.0
2020-07-30 13:59:40,15,0.416,4.5,-20.0
2020-07-30 13:59:40,16,0.43,4.52,-20.0
2020-07-30 13:59:40,17,0.418,4.49,-20.0
2020-07-30 13:59:40,18,0.43,4.49,-20.0
2020-07-30 13:59:40,19,0.436,4.47,-20.0
2020-07-30 13:59:40,20,0.415,4.47,-20.0
2020-07-30 13:59:40,21,0.411,4.47,-20.0
2020-07-30 13:59:40,22,0.419,4.46,-20.0
2020-07-30 13:59:40,23,0.445,4.48,-20.0
2020-07-30 13:59:40,24,0.408,4.48,-20.0
2020-07-30 13:59:40,25,0.418,4.49,19.6
2020-07-30 13:59:40,26,0.421,4.48,-20.0
2020-07-30 13:59:40,27,0.41,4.47,-20.0
2020-07-30 13:59:40,28,0.423,4.47,-20.0
2020-07-30 13:59:40,29,0.42,4.47,-20.0
2020-07-30 13:59:40,30,0.421,4.48,-20.0
2020-07-30 13:59:40,31,0.418,4.46,-20.0
2020-07-30 13:59:40,32,0.412,4.48,-20.0
2020-07-30 13:59:40,33,0.414,4.48,-20.0
2020-07-30 13:59:40,34,0.401,4.48,-20.0
2020-07-30 13:59:40,35,0.409,4.48,-20.0
2020-07-30 13:59:40,36,0.407,4.5,-20.0
2020-07-30 13:59:40,37,0.404,4.49,20.1
2020-07-30 13:59:40,38,0.405,4.48,-20.0
2020-07-30 13:59:40,39,0.415,4.47,-20.0
2020-07-30 13:59:40,40,0.416,4.47,-20.0
2020-07-30 13:59:40,41,0.416,4.5,-20.0
2020-07-30 13:59:40,42,0.409,4.48,-20.0
2020-07-30 13:59:40,43,0.408,4.47,-20.0
2020-07-30 13:59:40,44,0.421,4.49,-20.0
2020-07-30 13:59:40,45,0.418,4.49,-20.0
2020-07-30 13:59:40,46,0.426,4.49,-20.0
2020-07-30 13:59:40,47,0.413,4.48,-20.0
2020-07-30 13:59:40,48,0.408,4.48,-20.0
2020-07-30 13:59:40,49,0.49,4.46,22.3
2020-07-30 13:59:40,50,0.438,4.47,-20.0
2020-07-30 13:59:40,51,0.421,4.46,-20.0
2020-07-30 13:59:40,52,0.424,4.46,-20.0
2020-07-30 13:59:40,53,0.422,4.45,-20.0
2020-07-30 13:59:40,54,0.418,4.46,-20.0
2020-07-30 13:59:40,55,0.425,4.43,-20.0
2020-07-30 13:59:40,56,0.419,4.43,-20.0
2020-07-30 13:59:40,57,0.42,4.43,-20.0
2020-07-30 13:59:40,58,0.421,4.42,-20.0
2020-07-30 13:59:40,59,0.419,4.44,-20.0
2020-07-30 13:59:40,60,0.425,4.45,-20.0
2020-07-30 13:59:40,61,0.422,4.49,19.5
2020-07-30 13:59:40,62,0.421,4.49,-20.0
2020-07-30 13:59:40,63,0.411,4.47,-20.0
2020-07-30 13:59:40,64,0.413,4.45,-20.0
2020-07-30 13:59:40,65,0.402,4.44,-20.0
2020-07-30 13:59:40,66,0.415,4.45,-20.0
2020-07-30 13:59:40,67,0.412,4.43,-20.0
2020-07-30 13:59:40,68,0.401,4.46,-20.0
2020-07-30 13:59:40,69,0.41,4.45,-20.0
2020-07-30 13:59:40,70,0.39,4.47,-20.0
2020-07-30 13:59:40,71,0.412,4.48,-20.0
2020-07-30 13:59:40,72,0.413,4.49,-20.0
2020-07-30 13:59:40,73,0.396,4.51,19.8
2020-07-30 13:59:40,74,0.392,4.49,-20.0
2020-07-30 13:59:40,75,0.425,4.47,-20.0
2020-07-30 13:59:40,76,0.425,4.44,-20.0
2020-07-30 13:59:40,77,0.425,4.5,-20.0
2020-07-30 13:59:40,78,0.409,4.47,-20.0
2020-07-30 13:59:40,79,0.417,4.49,-20.0
2020-07-30 13:59:40,80,0.429,4.51,-20.0
2020-07-30 13:59:40,81,0.429,4.51,-20.0
2020-07-30 13:59:40,82,0.423,4.51,-20.0
2020-07-30 13:59:40,83,0.426,4.5,-20.0
2020-07-30 13:59:40,84,0.423,4.5,-20.0
2020-07-30 13:59:40,85,0.421,4.48,20.8
2020-07-30 13:59:40,86,0.418,4.46,-20.0
2020-07-30 13:59:40,87,0.446,4.46,-20.0
2020-07-30 13:59:40,88,0.407,4.48,-20.0
2020-07-30 13:59:40,89,0.415,4.5,-20.0
2020-07-30 13:59:40,90,0.413,4.47,-20.0
2020-07-30 13:59:40,91,0.425,4.49,-20.0
2020-07-30 13:59:40,92,0.41,4.5,-20.0
2020-07-30 13:59:40,93,0.421,4.49,-20.0
2020-07-30 13:59:40,94,0.426,4.46,-20.0
2020-07-30 13:59:40,95,0.423,4.45,-20.0
2020-07-30 13:59:40,96,0.415,4.49,-20.0
2020-07-31 01:59:18,1,0.417,4.51,23.2
2020-07-31 01:59:18,2,0.417,4.5,-20.0
2020-07-31 01:59:18,3,0.421,4.52,-20.0
2020-07-31 01:59:18,4,0.416,4.47,-20.0
2020-07-31 01:59:18,5,0.411,4.5,-20.0
2020-07-31 01:59:18,6,0.421,4.48,-20.0
2020-07-31 01:59:18,7,0.405,4.48,-20.0
2020-07-31 01:59:18,8,0.408,4.51,-20.0
2020-07-31 01:59:18,9,0.409,4.47,-20.0
2020-07-31 01:59:18,10,0.42,4.49,-20.0
2020-07-31 01:59:18,11,0.421,4.45,-20.0
2020-07-31 01:59:18,12,0.419,4.45,-20.0
2020-07-31 01:59:18,13,0.415,4.48,22.2
2020-07-31 01:59:18,14,0.423,4.49,-20.0
2020-07-31 01:59:18,15,0.414,4.52,-20.0
2020-07-31 01:59:18,16,0.43,4.52,-20.0
2020-07-31 01:59:18,17,0.42,4.48,-20.0
2020-07-31 01:59:18,18,0.43,4.48,-20.0
2020-07-31 01:59:18,19,0.435,4.46,-20.0
2020-07-31 01:59:18,20,0.411,4.46,-20.0
2020-07-31 01:59:18,21,0.411,4.48,-20.0
2020-07-31 01:59:18,22,0.42,4.46,-20.0
2020-07-31 01:59:18,23,0.435,4.47,-20.0
2020-07-31 01:59:18,24,0.402,4.48,-20.0
2020-07-31 01:59:18,25,0.416,4.49,19.8
2020-07-31 01:59:18,26,0.42,4.48,-20.0
2020-07-31 01:59:18,27,0.398,4.47,-20.0
2020-07-31 01:59:18,28,0.42,4.47,-20.0
2020-07-31 01:59:18,29,0.404,4.47,-20.0
2020-07-31 01:59:18,30,0.423,4.47,-20.0
2020-07-31 01:59:18,31,0.417,4.46,-20.0
2020-07-31 01:59:18,32,0.41,4.47,-20.0
2020-07-31 01:59:18,33,0.414,4.48,-20.0
2020-07-31 01:59:18,34,0.404,4.48,-20.0
2020-07-31 01:59:18,35,0.408,4.49,-20.0
2020-07-31 01:59:18,36,0.405,4.49,-20.0
2020-07-31 01:59:18,37,0.407,4.47,20.3
2020-07-31 01:59:18,38,0.409,4.48,-20.0
2020-07-31 01:59:18,39,0.414,4.48,-20.0
2020-07-31 01:59:18,40,0.417,4.47,-20.0
2020-07-31 01:59:18,41,0.416,4.5,-20.0
2020-07-31 01:59:18,42,0.412,4.48,-20.0
2020-07-31 01:59:18,43,0.41,4.48,-20.0
2020-07-31 01:59:18,44,0.423,4.49,-20.0
2020-07-31 01:59:18,45,0.415,4.5,-20.0
2020-07-31 01:59:18,46,0.423,4.49,-20.0
2020-07-31 01:59:18,47,0.415,4.48,-20.0
2020-07-31 01:59:18,48,0.409,4.48,-20.0
2020-07-31 01:59:18,49,0.49,4.47,22.3
2020-07-31 01:59:18,50,0.436,4.47,-20.0
2020-07-31 01:59:18,51,0.417,4.47,-20.0
2020-07-31 01:59:18,52,0.421,4.46,-20.0
2020-07-31 01:59:18,53,0.422,4.45,-20.0
2020-07-31 01:59:18,54,0.418,4.46,-20.0
2020-07-31 01:59:18,55,0.427,4.43,-20.0
2020-07-31 01:59:18,56,0.415,4.42,-20.0
2020-07-31 01:59:18,57,0.42,4.43,-20.0
2020-07-31 01:59:18,58,0.42,4.42,-20.0
2020-07-31 01:59:18,59,0.417,4.44,-20.0
2020-07-31 01:59:18,60,0.426,4.45,-20.0
2020-07-31 01:59:18,61,0.419,4.49,19.6
2020-07-31 01:59:18,62,0.418,4.49,-20.0
2020-07-31 01:59:18,63,0.409,4.48,-20.0
2020-07-31 01:59:18,64,0.41,4.45,-20.0
2020-07-31 01:59:18,65,0.406,4.44,-20.0
2020-07-31 01:59:18,66,0.417,4.45,-20.0
2020-07-31 01:59:18,67,0.413,4.43,-20.0
2020-07-31 01:59:18,68,0.403,4.45,-20.0
2020-07-31 01:59:18,69,0.41,4.45,-20.0
2020-07-31 01:59:18,70,0.397,4.47,-20.0
2020-07-31 01:59:18,71,0.413,4.48,-20.0
2020-07-31 01:59:18,72,0.413,4.49,-20.0
2020-07-31 01:59:18,73,0.399,4.51,20.1
2020-07-31 01:59:18,74,0.397,4.5,-20.0
2020-07-31 01:59:18,75,0.425,4.46,-20.0
2020-07-31 01:59:18,76,0.423,4.44,-20.0
2020-07-31 01:59:18,77,0.427,4.5,-20.0
2020-07-31 01:59:18,78,0.41,4.46,-20.0
2020-07-31 01:59:18,79,0.417,4.49,-20.0
2020-07-31 01:59:18,80,0.425,4.51,-20.0
2020-07-31 01:59:18,81,0.43,4.51,-20.0
2020-07-31 01:59:18,82,0.423,4.51,-20.0
2020-07-31 01:59:18,83,0.426,4.5,-20.0
2020-07-31 01:59:18,84,0.424,4.49,-20.0
2020-07-31 01:59:18,85,0.42,4.48,21.2
2020-07-31 01:59:18,86,0.42,4.46,-20.0
2020-07-31 01:59:18,87,0.442,4.46,-20.0
2020-07-31 01:59:18,88,0.405,4.47,-20.0
2020-07-31 01:59:18,89,0.417,4.5,-20.0
2020-07-31 01:59:18,90,0.413,4.47,-20.0
2020-07-31 01:59:18,91,0.421,4.48,-20.0
2020-07-31 01:59:18,92,0.408,4.5,-20.0
2020-07-31 01:59:18,93,0.419,4.49,-20.0
2020-07-31 01:59:18,94,0.424,4.47,-20.0
2020-07-31 01:59:18,95,0.422,4.46,-20.0
2020-07-31 01:59:18,96,0.416,4.49,-20.0
2020-07-31 13:58:42,1,0.416,4.5,23.2
2020-07-31 13:58:42,2,0.417,4.5,-20.0
2020-07-31 13:58:42,3,0.418,4.53,-20.0
2020-07-31 13:58:42,4,0.418,4.47,-20.0
2020-07-31 13:58:42,5,0.411,4.5,-20.0
2020-07-31 13:58:42,6,0.423,4.49,-20.0
2020-07-31 13:58:42,7,0.406,4.47,-20.0
2020-07-31 13:58:42,8,0.408,4.51,-20.0
2020-07-31 13:58:42,9,0.41,4.48,-20.0
2020-07-31 13:58:42,10,0.418,4.48,-20.0
2020-07-31 13:58:42,11,0.418,4.45,-20.0
2020-07-31 13:58:42,12,0.417,4.46,-20.0
2020-07-31 13:58:42,13,0.413,4.46,22.2
2020-07-31 13:58:42,14,0.423,4.49,-20.0
2020-07-31 13:58:42,15,0.413,4.51,-20.0
2020-07-31 13:58:42,16,0.43,4.53,-20.0
2020-07-31 13:58:42,17,0.418,4.48,-20.0
2020-07-31 13:58:42,18,0.43,4.5,-20.0
2020-07-31 13:58:42,19,0.437,4.46,-20.0
2020-07-31 13:58:42,20,0.412,4.47,-20.0
2020-07-31 13:58:42,21,0.411,4.47,-20.0
2020-07-31 13:58:42,22,0.42,4.46,-20.0
2020-07-31 13:58:42,23,0.439,4.48,-20.0
2020-07-31 13:58:42,24,0.405,4.49,-20.0
2020-07-31 13:58:42,25,0.415,4.49,19.8
2020-07-31 13:58:42,26,0.417,4.49,-20.0
2020-07-31 13:58:42,27,0.405,4.46,-20.0
2020-07-31 13:58:42,28,0.421,4.47,-20.0
2020-07-31 13:58:42,29,0.405,4.47,-20.0
2020-07-31 13:58:42,30,0.423,4.47,-20.0
2020-07-31 13:58:42,31,0.42,4.46,-20.0
2020-07-31 13:58:42,32,0.41,4.47,-20.0
2020-07-31 13:58:42,33,0.416,4.48,-20.0
2020-07-31 13:58:42,34,0.407,4.48,-20.0
2020-07-31 13:58:42,35,0.412,4.48,-20.0
2020-07-31 13:58:42,36,0.409,4.5,-20.0
2020-07-31 13:58:42,37,0.41,4.49,20.2
2020-07-31 13:58:42,38,0.411,4.48,-20.0
2020-07-31 13:58:42,39,0.415,4.46,-20.0
2020-07-31 13:58:42,40,0.417,4.47,-20.0
2020-07-31 13:58:42,41,0.42,4.5,-20.0
2020-07-31 13:58:42,42,0.416,4.48,-20.0
2020-07-31 13:58:42,43,0.413,4.47,-20.0
2020-07-31 13:58:42,44,0.423,4.49,-20.0
2020-07-31 13:58:42,45,0.417,4.49,-20.0
2020-07-31 13:58:42,46,0.423,4.49,-20.0
2020-07-31 13:58:42,47,0.417,4.48,-20.0
2020-07-31 13:58:42,48,0.412,4.48,-20.0
2020-07-31 13:58:42,49,0.489,4.46,22.5
2020-07-31 13:58:42,50,0.436,4.47,-20.0
2020-07-31 13:58:42,51,0.415,4.47,-20.0
2020-07-31 13:58:42,52,0.416,4.46,-20.0
2020-07-31 13:58:42,53,0.422,4.45,-20.0
2020-07-31 13:58:42,54,0.42,4.46,-20.0
2020-07-31 13:58:42,55,0.412,4.43,-20.0
2020-07-31 13:58:42,56,0.412,4.42,-20.0
2020-07-31 13:58:42,57,0.421,4.42,-20.0
2020-07-31 13:58:42,58,0.416,4.42,-20.0
2020-07-31 13:58:42,59,0.419,4.44,-20.0
2020-07-31 13:58:42,60,0.427,4.45,-20.0
2020-07-31 13:58:42,61,0.418,4.49,19.6
2020-07-31 13:58:42,62,0.417,4.49,-20.0
2020-07-31 13:58:42,63,0.412,4.47,-20.0
2020-07-31 13:58:42,64,0.413,4.45,-20.0
2020-07-31 13:58:42,65,0.412,4.45,-20.0
2020-07-31 13:58:42,66,0.418,4.45,-20.0
2020-07-31 13:58:42,67,0.412,4.42,-20.0
2020-07-31 13:58:42,68,0.404,4.46,-20.0
2020-07-31 13:58:42,69,0.415,4.45,-20.0
2020-07-31 13:58:42,70,0.401,4.46,-20.0
2020-07-31 13:58:42,71,0.416,4.47,-20.0
2020-07-31 13:58:42,72,0.415,4.48,-20.0
2020-07-31 13:58:42,73,0.403,4.52,20.1
2020-07-31 13:58:42,74,0.399,4.49,-20.0
2020-07-31 13:58:42,75,0.425,4.46,-20.0
2020-07-31 13:58:42,76,0.425,4.44,-20.0
2020-07-31 13:58:42,77,0.429,4.5,-20.0
2020-07-31 13:58:42,78,0.41,4.47,-20.0
2020-07-31 13:58:42,79,0.418,4.49,-20.0
2020-07-31 13:58:42,80,0.427,4.5,-20.0
2020-07-31 13:58:42,81,0.428,4.51,-20.0
2020-07-31 13:58:42,82,0.426,4.51,-20.0
2020-07-31 13:58:42,83,0.428,4.5,-20.0
2020-07-31 13:58:42,84,0.424,4.49,-20.0
2020-07-31 13:58:42,85,0.422,4.48,21.0
2020-07-31 13:58:42,86,0.418,4.47,-20.0
2020-07-31 13:58:42,87,0.443,4.47,-20.0
2020-07-31 13:58:42,88,0.408,4.48,-20.0
2020-07-31 13:58:42,89,0.416,4.5,-20.0
2020-07-31 13:58:42,90,0.416,4.47,-20.0
2020-07-31 13:58:42,91,0.423,4.49,-20.0
2020-07-31 13:58:42,92,0.409,4.49,-20.0
2020-07-31 13:58:42,93,0.418,4.49,-20.0
2020-07-31 13:58:42,94,0.424,4.47,-20.0
2020-07-31 13:58:42,95,0.424,4.46,-20.0
2020-07-31 13:58:42,96,0.415,4.49,-20.0
2020-08-01 01:58:21,1,0.417,4.51,23.2
2020-08-01 01:58:21,2,0.417,4.51,-20.0
2020-08-01 01:58:21,3,0.42,4.53,-20.0
2020-08-01 01:58:21,4,0.416,4.47,-20.0
2020-08-01 01:58:21,5,0.412,4.5,-20.0
2020-08-01 01:58:21,6,0.424,4.49,-20.0
2020-08-01 01:58:21,7,0.406,4.48,-20.0
2020-08-01 01:58:21,8,0.411,4.51,-20.0
2020-08-01 01:58:21,9,0.408,4.47,-20.0
2020-08-01 01:58:21,10,0.419,4.49,-20.0
2020-08-01 01:58:21,11,0.419,4.45,-20.0
2020-08-01 01:58:21,12,0.414,4.45,-20.0
2020-08-01 01:58:21,13,0.412,4.47,22.3
2020-08-01 01:58:21,14,0.421,4.48,-20.0
2020-08-01 01:58:21,15,0.413,4.52,-20.0
2020-08-01 01:58:21,16,0.432,4.52,-20.0
2020-08-01 01:58:21,17,0.419,4.47,-20.0
2020-08-01 01:58:21,18,0.429,4.49,-20.0
2020-08-01 01:58:21,19,0.431,4.47,-20.0
2020-08-01 01:58:21,20,0.412,4.47,-20.0
2020-08-01 01:58:21,21,0.413,4.48,-20.0
2020-08-01 01:58:21,22,0.418,4.46,-20.0
2020-08-01 01:58:21,23,0.439,4.47,-20.0
2020-08-01 01:58:21,24,0.407,4.49,-20.0
2020-08-01 01:58:21,25,0.417,4.5,20.0
2020-08-01 01:58:21,26,0.417,4.49,-20.0
2020-08-01 01:58:21,27,0.413,4.46,-20.0
2020-08-01 01:58:21,28,0.423,4.47,-20.0
2020-08-01 01:58:21,29,0.409,4.47,-20.0
2020-08-01 01:58:21,30,0.422,4.48,-20.0
2020-08-01 01:58:21,31,0.418,4.46,-20.0
2020-08-01 01:58:21,32,0.415,4.47,-20.0
2020-08-01 01:58:21,33,0.415,4.48,-20.0
2020-08-01 01:58:21,34,0.409,4.48,-20.0
2020-08-01 01:58:21,35,0.414,4.49,-20.0
2020-08-01 01:58:21,36,0.408,4.49,-20.0
2020-08-01 01:58:21,37,0.415,4.49,20.4
2020-08-01 01:58:21,38,0.412,4.48,-20.0
2020-08-01 01:58:21,39,0.414,4.48,-20.0
2020-08-01 01:58:21,40,0.416,4.47,-20.0
2020-08-01 01:58:21,41,0.419,4.5,-20.0
2020-08-01 01:58:21,42,0.415,4.48,-20.0
2020-08-01 01:58:21,43,0.415,4.47,-20.0
2020-08-01 01:58:21,44,0.421,4.49,-20.0
2020-08-01 01:58:21,45,0.418,4.49,-20.0
2020-08-01 01:58:21,46,0.421,4.48,-20.0
2020-08-01 01:58:21,47,0.422,4.48,-20.0
2020-08-01 01:58:21,48,0.416,4.47,-20.0
2020-08-01 01:58:21,49,0.492,4.46,22.5
2020-08-01 01:58:21,50,0.429,4.46,-20.0
2020-08-01 01:58:21,51,0.413,4.46,-20.0
2020-08-01 01:58:21,52,0.413,4.46,-20.0
2020-08-01 01:58:21,53,0.421,4.44,-20.0
2020-08-01 01:58:21,54,0.42,4.46,-20.0
2020-08-01 01:58:21,55,0.415,4.42,-20.0
2020-08-01 01:58:21,56,0.414,4.43,-20.0
2020-08-01 01:58:21,57,0.421,4.42,-20.0
2020-08-01 01:58:21,58,0.418,4.42,-20.0
2020-08-01 01:58:21,59,0.421,4.44,-20.0
2020-08-01 01:58:21,60,0.429,4.45,-20.0
2020-08-01 01:58:21,61,0.419,4.49,19.8
2020-08-01 01:58:21,62,0.419,4.49,-20.0
2020-08-01 01:58:21,63,0.414,4.48,-20.0
2020-08-01 01:58:21,64,0.41,4.45,-20.0
2020-08-01 01:58:21,65,0.411,4.44,-20.0
2020-08-01 01:58:21,66,0.419,4.45,-20.0
2020-08-01 01:58:21,67,0.418,4.43,-20.0
2020-08-01 01:58:21,68,0.404,4.45,-20.0
2020-08-01 01:58:21,69,0.413,4.44,-20.0
2020-08-01 01:58:21,70,0.405,4.47,-20.0
2020-08-01 01:58:21,71,0.415,4.47,-20.0
2020-08-01 01:58:21,72,0.418,4.48,-20.0
2020-08-01 01:58:21,73,0.407,4.52,20.3
2020-08-01 01:58:21,74,0.403,4.49,-20.0
2020-08-01 01:58:21,75,0.426,4.46,-20.0
2020-08-01 01:58:21,76,0.424,4.44,-20.0
2020-08-01 01:58:21,77,0.429,4.5,-20.0
2020-08-01 01:58:21,78,0.41,4.47,-20.0
2020-08-01 01:58:21,79,0.417,4.5,-20.0
2020-08-01 01:58:21,80,0.43,4.5,-20.0
2020-08-01 01:58:21,81,0.431,4.51,-20.0
2020-08-01 01:58:21,82,0.426,4.51,-20.0
2020-08-01 01:58:21,83,0.429,4.5,-20.0
2020-08-01 01:58:21,84,0.425,4.49,-20.0
2020-08-01 01:58:21,85,0.419,4.48,21.2
2020-08-01 01:58:21,86,0.416,4.46,-20.0
2020-08-01 01:58:21,87,0.441,4.46,-20.0
2020-08-01 01:58:21,88,0.408,4.48,-20.0
2020-08-01 01:58:21,89,0.408,4.49,-20.0
2020-08-01 01:58:21,90,0.41,4.47,-20.0
2020-08-01 01:58:21,91,0.42,4.48,-20.0
2020-08-01 01:58:21,92,0.41,4.5,-20.0
2020-08-01 01:58:21,93,0.416,4.5,-20.0
2020-08-01 01:58:21,94,0.424,4.48,-20.0
2020-08-01 01:58:21,95,0.424,4.46,-20.0
2020-08-01 01:58:21,96,0.417,4.49,-20.0
2020-08-01 13:57:56,1,0.42,4.51,23.2
2020-08-01 13:57:56,2,0.415,4.49,-20.0
2020-08-01 13:57:56,3,0.42,4.52,-20.0
2020-08-01 13:57:56,4,0.417,4.47,-20.0
2020-08-01 13:57:56,5,0.414,4.5,-20.0
2020-08-01 13:57:56,6,0.423,4.47,-20.0
2020-08-01 13:57:56,7,0.406,4.47,-20.0
2020-08-01 13:57:56,8,0.411,4.5,-20.0
2020-08-01 13:57:56,9,0.406,4.47,-20.0
2020-08-01 13:57:56,10,0.418,4.49,-20.0
2020-08-01 13:57:56,11,0.421,4.45,-20.0
2020-08-01 13:57:56,12,0.418,4.45,-20.0
2020-08-01 13:57:56,13,0.412,4.48,22.2
2020-08-01 13:57:56,14,0.42,4.48,-20.0
2020-08-01 13:57:56,15,0.415,4.5,-20.0
2020-08-01 13:57:56,16,0.433,4.51,-20.0
2020-08-01 13:57:56,17,0.419,4.48,-20.0
2020-08-01 13:57:56,18,0.428,4.49,-20.0
2020-08-01 13:57:56,19,0.435,4.46,-20.0
2020-08-01 13:57:56,20,0.412,4.47,-20.0
2020-08-01 13:57:56,21,0.413,4.48,-20.0
2020-08-01 13:57:56,22,0.422,4.47,-20.0
2020-08-01 13:57:56,23,0.441,4.48,-20.0
2020-08-01 13:57:56,24,0.407,4.49,-20.0
2020-08-01 13:57:56,25,0.417,4.5,19.7
2020-08-01 13:57:56,26,0.418,4.48,-20.0
2020-08-01 13:57:56,27,0.414,4.47,-20.0
2020-08-01 13:57:56,28,0.421,4.47,-20.0
2020-08-01 13:57:56,29,0.414,4.47,-20.0
2020-08-01 13:57:56,30,0.421,4.47,-20.0
2020-08-01 13:57:56,31,0.418,4.46,-20.0
2020-08-01 13:57:56,32,0.414,4.47,-20.0
2020-08-01 13:57:56,33,0.415,4.48,-20.0
2020-08-01 13:57:56,34,0.411,4.48,-20.0
2020-08-01 13:57:56,35,0.417,4.48,-20.0
2020-08-01 13:57:56,36,0.407,4.5,-20.0
2020-08-01 13:57:56,37,0.414,4.47,20.1
2020-08-01 13:57:56,38,0.412,4.49,-20.0
2020-08-01 13:57:56,39,0.415,4.46,-20.0
2020-08-01 13:57:56,40,0.416,4.48,-20.0
2020-08-01 13:57:56,41,0.418,4.49,-20.0
2020-08-01 13:57:56,42,0.413,4.47,-20.0
2020-08-01 13:57:56,43,0.415,4.47,-20.0
2020-08-01 13:57:56,44,0.423,4.49,-20.0
2020-08-01 13:57:56,45,0.419,4.49,-20.0
2020-08-01 13:57:56,46,0.419,4.48,-20.0
2020-08-01 13:57:56,47,0.404,4.48,-20.0
2020-08-01 13:57:56,48,0.402,4.47,-20.0
2020-08-01 13:57:56,49,0.491,4.46,22.4
2020-08-01 13:57:56,50,0.426,4.46,-20.0
2020-08-01 13:57:56,51,0.412,4.46,-20.0
2020-08-01 13:57:56,52,0.42,4.46,-20.0
2020-08-01 13:57:56,53,0.422,4.45,-20.0
2020-08-01 13:57:56,54,0.418,4.46,-20.0
2020-08-01 13:57:56,55,0.417,4.43,-20.0
2020-08-01 13:57:56,56,0.417,4.43,-20.0
2020-08-01 13:57:56,57,0.42,4.43,-20.0
2020-08-01 13:57:56,58,0.419,4.42,-20.0
2020-08-01 13:57:56,59,0.425,4.44,-20.0
2020-08-01 13:57:56,60,0.427,4.46,-20.0
2020-08-01 13:57:56,61,0.421,4.49,19.5
2020-08-01 13:57:56,62,0.419,4.49,-20.0
2020-08-01 13:57:56,63,0.415,4.47,-20.0
2020-08-01 13:57:56,64,0.412,4.46,-20.0
2020-08-01 13:57:56,65,0.414,4.45,-20.0
2020-08-01 13:57:56,66,0.42,4.45,-20.0
2020-08-01 13:57:56,67,0.419,4.43,-20.0
2020-08-01 13:57:56,68,0.409,4.45,-20.0
2020-08-01 13:57:56,69,0.414,4.44,-20.0
2020-08-01 13:57:56,70,0.407,4.46,-20.0
2020-08-01 13:57:56,71,0.416,4.48,-20.0
2020-08-01 13:57:56,72,0.419,4.48,-20.0
2020-08-01 13:57:56,73,0.41,4.51,19.8
2020-08-01 13:57:56,74,0.405,4.49,-20.0
2020-08-01 13:57:56,75,0.427,4.47,-20.0
2020-08-01 13:57:56,76,0.426,4.45,-20.0
2020-08-01 13:57:56,77,0.43,4.49,-20.0
2020-08-01 13:57:56,78,0.414,4.47,-20.0
2020-08-01 13:57:56,79,0.419,4.5,-20.0
2020-08-01 13:57:56,80,0.431,4.5,-20.0
2020-08-01 13:57:56,81,0.434,4.51,-20.0
2020-08-01 13:57:56,82,0.426,4.51,-20.0
2020-08-01 13:57:56,83,0.428,4.5,-20.0
2020-08-01 13:57:56,84,0.424,4.5,-20.0
2020-08-01 13:57:56,85,0.422,4.48,20.7
2020-08-01 13:57:56,86,0.418,4.46,-20.0
2020-08-01 13:57:56,87,0.446,4.46,-20.0
2020-08-01 13:57:56,88,0.411,4.47,-20.0
2020-08-01 13:57:56,89,0.411,4.5,-20.0
2020-08-01 13:57:56,90,0.409,4.47,-20.0
2020-08-01 13:57:56,91,0.42,4.48,-20.0
2020-08-01 13:57:56,92,0.411,4.5,-20.0
2020-08-01 13:57:56,93,0.417,4.49,-20.0
2020-08-01 13:57:56,94,0.424,4.47,-20.0
2020-08-01 13:57:56,95,0.423,4.46,-20.0
2020-08-01 13:57:56,96,0.418,4.48,-20.0
2020-08-02 01:57:22,1,0.413,4.51,23.2
2020-08-02 01:57:22,2,0.411,4.5,-20.0
2020-08-02 01:57:22,3,0.419,4.51,-20.0
2020-08-02 01:57:22,4,0.417,4.48,-20.0
2020-08-02 01:57:22,5,0.41,4.5,-20.0
2020-08-02 01:57:22,6,0.418,4.49,-20.0
2020-08-02 01:57:22,7,0.403,4.47,-20.0
2020-08-02 01:57:22,8,0.406,4.49,-20.0
2020-08-02 01:57:22,9,0.407,4.46,-20.0
2020-08-02 01:57:22,10,0.418,4.49,-20.0
2020-08-02 01:57:22,11,0.422,4.45,-20.0
2020-08-02 01:57:22,12,0.417,4.46,-20.0
2020-08-02 01:57:22,13,0.412,4.48,22.2
2020-08-02 01:57:22,14,0.421,4.49,-20.0
2020-08-02 01:57:22,15,0.415,4.51,-20.0
2020-08-02 01:57:22,16,0.432,4.52,-20.0
2020-08-02 01:57:22,17,0.42,4.48,-20.0
2020-08-02 01:57:22,18,0.429,4.49,-20.0
2020-08-02 01:57:22,19,0.436,4.47,-20.0
2020-08-02 01:57:22,20,0.413,4.47,-20.0
2020-08-02 01:57:22,21,0.415,4.47,-20.0
2020-08-02 01:57:22,22,0.421,4.46,-20.0
2020-08-02 01:57:22,23,0.442,4.47,-20.0
2020-08-02 01:57:22,24,0.407,4.49,-20.0
2020-08-02 01:57:22,25,0.418,4.49,19.8
2020-08-02 01:57:22,26,0.419,4.49,-20.0
2020-08-02 01:57:22,27,0.413,4.46,-20.0
2020-08-02 01:57:22,28,0.421,4.47,-20.0
2020-08-02 01:57:22,29,0.416,4.46,-20.0
2020-08-02 01:57:22,30,0.419,4.48,-20.0
2020-08-02 01:57:22,31,0.418,4.46,-20.0
2020-08-02 01:57:22,32,0.416,4.47,-20.0
2020-08-02 01:57:22,33,0.413,4.48,-20.0
2020-08-02 01:57:22,34,0.411,4.48,-20.0
2020-08-02 01:57:22,35,0.415,4.49,-20.0
2020-08-02 01:57:22,36,0.407,4.51,-20.0
2020-08-02 01:57:22,37,0.414,4.48,20.2
2020-08-02 01:57:22,38,0.411,4.48,-20.0
2020-08-02 01:57:22,39,0.414,4.46,-20.0
2020-08-02 01:57:22,40,0.418,4.48,-20.0
2020-08-02 01:57:22,41,0.421,4.5,-20.0
2020-08-02 01:57:22,42,0.41,4.48,-20.0
2020-08-02 01:57:22,43,0.417,4.47,-20.0
2020-08-02 01:57:22,44,0.422,4.49,-20.0
2020-08-02 01:57:22,45,0.421,4.49,-20.0
2020-08-02 01:57:22,46,0.42,4.49,-20.0
2020-08-02 01:57:22,47,0.409,4.5,-20.0
2020-08-02 01:57:22,48,0.411,4.48,-20.0
2020-08-02 01:57:22,49,0.489,4.47,22.3
2020-08-02 01:57:22,50,0.426,4.47,-20.0
2020-08-02 01:57:22,51,0.412,4.47,-20.0
2020-08-02 01:57:22,52,0.417,4.46,-20.0
2020-08-02 01:57:22,53,0.421,4.45,-20.0
2020-08-02 01:57:22,54,0.419,4.46,-20.0
2020-08-02 01:57:22,55,0.414,4.43,-20.0
2020-08-02 01:57:22,56,0.416,4.43,-20.0
2020-08-02 01:57:22,57,0.417,4.42,-20.0
2020-08-02 01:57:22,58,0.416,4.42,-20.0
2020-08-02 01:57:22,59,0.425,4.44,-20.0
2020-08-02 01:57:22,60,0.426,4.46,-20.0
2020-08-02 01:57:22,61,0.422,4.5,19.5
2020-08-02 01:57:22,62,0.417,4.5,-20.0
2020-08-02 01:57:22,63,0.416,4.48,-20.0
2020-08-02 01:57:22,64,0.416,4.45,-20.0
2020-08-02 01:57:22,65,0.41,4.45,-20.0
2020-08-02 01:57:22,66,0.419,4.45,-20.0
2020-08-02 01:57:22,67,0.417,4.43,-20.0
2020-08-02 01:57:22,68,0.412,4.45,-20.0
2020-08-02 01:57:22,69,0.413,4.45,-20.0
2020-08-02 01:57:22,70,0.408,4.46,-20.0
2020-08-02 01:57:22,71,0.417,4.49,-20.0
2020-08-02 01:57:22,72,0.419,4.48,-20.0
2020-08-02 01:57:22,73,0.41,4.51,19.9
2020-08-02 01:57:22,74,0.397,4.49,-20.0
2020-08-02 01:57:22,75,0.429,4.47,-20.0
2020-08-02 01:57:22,76,0.425,4.44,-20.0
2020-08-02 01:57:22,77,0.424,4.49,-20.0
2020-08-02 01:57:22,78,0.408,4.46,-20.0
2020-08-02 01:57:22,79,0.413,4.5,-20.0
2020-08-02 01:57:22,80,0.428,4.5,-20.0
2020-08-02 01:57:22,81,0.43,4.51,-20.0
2020-08-02 01:57:22,82,0.423,4.51,-20.0
2020-08-02 01:57:22,83,0.425,4.5,-20.0
2020-08-02 01:57:22,84,0.421,4.49,-20.0
2020-08-02 01:57:22,85,0.424,4.47,21.0
2020-08-02 01:57:22,86,0.415,4.47,-20.0
2020-08-02 01:57:22,87,0.444,4.46,-20.0
2020-08-02 01:57:22,88,0.41,4.47,-20.0
2020-08-02 01:57:22,89,0.412,4.5,-20.0
2020-08-02 01:57:22,90,0.411,4.47,-20.0
2020-08-02 01:57:22,91,0.422,4.48,-20.0
2020-08-02 01:57:22,92,0.407,4.5,-20.0
2020-08-02 01:57:22,93,0.417,4.49,-20.0
2020-08-02 01:57:22,94,0.425,4.47,-20.0
2020-08-02 01:57:22,95,0.425,4.46,-20.0
2020-08-02 01:57:22,96,0.419,4.48,-20.0
2020-08-02 13:56:51,1,0.415,4.51,23.2
2020-08-02 13:56:51,2,0.413,4.5,-20.0
2020-08-02 13:56:51,3,0.422,4.52,-20.0
2020-08-02 13:56:51,4,0.418,4.47,-20.0
2020-08-02 13:56:51,5,0.41,4.5,-20.0
2020-08-02 13:56:51,6,0.42,4.48,-20.0
2020-08-02 13:56:51,7,0.404,4.48,-20.0
2020-08-02 13:56:51,8,0.408,4.5,-20.0
2020-08-02 13:56:51,9,0.409,4.48,-20.0
2020-08-02 13:56:51,10,0.42,4.49,-20.0
2020-08-02 13:56:51,11,0.42,4.45,-20.0
2020-08-02 13:56:51,12,0.42,4.46,-20.0
2020-08-02 13:56:51,13,0.413,4.48,22.3
2020-08-02 13:56:51,14,0.422,4.49,-20.0
2020-08-02 13:56:51,15,0.414,4.5,-20.0
2020-08-02 13:56:51,16,0.431,4.53,-20.0
2020-08-02 13:56:51,17,0.422,4.49,-20.0
2020-08-02 13:56:51,18,0.431,4.49,-20.0
2020-08-02 13:56:51,19,0.439,4.46,-20.0
2020-08-02 13:56:51,20,0.413,4.46,-20.0
2020-08-02 13:56:51,21,0.414,4.48,-20.0
2020-08-02 13:56:51,22,0.421,4.46,-20.0
2020-08-02 13:56:51,23,0.445,4.48,-20.0
2020-08-02 13:56:51,24,0.409,4.49,-20.0
2020-08-02 13:56:51,25,0.417,4.5,19.9
2020-08-02 13:56:51,26,0.424,4.48,-20.0
2020-08-02 13:56:51,27,0.415,4.46,-20.0
2020-08-02 13:56:51,28,0.424,4.47,-20.0
2020-08-02 13:56:51,29,0.418,4.46,-20.0
2020-08-02 13:56:51,30,0.419,4.48,-20.0
2020-08-02 13:56:51,31,0.419,4.46,-20.0
2020-08-02 13:56:51,32,0.413,4.47,-20.0
2020-08-02 13:56:51,33,0.414,4.48,-20.0
2020-08-02 13:56:51,34,0.413,4.48,-20.0
2020-08-02 13:56:51,35,0.415,4.48,-20.0
2020-08-02 13:56:51,36,0.411,4.5,-20.0
2020-08-02 13:56:51,37,0.413,4.48,20.3
2020-08-02 13:56:51,38,0.415,4.49,-20.0
2020-08-02 13:56:51,39,0.414,4.46,-20.0
2020-08-02 13:56:51,40,0.418,4.47,-20.0
2020-08-02 13:56:51,41,0.417,4.5,-20.0
2020-08-02 13:56:51,42,0.397,4.48,-20.0
2020-08-02 13:56:51,43,0.397,4.47,-20.0
2020-08-02 13:56:51,44,0.414,4.49,-20.0
2020-08-02 13:56:51,45,0.417,4.5,-20.0
2020-08-02 13:56:51,46,0.417,4.49,-20.0
2020-08-02 13:56:51,47,0.397,4.48,-20.0
2020-08-02 13:56:51,48,0.39,4.48,-20.0
2020-08-02 13:56:51,49,0.492,4.47,22.5
2020-08-02 13:56:51,50,0.431,4.46,-20.0
2020-08-02 13:56:51,51,0.413,4.47,-20.0
2020-08-02 13:56:51,52,0.418,4.46,-20.0
2020-08-02 13:56:51,53,0.419,4.45,-20.0
2020-08-02 13:56:51,54,0.419,4.46,-20.0
2020-08-02 13:56:51,55,0.414,4.43,-20.0
2020-08-02 13:56:51,56,0.418,4.43,-20.0
2020-08-02 13:56:51,57,0.416,4.42,-20.0
2020-08-02 13:56:51,58,0.414,4.42,-20.0
2020-08-02 13:56:51,59,0.426,4.44,-20.0
2020-08-02 13:56:51,60,0.43,4.45,-20.0
2020-08-02 13:56:51,61,0.425,4.49,19.7
2020-08-02 13:56:51,62,0.42,4.49,-20.0
2020-08-02 13:56:51,63,0.419,4.48,-20.0
2020-08-02 13:56:51,64,0.416,4.45,-20.0
2020-08-02 13:56:51,65,0.411,4.44,-20.0
2020-08-02 13:56:51,66,0.421,4.45,-20.0
2020-08-02 13:56:51,67,0.418,4.43,-20.0
2020-08-02 13:56:51,68,0.416,4.46,-20.0
2020-08-02 13:56:51,69,0.417,4.45,-20.0
2020-08-02 13:56:51,70,0.41,4.47,-20.0
2020-08-02 13:56:51,71,0.416,4.48,-20.0
2020-08-02 13:56:51,72,0.419,4.47,-20.0
2020-08-02 13:56:51,73,0.411,4.51,20.1
2020-08-02 13:56:51,74,0.402,4.49,-20.0
2020-08-02 13:56:51,75,0.429,4.47,-20.0
2020-08-02 13:56:51,76,0.428,4.44,-20.0
2020-08-02 13:56:51,77,0.428,4.5,-20.0
2020-08-02 13:56:51,78,0.408,4.46,-20.0
2020-08-02 13:56:51,79,0.414,4.5,-20.0
2020-08-02 13:56:51,80,0.429,4.51,-20.0
2020-08-02 13:56:51,81,0.428,4.51,-20.0
2020-08-02 13:56:51,82,0.425,4.51,-20.0
2020-08-02 13:56:51,83,0.428,4.5,-20.0
2020-08-02 13:56:51,84,0.422,4.49,-20.0
2020-08-02 13:56:51,85,0.422,4.48,21.0
2020-08-02 13:56:51,86,0.414,4.47,-20.0
2020-08-02 13:56:51,87,0.445,4.46,-20.0
2020-08-02 13:56:51,88,0.411,4.48,-20.0
2020-08-02 13:56:51,89,0.414,4.51,-20.0
2020-08-02 13:56:51,90,0.413,4.47,-20.0
2020-08-02 13:56:51,91,0.419,4.48,-20.0
2020-08-02 13:56:51,92,0.411,4.49,-20.0
2020-08-02 13:56:51,93,0.418,4.49,-20.0
2020-08-02 13:56:51,94,0.427,4.47,-20.0
2020-08-02 13:56:51,95,0.426,4.46,-20.0
2020-08-02 13:56:51,96,0.422,4.49,-20.0
2020-08-03 01:56:26,1,0.412,4.51,23.2
2020-08-03 01:56:26,2,0.408,4.5,-20.0
2020-08-03 01:56:26,3,0.421,4.51,-20.0
2020-08-03 01:56:26,4,0.417,4.48,-20.0
2020-08-03 01:56:26,5,0.411,4.5,-20.0
2020-08-03 01:56:26,6,0.42,4.49,-20.0
2020-08-03 01:56:26,7,0.406,4.48,-20.0
2020-08-03 01:56:26,8,0.409,4.49,-20.0
2020-08-03 01:56:26,9,0.411,4.46,-20.0
2020-08-03 01:56:26,10,0.42,4.49,-20.0
2020-08-03 01:56:26,11,0.422,4.45,-20.0
2020-08-03 01:56:26,12,0.42,4.45,-20.0
2020-08-03 01:56:26,13,0.415,4.47,22.2
2020-08-03 01:56:26,14,0.42,4.48,-20.0
2020-08-03 01:56:26,15,0.415,4.51,-20.0
2020-08-03 01:56:26,16,0.431,4.52,-20.0
2020-08-03 01:56:26,17,0.42,4.48,-20.0
2020-08-03 01:56:26,18,0.434,4.49,-20.0
2020-08-03 01:56:26,19,0.44,4.46,-20.0
2020-08-03 01:56:26,20,0.413,4.48,-20.0
2020-08-03 01:56:26,21,0.416,4.47,-20.0
2020-08-03 01:56:26,22,0.418,4.46,-20.0
2020-08-03 01:56:26,23,0.448,4.47,-20.0
2020-08-03 01:56:26,24,0.411,4.48,-20.0
2020-08-03 01:56:26,25,0.419,4.5,19.8
2020-08-03 01:56:26,26,0.426,4.49,-20.0
2020-08-03 01:56:26,27,0.416,4.46,-20.0
2020-08-03 01:56:26,28,0.422,4.47,-20.0
2020-08-03 01:56:26,29,0.419,4.47,-20.0
2020-08-03 01:56:26,30,0.419,4.48,-20.0
2020-08-03 01:56:26,31,0.42,4.46,-20.0
2020-08-03 01:56:26,32,0.416,4.48,-20.0
2020-08-03 01:56:26,33,0.413,4.48,-20.0
2020-08-03 01:56:26,34,0.416,4.49,-20.0
2020-08-03 01:56:26,35,0.418,4.48,-20.0
2020-08-03 01:56:26,36,0.409,4.5,-20.0
2020-08-03 01:56:26,37,0.414,4.47,20.2
2020-08-03 01:56:26,38,0.418,4.48,-20.0
2020-08-03 01:56:26,39,0.411,4.46,-20.0
2020-08-03 01:56:26,40,0.42,4.46,-20.0
2020-08-03 01:56:26,41,0.418,4.5,-20.0
2020-08-03 01:56:26,42,0.401,4.48,-20.0
2020-08-03 01:56:26,43,0.402,4.47,-20.0
2020-08-03 01:56:26,44,0.415,4.49,-20.0
2020-08-03 01:56:26,45,0.419,4.5,-20.0
2020-08-03 01:56:26,46,0.421,4.48,-20.0
2020-08-03 01:56:26,47,0.413,4.48,-20.0
2020-08-03 01:56:26,48,0.398,4.48,-20.0
2020-08-03 01:56:26,49,0.49,4.46,22.3
2020-08-03 01:56:26,50,0.428,4.47,-20.0
2020-08-03 01:56:26,51,0.414,4.47,-20.0
2020-08-03 01:56:26,52,0.419,4.46,-20.0
2020-08-03 01:56:26,53,0.42,4.44,-20.0
2020-08-03 01:56:26,54,0.418,4.46,-20.0
2020-08-03 01:56:26,55,0.416,4.43,-20.0
2020-08-03 01:56:26,56,0.418,4.43,-20.0
2020-08-03 01:56:26,57,0.418,4.42,-20.0
2020-08-03 01:56:26,58,0.415,4.42,-20.0
2020-08-03 01:56:26,59,0.425,4.44,-20.0
2020-08-03 01:56:26,60,0.428,4.46,-20.0
2020-08-03 01:56:26,61,0.426,4.49,19.6
2020-08-03 01:56:26,62,0.42,4.48,-20.0
2020-08-03 01:56:26,63,0.418,4.47,-20.0
2020-08-03 01:56:26,64,0.414,4.45,-20.0
2020-08-03 01:56:26,65,0.414,4.45,-20.0
2020-08-03 01:56:26,66,0.421,4.45,-20.0
2020-08-03 01:56:26,67,0.416,4.42,-20.0
2020-08-03 01:56:26,68,0.416,4.46,-20.0
2020-08-03 01:56:26,69,0.418,4.45,-20.0
2020-08-03 01:56:26,70,0.413,4.46,-20.0
2020-08-03 01:56:26,71,0.418,4.48,-20.0
2020-08-03 01:56:26,72,0.415,4.49,-20.0
2020-08-03 01:56:26,73,0.403,4.51,20.0
2020-08-03 01:56:26,74,0.397,4.49,-20.0
2020-08-03 01:56:26,75,0.434,4.46,-20.0
2020-08-03 01:56:26,76,0.428,4.44,-20.0
2020-08-03 01:56:26,77,0.425,4.5,-20.0
2020-08-03 01:56:26,78,0.404,4.47,-20.0
2020-08-03 01:56:26,79,0.412,4.49,-20.0
2020-08-03 01:56:26,80,0.427,4.51,-20.0
2020-08-03 01:56:26,81,0.431,4.51,-20.0
2020-08-03 01:56:26,82,0.427,4.51,-20.0
2020-08-03 01:56:26,83,0.427,4.5,-20.0
2020-08-03 01:56:26,84,0.424,4.49,-20.0
2020-08-03 01:56:26,85,0.426,4.48,21.0
2020-08-03 01:56:26,86,0.416,4.46,-20.0
2020-08-03 01:56:26,87,0.444,4.47,-20.0
2020-08-03 01:56:26,88,0.411,4.48,-20.0
2020-08-03 01:56:26,89,0.415,4.5,-20.0
2020-08-03 01:56:26,90,0.418,4.48,-20.0
2020-08-03 01:56:26,91,0.417,4.48,-20.0
2020-08-03 01:56:26,92,0.409,4.5,-20.0
2020-08-03 01:56:26,93,0.419,4.5,-20.0
2020-08-03 01:56:26,94,0.428,4.46,-20.0
2020-08-03 01:56:26,95,0.427,4.46,-20.0
2020-08-03 01:56:26,96,0.421,4.48,-20.0
2020-08-03 13:55:58,1,0.412,4.51,23.2
2020-08-03 13:55:58,2,0.41,4.51,-20.0
2020-08-03 13:55:58,3,0.419,4.52,-20.0
2020-08-03 13:55:58,4,0.417,4.48,-20.0
2020-08-03 13:55:58,5,0.412,4.5,-20.0
2020-08-03 13:55:58,6,0.423,4.49,-20.0
2020-08-03 13:55:58,7,0.408,4.47,-20.0
2020-08-03 13:55:58,8,0.41,4.49,-20.0
2020-08-03 13:55:58,9,0.413,4.48,-20.0
2020-08-03 13:55:58,10,0.422,4.49,-20.0
2020-08-03 13:55:58,11,0.423,4.46,-20.0
2020-08-03 13:55:58,12,0.422,4.45,-20.0
2020-08-03 13:55:58,13,0.418,4.46,22.3
2020-08-03 13:55:58,14,0.421,4.47,-20.0
2020-08-03 13:55:58,15,0.415,4.51,-20.0
2020-08-03 13:55:58,16,0.432,4.52,-20.0
2020-08-03 13:55:58,17,0.42,4.49,-20.0
2020-08-03 13:55:58,18,0.433,4.49,-20.0
2020-08-03 13:55:58,19,0.441,4.46,-20.0
2020-08-03 13:55:58,20,0.413,4.47,-20.0
2020-08-03 13:55:58,21,0.417,4.48,-20.0
2020-08-03 13:55:58,22,0.418,4.46,-20.0
2020-08-03 13:55:58,23,0.447,4.48,-20.0
2020-08-03 13:55:58,24,0.412,4.48,-20.0
2020-08-03 13:55:58,25,0.418,4.5,19.9
2020-08-03 13:55:58,26,0.423,4.48,-20.0
2020-08-03 13:55:58,27,0.416,4.47,-20.0
2020-08-03 13:55:58,28,0.427,4.47,-20.0
2020-08-03 13:55:58,29,0.418,4.47,-20.0
2020-08-03 13:55:58,30,0.419,4.47,-20.0
2020-08-03 13:55:58,31,0.419,4.46,-20.0
2020-08-03 13:55:58,32,0.406,4.47,-20.0
2020-08-03 13:55:58,33,0.408,4.48,-20.0
2020-08-03 13:55:58,34,0.399,4.49,-20.0
2020-08-03 13:55:58,35,0.414,4.48,-20.0
2020-08-03 13:55:58,36,0.407,4.51,-20.0
2020-08-03 13:55:58,37,0.401,4.48,20.3
2020-08-03 13:55:58,38,0.404,4.49,-20.0
2020-08-03 13:55:58,39,0.403,4.46,-20.0
2020-08-03 13:55:58,40,0.42,4.48,-20.0
2020-08-03 13:55:58,41,0.419,4.49,-20.0
2020-08-03 13:55:58,42,0.403,4.48,-20.0
2020-08-03 13:55:58,43,0.406,4.48,-20.0
2020-08-03 13:55:58,44,0.418,4.49,-20.0
2020-08-03 13:55:58,45,0.417,4.5,-20.0
2020-08-03 13:55:58,46,0.42,4.48,-20.0
2020-08-03 13:55:58,47,0.413,4.48,-20.0
2020-08-03 13:55:58,48,0.402,4.47,-20.0
2020-08-03 13:55:58,49,0.489,4.46,22.5
2020-08-03 13:55:58,50,0.43,4.46,-20.0
2020-08-03 13:55:58,51,0.413,4.47,-20.0
2020-08-03 13:55:58,52,0.419,4.46,-20.0
2020-08-03 13:55:58,53,0.421,4.45,-20.0
2020-08-03 13:55:58,54,0.419,4.46,-20.0
2020-08-03 13:55:58,55,0.414,4.43,-20.0
2020-08-03 13:55:58,56,0.419,4.43,-20.0
2020-08-03 13:55:58,57,0.419,4.42,-20.0
2020-08-03 13:55:58,58,0.414,4.42,-20.0
2020-08-03 13:55:58,59,0.425,4.44,-20.0
2020-08-03 13:55:58,60,0.429,4.46,-20.0
2020-08-03 13:55:58,61,0.426,4.5,19.8
2020-08-03 13:55:58,62,0.421,4.49,-20.0
2020-08-03 13:55:58,63,0.416,4.47,-20.0
2020-08-03 13:55:58,64,0.411,4.45,-20.0
2020-08-03 13:55:58,65,0.412,4.44,-20.0
2020-08-03 13:55:58,66,0.421,4.45,-20.0
2020-08-03 13:55:58,67,0.415,4.43,-20.0
2020-08-03 13:55:58,68,0.418,4.45,-20.0
2020-08-03 13:55:58,69,0.417,4.45,-20.0
2020-08-03 13:55:58,70,0.412,4.46,-20.0
2020-08-03 13:55:58,71,0.416,4.48,-20.0
2020-08-03 13:55:58,72,0.415,4.48,-20.0
2020-08-03 13:55:58,73,0.404,4.51,20.2
2020-08-03 13:55:58,74,0.401,4.49,-20.0
2020-08-03 13:55:58,75,0.433,4.46,-20.0
2020-08-03 13:55:58,76,0.427,4.44,-20.0
2020-08-03 13:55:58,77,0.428,4.5,-20.0
2020-08-03 13:55:58,78,0.409,4.47,-20.0
2020-08-03 13:55:58,79,0.413,4.5,-20.0
2020-08-03 13:55:58,80,0.426,4.5,-20.0
2020-08-03 13:55:58,81,0.429,4.51,-20.0
2020-08-03 13:55:58,82,0.428,4.52,-20.0
2020-08-03 13:55:58,83,0.429,4.5,-20.0
2020-08-03 13:55:58,84,0.422,4.49,-20.0
2020-08-03 13:55:58,85,0.421,4.48,21.1
2020-08-03 13:55:58,86,0.417,4.47,-20.0
2020-08-03 13:55:58,87,0.444,4.46,-20.0
2020-08-03 13:55:58,88,0.411,4.48,-20.0
2020-08-03 13:55:58,89,0.417,4.5,-20.0
2020-08-03 13:55:58,90,0.415,4.47,-20.0
2020-08-03 13:55:58,91,0.418,4.48,-20.0
2020-08-03 13:55:58,92,0.41,4.5,-20.0
2020-08-03 13:55:58,93,0.421,4.49,-20.0
2020-08-03 13:55:58,94,0.428,4.47,-20.0
2020-08-03 13:55:58,95,0.423,4.46,-20.0
2020-08-03 13:55:58,96,0.419,4.48,-20.0
2020-08-04 01:55:35,1,0.413,4.5,23.2
2020-08-04 01:55:35,2,0.41,4.5,-20.0
2020-08-04 01:55:35,3,0.418,4.52,-20.0
2020-08-04 01:55:35,4,0.417,4.48,-20.0
2020-08-04 01:55:35,5,0.412,4.51,-20.0
2020-08-04 01:55:35,6,0.422,4.5,-20.0
2020-08-04 01:55:35,7,0.411,4.48,-20.0
2020-08-04 01:55:35,8,0.41,4.49,-20.0
2020-08-04 01:55:35,9,0.415,4.47,-20.0
2020-08-04 01:55:35,10,0.421,4.48,-20.0
2020-08-04 01:55:35,11,0.423,4.45,-20.0
2020-08-04 01:55:35,12,0.421,4.45,-20.0
2020-08-04 01:55:35,13,0.416,4.47,22.2
2020-08-04 01:55:35,14,0.42,4.48,-20.0
2020-08-04 01:55:35,15,0.419,4.51,-20.0
2020-08-04 01:55:35,16,0.432,4.52,-20.0
2020-08-04 01:55:35,17,0.419,4.48,-20.0
2020-08-04 01:55:35,18,0.432,4.49,-20.0
2020-08-04 01:55:35,19,0.443,4.46,-20.0
2020-08-04 01:55:35,20,0.414,4.47,-20.0
2020-08-04 01:55:35,21,0.415,4.47,-20.0
2020-08-04 01:55:35,22,0.419,4.46,-20.0
2020-08-04 01:55:35,23,0.448,4.49,-20.0
2020-08-04 01:55:35,24,0.414,4.48,-20.0
2020-08-04 01:55:35,25,0.418,4.5,19.8
2020-08-04 01:55:35,26,0.428,4.48,-20.0
2020-08-04 01:55:35,27,0.418,4.47,-20.0
2020-08-04 01:55:35,28,0.425,4.46,-20.0
2020-08-04 01:55:35,29,0.419,4.47,-20.0
2020-08-04 01:55:35,30,0.419,4.47,-20.0
2020-08-04 01:55:35,31,0.418,4.47,-20.0
2020-08-04 01:55:35,32,0.408,4.47,-20.0
2020-08-04 01:55:35,33,0.411,4.48,-20.0
2020-08-04 01:55:35,34,0.406,4.48,-20.0
2020-08-04 01:55:35,35,0.412,4.49,-20.0
2020-08-04 01:55:35,36,0.407,4.5,-20.0
2020-08-04 01:55:35,37,0.407,4.48,20.3
2020-08-04 01:55:35,38,0.406,4.48,-20.0
2020-08-04 01:55:35,39,0.409,4.48,-20.0
2020-08-04 01:55:35,40,0.419,4.48,-20.0
2020-08-04 01:55:35,41,0.42,4.49,-20.0
2020-08-04 01:55:35,42,0.406,4.48,-20.0
2020-08-04 01:55:35,43,0.408,4.47,-20.0
2020-08-04 01:55:35,44,0.42,4.49,-20.0
2020-08-04 01:55:35,45,0.418,4.5,-20.0
2020-08-04 01:55:35,46,0.417,4.49,-20.0
2020-08-04 01:55:35,47,0.416,4.49,-20.0
2020-08-04 01:55:35,48,0.408,4.47,-20.0
2020-08-04 01:55:35,49,0.488,4.46,22.3
2020-08-04 01:55:35,50,0.429,4.47,-20.0
2020-08-04 01:55:35,51,0.413,4.46,-20.0
2020-08-04 01:55:35,52,0.421,4.46,-20.0
2020-08-04 01:55:35,53,0.421,4.44,-20.0
2020-08-04 01:55:35,54,0.42,4.46,-20.0
2020-08-04 01:55:35,55,0.411,4.43,-20.0
2020-08-04 01:55:35,56,0.419,4.43,-20.0
2020-08-04 01:55:35,57,0.423,4.43,-20.0
2020-08-04 01:55:35,58,0.416,4.42,-20.0
2020-08-04 01:55:35,59,0.421,4.44,-20.0
2020-08-04 01:55:35,60,0.421,4.46,-20.0
2020-08-04 01:55:35,61,0.422,4.49,19.6
2020-08-04 01:55:35,62,0.418,4.5,-20.0
2020-08-04 01:55:35,63,0.404,4.48,-20.0
2020-08-04 01:55:35,64,0.404,4.45,-20.0
2020-08-04 01:55:35,65,0.391,4.44,-20.0
2020-08-04 01:55:35,66,0.418,4.45,-20.0
2020-08-04 01:55:35,67,0.411,4.43,-20.0
2020-08-04 01:55:35,68,0.406,4.45,-20.0
2020-08-04 01:55:35,69,0.417,4.44,-20.0
2020-08-04 01:55:35,70,0.414,4.46,-20.0
2020-08-04 01:55:35,71,0.415,4.48,-20.0
2020-08-04 01:55:35,72,0.418,4.48,-20.0
2020-08-04 01:55:35,73,0.408,4.51,20.1
2020-08-04 01:55:35,74,0.405,4.49,-20.0
2020-08-04 01:55:35,75,0.431,4.47,-20.0
2020-08-04 01:55:35,76,0.427,4.44,-20.0
2020-08-04 01:55:35,77,0.428,4.5,-20.0
2020-08-04 01:55:35,78,0.41,4.47,-20.0
2020-08-04 01:55:35,79,0.413,4.49,-20.0
2020-08-04 01:55:35,80,0.429,4.5,-20.0
2020-08-04 01:55:35,81,0.429,4.51,-20.0
2020-08-04 01:55:35,82,0.429,4.51,-20.0
2020-08-04 01:55:35,83,0.428,4.5,-20.0
2020-08-04 01:55:35,84,0.424,4.49,-20.0
2020-08-04 01:55:35,85,0.422,4.48,21.1
2020-08-04 01:55:35,86,0.417,4.46,-20.0
2020-08-04 01:55:35,87,0.445,4.46,-20.0
2020-08-04 01:55:35,88,0.408,4.47,-20.0
2020-08-04 01:55:35,89,0.413,4.5,-20.0
2020-08-04 01:55:35,90,0.416,4.47,-20.0
2020-08-04 01:55:35,91,0.42,4.48,-20.0
2020-08-04 01:55:35,92,0.409,4.5,-20.0
2020-08-04 01:55:35,93,0.42,4.5,-20.0
2020-08-04 01:55:35,94,0.428,4.47,-20.0
2020-08-04 01:55:35,95,0.421,4.46,-20.0
2020-08-04 01:55:35,96,0.417,4.48,-20.0
2020-08-04 13:54:59,1,0.414,4.5,24.2
2020-08-04 13:54:59,2,0.412,4.5,-20.0
2020-08-04 13:54:59,3,0.42,4.51,-20.0
2020-08-04 13:54:59,4,0.417,4.48,-20.0
2020-08-04 13:54:59,5,0.414,4.51,-20.0
2020-08-04 13:54:59,6,0.422,4.49,-20.0
2020-08-04 13:54:59,7,0.409,4.48,-20.0
2020-08-04 13:54:59,8,0.412,4.5,-20.0
2020-08-04 13:54:59,9,0.416,4.48,-20.0
2020-08-04 13:54:59,10,0.423,4.49,-20.0
2020-08-04 13:54:59,11,0.423,4.45,-20.0
2020-08-04 13:54:59,12,0.421,4.45,-20.0
2020-08-04 13:54:59,13,0.415,4.47,22.7
2020-08-04 13:54:59,14,0.421,4.48,-20.0
2020-08-04 13:54:59,15,0.418,4.52,-20.0
2020-08-04 13:54:59,16,0.43,4.53,-20.0
2020-08-04 13:54:59,17,0.421,4.48,-20.0
2020-08-04 13:54:59,18,0.432,4.48,-20.0
2020-08-04 13:54:59,19,0.443,4.47,-20.0
2020-08-04 13:54:59,20,0.415,4.47,-20.0
2020-08-04 13:54:59,21,0.416,4.48,-20.0
2020-08-04 13:54:59,22,0.418,4.46,-20.0
2020-08-04 13:54:59,23,0.438,4.47,-20.0
2020-08-04 13:54:59,24,0.404,4.48,-20.0
2020-08-04 13:54:59,25,0.417,4.49,20.0
2020-08-04 13:54:59,26,0.422,4.49,-20.0
2020-08-04 13:54:59,27,0.406,4.47,-20.0
2020-08-04 13:54:59,28,0.418,4.47,-20.0
2020-08-04 13:54:59,29,0.409,4.46,-20.0
2020-08-04 13:54:59,30,0.414,4.48,-20.0
2020-08-04 13:54:59,31,0.413,4.46,-20.0
2020-08-04 13:54:59,32,0.4,4.47,-20.0
2020-08-04 13:54:59,33,0.407,4.48,-20.0
2020-08-04 13:54:59,34,0.408,4.49,-20.0
2020-08-04 13:54:59,35,0.414,4.49,-20.0
2020-08-04 13:54:59,36,0.406,4.5,-20.0
2020-08-04 13:54:59,37,0.409,4.47,20.5
2020-08-04 13:54:59,38,0.409,4.48,-20.0
2020-08-04 13:54:59,39,0.41,4.47,-20.0
2020-08-04 13:54:59,40,0.419,4.47,-20.0
2020-08-04 13:54:59,41,0.417,4.49,-20.0
2020-08-04 13:54:59,42,0.404,4.47,-20.0
2020-08-04 13:54:59,43,0.414,4.48,-20.0
2020-08-04 13:54:59,44,0.421,4.49,-20.0
2020-08-04 13:54:59,45,0.418,4.49,-20.0
2020-08-04 13:54:59,46,0.419,4.48,-20.0
2020-08-04 13:54:59,47,0.414,4.49,-20.0
2020-08-04 13:54:59,48,0.409,4.48,-20.0
2020-08-04 13:54:59,49,0.487,4.47,23.4
2020-08-04 13:54:59,50,0.429,4.46,-20.0
2020-08-04 13:54:59,51,0.417,4.47,-20.0
2020-08-04 13:54:59,52,0.421,4.46,-20.0
2020-08-04 13:54:59,53,0.42,4.45,-20.0
2020-08-04 13:54:59,54,0.42,4.46,-20.0
2020-08-04 13:54:59,55,0.406,4.43,-20.0
2020-08-04 13:54:59,56,0.419,4.43,-20.0
2020-08-04 13:54:59,57,0.423,4.42,-20.0
2020-08-04 13:54:59,58,0.415,4.42,-20.0
2020-08-04 13:54:59,59,0.421,4.44,-20.0
2020-08-04 13:54:59,60,0.424,4.46,-20.0
2020-08-04 13:54:59,61,0.422,4.49,19.8
2020-08-04 13:54:59,62,0.419,4.5,-20.0
2020-08-04 13:54:59,63,0.408,4.48,-20.0
2020-08-04 13:54:59,64,0.405,4.45,-20.0
2020-08-04 13:54:59,65,0.397,4.45,-20.0
2020-08-04 13:54:59,66,0.421,4.45,-20.0
2020-08-04 13:54:59,67,0.412,4.42,-20.0
2020-08-04 13:54:59,68,0.409,4.45,-20.0
2020-08-04 13:54:59,69,0.417,4.45,-20.0
2020-08-04 13:54:59,70,0.42,4.46,-20.0
2020-08-04 13:54:59,71,0.416,4.48,-20.0
2020-08-04 13:54:59,72,0.418,4.48,-20.0
2020-08-04 13:54:59,73,0.41,4.51,20.4
2020-08-04 13:54:59,74,0.404,4.49,-20.0
2020-08-04 13:54:59,75,0.429,4.47,-20.0
2020-08-04 13:54:59,76,0.426,4.45,-20.0
2020-08-04 13:54:59,77,0.425,4.5,-20.0
2020-08-04 13:54:59,78,0.409,4.47,-20.0
2020-08-04 13:54:59,79,0.412,4.49,-20.0
2020-08-04 13:54:59,80,0.425,4.5,-20.0
2020-08-04 13:54:59,81,0.428,4.51,-20.0
2020-08-04 13:54:59,82,0.429,4.52,-20.0
2020-08-04 13:54:59,83,0.428,4.5,-20.0
2020-08-04 13:54:59,84,0.423,4.49,-20.0
2020-08-04 13:54:59,85,0.421,4.48,21.8
2020-08-04 13:54:59,86,0.416,4.46,-20.0
2020-08-04 13:54:59,87,0.445,4.45,-20.0
2020-08-04 13:54:59,88,0.409,4.47,-20.0
2020-08-04 13:54:59,89,0.413,4.5,-20.0
2020-08-04 13:54:59,90,0.416,4.47,-20.0
2020-08-04 13:54:59,91,0.42,4.48,-20.0
2020-08-04 13:54:59,92,0.407,4.5,-20.0
2020-08-04 13:54:59,93,0.422,4.5,-20.0
2020-08-04 13:54:59,94,0.429,4.47,-20.0
2020-08-04 13:54:59,95,0.421,4.46,-20.0
2020-08-04 13:54:59,96,0.414,4.48,-20.0
2020-08-05 01:54:33,1,0.414,4.5,24.5
2020-08-05 01:54:33,2,0.413,4.5,-20.0
2020-08-05 01:54:33,3,0.42,4.53,-20.0
2020-08-05 01:54:33,4,0.418,4.48,-20.0
2020-08-05 01:54:33,5,0.414,4.51,-20.0
2020-08-05 01:54:33,6,0.423,4.49,-20.0
2020-08-05 01:54:33,7,0.409,4.48,-20.0
2020-08-05 01:54:33,8,0.412,4.49,-20.0
2020-08-05 01:54:33,9,0.415,4.48,-20.0
2020-08-05 01:54:33,10,0.423,4.49,-20.0
2020-08-05 01:54:33,11,0.422,4.45,-20.0
2020-08-05 01:54:33,12,0.418,4.46,-20.0
2020-08-05 01:54:33,13,0.416,4.47,22.9
2020-08-05 01:54:33,14,0.42,4.49,-20.0
2020-08-05 01:54:33,15,0.415,4.51,-20.0
2020-08-05 01:54:33,16,0.427,4.52,-20.0
2020-08-05 01:54:33,17,0.421,4.48,-20.0
2020-08-05 01:54:33,18,0.429,4.49,-20.0
2020-08-05 01:54:33,19,0.444,4.47,-20.0
2020-08-05 01:54:33,20,0.412,4.46,-20.0
2020-08-05 01:54:33,21,0.418,4.47,-20.0
2020-08-05 01:54:33,22,0.419,4.46,-20.0
2020-08-05 01:54:33,23,0.44,4.48,-20.0
2020-08-05 01:54:33,24,0.408,4.5,-20.0
2020-08-05 01:54:33,25,0.415,4.49,20.2
2020-08-05 01:54:33,26,0.423,4.49,-20.0
2020-08-05 01:54:33,27,0.408,4.48,-20.0
2020-08-05 01:54:33,28,0.419,4.49,-20.0
2020-08-05 01:54:33,29,0.412,4.46,-20.0
2020-08-05 01:54:33,30,0.412,4.47,-20.0
2020-08-05 01:54:33,31,0.412,4.46,-20.0
2020-08-05 01:54:33,32,0.404,4.47,-20.0
2020-08-05 01:54:33,33,0.41,4.48,-20.0
2020-08-05 01:54:33,34,0.413,4.49,-20.0
2020-08-05 01:54:33,35,0.415,4.48,-20.0
2020-08-05 01:54:33,36,0.408,4.5,-20.0
2020-08-05 01:54:33,37,0.406,4.49,20.6
2020-08-05 01:54:33,38,0.411,4.48,-20.0
2020-08-05 01:54:33,39,0.411,4.47,-20.0
2020-08-05 01:54:33,40,0.418,4.47,-20.0
2020-08-05 01:54:33,41,0.416,4.48,-20.0
2020-08-05 01:54:33,42,0.405,4.47,-20.0
2020-08-05 01:54:33,43,0.416,4.48,-20.0
2020-08-05 01:54:33,44,0.422,4.49,-20.0
2020-08-05 01:54:33,45,0.417,4.5,-20.0
2020-08-05 01:54:33,46,0.416,4.48,-20.0
2020-08-05 01:54:33,47,0.415,4.49,-20.0
2020-08-05 01:54:33,48,0.418,4.48,-20.0
2020-08-05 01:54:33,49,0.484,4.46,23.5
2020-08-05 01:54:33,50,0.426,4.46,-20.0
2020-08-05 01:54:33,51,0.416,4.47,-20.0
2020-08-05 01:54:33,52,0.419,4.46,-20.0
2020-08-05 01:54:33,53,0.418,4.45,-20.0
2020-08-05 01:54:33,54,0.419,4.46,-20.0
2020-08-05 01:54:33,55,0.4,4.43,-20.0
2020-08-05 01:54:33,56,0.418,4.43,-20.0
2020-08-05 01:54:33,57,0.421,4.42,-20.0
2020-08-05 01:54:33,58,0.41,4.42,-20.0
2020-08-05 01:54:33,59,0.409,4.44,-20.0
2020-08-05 01:54:33,60,0.421,4.46,-20.0
2020-08-05 01:54:33,61,0.421,4.5,19.9
2020-08-05 01:54:33,62,0.418,4.5,-20.0
2020-08-05 01:54:33,63,0.411,4.48,-20.0
2020-08-05 01:54:33,64,0.406,4.46,-20.0
2020-08-05 01:54:33,65,0.401,4.44,-20.0
2020-08-05 01:54:33,66,0.42,4.44,-20.0
2020-08-05 01:54:33,67,0.413,4.42,-20.0
2020-08-05 01:54:33,68,0.413,4.45,-20.0
2020-08-05 01:54:33,69,0.42,4.44,-20.0
2020-08-05 01:54:33,70,0.419,4.46,-20.0
2020-08-05 01:54:33,71,0.418,4.49,-20.0
2020-08-05 01:54:33,72,0.418,4.48,-20.0
2020-08-05 01:54:33,73,0.412,4.51,20.5
2020-08-05 01:54:33,74,0.405,4.5,-20.0
2020-08-05 01:54:33,75,0.429,4.47,-20.0
2020-08-05 01:54:33,76,0.426,4.44,-20.0
2020-08-05 01:54:33,77,0.423,4.49,-20.0
2020-08-05 01:54:33,78,0.41,4.47,-20.0
2020-08-05 01:54:33,79,0.413,4.5,-20.0
2020-08-05 01:54:33,80,0.425,4.5,-20.0
2020-08-05 01:54:33,81,0.427,4.51,-20.0
2020-08-05 01:54:33,82,0.428,4.51,-20.0
2020-08-05 01:54:33,83,0.427,4.5,-20.0
2020-08-05 01:54:33,84,0.424,4.5,-20.0
2020-08-05 01:54:33,85,0.418,4.47,22.0
2020-08-05 01:54:33,86,0.418,4.46,-20.0
2020-08-05 01:54:33,87,0.447,4.45,-20.0
2020-08-05 01:54:33,88,0.41,4.47,-20.0
2020-08-05 01:54:33,89,0.413,4.5,-20.0
2020-08-05 01:54:33,90,0.41,4.47,-20.0
2020-08-05 01:54:33,91,0.418,4.49,-20.0
2020-08-05 01:54:33,92,0.405,4.5,-20.0
2020-08-05 01:54:33,93,0.42,4.49,-20.0
2020-08-05 01:54:33,94,0.428,4.47,-20.0
2020-08-05 01:54:33,95,0.42,4.45,-20.0
2020-08-05 01:54:33,96,0.414,4.47,-20.0
2020-08-05 13:53:57,1,0.415,4.5,24.6
2020-08-05 13:53:57,2,0.416,4.5,-20.0
2020-08-05 13:53:57,3,0.42,4.52,-20.0
2020-08-05 13:53:57,4,0.419,4.48,-20.0
2020-08-05 13:53:57,5,0.414,4.52,-20.0
2020-08-05 13:53:57,6,0.424,4.49,-20.0
2020-08-05 13:53:57,7,0.408,4.47,-20.0
2020-08-05 13:53:57,8,0.411,4.5,-20.0
2020-08-05 13:53:57,9,0.417,4.46,-20.0
2020-08-05 13:53:57,10,0.425,4.49,-20.0
2020-08-05 13:53:57,11,0.422,4.44,-20.0
2020-08-05 13:53:57,12,0.421,4.46,-20.0
2020-08-05 13:53:57,13,0.416,4.47,23.1
2020-08-05 13:53:57,14,0.42,4.48,-20.0
2020-08-05 13:53:57,15,0.413,4.52,-20.0
2020-08-05 13:53:57,16,0.426,4.53,-20.0
2020-08-05 13:53:57,17,0.422,4.49,-20.0
2020-08-05 13:53:57,18,0.424,4.49,-20.0
2020-08-05 13:53:57,19,0.436,4.47,-20.0
2020-08-05 13:53:57,20,0.41,4.45,-20.0
2020-08-05 13:53:57,21,0.415,4.47,-20.0
2020-08-05 13:53:57,22,0.423,4.46,-20.0
2020-08-05 13:53:57,23,0.432,4.48,-20.0
2020-08-05 13:53:57,24,0.396,4.49,-20.0
2020-08-05 13:53:57,25,0.418,4.49,20.3
2020-08-05 13:53:57,26,0.425,4.5,-20.0
2020-08-05 13:53:57,27,0.408,4.45,-20.0
2020-08-05 13:53:57,28,0.419,4.47,-20.0
2020-08-05 13:53:57,29,0.413,4.46,-20.0
2020-08-05 13:53:57,30,0.412,4.46,-20.0
2020-08-05 13:53:57,31,0.413,4.45,-20.0
2020-08-05 13:53:57,32,0.407,4.46,-20.0
2020-08-05 13:53:57,33,0.412,4.48,-20.0
2020-08-05 13:53:57,34,0.414,4.5,-20.0
2020-08-05 13:53:57,35,0.413,4.49,-20.0
2020-08-05 13:53:57,36,0.409,4.5,-20.0
2020-08-05 13:53:57,37,0.411,4.48,20.7
2020-08-05 13:53:57,38,0.415,4.49,-20.0
2020-08-05 13:53:57,39,0.41,4.47,-20.0
2020-08-05 13:53:57,40,0.416,4.48,-20.0
2020-08-05 13:53:57,41,0.415,4.49,-20.0
2020-08-05 13:53:57,42,0.408,4.47,-20.0
2020-08-05 13:53:57,43,0.417,4.47,-20.0
2020-08-05 13:53:57,44,0.424,4.5,-20.0
2020-08-05 13:53:57,45,0.415,4.51,-20.0
2020-08-05 13:53:57,46,0.414,4.49,-20.0
2020-08-05 13:53:57,47,0.414,4.49,-20.0
2020-08-05 13:53:57,48,0.416,4.48,-20.0
2020-08-05 13:53:57,49,0.487,4.46,23.7
2020-08-05 13:53:57,50,0.423,4.47,-20.0
2020-08-05 13:53:57,51,0.413,4.47,-20.0
2020-08-05 13:53:57,52,0.419,4.46,-20.0
2020-08-05 13:53:57,53,0.418,4.45,-20.0
2020-08-05 13:53:57,54,0.418,4.46,-20.0
2020-08-05 13:53:57,55,0.405,4.43,-20.0
2020-08-05 13:53:57,56,0.416,4.42,-20.0
2020-08-05 13:53:57,57,0.42,4.42,-20.0
2020-08-05 13:53:57,58,0.41,4.42,-20.0
2020-08-05 13:53:57,59,0.411,4.44,-20.0
2020-08-05 13:53:57,60,0.419,4.46,-20.0
2020-08-05 13:53:57,61,0.423,4.5,20.0
2020-08-05 13:53:57,62,0.419,4.5,-20.0
2020-08-05 13:53:57,63,0.414,4.48,-20.0
2020-08-05 13:53:57,64,0.406,4.46,-20.0
2020-08-05 13:53:57,65,0.407,4.44,-20.0
2020-08-05 13:53:57,66,0.42,4.44,-20.0
2020-08-05 13:53:57,67,0.412,4.42,-20.0
2020-08-05 13:53:57,68,0.412,4.45,-20.0
2020-08-05 13:53:57,69,0.424,4.44,-20.0
2020-08-05 13:53:57,70,0.418,4.46,-20.0
2020-08-05 13:53:57,71,0.417,4.49,-20.0
2020-08-05 13:53:57,72,0.417,4.49,-20.0
2020-08-05 13:53:57,73,0.414,4.51,20.6
2020-08-05 13:53:57,74,0.408,4.5,-20.0
2020-08-05 13:53:57,75,0.429,4.46,-20.0
2020-08-05 13:53:57,76,0.426,4.44,-20.0
2020-08-05 13:53:57,77,0.422,4.49,-20.0
2020-08-05 13:53:57,78,0.411,4.47,-20.0
2020-08-05 13:53:57,79,0.414,4.5,-20.0
2020-08-05 13:53:57,80,0.423,4.51,-20.0
2020-08-05 13:53:57,81,0.431,4.51,-20.0
2020-08-05 13:53:57,82,0.428,4.52,-20.0
2020-08-05 13:53:57,83,0.428,4.51,-20.0
2020-08-05 13:53:57,84,0.422,4.5,-20.0
2020-08-05 13:53:57,85,0.417,4.48,22.1
2020-08-05 13:53:57,86,0.415,4.45,-20.0
2020-08-05 13:53:57,87,0.443,4.45,-20.0
2020-08-05 13:53:57,88,0.408,4.48,-20.0
2020-08-05 13:53:57,89,0.407,4.51,-20.0
2020-08-05 13:53:57,90,0.408,4.47,-20.0
2020-08-05 13:53:57,91,0.418,4.49,-20.0
2020-08-05 13:53:57,92,0.401,4.5,-20.0
2020-08-05 13:53:57,93,0.417,4.49,-20.0
2020-08-05 13:53:57,94,0.423,4.47,-20.0
2020-08-05 13:53:57,95,0.416,4.46,-20.0
2020-08-05 13:53:57,96,0.415,4.47,-20.0
2020-08-06 01:53:22,1,0.415,4.5,24.6
2020-08-06 01:53:22,2,0.417,4.5,-20.0
2020-08-06 01:53:22,3,0.423,4.52,-20.0
2020-08-06 01:53:22,4,0.42,4.48,-20.0
2020-08-06 01:53:22,5,0.413,4.52,-20.0
2020-08-06 01:53:22,6,0.422,4.49,-20.0
2020-08-06 01:53:22,7,0.409,4.48,-20.0
2020-08-06 01:53:22,8,0.411,4.51,-20.0
2020-08-06 01:53:22,9,0.417,4.48,-20.0
2020-08-06 01:53:22,10,0.423,4.48,-20.0
2020-08-06 01:53:22,11,0.421,4.45,-20.0
2020-08-06 01:53:22,12,0.419,4.46,-20.0
2020-08-06 01:53:22,13,0.417,4.47,23.2
2020-08-06 01:53:22,14,0.419,4.49,-20.0
2020-08-06 01:53:22,15,0.414,4.52,-20.0
2020-08-06 01:53:22,16,0.427,4.54,-20.0
2020-08-06 01:53:22,17,0.423,4.49,-20.0
2020-08-06 01:53:22,18,0.429,4.48,-20.0
2020-08-06 01:53:22,19,0.436,4.47,-20.0
2020-08-06 01:53:22,20,0.412,4.47,-20.0
2020-08-06 01:53:22,21,0.415,4.48,-20.0
2020-08-06 01:53:22,22,0.422,4.46,-20.0
2020-08-06 01:53:22,23,0.437,4.49,-20.0
2020-08-06 01:53:22,24,0.4,4.48,-20.0
2020-08-06 01:53:22,25,0.419,4.5,20.4
2020-08-06 01:53:22,26,0.425,4.48,-20.0
2020-08-06 01:53:22,27,0.414,4.46,-20.0
2020-08-06 01:53:22,28,0.419,4.47,-20.0
2020-08-06 01:53:22,29,0.415,4.46,-20.0
2020-08-06 01:53:22,30,0.413,4.47,-20.0
2020-08-06 01:53:22,31,0.415,4.46,-20.0
2020-08-06 01:53:22,32,0.409,4.47,-20.0
2020-08-06 01:53:22,33,0.412,4.47,-20.0
2020-08-06 01:53:22,34,0.415,4.49,-20.0
2020-08-06 01:53:22,35,0.412,4.49,-20.0
2020-08-06 01:53:22,36,0.412,4.51,-20.0
2020-08-06 01:53:22,37,0.413,4.48,20.8
2020-08-06 01:53:22,38,0.416,4.49,-20.0
2020-08-06 01:53:22,39,0.413,4.47,-20.0
2020-08-06 01:53:22,40,0.415,4.47,-20.0
2020-08-06 01:53:22,41,0.412,4.49,-20.0
2020-08-06 01:53:22,42,0.411,4.47,-20.0
2020-08-06 01:53:22,43,0.42,4.47,-20.0
2020-08-06 01:53:22,44,0.425,4.49,-20.0
2020-08-06 01:53:22,45,0.417,4.51,-20.0
2020-08-06 01:53:22,46,0.417,4.49,-20.0
2020-08-06 01:53:22,47,0.417,4.49,-20.0
2020-08-06 01:53:22,48,0.418,4.47,-20.0
2020-08-06 01:53:22,49,0.487,4.46,23.8
2020-08-06 01:53:22,50,0.426,4.47,-20.0
2020-08-06 01:53:22,51,0.416,4.47,-20.0
2020-08-06 01:53:22,52,0.421,4.46,-20.0
2020-08-06 01:53:22,53,0.42,4.45,-20.0
2020-08-06 01:53:22,54,0.417,4.46,-20.0
2020-08-06 01:53:22,55,0.407,4.43,-20.0
2020-08-06 01:53:22,56,0.416,4.43,-20.0
2020-08-06 01:53:22,57,0.424,4.42,-20.0
2020-08-06 01:53:22,58,0.413,4.42,-20.0
2020-08-06 01:53:22,59,0.412,4.44,-20.0
2020-08-06 01:53:22,60,0.421,4.46,-20.0
2020-08-06 01:53:22,61,0.423,4.51,20.1
2020-08-06 01:53:22,62,0.419,4.5,-20.0
2020-08-06 01:53:22,63,0.414,4.48,-20.0
2020-08-06 01:53:22,64,0.408,4.46,-20.0
2020-08-06 01:53:22,65,0.409,4.44,-20.0
2020-08-06 01:53:22,66,0.417,4.44,-20.0
2020-08-06 01:53:22,67,0.414,4.42,-20.0
2020-08-06 01:53:22,68,0.413,4.46,-20.0
2020-08-06 01:53:22,69,0.425,4.44,-20.0
2020-08-06 01:53:22,70,0.423,4.47,-20.0
2020-08-06 01:53:22,71,0.418,4.49,-20.0
2020-08-06 01:53:22,72,0.418,4.5,-20.0
2020-08-06 01:53:22,73,0.414,4.52,20.7
2020-08-06 01:53:22,74,0.41,4.49,-20.0
2020-08-06 01:53:22,75,0.431,4.47,-20.0
2020-08-06 01:53:22,76,0.426,4.45,-20.0
2020-08-06 01:53:22,77,0.422,4.5,-20.0
2020-08-06 01:53:22,78,0.413,4.46,-20.0
2020-08-06 01:53:22,79,0.416,4.5,-20.0
2020-08-06 01:53:22,80,0.421,4.51,-20.0
2020-08-06 01:53:22,81,0.426,4.52,-20.0
2020-08-06 01:53:22,82,0.426,4.52,-20.0
2020-08-06 01:53:22,83,0.428,4.5,-20.0
2020-08-06 01:53:22,84,0.424,4.5,-20.0
2020-08-06 01:53:22,85,0.417,4.48,22.1
2020-08-06 01:53:22,86,0.417,4.46,-20.0
2020-08-06 01:53:22,87,0.444,4.45,-20.0
2020-08-06 01:53:22,88,0.408,4.46,-20.0
2020-08-06 01:53:22,89,0.409,4.51,-20.0
2020-08-06 01:53:22,90,0.406,4.47,-20.0
2020-08-06 01:53:22,91,0.416,4.48,-20.0
2020-08-06 01:53:22,92,0.402,4.5,-20.0
2020-08-06 01:53:22,93,0.418,4.5,-20.0
2020-08-06 01:53:22,94,0.424,4.48,-20.0
2020-08-06 01:53:22,95,0.419,4.46,-20.0
2020-08-06 01:53:22,96,0.416,4.48,-20.0
2020-08-06 13:52:58,1,0.417,4.49,24.7
2020-08-06 13:52:58,2,0.417,4.5,-20.0
2020-08-06 13:52:58,3,0.421,4.52,-20.0
2020-08-06 13:52:58,4,0.416,4.48,-20.0
2020-08-06 13:52:58,5,0.41,4.51,-20.0
2020-08-06 13:52:58,6,0.419,4.5,-20.0
2020-08-06 13:52:58,7,0.407,4.48,-20.0
2020-08-06 13:52:58,8,0.407,4.5,-20.0
2020-08-06 13:52:58,9,0.416,4.47,-20.0
2020-08-06 13:52:58,10,0.42,4.49,-20.0
2020-08-06 13:52:58,11,0.416,4.44,-20.0
2020-08-06 13:52:58,12,0.414,4.46,-20.0
2020-08-06 13:52:58,13,0.413,4.48,23.3
2020-08-06 13:52:58,14,0.42,4.48,-20.0
2020-08-06 13:52:58,15,0.415,4.52,-20.0
2020-08-06 13:52:58,16,0.429,4.52,-20.0
2020-08-06 13:52:58,17,0.423,4.48,-20.0
2020-08-06 13:52:58,18,0.429,4.49,-20.0
2020-08-06 13:52:58,19,0.439,4.46,-20.0
2020-08-06 13:52:58,20,0.411,4.46,-20.0
2020-08-06 13:52:58,21,0.413,4.48,-20.0
2020-08-06 13:52:58,22,0.422,4.46,-20.0
2020-08-06 13:52:58,23,0.439,4.48,-20.0
2020-08-06 13:52:58,24,0.402,4.49,-20.0
2020-08-06 13:52:58,25,0.417,4.51,20.4
2020-08-06 13:52:58,26,0.424,4.5,-20.0
2020-08-06 13:52:58,27,0.412,4.46,-20.0
2020-08-06 13:52:58,28,0.421,4.48,-20.0
2020-08-06 13:52:58,29,0.415,4.46,-20.0
2020-08-06 13:52:58,30,0.413,4.46,-20.0
2020-08-06 13:52:58,31,0.417,4.46,-20.0
2020-08-06 13:52:58,32,0.409,4.46,-20.0
2020-08-06 13:52:58,33,0.412,4.48,-20.0
2020-08-06 13:52:58,34,0.416,4.5,-20.0
2020-08-06 13:52:58,35,0.414,4.48,-20.0
2020-08-06 13:52:58,36,0.414,4.51,-20.0
2020-08-06 13:52:58,37,0.411,4.47,20.8
2020-08-06 13:52:58,38,0.419,4.48,-20.0
2020-08-06 13:52:58,39,0.414,4.46,-20.0
2020-08-06 13:52:58,40,0.416,4.46,-20.0
2020-08-06 13:52:58,41,0.412,4.49,-20.0
2020-08-06 13:52:58,42,0.414,4.47,-20.0
2020-08-06 13:52:58,43,0.42,4.48,-20.0
2020-08-06 13:52:58,44,0.426,4.49,-20.0
2020-08-06 13:52:58,45,0.418,4.51,-20.0
2020-08-06 13:52:58,46,0.421,4.49,-20.0
2020-08-06 13:52:58,47,0.421,4.49,-20.0
2020-08-06 13:52:58,48,0.417,4.48,-20.0
2020-08-06 13:52:58,49,0.487,4.46,23.8
2020-08-06 13:52:58,50,0.428,4.47,-20.0
2020-08-06 13:52:58,51,0.415,4.47,-20.0
2020-08-06 13:52:58,52,0.421,4.46,-20.0
2020-08-06 13:52:58,53,0.421,4.45,-20.0
2020-08-06 13:52:58,54,0.417,4.46,-20.0
2020-08-06 13:52:58,55,0.408,4.43,-20.0
2020-08-06 13:52:58,56,0.414,4.43,-20.0
2020-08-06 13:52:58,57,0.423,4.42,-20.0
2020-08-06 13:52:58,58,0.416,4.42,-20.0
2020-08-06 13:52:58,59,0.417,4.44,-20.0
2020-08-06 13:52:58,60,0.422,4.46,-20.0
2020-08-06 13:52:58,61,0.422,4.51,20.1
2020-08-06 13:52:58,62,0.417,4.51,-20.0
2020-08-06 13:52:58,63,0.414,4.47,-20.0
2020-08-06 13:52:58,64,0.406,4.46,-20.0
2020-08-06 13:52:58,65,0.413,4.44,-20.0
2020-08-06 13:52:58,66,0.419,4.44,-20.0
2020-08-06 13:52:58,67,0.414,4.42,-20.0
2020-08-06 13:52:58,68,0.414,4.45,-20.0
2020-08-06 13:52:58,69,0.423,4.44,-20.0
2020-08-06 13:52:58,70,0.421,4.46,-20.0
2020-08-06 13:52:58,71,0.417,4.49,-20.0
2020-08-06 13:52:58,72,0.416,4.49,-20.0
2020-08-06 13:52:58,73,0.414,4.51,20.7
2020-08-06 13:52:58,74,0.41,4.49,-20.0
2020-08-06 13:52:58,75,0.429,4.47,-20.0
2020-08-06 13:52:58,76,0.425,4.44,-20.0
2020-08-06 13:52:58,77,0.423,4.49,-20.0
2020-08-06 13:52:58,78,0.411,4.46,-20.0
2020-08-06 13:52:58,79,0.411,4.49,-20.0
2020-08-06 13:52:58,80,0.421,4.51,-20.0
2020-08-06 13:52:58,81,0.424,4.52,-20.0
2020-08-06 13:52:58,82,0.423,4.52,-20.0
2020-08-06 13:52:58,83,0.426,4.51,-20.0
2020-08-06 13:52:58,84,0.424,4.5,-20.0
2020-08-06 13:52:58,85,0.415,4.48,22.2
2020-08-06 13:52:58,86,0.417,4.46,-20.0
2020-08-06 13:52:58,87,0.441,4.45,-20.0
2020-08-06 13:52:58,88,0.406,4.46,-20.0
2020-08-06 13:52:58,89,0.412,4.5,-20.0
2020-08-06 13:52:58,90,0.407,4.47,-20.0
2020-08-06 13:52:58,91,0.415,4.49,-20.0
2020-08-06 13:52:58,92,0.403,4.5,-20.0
2020-08-06 13:52:58,93,0.42,4.49,-20.0
2020-08-06 13:52:58,94,0.422,4.47,-20.0
2020-08-06 13:52:58,95,0.42,4.46,-20.0
2020-08-06 13:52:58,96,0.413,4.48,-20.0
2020-08-07 01:52:20,1,0.416,4.49,24.7
2020-08-07 01:52:20,2,0.419,4.5,-20.0
2020-08-07 01:52:20,3,0.419,4.53,-20.0
2020-08-07 01:52:20,4,0.415,4.49,-20.0
2020-08-07 01:52:20,5,0.412,4.52,-20.0
2020-08-07 01:52:20,6,0.419,4.49,-20.0
2020-08-07 01:52:20,7,0.408,4.49,-20.0
2020-08-07 01:52:20,8,0.407,4.51,-20.0
2020-08-07 01:52:20,9,0.414,4.47,-20.0
2020-08-07 01:52:20,10,0.422,4.48,-20.0
2020-08-07 01:52:20,11,0.417,4.45,-20.0
2020-08-07 01:52:20,12,0.416,4.45,-20.0
2020-08-07 01:52:20,13,0.412,4.48,23.3
2020-08-07 01:52:20,14,0.42,4.5,-20.0
2020-08-07 01:52:20,15,0.413,4.51,-20.0
2020-08-07 01:52:20,16,0.428,4.52,-20.0
2020-08-07 01:52:20,17,0.421,4.48,-20.0
2020-08-07 01:52:20,18,0.429,4.49,-20.0
2020-08-07 01:52:20,19,0.439,4.46,-20.0
2020-08-07 01:52:20,20,0.411,4.45,-20.0
2020-08-07 01:52:20,21,0.416,4.47,-20.0
2020-08-07 01:52:20,22,0.42,4.47,-20.0
2020-08-07 01:52:20,23,0.441,4.48,-20.0
2020-08-07 01:52:20,24,0.405,4.48,-20.0
2020-08-07 01:52:20,25,0.416,4.49,20.4
2020-08-07 01:52:20,26,0.425,4.51,-20.0
2020-08-07 01:52:20,27,0.412,4.46,-20.0
2020-08-07 01:52:20,28,0.419,4.47,-20.0
2020-08-07 01:52:20,29,0.416,4.45,-20.0
2020-08-07 01:52:20,30,0.415,4.47,-20.0
2020-08-07 01:52:20,31,0.42,4.45,-20.0
2020-08-07 01:52:20,32,0.41,4.46,-20.0
2020-08-07 01:52:20,33,0.41,4.48,-20.0
2020-08-07 01:52:20,34,0.416,4.48,-20.0
2020-08-07 01:52:20,35,0.412,4.5,-20.0
2020-08-07 01:52:20,36,0.413,4.5,-20.0
2020-08-07 01:52:20,37,0.417,4.49,20.9
2020-08-07 01:52:20,38,0.418,4.49,-20.0
2020-08-07 01:52:20,39,0.415,4.47,-20.0
2020-08-07 01:52:20,40,0.416,4.47,-20.0
2020-08-07 01:52:20,41,0.412,4.49,-20.0
2020-08-07 01:52:20,42,0.396,4.48,-20.0
2020-08-07 01:52:20,43,0.4,4.47,-20.0
2020-08-07 01:52:20,44,0.416,4.48,-20.0
2020-08-07 01:52:20,45,0.419,4.5,-20.0
2020-08-07 01:52:20,46,0.42,4.49,-20.0
2020-08-07 01:52:20,47,0.408,4.48,-20.0
2020-08-07 01:52:20,48,0.401,4.48,-20.0
2020-08-07 01:52:20,49,0.487,4.46,23.7
2020-08-07 01:52:20,50,0.428,4.47,-20.0
2020-08-07 01:52:20,51,0.413,4.48,-20.0
2020-08-07 01:52:20,52,0.418,4.47,-20.0
2020-08-07 01:52:20,53,0.42,4.45,-20.0
2020-08-07 01:52:20,54,0.417,4.46,-20.0
2020-08-07 01:52:20,55,0.409,4.43,-20.0
2020-08-07 01:52:20,56,0.414,4.42,-20.0
2020-08-07 01:52:20,57,0.422,4.42,-20.0
2020-08-07 01:52:20,58,0.416,4.42,-20.0
2020-08-07 01:52:20,59,0.418,4.44,-20.0
2020-08-07 01:52:20,60,0.425,4.46,-20.0
2020-08-07 01:52:20,61,0.422,4.5,20.2
2020-08-07 01:52:20,62,0.414,4.5,-20.0
2020-08-07 01:52:20,63,0.416,4.48,-20.0
2020-08-07 01:52:20,64,0.408,4.46,-20.0
2020-08-07 01:52:20,65,0.413,4.44,-20.0
2020-08-07 01:52:20,66,0.42,4.45,-20.0
2020-08-07 01:52:20,67,0.418,4.43,-20.0
2020-08-07 01:52:20,68,0.417,4.45,-20.0
2020-08-07 01:52:20,69,0.423,4.45,-20.0
2020-08-07 01:52:20,70,0.416,4.46,-20.0
2020-08-07 01:52:20,71,0.416,4.5,-20.0
2020-08-07 01:52:20,72,0.42,4.49,-20.0
2020-08-07 01:52:20,73,0.415,4.51,20.7
2020-08-07 01:52:20,74,0.409,4.49,-20.0
2020-08-07 01:52:20,75,0.427,4.46,-20.0
2020-08-07 01:52:20,76,0.427,4.44,-20.0
2020-08-07 01:52:20,77,0.424,4.5,-20.0
2020-08-07 01:52:20,78,0.412,4.46,-20.0
2020-08-07 01:52:20,79,0.41,4.49,-20.0
2020-08-07 01:52:20,80,0.425,4.51,-20.0
2020-08-07 01:52:20,81,0.423,4.52,-20.0
2020-08-07 01:52:20,82,0.422,4.52,-20.0
2020-08-07 01:52:20,83,0.424,4.51,-20.0
2020-08-07 01:52:20,84,0.422,4.5,-20.0
2020-08-07 01:52:20,85,0.417,4.47,22.1
2020-08-07 01:52:20,86,0.417,4.46,-20.0
2020-08-07 01:52:20,87,0.44,4.45,-20.0
2020-08-07 01:52:20,88,0.405,4.47,-20.0
2020-08-07 01:52:20,89,0.414,4.5,-20.0
2020-08-07 01:52:20,90,0.41,4.47,-20.0
2020-08-07 01:52:20,91,0.416,4.49,-20.0
2020-08-07 01:52:20,92,0.403,4.51,-20.0
2020-08-07 01:52:20,93,0.421,4.49,-20.0
2020-08-07 01:52:20,94,0.422,4.47,-20.0
2020-08-07 01:52:20,95,0.42,4.46,-20.0
2020-08-07 01:52:20,96,0.412,4.48,-20.0
2020-08-07 13:51:46,1,0.413,4.5,24.7
2020-08-07 13:51:46,2,0.413,4.51,-20.0
2020-08-07 13:51:46,3,0.417,4.52,-20.0
2020-08-07 13:51:46,4,0.414,4.47,-20.0
2020-08-07 13:51:46,5,0.412,4.52,-20.0
2020-08-07 13:51:46,6,0.418,4.49,-20.0
2020-08-07 13:51:46,7,0.406,4.49,-20.0
2020-08-07 13:51:46,8,0.407,4.5,-20.0
2020-08-07 13:51:46,9,0.413,4.47,-20.0
2020-08-07 13:51:46,10,0.42,4.49,-20.0
2020-08-07 13:51:46,11,0.418,4.44,-20.0
2020-08-07 13:51:46,12,0.413,4.45,-20.0
2020-08-07 13:51:46,13,0.408,4.47,23.4
2020-08-07 13:51:46,14,0.42,4.49,-20.0
2020-08-07 13:51:46,15,0.409,4.52,-20.0
2020-08-07 13:51:46,16,0.427,4.53,-20.0
2020-08-07 13:51:46,17,0.42,4.49,-20.0
2020-08-07 13:51:46,18,0.43,4.49,-20.0
2020-08-07 13:51:46,19,0.44,4.46,-20.0
2020-08-07 13:51:46,20,0.41,4.47,-20.0
2020-08-07 13:51:46,21,0.414,4.47,-20.0
2020-08-07 13:51:46,22,0.42,4.47,-20.0
2020-08-07 13:51:46,23,0.442,4.47,-20.0
2020-08-07 13:51:46,24,0.407,4.48,-20.0
2020-08-07 13:51:46,25,0.415,4.5,20.4
2020-08-07 13:51:46,26,0.423,4.49,-20.0
2020-08-07 13:51:46,27,0.412,4.47,-20.0
2020-08-07 13:51:46,28,0.419,4.47,-20.0
2020-08-07 13:51:46,29,0.418,4.46,-20.0
2020-08-07 13:51:46,30,0.414,4.47,-20.0
2020-08-07 13:51:46,31,0.421,4.46,-20.0
2020-08-07 13:51:46,32,0.413,4.47,-20.0
2020-08-07 13:51:46,33,0.411,4.48,-20.0
2020-08-07 13:51:46,34,0.416,4.49,-20.0
2020-08-07 13:51:46,35,0.413,4.48,-20.0
2020-08-07 13:51:46,36,0.409,4.51,-20.0
2020-08-07 13:51:46,37,0.417,4.48,20.9
2020-08-07 13:51:46,38,0.419,4.48,-20.0
2020-08-07 13:51:46,39,0.416,4.47,-20.0
2020-08-07 13:51:46,40,0.415,4.47,-20.0
2020-08-07 13:51:46,41,0.413,4.49,-20.0
2020-08-07 13:51:46,42,0.399,4.47,-20.0
2020-08-07 13:51:46,43,0.404,4.47,-20.0
2020-08-07 13:51:46,44,0.422,4.49,-20.0
2020-08-07 13:51:46,45,0.417,4.5,-20.0
2020-08-07 13:51:46,46,0.418,4.5,-20.0
2020-08-07 13:51:46,47,0.413,4.48,-20.0
2020-08-07 13:51:46,48,0.404,4.48,-20.0
2020-08-07 13:51:46,49,0.487,4.45,23.9
2020-08-07 13:51:46,50,0.429,4.47,-20.0
2020-08-07 13:51:46,51,0.413,4.47,-20.0
2020-08-07 13:51:46,52,0.418,4.47,-20.0
2020-08-07 13:51:46,53,0.419,4.45,-20.0
2020-08-07 13:51:46,54,0.415,4.46,-20.0
2020-08-07 13:51:46,55,0.408,4.43,-20.0
2020-08-07 13:51:46,56,0.413,4.43,-20.0
2020-08-07 13:51:46,58,0.419,4.42,-20.0
2020-08-07 13:51:46,59,0.416,4.44,-20.0
2020-08-07 13:51:46,60,0.425,4.45,-20.0
2020-08-07 13:51:46,61,0.416,4.5,20.1
2020-08-07 13:51:46,62,0.416,4.5,-20.0
2020-08-07 13:51:46,63,0.416,4.48,-20.0
2020-08-07 13:51:46,64,0.408,4.46,-20.0
2020-08-07 13:51:46,65,0.41,4.44,-20.0
2020-08-07 13:51:46,66,0.419,4.45,-20.0
2020-08-07 13:51:46,67,0.416,4.42,-20.0
2020-08-07 13:51:46,68,0.417,4.45,-20.0
2020-08-07 13:51:46,69,0.421,4.45,-20.0
2020-08-07 13:51:46,70,0.413,4.46,-20.0
2020-08-07 13:51:46,71,0.414,4.49,-20.0
2020-08-07 13:51:46,72,0.417,4.5,-20.0
2020-08-07 13:51:46,73,0.402,4.52,20.7
2020-08-07 13:51:46,74,0.401,4.49,-20.0
2020-08-07 13:51:46,75,0.43,4.47,-20.0
2020-08-07 13:51:46,76,0.427,4.44,-20.0
2020-08-07 13:51:46,77,0.425,4.5,-20.0
2020-08-07 13:51:46,78,0.404,4.46,-20.0
2020-08-07 13:51:46,79,0.408,4.49,-20.0
2020-08-07 13:51:46,80,0.423,4.51,-20.0
2020-08-07 13:51:46,81,0.423,4.52,-20.0
2020-08-07 13:51:46,82,0.423,4.51,-20.0
2020-08-07 13:51:46,83,0.423,4.5,-20.0
2020-08-07 13:51:46,84,0.422,4.5,-20.0
2020-08-07 13:51:46,85,0.415,4.48,22.2
2020-08-07 13:51:46,86,0.417,4.46,-20.0
2020-08-07 13:51:46,87,0.442,4.45,-20.0
2020-08-07 13:51:46,88,0.404,4.46,-20.0
2020-08-07 13:51:46,89,0.412,4.5,-20.0
2020-08-07 13:51:46,90,0.411,4.47,-20.0
2020-08-07 13:51:46,91,0.416,4.49,-20.0
2020-08-07 13:51:46,92,0.401,4.5,-20.0
2020-08-07 13:51:46,93,0.42,4.5,-20.0
2020-08-07 13:51:46,94,0.421,4.48,-20.0
2020-08-07 13:51:46,95,0.417,4.46,-20.0
2020-08-07 13:51:46,96,0.41,4.48,-20.0
2020-08-08 01:51:24,1,0.417,4.49,24.6
2020-08-08 01:51:24,2,0.416,4.5,-20.0
2020-08-08 01:51:24,3,0.418,4.52,-20.0
2020-08-08 01:51:24,4,0.416,4.48,-20.0
2020-08-08 01:51:24,5,0.409,4.53,-20.0
2020-08-08 01:51:24,6,0.419,4.5,-20.0
2020-08-08 01:51:24,7,0.406,4.49,-20.0
2020-08-08 01:51:24,8,0.413,4.51,-20.0
2020-08-08 01:51:24,9,0.413,4.47,-20.0
2020-08-08 01:51:24,10,0.42,4.49,-20.0
2020-08-08 01:51:24,11,0.417,4.45,-20.0
2020-08-08 01:51:24,12,0.415,4.46,-20.0
2020-08-08 01:51:24,13,0.409,4.47,23.4
2020-08-08 01:51:24,14,0.42,4.48,-20.0
2020-08-08 01:51:24,15,0.411,4.52,-20.0
2020-08-08 01:51:24,16,0.423,4.52,-20.0
2020-08-08 01:51:24,17,0.417,4.48,-20.0
2020-08-08 01:51:24,18,0.428,4.5,-20.0
2020-08-08 01:51:24,19,0.44,4.47,-20.0
2020-08-08 01:51:24,20,0.411,4.46,-20.0
2020-08-08 01:51:24,21,0.413,4.47,-20.0
2020-08-08 01:51:24,22,0.421,4.47,-20.0
2020-08-08 01:51:24,23,0.443,4.47,-20.0
2020-08-08 01:51:24,24,0.408,4.5,-20.0
2020-08-08 01:51:24,25,0.415,4.51,20.4
2020-08-08 01:51:24,26,0.426,4.49,-20.0
2020-08-08 01:51:24,27,0.414,4.46,-20.0
2020-08-08 01:51:24,28,0.421,4.47,-20.0
2020-08-08 01:51:24,29,0.419,4.45,-20.0
2020-08-08 01:51:24,30,0.413,4.48,-20.0
2020-08-08 01:51:24,31,0.421,4.46,-20.0
2020-08-08 01:51:24,32,0.402,4.46,-20.0
2020-08-08 01:51:24,33,0.407,4.48,-20.0
2020-08-08 01:51:24,34,0.4,4.49,-20.0
2020-08-08 01:51:24,35,0.409,4.48,-20.0
2020-08-08 01:51:24,36,0.41,4.5,-20.0
2020-08-08 01:51:24,37,0.404,4.49,20.9
2020-08-08 01:51:24,38,0.401,4.48,-20.0
2020-08-08 01:51:24,39,0.402,4.46,-20.0
2020-08-08 01:51:24,40,0.412,4.48,-20.0
2020-08-08 01:51:24,41,0.41,4.5,-20.0
2020-08-08 01:51:24,42,0.389,4.48,-20.0
2020-08-08 01:51:24,43,0.407,4.48,-20.0
2020-08-08 01:51:24,44,0.425,4.49,-20.0
2020-08-08 01:51:24,45,0.42,4.5,-20.0
2020-08-08 01:51:24,46,0.419,4.5,-20.0
2020-08-08 01:51:24,47,0.417,4.48,-20.0
2020-08-08 01:51:24,48,0.41,4.47,-20.0
2020-08-08 01:51:24,49,0.488,4.46,23.7
2020-08-08 01:51:24,50,0.43,4.47,-20.0
2020-08-08 01:51:24,51,0.414,4.48,-20.0
2020-08-08 01:51:24,52,0.418,4.46,-20.0
2020-08-08 01:51:24,53,0.42,4.46,-20.0
2020-08-08 01:51:24,54,0.415,4.46,-20.0
2020-08-08 01:51:24,55,0.412,4.43,-20.0
2020-08-08 01:51:24,56,0.412,4.43,-20.0
2020-08-08 01:51:24,57,0.421,4.43,-20.0
2020-08-08 01:51:24,58,0.418,4.41,-20.0
2020-08-08 01:51:24,59,0.416,4.44,-20.0
2020-08-08 01:51:24,60,0.42,4.46,-20.0
2020-08-08 01:51:24,61,0.418,4.5,20.1
2020-08-08 01:51:24,62,0.416,4.5,-20.0
2020-08-08 01:51:24,63,0.418,4.48,-20.0
2020-08-08 01:51:24,64,0.406,4.45,-20.0
2020-08-08 01:51:24,65,0.41,4.44,-20.0
2020-08-08 01:51:24,66,0.418,4.44,-20.0
2020-08-08 01:51:24,67,0.417,4.43,-20.0
2020-08-08 01:51:24,68,0.414,4.45,-20.0
2020-08-08 01:51:24,69,0.422,4.45,-20.0
2020-08-08 01:51:24,70,0.413,4.46,-20.0
2020-08-08 01:51:24,71,0.413,4.5,-20.0
2020-08-08 01:51:24,72,0.416,4.49,-20.0
2020-08-08 01:51:24,73,0.408,4.52,20.7
2020-08-08 01:51:24,74,0.401,4.49,-20.0
2020-08-08 01:51:24,75,0.431,4.46,-20.0
2020-08-08 01:51:24,76,0.425,4.44,-20.0
2020-08-08 01:51:24,77,0.425,4.49,-20.0
2020-08-08 01:51:24,78,0.409,4.46,-20.0
2020-08-08 01:51:24,79,0.41,4.49,-20.0
2020-08-08 01:51:24,80,0.423,4.52,-20.0
2020-08-08 01:51:24,81,0.425,4.52,-20.0
2020-08-08 01:51:24,82,0.426,4.51,-20.0
2020-08-08 01:51:24,83,0.424,4.5,-20.0
2020-08-08 01:51:24,84,0.425,4.49,-20.0
2020-08-08 01:51:24,85,0.417,4.48,22.2
2020-08-08 01:51:24,86,0.416,4.46,-20.0
2020-08-08 01:51:24,87,0.443,4.46,-20.0
2020-08-08 01:51:24,88,0.406,4.47,-20.0
2020-08-08 01:51:24,89,0.411,4.5,-20.0
2020-08-08 01:51:24,90,0.411,4.47,-20.0
2020-08-08 01:51:24,91,0.418,4.48,-20.0
2020-08-08 01:51:24,92,0.401,4.5,-20.0
2020-08-08 01:51:24,93,0.421,4.5,-20.0
2020-08-08 01:51:24,94,0.425,4.47,-20.0
2020-08-08 01:51:24,95,0.419,4.45,-20.0
2020-08-08 01:51:24,96,0.414,4.48,-20.0
2020-08-08 13:50:54,1,0.42,4.49,24.7
2020-08-08 13:50:54,2,0.417,4.5,-20.0
2020-08-08 13:50:54,3,0.42,4.52,-20.0
2020-08-08 13:50:54,4,0.415,4.48,-20.0
2020-08-08 13:50:54,5,0.408,4.52,-20.0
2020-08-08 13:50:54,6,0.421,4.5,-20.0
2020-08-08 13:50:54,7,0.406,4.48,-20.0
2020-08-08 13:50:54,8,0.415,4.5,-20.0
2020-08-08 13:50:54,9,0.413,4.47,-20.0
2020-08-08 13:50:54,10,0.421,4.49,-20.0
2020-08-08 13:50:54,11,0.417,4.44,-20.0
2020-08-08 13:50:54,12,0.417,4.46,-20.0
2020-08-08 13:50:54,13,0.409,4.48,23.3
2020-08-08 13:50:54,14,0.42,4.49,-20.0
2020-08-08 13:50:54,15,0.414,4.53,-20.0
2020-08-08 13:50:54,16,0.423,4.52,-20.0
2020-08-08 13:50:54,17,0.414,4.49,-20.0
2020-08-08 13:50:54,18,0.429,4.49,-20.0
2020-08-08 13:50:54,19,0.438,4.46,-20.0
2020-08-08 13:50:54,20,0.412,4.47,-20.0
2020-08-08 13:50:54,21,0.418,4.48,-20.0
2020-08-08 13:50:54,22,0.42,4.47,-20.0
2020-08-08 13:50:54,23,0.443,4.48,-20.0
2020-08-08 13:50:54,24,0.408,4.49,-20.0
2020-08-08 13:50:54,25,0.414,4.5,20.4
2020-08-08 13:50:54,26,0.425,4.49,-20.0
2020-08-08 13:50:54,27,0.41,4.47,-20.0
2020-08-08 13:50:54,28,0.424,4.47,-20.0
2020-08-08 13:50:54,29,0.42,4.46,-20.0
2020-08-08 13:50:54,30,0.414,4.47,-20.0
2020-08-08 13:50:54,31,0.419,4.46,-20.0
2020-08-08 13:50:54,32,0.404,4.46,-20.0
2020-08-08 13:50:54,33,0.412,4.48,-20.0
2020-08-08 13:50:54,34,0.404,4.49,-20.0
2020-08-08 13:50:54,35,0.407,4.48,-20.0
2020-08-08 13:50:54,36,0.407,4.51,-20.0
2020-08-08 13:50:54,37,0.405,4.49,20.9
2020-08-08 13:50:54,38,0.404,4.48,-20.0
2020-08-08 13:50:54,39,0.405,4.47,-20.0
2020-08-08 13:50:54,40,0.412,4.47,-20.0
2020-08-08 13:50:54,41,0.41,4.49,-20.0
2020-08-08 13:50:54,42,0.39,4.47,-20.0
2020-08-08 13:50:54,43,0.407,4.48,-20.0
2020-08-08 13:50:54,44,0.425,4.48,-20.0
2020-08-08 13:50:54,45,0.421,4.5,-20.0
2020-08-08 13:50:54,46,0.422,4.49,-20.0
2020-08-08 13:50:54,47,0.424,4.49,-20.0
2020-08-08 13:50:54,48,0.413,4.48,-20.0
2020-08-08 13:50:54,49,0.491,4.46,23.6
2020-08-08 13:50:54,50,0.426,4.47,-20.0
2020-08-08 13:50:54,51,0.41,4.47,-20.0
2020-08-08 13:50:54,52,0.417,4.46,-20.0
2020-08-08 13:50:54,53,0.42,4.46,-20.0
2020-08-08 13:50:54,54,0.417,4.46,-20.0
2020-08-08 13:50:54,55,0.41,4.43,-20.0
2020-08-08 13:50:54,56,0.415,4.43,-20.0
2020-08-08 13:50:54,57,0.42,4.42,-20.0
2020-08-08 13:50:54,58,0.419,4.42,-20.0
2020-08-08 13:50:54,59,0.419,4.44,-20.0
2020-08-08 13:50:54,60,0.42,4.46,-20.0
2020-08-08 13:50:54,61,0.42,4.51,20.2
2020-08-08 13:50:54,62,0.413,4.5,-20.0
2020-08-08 13:50:54,63,0.403,4.48,-20.0
2020-08-08 13:50:54,64,0.403,4.46,-20.0
2020-08-08 13:50:54,65,0.401,4.44,-20.0
2020-08-08 13:50:54,66,0.419,4.45,-20.0
2020-08-08 13:50:54,67,0.412,4.43,-20.0
2020-08-08 13:50:54,68,0.401,4.45,-20.0
2020-08-08 13:50:54,69,0.42,4.45,-20.0
2020-08-08 13:50:54,70,0.405,4.47,-20.0
2020-08-08 13:50:54,71,0.413,4.49,-20.0
2020-08-08 13:50:54,72,0.413,4.49,-20.0
2020-08-08 13:50:54,73,0.41,4.51,20.7
2020-08-08 13:50:54,74,0.404,4.49,-20.0
2020-08-08 13:50:54,75,0.428,4.46,-20.0
2020-08-08 13:50:54,76,0.426,4.44,-20.0
2020-08-08 13:50:54,77,0.425,4.49,-20.0
2020-08-08 13:50:54,78,0.409,4.47,-20.0
2020-08-08 13:50:54,79,0.409,4.49,-20.0
2020-08-08 13:50:54,80,0.424,4.51,-20.0
2020-08-08 13:50:54,81,0.424,4.52,-20.0
2020-08-08 13:50:54,82,0.426,4.51,-20.0
2020-08-08 13:50:54,83,0.422,4.51,-20.0
2020-08-08 13:50:54,84,0.424,4.49,-20.0
2020-08-08 13:50:54,85,0.417,4.47,22.2
2020-08-08 13:50:54,86,0.416,4.46,-20.0
2020-08-08 13:50:54,87,0.445,4.45,-20.0
2020-08-08 13:50:54,88,0.406,4.47,-20.0
2020-08-08 13:50:54,89,0.413,4.5,-20.0
2020-08-08 13:50:54,90,0.412,4.48,-20.0
2020-08-08 13:50:54,91,0.418,4.49,-20.0
2020-08-08 13:50:54,92,0.4,4.5,-20.0
2020-08-08 13:50:54,93,0.421,4.5,-20.0
2020-08-08 13:50:54,94,0.428,4.47,-20.0
2020-08-08 13:50:54,95,0.418,4.46,-20.0
2020-08-08 13:50:54,96,0.413,4.48,-20.0
2020-08-09 01:50:30,1,0.418,4.5,24.8
2020-08-09 01:50:30,2,0.417,4.5,-20.0
2020-08-09 01:50:30,3,0.42,4.52,-20.0
2020-08-09 01:50:30,4,0.414,4.48,-20.0
2020-08-09 01:50:30,5,0.406,4.52,-20.0
2020-08-09 01:50:30,6,0.422,4.48,-20.0
2020-08-09 01:50:30,7,0.409,4.48,-20.0
2020-08-09 01:50:30,8,0.414,4.5,-20.0
2020-08-09 01:50:30,9,0.412,4.48,-20.0
2020-08-09 01:50:30,10,0.419,4.49,-20.0
2020-08-09 01:50:30,11,0.417,4.45,-20.0
2020-08-09 01:50:30,12,0.418,4.45,-20.0
2020-08-09 01:50:30,13,0.41,4.48,23.6
2020-08-09 01:50:30,14,0.42,4.48,-20.0
2020-08-09 01:50:30,15,0.416,4.52,-20.0
2020-08-09 01:50:30,16,0.427,4.54,-20.0
2020-08-09 01:50:30,17,0.413,4.49,-20.0
2020-08-09 01:50:30,18,0.432,4.49,-20.0
2020-08-09 01:50:30,19,0.441,4.47,-20.0
2020-08-09 01:50:30,20,0.414,4.47,-20.0
2020-08-09 01:50:30,21,0.417,4.47,-20.0
2020-08-09 01:50:30,22,0.418,4.47,-20.0
2020-08-09 01:50:30,23,0.444,4.49,-20.0
2020-08-09 01:50:30,24,0.408,4.49,-20.0
2020-08-09 01:50:30,25,0.415,4.5,20.8
2020-08-09 01:50:30,26,0.421,4.49,-20.0
2020-08-09 01:50:30,27,0.399,4.46,-20.0
2020-08-09 01:50:30,28,0.419,4.46,-20.0
2020-08-09 01:50:30,29,0.406,4.47,-20.0
2020-08-09 01:50:30,30,0.412,4.47,-20.0
2020-08-09 01:50:30,31,0.418,4.45,-20.0
2020-08-09 01:50:30,32,0.396,4.46,-20.0
2020-08-09 01:50:30,33,0.408,4.48,-20.0
2020-08-09 01:50:30,34,0.407,4.49,-20.0
2020-08-09 01:50:30,35,0.411,4.48,-20.0
2020-08-09 01:50:30,36,0.405,4.5,-20.0
2020-08-09 01:50:30,37,0.409,4.47,21.3
2020-08-09 01:50:30,38,0.407,4.48,-20.0
2020-08-09 01:50:30,39,0.408,4.46,-20.0
2020-08-09 01:50:30,40,0.41,4.48,-20.0
2020-08-09 01:50:30,41,0.413,4.49,-20.0
2020-08-09 01:50:30,42,0.398,4.47,-20.0
2020-08-09 01:50:30,43,0.411,4.48,-20.0
2020-08-09 01:50:30,44,0.426,4.49,-20.0
2020-08-09 01:50:30,45,0.421,4.5,-20.0
2020-08-09 01:50:30,46,0.42,4.49,-20.0
2020-08-09 01:50:30,47,0.423,4.48,-20.0
2020-08-09 01:50:30,48,0.416,4.49,-20.0
2020-08-09 01:50:30,49,0.487,4.45,23.8
2020-08-09 01:50:30,50,0.428,4.47,-20.0
2020-08-09 01:50:30,51,0.41,4.47,-20.0
2020-08-09 01:50:30,52,0.417,4.46,-20.0
2020-08-09 01:50:30,53,0.419,4.46,-20.0
2020-08-09 01:50:30,54,0.418,4.46,-20.0
2020-08-09 01:50:30,55,0.416,4.43,-20.0
2020-08-09 01:50:30,56,0.414,4.43,-20.0
2020-08-09 01:50:30,57,0.42,4.42,-20.0
2020-08-09 01:50:30,58,0.42,4.42,-20.0
2020-08-09 01:50:30,59,0.419,4.44,-20.0
2020-08-09 01:50:30,60,0.417,4.46,-20.0
2020-08-09 01:50:30,61,0.42,4.51,20.6
2020-08-09 01:50:30,62,0.415,4.5,-20.0
2020-08-09 01:50:30,63,0.406,4.48,-20.0
2020-08-09 01:50:30,64,0.406,4.45,-20.0
2020-08-09 01:50:30,65,0.403,4.44,-20.0
2020-08-09 01:50:30,66,0.421,4.45,-20.0
2020-08-09 01:50:30,67,0.412,4.43,-20.0
2020-08-09 01:50:30,68,0.406,4.45,-20.0
2020-08-09 01:50:30,69,0.421,4.45,-20.0
2020-08-09 01:50:30,70,0.406,4.47,-20.0
2020-08-09 01:50:30,71,0.412,4.49,-20.0
2020-08-09 01:50:30,72,0.415,4.49,-20.0
2020-08-09 01:50:30,73,0.412,4.52,21.4
2020-08-09 01:50:30,74,0.404,4.5,-20.0
2020-08-09 01:50:30,75,0.428,4.46,-20.0
2020-08-09 01:50:30,76,0.428,4.44,-20.0
2020-08-09 01:50:30,77,0.421,4.5,-20.0
2020-08-09 01:50:30,78,0.41,4.46,-20.0
2020-08-09 01:50:30,79,0.408,4.49,-20.0
2020-08-09 01:50:30,80,0.422,4.51,-20.0
2020-08-09 01:50:30,81,0.425,4.51,-20.0
2020-08-09 01:50:30,82,0.43,4.52,-20.0
2020-08-09 01:50:30,83,0.423,4.51,-20.0
2020-08-09 01:50:30,84,0.426,4.5,-20.0
2020-08-09 01:50:30,85,0.417,4.47,22.8
2020-08-09 01:50:30,86,0.418,4.46,-20.0
2020-08-09 01:50:30,87,0.442,4.46,-20.0
2020-08-09 01:50:30,88,0.405,4.47,-20.0
2020-08-09 01:50:30,89,0.416,4.5,-20.0
2020-08-09 01:50:30,90,0.414,4.48,-20.0
2020-08-09 01:50:30,91,0.42,4.48,-20.0
2020-08-09 01:50:30,92,0.402,4.5,-20.0
2020-08-09 01:50:30,93,0.423,4.5,-20.0
2020-08-09 01:50:30,94,0.427,4.47,-20.0
2020-08-09 01:50:30,95,0.418,4.46,-20.0
2020-08-09 01:50:30,96,0.415,4.48,-20.0
2020-08-09 13:50:05,1,0.414,4.5,24.8
2020-08-09 13:50:05,2,0.414,4.51,-20.0
2020-08-09 13:50:05,3,0.419,4.52,-20.0
2020-08-09 13:50:05,4,0.415,4.48,-20.0
2020-08-09 13:50:05,5,0.405,4.51,-20.0
2020-08-09 13:50:05,6,0.424,4.5,-20.0
2020-08-09 13:50:05,7,0.407,4.49,-20.0
2020-08-09 13:50:05,8,0.414,4.51,-20.0
2020-08-09 13:50:05,9,0.41,4.47,-20.0
2020-08-09 13:50:05,10,0.418,4.49,-20.0
2020-08-09 13:50:05,11,0.422,4.44,-20.0
2020-08-09 13:50:05,12,0.42,4.45,-20.0
2020-08-09 13:50:05,13,0.413,4.48,23.6
2020-08-09 13:50:05,14,0.417,4.5,-20.0
2020-08-09 13:50:05,15,0.414,4.52,-20.0
2020-08-09 13:50:05,16,0.431,4.53,-20.0
2020-08-09 13:50:05,17,0.418,4.48,-20.0
2020-08-09 13:50:05,18,0.432,4.48,-20.0
2020-08-09 13:50:05,19,0.439,4.46,-20.0
2020-08-09 13:50:05,20,0.413,4.47,-20.0
2020-08-09 13:50:05,21,0.418,4.47,-20.0
2020-08-09 13:50:05,22,0.419,4.47,-20.0
2020-08-09 13:50:05,23,0.445,4.48,-20.0
2020-08-09 13:50:05,24,0.407,4.48,-20.0
2020-08-09 13:50:05,25,0.417,4.5,20.9
2020-08-09 13:50:05,26,0.421,4.47,-20.0
2020-08-09 13:50:05,27,0.401,4.46,-20.0
2020-08-09 13:50:05,28,0.421,4.48,-20.0
2020-08-09 13:50:05,29,0.41,4.46,-20.0
2020-08-09 13:50:05,30,0.415,4.48,-20.0
2020-08-09 13:50:05,31,0.418,4.46,-20.0
2020-08-09 13:50:05,32,0.396,4.46,-20.0
2020-08-09 13:50:05,33,0.411,4.49,-20.0
2020-08-09 13:50:05,34,0.408,4.48,-20.0
2020-08-09 13:50:05,35,0.412,4.49,-20.0
2020-08-09 13:50:05,36,0.408,4.5,-20.0
2020-08-09 13:50:05,37,0.409,4.48,21.3
2020-08-09 13:50:05,38,0.408,4.49,-20.0
2020-08-09 13:50:05,39,0.41,4.46,-20.0
2020-08-09 13:50:05,40,0.41,4.46,-20.0
2020-08-09 13:50:05,41,0.414,4.49,-20.0
2020-08-09 13:50:05,42,0.399,4.48,-20.0
2020-08-09 13:50:05,43,0.413,4.48,-20.0
2020-08-09 13:50:05,44,0.427,4.49,-20.0
2020-08-09 13:50:05,45,0.417,4.5,-20.0
2020-08-09 13:50:05,46,0.417,4.49,-20.0
2020-08-09 13:50:05,47,0.422,4.48,-20.0
2020-08-09 13:50:05,48,0.417,4.48,-20.0
2020-08-09 13:50:05,49,0.489,4.46,23.9
2020-08-09 13:50:05,50,0.43,4.47,-20.0
2020-08-09 13:50:05,51,0.408,4.47,-20.0
2020-08-09 13:50:05,52,0.419,4.46,-20.0
2020-08-09 13:50:05,53,0.42,4.46,-20.0
2020-08-09 13:50:05,54,0.419,4.46,-20.0
2020-08-09 13:50:05,55,0.407,4.43,-20.0
2020-08-09 13:50:05,56,0.416,4.42,-20.0
2020-08-09 13:50:05,57,0.419,4.42,-20.0
2020-08-09 13:50:05,58,0.411,4.43,-20.0
2020-08-09 13:50:05,59,0.404,4.44,-20.0
2020-08-09 13:50:05,60,0.409,4.46,-20.0
2020-08-09 13:50:05,61,0.419,4.5,20.7
2020-08-09 13:50:05,62,0.413,4.5,-20.0
2020-08-09 13:50:05,63,0.391,4.48,-20.0
2020-08-09 13:50:05,64,0.401,4.46,-20.0
2020-08-09 13:50:05,65,0.395,4.45,-20.0
2020-08-09 13:50:05,66,0.421,4.45,-20.0
2020-08-09 13:50:05,67,0.411,4.42,-20.0
2020-08-09 13:50:05,68,0.408,4.45,-20.0
2020-08-09 13:50:05,69,0.417,4.45,-20.0
2020-08-09 13:50:05,70,0.411,4.47,-20.0
2020-08-09 13:50:05,71,0.413,4.48,-20.0
2020-08-09 13:50:05,72,0.417,4.49,-20.0
2020-08-09 13:50:05,73,0.411,4.52,21.1
2020-08-09 13:50:05,74,0.407,4.5,-20.0
2020-08-09 13:50:05,75,0.428,4.47,-20.0
2020-08-09 13:50:05,76,0.427,4.44,-20.0
2020-08-09 13:50:05,77,0.422,4.5,-20.0
2020-08-09 13:50:05,78,0.41,4.47,-20.0
2020-08-09 13:50:05,79,0.41,4.5,-20.0
2020-08-09 13:50:05,80,0.425,4.51,-20.0
2020-08-09 13:50:05,81,0.425,4.5,-20.0
2020-08-09 13:50:05,82,0.428,4.52,-20.0
2020-08-09 13:50:05,83,0.423,4.51,-20.0
2020-08-09 13:50:05,84,0.428,4.5,-20.0
2020-08-09 13:50:05,85,0.419,4.48,22.3
2020-08-09 13:50:05,86,0.416,4.46,-20.0
2020-08-09 13:50:05,87,0.441,4.46,-20.0
2020-08-09 13:50:05,88,0.404,4.47,-20.0
2020-08-09 13:50:05,89,0.415,4.5,-20.0
2020-08-09 13:50:05,90,0.414,4.47,-20.0
2020-08-09 13:50:05,91,0.421,4.49,-20.0
2020-08-09 13:50:05,92,0.401,4.5,-20.0
2020-08-09 13:50:05,93,0.42,4.49,-20.0
2020-08-09 13:50:05,94,0.424,4.47,-20.0
2020-08-09 13:50:05,95,0.419,4.46,-20.0
2020-08-09 13:50:05,96,0.414,4.48,-20.0
2020-08-10 01:49:34,1,0.415,4.51,24.8
2020-08-10 01:49:34,2,0.415,4.51,-20.0
2020-08-10 01:49:34,3,0.419,4.53,-20.0
2020-08-10 01:49:34,4,0.415,4.47,-20.0
2020-08-10 01:49:34,5,0.405,4.5,-20.0
2020-08-10 01:49:34,6,0.421,4.48,-20.0
2020-08-10 01:49:34,7,0.409,4.48,-20.0
2020-08-10 01:49:34,8,0.412,4.51,-20.0
2020-08-10 01:49:34,9,0.41,4.47,-20.0
2020-08-10 01:49:34,10,0.416,4.49,-20.0
2020-08-10 01:49:34,11,0.422,4.46,-20.0
2020-08-10 01:49:34,12,0.421,4.46,-20.0
2020-08-10 01:49:34,13,0.413,4.48,23.7
2020-08-10 01:49:34,14,0.417,4.49,-20.0
2020-08-10 01:49:34,15,0.415,4.52,-20.0
2020-08-10 01:49:34,16,0.429,4.51,-20.0
2020-08-10 01:49:34,17,0.412,4.49,-20.0
2020-08-10 01:49:34,18,0.425,4.48,-20.0
2020-08-10 01:49:34,19,0.433,4.47,-20.0
2020-08-10 01:49:34,20,0.412,4.47,-20.0
2020-08-10 01:49:34,21,0.415,4.47,-20.0
2020-08-10 01:49:34,22,0.419,4.47,-20.0
2020-08-10 01:49:34,23,0.445,4.47,-20.0
2020-08-10 01:49:34,24,0.411,4.49,-20.0
2020-08-10 01:49:34,25,0.419,4.5,20.9
2020-08-10 01:49:34,26,0.42,4.47,-20.0
2020-08-10 01:49:34,27,0.403,4.47,-20.0
2020-08-10 01:49:34,28,0.421,4.48,-20.0
2020-08-10 01:49:34,29,0.413,4.46,-20.0
2020-08-10 01:49:34,30,0.414,4.47,-20.0
2020-08-10 01:49:34,31,0.419,4.46,-20.0
2020-08-10 01:49:34,32,0.4,4.47,-20.0
2020-08-10 01:49:34,33,0.411,4.48,-20.0
2020-08-10 01:49:34,34,0.411,4.49,-20.0
2020-08-10 01:49:34,35,0.414,4.49,-20.0
2020-08-10 01:49:34,36,0.408,4.5,-20.0
2020-08-10 01:49:34,37,0.41,4.49,21.3
2020-08-10 01:49:34,38,0.41,4.49,-20.0
2020-08-10 01:49:34,39,0.41,4.47,-20.0
2020-08-10 01:49:34,40,0.411,4.47,-20.0
2020-08-10 01:49:34,41,0.411,4.49,-20.0
2020-08-10 01:49:34,42,0.403,4.48,-20.0
2020-08-10 01:49:34,43,0.413,4.47,-20.0
2020-08-10 01:49:34,44,0.428,4.49,-20.0
2020-08-10 01:49:34,45,0.415,4.49,-20.0
2020-08-10 01:49:34,46,0.418,4.49,-20.0
2020-08-10 01:49:34,47,0.426,4.49,-20.0
2020-08-10 01:49:34,48,0.423,4.48,-20.0
2020-08-10 01:49:34,49,0.487,4.45,23.9
2020-08-10 01:49:34,50,0.43,4.47,-20.0
2020-08-10 01:49:34,51,0.409,4.47,-20.0
2020-08-10 01:49:34,52,0.415,4.46,-20.0
2020-08-10 01:49:34,53,0.42,4.46,-20.0
2020-08-10 01:49:34,54,0.419,4.46,-20.0
2020-08-10 01:49:34,55,0.41,4.43,-20.0
2020-08-10 01:49:34,56,0.415,4.42,-20.0
2020-08-10 01:49:34,57,0.421,4.42,-20.0
2020-08-10 01:49:34,58,0.415,4.42,-20.0
2020-08-10 01:49:34,59,0.409,4.44,-20.0
2020-08-10 01:49:34,60,0.418,4.46,-20.0
2020-08-10 01:49:34,61,0.422,4.5,20.7
2020-08-10 01:49:34,62,0.415,4.5,-20.0
2020-08-10 01:49:34,63,0.399,4.48,-20.0
2020-08-10 01:49:34,64,0.403,4.46,-20.0
2020-08-10 01:49:34,65,0.399,4.45,-20.0
2020-08-10 01:49:34,66,0.421,4.45,-20.0
2020-08-10 01:49:34,67,0.413,4.42,-20.0
2020-08-10 01:49:34,68,0.409,4.45,-20.0
2020-08-10 01:49:34,69,0.415,4.45,-20.0
2020-08-10 01:49:34,70,0.414,4.47,-20.0
2020-08-10 01:49:34,71,0.414,4.48,-20.0
2020-08-10 01:49:34,72,0.417,4.48,-20.0
2020-08-10 01:49:34,73,0.412,4.51,21.1
2020-08-10 01:49:34,74,0.409,4.5,-20.0
2020-08-10 01:49:34,75,0.431,4.47,-20.0
2020-08-10 01:49:34,76,0.426,4.44,-20.0
2020-08-10 01:49:34,77,0.424,4.5,-20.0
2020-08-10 01:49:34,78,0.41,4.47,-20.0
2020-08-10 01:49:34,79,0.412,4.49,-20.0
2020-08-10 01:49:34,80,0.423,4.51,-20.0
2020-08-10 01:49:34,81,0.427,4.51,-20.0
2020-08-10 01:49:34,82,0.423,4.51,-20.0
2020-08-10 01:49:34,83,0.424,4.51,-20.0
2020-08-10 01:49:34,84,0.427,4.49,-20.0
2020-08-10 01:49:34,85,0.419,4.48,22.4
2020-08-10 01:49:34,86,0.418,4.46,-20.0
2020-08-10 01:49:34,87,0.443,4.46,-20.0
2020-08-10 01:49:34,88,0.402,4.48,-20.0
2020-08-10 01:49:34,89,0.414,4.5,-20.0
2020-08-10 01:49:34,90,0.412,4.47,-20.0
2020-08-10 01:49:34,91,0.42,4.49,-20.0
2020-08-10 01:49:34,92,0.402,4.5,-20.0
2020-08-10 01:49:34,93,0.418,4.49,-20.0
2020-08-10 01:49:34,94,0.424,4.47,-20.0
2020-08-10 01:49:34,95,0.419,4.46,-20.0
2020-08-10 01:49:34,96,0.414,4.49,-20.0
2020-08-10 13:49:00,1,0.416,4.51,24.8
2020-08-10 13:49:00,2,0.415,4.51,-20.0
2020-08-10 13:49:00,3,0.42,4.53,-20.0
2020-08-10 13:49:00,4,0.415,4.48,-20.0
2020-08-10 13:49:00,5,0.407,4.52,-20.0
2020-08-10 13:49:00,6,0.424,4.49,-20.0
2020-08-10 13:49:00,7,0.41,4.48,-20.0
2020-08-10 13:49:00,8,0.411,4.51,-20.0
2020-08-10 13:49:00,9,0.41,4.47,-20.0
2020-08-10 13:49:00,10,0.416,4.49,-20.0
2020-08-10 13:49:00,11,0.419,4.45,-20.0
2020-08-10 13:49:00,12,0.421,4.46,-20.0
2020-08-10 13:49:00,13,0.412,4.48,23.7
2020-08-10 13:49:00,14,0.415,4.5,-20.0
2020-08-10 13:49:00,15,0.413,4.52,-20.0
2020-08-10 13:49:00,16,0.432,4.52,-20.0
2020-08-10 13:49:00,17,0.416,4.48,-20.0
2020-08-10 13:49:00,18,0.424,4.49,-20.0
2020-08-10 13:49:00,19,0.436,4.47,-20.0
2020-08-10 13:49:00,20,0.41,4.47,-20.0
2020-08-10 13:49:00,21,0.415,4.48,-20.0
2020-08-10 13:49:00,22,0.416,4.47,-20.0
2020-08-10 13:49:00,23,0.443,4.47,-20.0
2020-08-10 13:49:00,24,0.411,4.48,-20.0
2020-08-10 13:49:00,25,0.42,4.5,21.0
2020-08-10 13:49:00,26,0.417,4.48,-20.0
2020-08-10 13:49:00,27,0.406,4.46,-20.0
2020-08-10 13:49:00,28,0.424,4.47,-20.0
2020-08-10 13:49:00,29,0.416,4.46,-20.0
2020-08-10 13:49:00,30,0.416,4.47,-20.0
2020-08-10 13:49:00,31,0.417,4.45,-20.0
2020-08-10 13:49:00,32,0.405,4.47,-20.0
2020-08-10 13:49:00,33,0.412,4.49,-20.0
2020-08-10 13:49:00,34,0.411,4.48,-20.0
2020-08-10 13:49:00,35,0.411,4.48,-20.0
2020-08-10 13:49:00,36,0.409,4.5,-20.0
2020-08-10 13:49:00,37,0.408,4.49,21.4
2020-08-10 13:49:00,38,0.41,4.49,-20.0
2020-08-10 13:49:00,39,0.414,4.46,-20.0
2020-08-10 13:49:00,40,0.411,4.48,-20.0
2020-08-10 13:49:00,41,0.413,4.5,-20.0
2020-08-10 13:49:00,42,0.403,4.48,-20.0
2020-08-10 13:49:00,43,0.414,4.48,-20.0
2020-08-10 13:49:00,44,0.427,4.49,-20.0
2020-08-10 13:49:00,45,0.416,4.49,-20.0
2020-08-10 13:49:00,46,0.415,4.48,-20.0
2020-08-10 13:49:00,47,0.421,4.48,-20.0
2020-08-10 13:49:00,48,0.423,4.48,-20.0
2020-08-10 13:49:00,49,0.49,4.46,23.9
2020-08-10 13:49:00,50,0.429,4.47,-20.0
2020-08-10 13:49:00,51,0.408,4.47,-20.0
2020-08-10 13:49:00,52,0.415,4.46,-20.0
2020-08-10 13:49:00,53,0.419,4.45,-20.0
2020-08-10 13:49:00,54,0.419,4.46,-20.0
2020-08-10 13:49:00,55,0.401,4.43,-20.0
2020-08-10 13:49:00,56,0.411,4.43,-20.0
2020-08-10 13:49:00,57,0.418,4.42,-20.0
2020-08-10 13:49:00,58,0.408,4.42,-20.0
2020-08-10 13:49:00,59,0.401,4.44,-20.0
2020-08-10 13:49:00,60,0.403,4.45,-20.0
2020-08-10 13:49:00,61,0.421,4.5,20.8
2020-08-10 13:49:00,62,0.409,4.5,-20.0
2020-08-10 13:49:00,63,0.396,4.48,-20.0
2020-08-10 13:49:00,64,0.405,4.46,-20.0
2020-08-10 13:49:00,65,0.405,4.45,-20.0
2020-08-10 13:49:00,66,0.421,4.45,-20.0
2020-08-10 13:49:00,67,0.411,4.42,-20.0
2020-08-10 13:49:00,68,0.408,4.45,-20.0
2020-08-10 13:49:00,69,0.412,4.45,-20.0
2020-08-10 13:49:00,70,0.413,4.47,-20.0
2020-08-10 13:49:00,71,0.415,4.48,-20.0
2020-08-10 13:49:00,72,0.415,4.49,-20.0
2020-08-10 13:49:00,73,0.412,4.52,21.2
2020-08-10 13:49:00,74,0.409,4.5,-20.0
2020-08-10 13:49:00,75,0.427,4.46,-20.0
2020-08-10 13:49:00,76,0.426,4.44,-20.0
2020-08-10 13:49:00,77,0.425,4.5,-20.0
2020-08-10 13:49:00,78,0.41,4.47,-20.0
2020-08-10 13:49:00,79,0.413,4.49,-20.0
2020-08-10 13:49:00,80,0.425,4.52,-20.0
2020-08-10 13:49:00,81,0.427,4.52,-20.0
2020-08-10 13:49:00,82,0.422,4.51,-20.0
2020-08-10 13:49:00,83,0.423,4.5,-20.0
2020-08-10 13:49:00,84,0.425,4.49,-20.0
2020-08-10 13:49:00,85,0.417,4.48,22.2
2020-08-10 13:49:00,86,0.417,4.46,-20.0
2020-08-10 13:49:00,87,0.442,4.46,-20.0
2020-08-10 13:49:00,88,0.404,4.47,-20.0
2020-08-10 13:49:00,89,0.414,4.5,-20.0
2020-08-10 13:49:00,90,0.413,4.47,-20.0
2020-08-10 13:49:00,91,0.418,4.49,-20.0
2020-08-10 13:49:00,92,0.404,4.5,-20.0
2020-08-10 13:49:00,93,0.417,4.49,-20.0
2020-08-10 13:49:00,94,0.423,4.47,-20.0
2020-08-10 13:49:00,95,0.419,4.46,-20.0
2020-08-10 13:49:00,96,0.411,4.48,-20.0
2020-08-11 01:48:23,1,0.415,4.5,24.8
2020-08-11 01:48:23,2,0.414,4.51,-20.0
2020-08-11 01:48:23,3,0.419,4.51,-20.0
2020-08-11 01:48:23,4,0.412,4.48,-20.0
2020-08-11 01:48:23,5,0.404,4.52,-20.0
2020-08-11 01:48:23,6,0.421,4.5,-20.0
2020-08-11 01:48:23,7,0.405,4.48,-20.0
2020-08-11 01:48:23,8,0.406,4.5,-20.0
2020-08-11 01:48:23,9,0.409,4.47,-20.0
2020-08-11 01:48:23,10,0.415,4.49,-20.0
2020-08-11 01:48:23,11,0.419,4.45,-20.0
2020-08-11 01:48:23,12,0.416,4.46,-20.0
2020-08-11 01:48:23,13,0.41,4.47,23.7
2020-08-11 01:48:23,14,0.413,4.49,-20.0
2020-08-11 01:48:23,15,0.41,4.52,-20.0
2020-08-11 01:48:23,16,0.432,4.53,-20.0
2020-08-11 01:48:23,17,0.416,4.49,-20.0
2020-08-11 01:48:23,18,0.425,4.49,-20.0
2020-08-11 01:48:23,19,0.436,4.47,-20.0
2020-08-11 01:48:23,20,0.411,4.48,-20.0
2020-08-11 01:48:23,21,0.412,4.47,-20.0
2020-08-11 01:48:23,22,0.417,4.46,-20.0
2020-08-11 01:48:23,23,0.442,4.47,-20.0
2020-08-11 01:48:23,24,0.41,4.49,-20.0
2020-08-11 01:48:23,25,0.42,4.5,21.1
2020-08-11 01:48:23,26,0.414,4.49,-20.0
2020-08-11 01:48:23,27,0.41,4.47,-20.0
2020-08-11 01:48:23,28,0.42,4.46,-20.0
2020-08-11 01:48:23,29,0.409,4.45,-20.0
2020-08-11 01:48:23,30,0.417,4.47,-20.0
2020-08-11 01:48:23,31,0.417,4.46,-20.0
2020-08-11 01:48:23,32,0.407,4.46,-20.0
2020-08-11 01:48:23,33,0.41,4.48,-20.0
2020-08-11 01:48:23,34,0.413,4.49,-20.0
2020-08-11 01:48:23,35,0.409,4.49,-20.0
2020-08-11 01:48:23,36,0.409,4.5,-20.0
2020-08-11 01:48:23,37,0.41,4.49,21.6
2020-08-11 01:48:23,38,0.411,4.48,-20.0
2020-08-11 01:48:23,39,0.415,4.48,-20.0
2020-08-11 01:48:23,40,0.41,4.46,-20.0
2020-08-11 01:48:23,41,0.41,4.49,-20.0
2020-08-11 01:48:23,42,0.407,4.48,-20.0
2020-08-11 01:48:23,43,0.413,4.48,-20.0
2020-08-11 01:48:23,44,0.425,4.49,-20.0
2020-08-11 01:48:23,45,0.413,4.5,-20.0
2020-08-11 01:48:23,46,0.417,4.49,-20.0
2020-08-11 01:48:23,47,0.416,4.48,-20.0
2020-08-11 01:48:23,48,0.42,4.48,-20.0
2020-08-11 01:48:23,49,0.488,4.46,23.9
2020-08-11 01:48:23,50,0.427,4.46,-20.0
2020-08-11 01:48:23,51,0.41,4.47,-20.0
2020-08-11 01:48:23,52,0.417,4.47,-20.0
2020-08-11 01:48:23,53,0.42,4.46,-20.0
2020-08-11 01:48:23,54,0.417,4.46,-20.0
2020-08-11 01:48:23,55,0.401,4.43,-20.0
2020-08-11 01:48:23,56,0.41,4.43,-20.0
2020-08-11 01:48:23,57,0.417,4.43,-20.0
2020-08-11 01:48:23,58,0.411,4.42,-20.0
2020-08-11 01:48:23,59,0.408,4.44,-20.0
2020-08-11 01:48:23,60,0.408,4.45,-20.0
2020-08-11 01:48:23,61,0.419,4.5,20.9
2020-08-11 01:48:23,62,0.409,4.49,-20.0
2020-08-11 01:48:23,63,0.402,4.48,-20.0
2020-08-11 01:48:23,64,0.404,4.46,-20.0
2020-08-11 01:48:23,65,0.405,4.44,-20.0
2020-08-11 01:48:23,66,0.423,4.45,-20.0
2020-08-11 01:48:23,67,0.413,4.43,-20.0
2020-08-11 01:48:23,68,0.412,4.45,-20.0
2020-08-11 01:48:23,69,0.408,4.44,-20.0
2020-08-11 01:48:23,70,0.415,4.47,-20.0
2020-08-11 01:48:23,71,0.415,4.5,-20.0
2020-08-11 01:48:23,72,0.419,4.49,-20.0
2020-08-11 01:48:23,73,0.413,4.51,21.4
2020-08-11 01:48:23,74,0.412,4.49,-20.0
2020-08-11 01:48:23,75,0.43,4.47,-20.0
2020-08-11 01:48:23,76,0.423,4.44,-20.0
2020-08-11 01:48:23,77,0.423,4.51,-20.0
2020-08-11 01:48:23,78,0.41,4.47,-20.0
2020-08-11 01:48:23,79,0.413,4.5,-20.0
2020-08-11 01:48:23,80,0.427,4.51,-20.0
2020-08-11 01:48:23,81,0.43,4.51,-20.0
2020-08-11 01:48:23,82,0.421,4.52,-20.0
2020-08-11 01:48:23,83,0.422,4.5,-20.0
2020-08-11 01:48:23,84,0.424,4.49,-20.0
2020-08-11 01:48:23,85,0.415,4.49,22.7
2020-08-11 01:48:23,86,0.417,4.46,-20.0
2020-08-11 01:48:23,87,0.442,4.46,-20.0
2020-08-11 01:48:23,88,0.403,4.47,-20.0
2020-08-11 01:48:23,89,0.414,4.5,-20.0
2020-08-11 01:48:23,90,0.412,4.47,-20.0
2020-08-11 01:48:23,91,0.419,4.49,-20.0
2020-08-11 01:48:23,92,0.405,4.5,-20.0
2020-08-11 01:48:23,93,0.418,4.49,-20.0
2020-08-11 01:48:23,94,0.421,4.47,-20.0
2020-08-11 01:48:23,95,0.413,4.46,-20.0
2020-08-11 01:48:23,96,0.405,4.48,-20.0
2020-08-11 13:47:54,1,0.412,4.5,24.8
2020-08-11 13:47:54,2,0.412,4.51,-20.0
2020-08-11 13:47:54,3,0.42,4.52,-20.0
2020-08-11 13:47:54,4,0.413,4.47,-20.0
2020-08-11 13:47:54,5,0.406,4.51,-20.0
2020-08-11 13:47:54,6,0.418,4.5,-20.0
2020-08-11 13:47:54,7,0.404,4.48,-20.0
2020-08-11 13:47:54,8,0.405,4.5,-20.0
2020-08-11 13:47:54,9,0.411,4.48,-20.0
2020-08-11 13:47:54,10,0.415,4.5,-20.0
2020-08-11 13:47:54,11,0.419,4.46,-20.0
2020-08-11 13:47:54,12,0.416,4.47,-20.0
2020-08-11 13:47:54,13,0.413,4.47,23.7
2020-08-11 13:47:54,14,0.415,4.48,-20.0
2020-08-11 13:47:54,15,0.409,4.52,-20.0
2020-08-11 13:47:54,16,0.432,4.51,-20.0
2020-08-11 13:47:54,17,0.418,4.48,-20.0
2020-08-11 13:47:54,18,0.424,4.48,-20.0
2020-08-11 13:47:54,19,0.439,4.46,-20.0
2020-08-11 13:47:54,20,0.411,4.46,-20.0
2020-08-11 13:47:54,21,0.415,4.47,-20.0
2020-08-11 13:47:54,22,0.418,4.46,-20.0
2020-08-11 13:47:54,23,0.445,4.48,-20.0
2020-08-11 13:47:54,24,0.412,4.49,-20.0
2020-08-11 13:47:54,25,0.419,4.51,21.0
2020-08-11 13:47:54,26,0.414,4.49,-20.0
2020-08-11 13:47:54,27,0.409,4.46,-20.0
2020-08-11 13:47:54,28,0.424,4.47,-20.0
2020-08-11 13:47:54,29,0.41,4.46,-20.0
2020-08-11 13:47:54,30,0.419,4.47,-20.0
2020-08-11 13:47:54,31,0.417,4.46,-20.0
2020-08-11 13:47:54,32,0.409,4.48,-20.0
2020-08-11 13:47:54,33,0.412,4.48,-20.0
2020-08-11 13:47:54,34,0.415,4.48,-20.0
2020-08-11 13:47:54,35,0.409,4.49,-20.0
2020-08-11 13:47:54,36,0.41,4.5,-20.0
2020-08-11 13:47:54,37,0.415,4.48,21.5
2020-08-11 13:47:54,38,0.412,4.48,-20.0
2020-08-11 13:47:54,39,0.405,4.48,-20.0
2020-08-11 13:47:54,40,0.411,4.48,-20.0
2020-08-11 13:47:54,41,0.41,4.49,-20.0
2020-08-11 13:47:54,42,0.389,4.47,-20.0
2020-08-11 13:47:54,43,0.402,4.47,-20.0
2020-08-11 13:47:54,44,0.408,4.49,-20.0
2020-08-11 13:47:54,45,0.415,4.49,-20.0
2020-08-11 13:47:54,46,0.415,4.5,-20.0
2020-08-11 13:47:54,47,0.399,4.48,-20.0
2020-08-11 13:47:54,48,0.405,4.48,-20.0
2020-08-11 13:47:54,49,0.484,4.46,24.0
2020-08-11 13:47:54,50,0.427,4.47,-20.0
2020-08-11 13:47:54,51,0.409,4.47,-20.0
2020-08-11 13:47:54,52,0.416,4.47,-20.0
2020-08-11 13:47:54,53,0.418,4.45,-20.0
2020-08-11 13:47:54,54,0.416,4.46,-20.0
2020-08-11 13:47:54,55,0.391,4.44,-20.0
2020-08-11 13:47:54,56,0.411,4.43,-20.0
2020-08-11 13:47:54,57,0.419,4.43,-20.0
2020-08-11 13:47:54,58,0.413,4.42,-20.0
2020-08-11 13:47:54,59,0.411,4.44,-20.0
2020-08-11 13:47:54,60,0.411,4.46,-20.0
2020-08-11 13:47:54,61,0.423,4.5,20.8
2020-08-11 13:47:54,62,0.412,4.5,-20.0
2020-08-11 13:47:54,63,0.405,4.48,-20.0
2020-08-11 13:47:54,64,0.407,4.46,-20.0
2020-08-11 13:47:54,65,0.411,4.44,-20.0
2020-08-11 13:47:54,66,0.425,4.45,-20.0
2020-08-11 13:47:54,67,0.412,4.42,-20.0
2020-08-11 13:47:54,68,0.414,4.45,-20.0
2020-08-11 13:47:54,69,0.411,4.45,-20.0
2020-08-11 13:47:54,70,0.42,4.47,-20.0
2020-08-11 13:47:54,71,0.416,4.49,-20.0
2020-08-11 13:47:54,72,0.418,4.49,-20.0
2020-08-11 13:47:54,73,0.415,4.51,21.3
2020-08-11 13:47:54,74,0.413,4.49,-20.0
2020-08-11 13:47:54,75,0.429,4.47,-20.0
2020-08-11 13:47:54,76,0.423,4.44,-20.0
2020-08-11 13:47:54,77,0.424,4.5,-20.0
2020-08-11 13:47:54,78,0.409,4.47,-20.0
2020-08-11 13:47:54,79,0.412,4.5,-20.0
2020-08-11 13:47:54,80,0.425,4.51,-20.0
2020-08-11 13:47:54,81,0.43,4.51,-20.0
2020-08-11 13:47:54,82,0.421,4.51,-20.0
2020-08-11 13:47:54,83,0.423,4.51,-20.0
2020-08-11 13:47:54,84,0.423,4.49,-20.0
2020-08-11 13:47:54,85,0.416,4.47,22.5
2020-08-11 13:47:54,86,0.415,4.46,-20.0
2020-08-11 13:47:54,87,0.442,4.45,-20.0
2020-08-11 13:47:54,88,0.406,4.48,-20.0
2020-08-11 13:47:54,89,0.416,4.5,-20.0
2020-08-11 13:47:54,90,0.415,4.47,-20.0
2020-08-11 13:47:54,91,0.42,4.49,-20.0
2020-08-11 13:47:54,92,0.404,4.5,-20.0
2020-08-11 13:47:54,93,0.421,4.5,-20.0
2020-08-11 13:47:54,94,0.423,4.47,-20.0
2020-08-11 13:47:54,95,0.413,4.46,-20.0
2020-08-11 13:47:54,96,0.405,4.48,-20.0
2020-08-12 01:47:24,1,0.413,4.5,24.9
2020-08-12 01:47:24,2,0.412,4.5,-20.0
2020-08-12 01:47:24,3,0.418,4.52,-20.0
2020-08-12 01:47:24,4,0.411,4.48,-20.0
2020-08-12 01:47:24,5,0.41,4.52,-20.0
2020-08-12 01:47:24,6,0.416,4.49,-20.0
2020-08-12 01:47:24,7,0.404,4.48,-20.0
2020-08-12 01:47:24,8,0.406,4.51,-20.0
2020-08-12 01:47:24,9,0.414,4.48,-20.0
2020-08-12 01:47:24,10,0.418,4.49,-20.0
2020-08-12 01:47:24,11,0.42,4.45,-20.0
2020-08-12 01:47:24,12,0.414,4.46,-20.0
2020-08-12 01:47:24,13,0.413,4.47,23.8
2020-08-12 01:47:24,14,0.417,4.49,-20.0
2020-08-12 01:47:24,15,0.411,4.51,-20.0
2020-08-12 01:47:24,16,0.43,4.53,-20.0
2020-08-12 01:47:24,17,0.417,4.48,-20.0
2020-08-12 01:47:24,18,0.426,4.49,-20.0
2020-08-12 01:47:24,19,0.44,4.47,-20.0
2020-08-12 01:47:24,20,0.411,4.47,-20.0
2020-08-12 01:47:24,21,0.413,4.48,-20.0
2020-08-12 01:47:24,22,0.418,4.46,-20.0
2020-08-12 01:47:24,23,0.446,4.48,-20.0
2020-08-12 01:47:24,24,0.41,4.49,-20.0
2020-08-12 01:47:24,25,0.419,4.5,21.0
2020-08-12 01:47:24,26,0.414,4.49,-20.0
2020-08-12 01:47:24,27,0.404,4.46,-20.0
2020-08-12 01:47:24,28,0.421,4.47,-20.0
2020-08-12 01:47:24,29,0.411,4.46,-20.0
2020-08-12 01:47:24,30,0.419,4.47,-20.0
2020-08-12 01:47:24,31,0.415,4.45,-20.0
2020-08-12 01:47:24,32,0.411,4.48,-20.0
2020-08-12 01:47:24,33,0.412,4.48,-20.0
2020-08-12 01:47:24,34,0.412,4.48,-20.0
2020-08-12 01:47:24,35,0.407,4.49,-20.0
2020-08-12 01:47:24,36,0.408,4.5,-20.0
2020-08-12 01:47:24,37,0.41,4.48,21.5
2020-08-12 01:47:24,38,0.409,4.48,-20.0
2020-08-12 01:47:24,39,0.408,4.46,-20.0
2020-08-12 01:47:24,40,0.412,4.47,-20.0
2020-08-12 01:47:24,41,0.409,4.5,-20.0
2020-08-12 01:47:24,42,0.392,4.48,-20.0
2020-08-12 01:47:24,43,0.405,4.47,-20.0
2020-08-12 01:47:24,44,0.412,4.49,-20.0
2020-08-12 01:47:24,45,0.413,4.49,-20.0
2020-08-12 01:47:24,46,0.419,4.49,-20.0
2020-08-12 01:47:24,47,0.401,4.49,-20.0
2020-08-12 01:47:24,48,0.411,4.48,-20.0
2020-08-12 01:47:24,49,0.485,4.46,24.1
2020-08-12 01:47:24,50,0.425,4.47,-20.0
2020-08-12 01:47:24,51,0.41,4.47,-20.0
2020-08-12 01:47:24,52,0.417,4.47,-20.0
2020-08-12 01:47:24,53,0.42,4.45,-20.0
2020-08-12 01:47:24,54,0.416,4.46,-20.0
2020-08-12 01:47:24,55,0.4,4.43,-20.0
2020-08-12 01:47:24,56,0.413,4.43,-20.0
2020-08-12 01:47:24,57,0.417,4.43,-20.0
2020-08-12 01:47:24,58,0.415,4.42,-20.0
2020-08-12 01:47:24,59,0.412,4.44,-20.0
2020-08-12 01:47:24,60,0.413,4.45,-20.0
2020-08-12 01:47:24,61,0.423,4.5,20.9
2020-08-12 01:47:24,62,0.416,4.5,-20.0
2020-08-12 01:47:24,63,0.406,4.48,-20.0
2020-08-12 01:47:24,64,0.409,4.46,-20.0
2020-08-12 01:47:24,65,0.409,4.44,-20.0
2020-08-12 01:47:24,66,0.425,4.45,-20.0
2020-08-12 01:47:24,67,0.411,4.42,-20.0
2020-08-12 01:47:24,68,0.413,4.45,-20.0
2020-08-12 01:47:24,69,0.409,4.45,-20.0
2020-08-12 01:47:24,70,0.417,4.47,-20.0
2020-08-12 01:47:24,71,0.415,4.49,-20.0
2020-08-12 01:47:24,72,0.418,4.49,-20.0
2020-08-12 01:47:24,73,0.416,4.52,21.2
2020-08-12 01:47:24,74,0.414,4.49,-20.0
2020-08-12 01:47:24,75,0.428,4.47,-20.0
2020-08-12 01:47:24,76,0.421,4.44,-20.0
2020-08-12 01:47:24,77,0.424,4.5,-20.0
2020-08-12 01:47:24,78,0.408,4.47,-20.0
2020-08-12 01:47:24,79,0.41,4.49,-20.0
2020-08-12 01:47:24,80,0.424,4.51,-20.0
2020-08-12 01:47:24,81,0.429,4.51,-20.0
2020-08-12 01:47:24,82,0.419,4.52,-20.0
2020-08-12 01:47:24,83,0.425,4.51,-20.0
2020-08-12 01:47:24,84,0.421,4.5,-20.0
2020-08-12 01:47:24,85,0.415,4.47,22.4
2020-08-12 01:47:24,86,0.416,4.46,-20.0
2020-08-12 01:47:24,87,0.441,4.46,-20.0
2020-08-12 01:47:24,88,0.408,4.47,-20.0
2020-08-12 01:47:24,89,0.409,4.5,-20.0
2020-08-12 01:47:24,90,0.409,4.47,-20.0
2020-08-12 01:47:24,91,0.418,4.49,-20.0
2020-08-12 01:47:24,92,0.402,4.51,-20.0
2020-08-12 01:47:24,93,0.417,4.49,-20.0
2020-08-12 01:47:24,94,0.42,4.47,-20.0
2020-08-12 01:47:24,95,0.408,4.45,-20.0
2020-08-12 01:47:24,96,0.399,4.48,-20.0
2020-08-12 13:46:51,1,0.412,4.5,24.8
2020-08-12 13:46:51,2,0.411,4.5,-20.0
2020-08-12 13:46:51,3,0.417,4.52,-20.0
2020-08-12 13:46:51,4,0.411,4.48,-20.0
2020-08-12 13:46:51,5,0.412,4.52,-20.0
2020-08-12 13:46:51,6,0.417,4.49,-20.0
2020-08-12 13:46:51,7,0.406,4.48,-20.0
2020-08-12 13:46:51,8,0.404,4.5,-20.0
2020-08-12 13:46:51,9,0.412,4.48,-20.0
2020-08-12 13:46:51,10,0.416,4.5,-20.0
2020-08-12 13:46:51,11,0.42,4.45,-20.0
2020-08-12 13:46:51,12,0.413,4.46,-20.0
2020-08-12 13:46:51,13,0.411,4.48,23.7
2020-08-12 13:46:51,14,0.417,4.49,-20.0
2020-08-12 13:46:51,15,0.413,4.52,-20.0
2020-08-12 13:46:51,16,0.429,4.53,-20.0
2020-08-12 13:46:51,17,0.416,4.48,-20.0
2020-08-12 13:46:51,18,0.425,4.5,-20.0
2020-08-12 13:46:51,19,0.439,4.46,-20.0
2020-08-12 13:46:51,20,0.411,4.46,-20.0
2020-08-12 13:46:51,21,0.413,4.48,-20.0
2020-08-12 13:46:51,22,0.419,4.47,-20.0
2020-08-12 13:46:51,23,0.447,4.47,-20.0
2020-08-12 13:46:51,24,0.41,4.48,-20.0
2020-08-12 13:46:51,25,0.419,4.5,20.8
2020-08-12 13:46:51,26,0.418,4.49,-20.0
2020-08-12 13:46:51,27,0.395,4.47,-20.0
2020-08-12 13:46:51,28,0.411,4.47,-20.0
2020-08-12 13:46:51,29,0.398,4.46,-20.0
2020-08-12 13:46:51,30,0.414,4.47,-20.0
2020-08-12 13:46:51,31,0.413,4.46,-20.0
2020-08-12 13:46:51,32,0.399,4.48,-20.0
2020-08-12 13:46:51,33,0.406,4.48,-20.0
2020-08-12 13:46:51,34,0.396,4.49,-20.0
2020-08-12 13:46:51,35,0.407,4.48,-20.0
2020-08-12 13:46:51,36,0.407,4.5,-20.0
2020-08-12 13:46:51,37,0.4,4.47,21.3
2020-08-12 13:46:51,38,0.399,4.49,-20.0
2020-08-12 13:46:51,39,0.413,4.47,-20.0
2020-08-12 13:46:51,40,0.412,4.48,-20.0
2020-08-12 13:46:51,41,0.408,4.49,-20.0
2020-08-12 13:46:51,42,0.395,4.47,-20.0
2020-08-12 13:46:51,43,0.411,4.48,-20.0
2020-08-12 13:46:51,44,0.418,4.49,-20.0
2020-08-12 13:46:51,45,0.414,4.49,-20.0
2020-08-12 13:46:51,46,0.422,4.49,-20.0
2020-08-12 13:46:51,47,0.409,4.47,-20.0
2020-08-12 13:46:51,48,0.415,4.47,-20.0
2020-08-12 13:46:51,49,0.48,4.46,23.9
2020-08-12 13:46:51,50,0.427,4.47,-20.0
2020-08-12 13:46:51,51,0.409,4.47,-20.0
2020-08-12 13:46:51,52,0.417,4.47,-20.0
2020-08-12 13:46:51,53,0.419,4.45,-20.0
2020-08-12 13:46:51,54,0.416,4.47,-20.0
2020-08-12 13:46:51,55,0.41,4.44,-20.0
2020-08-12 13:46:51,56,0.415,4.42,-20.0
2020-08-12 13:46:51,57,0.419,4.42,-20.0
2020-08-12 13:46:51,58,0.417,4.42,-20.0
2020-08-12 13:46:51,59,0.414,4.45,-20.0
2020-08-12 13:46:51,60,0.413,4.46,-20.0
2020-08-12 13:46:51,61,0.42,4.5,20.6
2020-08-12 13:46:51,62,0.412,4.5,-20.0
2020-08-12 13:46:51,63,0.409,4.48,-20.0
2020-08-12 13:46:51,64,0.41,4.46,-20.0
2020-08-12 13:46:51,65,0.413,4.45,-20.0
2020-08-12 13:46:51,66,0.424,4.45,-20.0
2020-08-12 13:46:51,67,0.413,4.43,-20.0
2020-08-12 13:46:51,68,0.417,4.45,-20.0
2020-08-12 13:46:51,69,0.411,4.45,-20.0
2020-08-12 13:46:51,70,0.416,4.46,-20.0
2020-08-12 13:46:51,71,0.415,4.49,-20.0
2020-08-12 13:46:51,72,0.416,4.48,-20.0
2020-08-12 13:46:51,73,0.415,4.52,21.0
2020-08-12 13:46:51,74,0.412,4.49,-20.0
2020-08-12 13:46:51,75,0.428,4.47,-20.0
2020-08-12 13:46:51,76,0.422,4.44,-20.0
2020-08-12 13:46:51,77,0.423,4.49,-20.0
2020-08-12 13:46:51,78,0.406,4.46,-20.0
2020-08-12 13:46:51,79,0.412,4.5,-20.0
2020-08-12 13:46:51,80,0.427,4.51,-20.0
2020-08-12 13:46:51,81,0.426,4.51,-20.0
2020-08-12 13:46:51,82,0.42,4.52,-20.0
2020-08-12 13:46:51,83,0.428,4.5,-20.0
2020-08-12 13:46:51,84,0.422,4.49,-20.0
2020-08-12 13:46:51,85,0.418,4.47,22.4
2020-08-12 13:46:51,86,0.416,4.46,-20.0
2020-08-12 13:46:51,87,0.437,4.46,-20.0
2020-08-12 13:46:51,88,0.409,4.47,-20.0
2020-08-12 13:46:51,89,0.411,4.5,-20.0
2020-08-12 13:46:51,90,0.41,4.47,-20.0
2020-08-12 13:46:51,91,0.416,4.48,-20.0
2020-08-12 13:46:51,92,0.404,4.51,-20.0
2020-08-12 13:46:51,93,0.418,4.49,-20.0
2020-08-12 13:46:51,94,0.42,4.47,-20.0
2020-08-12 13:46:51,95,0.412,4.46,-20.0
2020-08-12 13:46:51,96,0.401,4.48,-20.0
2020-08-13 01:46:24,1,0.412,4.5,24.9
2020-08-13 01:46:24,2,0.415,4.51,-20.0
2020-08-13 01:46:24,3,0.419,4.53,-20.0
2020-08-13 01:46:24,4,0.412,4.48,-20.0
2020-08-13 01:46:24,5,0.409,4.52,-20.0
2020-08-13 01:46:24,6,0.417,4.48,-20.0
2020-08-13 01:46:24,7,0.407,4.47,-20.0
2020-08-13 01:46:24,8,0.404,4.5,-20.0
2020-08-13 01:46:24,9,0.407,4.48,-20.0
2020-08-13 01:46:24,10,0.416,4.49,-20.0
2020-08-13 01:46:24,11,0.418,4.45,-20.0
2020-08-13 01:46:24,12,0.413,4.45,-20.0
2020-08-13 01:46:24,13,0.408,4.48,23.8
2020-08-13 01:46:24,14,0.418,4.48,-20.0
2020-08-13 01:46:24,15,0.412,4.52,-20.0
2020-08-13 01:46:24,16,0.426,4.53,-20.0
2020-08-13 01:46:24,17,0.414,4.49,-20.0
2020-08-13 01:46:24,18,0.426,4.5,-20.0
2020-08-13 01:46:24,19,0.44,4.47,-20.0
2020-08-13 01:46:24,20,0.413,4.47,-20.0
2020-08-13 01:46:24,21,0.414,4.47,-20.0
2020-08-13 01:46:24,22,0.419,4.48,-20.0
2020-08-13 01:46:24,23,0.447,4.48,-20.0
2020-08-13 01:46:24,24,0.411,4.48,-20.0
2020-08-13 01:46:24,25,0.419,4.51,21.1
2020-08-13 01:46:24,26,0.419,4.48,-20.0
2020-08-13 01:46:24,27,0.402,4.46,-20.0
2020-08-13 01:46:24,28,0.412,4.46,-20.0
2020-08-13 01:46:24,29,0.403,4.45,-20.0
2020-08-13 01:46:24,30,0.416,4.47,-20.0
2020-08-13 01:46:24,31,0.412,4.46,-20.0
2020-08-13 01:46:24,32,0.403,4.48,-20.0
2020-08-13 01:46:24,33,0.409,4.48,-20.0
2020-08-13 01:46:24,34,0.401,4.49,-20.0
2020-08-13 01:46:24,35,0.407,4.48,-20.0
2020-08-13 01:46:24,36,0.408,4.51,-20.0
2020-08-13 01:46:24,37,0.405,4.49,21.6
2020-08-13 01:46:24,38,0.402,4.49,-20.0
2020-08-13 01:46:24,39,0.416,4.47,-20.0
2020-08-13 01:46:24,40,0.415,4.48,-20.0
2020-08-13 01:46:24,41,0.413,4.49,-20.0
2020-08-13 01:46:24,42,0.397,4.47,-20.0
2020-08-13 01:46:24,43,0.412,4.48,-20.0
2020-08-13 01:46:24,44,0.42,4.49,-20.0
2020-08-13 01:46:24,45,0.415,4.5,-20.0
2020-08-13 01:46:24,46,0.419,4.49,-20.0
2020-08-13 01:46:24,47,0.411,4.48,-20.0
2020-08-13 01:46:24,48,0.416,4.48,-20.0
2020-08-13 01:46:24,49,0.481,4.46,24.0
2020-08-13 01:46:24,50,0.429,4.47,-20.0
2020-08-13 01:46:24,51,0.41,4.47,-20.0
2020-08-13 01:46:24,52,0.421,4.47,-20.0
2020-08-13 01:46:24,53,0.419,4.45,-20.0
2020-08-13 01:46:24,54,0.417,4.46,-20.0
2020-08-13 01:46:24,55,0.41,4.43,-20.0
2020-08-13 01:46:24,56,0.414,4.43,-20.0
2020-08-13 01:46:24,57,0.421,4.42,-20.0
2020-08-13 01:46:24,58,0.418,4.42,-20.0
2020-08-13 01:46:24,59,0.418,4.44,-20.0
2020-08-13 01:46:24,60,0.411,4.46,-20.0
2020-08-13 01:46:24,61,0.42,4.51,20.9
2020-08-13 01:46:24,62,0.413,4.5,-20.0
2020-08-13 01:46:24,63,0.409,4.48,-20.0
2020-08-13 01:46:24,64,0.408,4.46,-20.0
2020-08-13 01:46:24,65,0.411,4.45,-20.0
2020-08-13 01:46:24,66,0.423,4.44,-20.0
2020-08-13 01:46:24,67,0.414,4.43,-20.0
2020-08-13 01:46:24,68,0.419,4.45,-20.0
2020-08-13 01:46:24,69,0.412,4.45,-20.0
2020-08-13 01:46:24,70,0.414,4.47,-20.0
2020-08-13 01:46:24,71,0.417,4.49,-20.0
2020-08-13 01:46:24,72,0.417,4.49,-20.0
2020-08-13 01:46:24,73,0.416,4.51,21.4
2020-08-13 01:46:24,74,0.412,4.49,-20.0
2020-08-13 01:46:24,75,0.428,4.47,-20.0
2020-08-13 01:46:24,76,0.424,4.45,-20.0
2020-08-13 01:46:24,77,0.427,4.5,-20.0
2020-08-13 01:46:24,78,0.405,4.47,-20.0
2020-08-13 01:46:24,79,0.411,4.49,-20.0
2020-08-13 01:46:24,80,0.428,4.5,-20.0
2020-08-13 01:46:24,81,0.427,4.51,-20.0
2020-08-13 01:46:24,82,0.419,4.51,-20.0
2020-08-13 01:46:24,83,0.425,4.5,-20.0
2020-08-13 01:46:24,84,0.421,4.49,-20.0
2020-08-13 01:46:24,85,0.414,4.48,22.7
2020-08-13 01:46:24,86,0.414,4.47,-20.0
2020-08-13 01:46:24,87,0.435,4.46,-20.0
2020-08-13 01:46:24,88,0.407,4.47,-20.0
2020-08-13 01:46:24,89,0.404,4.5,-20.0
2020-08-13 01:46:24,90,0.413,4.47,-20.0
2020-08-13 01:46:24,91,0.417,4.48,-20.0
2020-08-13 01:46:24,92,0.404,4.51,-20.0
2020-08-13 01:46:24,93,0.417,4.49,-20.0
2020-08-13 01:46:24,94,0.42,4.47,-20.0
2020-08-13 01:46:24,95,0.417,4.46,-20.0
2020-08-13 01:46:24,96,0.406,4.48,-20.0
2020-08-13 13:45:58,1,0.415,4.5,24.9
2020-08-13 13:45:58,2,0.414,4.51,-20.0
2020-08-13 13:45:58,3,0.416,4.53,-20.0
2020-08-13 13:45:58,4,0.417,4.48,-20.0
2020-08-13 13:45:58,5,0.41,4.51,-20.0
2020-08-13 13:45:58,6,0.416,4.49,-20.0
2020-08-13 13:45:58,7,0.41,4.49,-20.0
2020-08-13 13:45:58,8,0.406,4.51,-20.0
2020-08-13 13:45:58,9,0.407,4.47,-20.0
2020-08-13 13:45:58,10,0.414,4.49,-20.0
2020-08-13 13:45:58,11,0.419,4.46,-20.0
2020-08-13 13:45:58,12,0.411,4.47,-20.0
2020-08-13 13:45:58,13,0.408,4.48,23.9
2020-08-13 13:45:58,14,0.415,4.49,-20.0
2020-08-13 13:45:58,15,0.408,4.53,-20.0
2020-08-13 13:45:58,16,0.425,4.52,-20.0
2020-08-13 13:45:58,17,0.414,4.49,-20.0
2020-08-13 13:45:58,18,0.424,4.5,-20.0
2020-08-13 13:45:58,19,0.437,4.46,-20.0
2020-08-13 13:45:58,20,0.411,4.46,-20.0
2020-08-13 13:45:58,21,0.412,4.48,-20.0
2020-08-13 13:45:58,22,0.421,4.46,-20.0
2020-08-13 13:45:58,23,0.432,4.47,-20.0
2020-08-13 13:45:58,24,0.404,4.49,-20.0
2020-08-13 13:45:58,25,0.42,4.5,21.1
2020-08-13 13:45:58,26,0.422,4.5,-20.0
2020-08-13 13:45:58,27,0.405,4.46,-20.0
2020-08-13 13:45:58,28,0.414,4.47,-20.0
2020-08-13 13:45:58,29,0.407,4.46,-20.0
2020-08-13 13:45:58,30,0.413,4.47,-20.0
2020-08-13 13:45:58,31,0.414,4.46,-20.0
2020-08-13 13:45:58,32,0.405,4.46,-20.0
2020-08-13 13:45:58,33,0.411,4.48,-20.0
2020-08-13 13:45:58,34,0.403,4.48,-20.0
2020-08-13 13:45:58,35,0.407,4.49,-20.0
2020-08-13 13:45:58,36,0.408,4.5,-20.0
2020-08-13 13:45:58,37,0.405,4.47,21.6
2020-08-13 13:45:58,38,0.406,4.48,-20.0
2020-08-13 13:45:58,39,0.419,4.47,-20.0
2020-08-13 13:45:58,40,0.417,4.47,-20.0
2020-08-13 13:45:58,41,0.41,4.49,-20.0
2020-08-13 13:45:58,42,0.4,4.47,-20.0
2020-08-13 13:45:58,43,0.416,4.48,-20.0
2020-08-13 13:45:58,44,0.424,4.49,-20.0
2020-08-13 13:45:58,45,0.418,4.49,-20.0
2020-08-13 13:45:58,46,0.423,4.49,-20.0
2020-08-13 13:45:58,47,0.414,4.49,-20.0
2020-08-13 13:45:58,48,0.415,4.48,-20.0
2020-08-13 13:45:58,49,0.483,4.46,24.0
2020-08-13 13:45:58,50,0.43,4.47,-20.0
2020-08-13 13:45:58,51,0.409,4.47,-20.0
2020-08-13 13:45:58,52,0.424,4.47,-20.0
2020-08-13 13:45:58,53,0.42,4.46,-20.0
2020-08-13 13:45:58,54,0.415,4.46,-20.0
2020-08-13 13:45:58,55,0.409,4.43,-20.0
2020-08-13 13:45:58,56,0.416,4.43,-20.0
2020-08-13 13:45:58,57,0.419,4.42,-20.0
2020-08-13 13:45:58,58,0.421,4.42,-20.0
2020-08-13 13:45:58,59,0.417,4.44,-20.0
2020-08-13 13:45:58,60,0.413,4.45,-20.0
2020-08-13 13:45:58,61,0.418,4.5,20.9
2020-08-13 13:45:58,62,0.411,4.5,-20.0
2020-08-13 13:45:58,63,0.409,4.48,-20.0
2020-08-13 13:45:58,64,0.409,4.46,-20.0
2020-08-13 13:45:58,65,0.411,4.44,-20.0
2020-08-13 13:45:58,66,0.421,4.45,-20.0
2020-08-13 13:45:58,67,0.415,4.43,-20.0
2020-08-13 13:45:58,68,0.418,4.46,-20.0
2020-08-13 13:45:58,69,0.413,4.44,-20.0
2020-08-13 13:45:58,70,0.414,4.46,-20.0
2020-08-13 13:45:58,71,0.415,4.49,-20.0
2020-08-13 13:45:58,72,0.415,4.49,-20.0
2020-08-13 13:45:58,73,0.415,4.52,21.5
2020-08-13 13:45:58,74,0.411,4.5,-20.0
2020-08-13 13:45:58,75,0.425,4.46,-20.0
2020-08-13 13:45:58,76,0.424,4.44,-20.0
2020-08-13 13:45:58,77,0.424,4.5,-20.0
2020-08-13 13:45:58,78,0.405,4.46,-20.0
2020-08-13 13:45:58,79,0.411,4.5,-20.0
2020-08-13 13:45:58,80,0.428,4.52,-20.0
2020-08-13 13:45:58,81,0.425,4.51,-20.0
2020-08-13 13:45:58,82,0.422,4.52,-20.0
2020-08-13 13:45:58,83,0.427,4.5,-20.0
2020-08-13 13:45:58,84,0.422,4.5,-20.0
2020-08-13 13:45:58,85,0.416,4.48,22.8
2020-08-13 13:45:58,86,0.414,4.46,-20.0
2020-08-13 13:45:58,87,0.44,4.47,-20.0
2020-08-13 13:45:58,88,0.41,4.48,-20.0
2020-08-13 13:45:58,89,0.41,4.5,-20.0
2020-08-13 13:45:58,90,0.414,4.48,-20.0
2020-08-13 13:45:58,91,0.417,4.49,-20.0
2020-08-13 13:45:58,92,0.405,4.5,-20.0
2020-08-13 13:45:58,93,0.418,4.5,-20.0
2020-08-13 13:45:58,94,0.421,4.48,-20.0
2020-08-13 13:45:58,95,0.417,4.46,-20.0
2020-08-13 13:45:58,96,0.41,4.49,-20.0
2020-08-14 01:45:30,1,0.414,4.5,24.9
2020-08-14 01:45:30,2,0.414,4.51,-20.0
2020-08-14 01:45:30,3,0.416,4.52,-20.0
2020-08-14 01:45:30,4,0.418,4.48,-20.0
2020-08-14 01:45:30,5,0.408,4.52,-20.0
2020-08-14 01:45:30,6,0.417,4.49,-20.0
2020-08-14 01:45:30,7,0.413,4.48,-20.0
2020-08-14 01:45:30,8,0.406,4.51,-20.0
2020-08-14 01:45:30,9,0.407,4.48,-20.0
2020-08-14 01:45:30,10,0.416,4.49,-20.0
2020-08-14 01:45:30,11,0.417,4.46,-20.0
2020-08-14 01:45:30,12,0.412,4.46,-20.0
2020-08-14 01:45:30,13,0.406,4.48,23.8
2020-08-14 01:45:30,14,0.418,4.49,-20.0
2020-08-14 01:45:30,15,0.413,4.52,-20.0
2020-08-14 01:45:30,16,0.425,4.52,-20.0
2020-08-14 01:45:30,17,0.415,4.48,-20.0
2020-08-14 01:45:30,18,0.425,4.49,-20.0
2020-08-14 01:45:30,19,0.436,4.47,-20.0
2020-08-14 01:45:30,20,0.413,4.46,-20.0
2020-08-14 01:45:30,21,0.411,4.47,-20.0
2020-08-14 01:45:30,22,0.421,4.46,-20.0
2020-08-14 01:45:30,23,0.436,4.48,-20.0
2020-08-14 01:45:30,24,0.405,4.48,-20.0
2020-08-14 01:45:30,25,0.418,4.5,21.1
2020-08-14 01:45:30,26,0.422,4.49,-20.0
2020-08-14 01:45:30,27,0.41,4.45,-20.0
2020-08-14 01:45:30,28,0.416,4.46,-20.0
2020-08-14 01:45:30,29,0.41,4.46,-20.0
2020-08-14 01:45:30,30,0.414,4.48,-20.0
2020-08-14 01:45:30,31,0.412,4.46,-20.0
2020-08-14 01:45:30,32,0.406,4.47,-20.0
2020-08-14 01:45:30,33,0.413,4.48,-20.0
2020-08-14 01:45:30,34,0.404,4.49,-20.0
2020-08-14 01:45:30,35,0.41,4.49,-20.0
2020-08-14 01:45:30,36,0.409,4.5,-20.0
2020-08-14 01:45:30,37,0.406,4.49,21.6
2020-08-14 01:45:30,38,0.41,4.49,-20.0
2020-08-14 01:45:30,39,0.419,4.47,-20.0
2020-08-14 01:45:30,40,0.415,4.47,-20.0
2020-08-14 01:45:30,41,0.409,4.5,-20.0
2020-08-14 01:45:30,42,0.4,4.48,-20.0
2020-08-14 01:45:30,43,0.415,4.47,-20.0
2020-08-14 01:45:30,44,0.426,4.49,-20.0
2020-08-14 01:45:30,45,0.418,4.49,-20.0
2020-08-14 01:45:30,46,0.421,4.49,-20.0
2020-08-14 01:45:30,47,0.415,4.49,-20.0
2020-08-14 01:45:30,48,0.418,4.48,-20.0
2020-08-14 01:45:30,49,0.484,4.46,23.8
2020-08-14 01:45:30,50,0.431,4.47,-20.0
2020-08-14 01:45:30,51,0.413,4.47,-20.0
2020-08-14 01:45:30,52,0.423,4.46,-20.0
2020-08-14 01:45:30,53,0.419,4.45,-20.0
2020-08-14 01:45:30,54,0.416,4.46,-20.0
2020-08-14 01:45:30,55,0.413,4.43,-20.0
2020-08-14 01:45:30,56,0.412,4.43,-20.0
2020-08-14 01:45:30,57,0.419,4.43,-20.0
2020-08-14 01:45:30,58,0.422,4.42,-20.0
2020-08-14 01:45:30,59,0.417,4.44,-20.0
2020-08-14 01:45:30,60,0.417,4.46,-20.0
2020-08-14 01:45:30,61,0.418,4.5,20.8
2020-08-14 01:45:30,62,0.409,4.5,-20.0
2020-08-14 01:45:30,63,0.411,4.48,-20.0
2020-08-14 01:45:30,64,0.408,4.46,-20.0
2020-08-14 01:45:30,65,0.415,4.45,-20.0
2020-08-14 01:45:30,66,0.423,4.45,-20.0
2020-08-14 01:45:30,67,0.414,4.43,-20.0
2020-08-14 01:45:30,68,0.422,4.46,-20.0
2020-08-14 01:45:30,69,0.414,4.45,-20.0
2020-08-14 01:45:30,70,0.407,4.46,-20.0
2020-08-14 01:45:30,71,0.414,4.48,-20.0
2020-08-14 01:45:30,72,0.414,4.49,-20.0
2020-08-14 01:45:30,73,0.406,4.51,21.3
2020-08-14 01:45:30,74,0.398,4.49,-20.0
2020-08-14 01:45:30,75,0.427,4.47,-20.0
2020-08-14 01:45:30,76,0.422,4.45,-20.0
2020-08-14 01:45:30,77,0.418,4.51,-20.0
2020-08-14 01:45:30,78,0.403,4.46,-20.0
2020-08-14 01:45:30,79,0.411,4.49,-20.0
2020-08-14 01:45:30,80,0.423,4.51,-20.0
2020-08-14 01:45:30,81,0.429,4.51,-20.0
2020-08-14 01:45:30,82,0.424,4.51,-20.0
2020-08-14 01:45:30,83,0.425,4.5,-20.0
2020-08-14 01:45:30,84,0.42,4.49,-20.0
2020-08-14 01:45:30,85,0.417,4.48,22.7
2020-08-14 01:45:30,86,0.414,4.47,-20.0
2020-08-14 01:45:30,87,0.442,4.46,-20.0
2020-08-14 01:45:30,88,0.41,4.48,-20.0
2020-08-14 01:45:30,89,0.414,4.5,-20.0
2020-08-14 01:45:30,90,0.414,4.47,-20.0
2020-08-14 01:45:30,91,0.419,4.49,-20.0
2020-08-14 01:45:30,92,0.407,4.5,-20.0
2020-08-14 01:45:30,93,0.418,4.5,-20.0
2020-08-14 01:45:30,94,0.422,4.47,-20.0
2020-08-14 01:45:30,95,0.415,4.45,-20.0
2020-08-14 01:45:30,96,0.412,4.48,-20.0
2020-08-14 13:44:57,1,0.414,4.5,24.8
2020-08-14 13:44:57,2,0.415,4.5,-20.0
2020-08-14 13:44:57,3,0.416,4.52,-20.0
2020-08-14 13:44:57,4,0.419,4.48,-20.0
2020-08-14 13:44:57,5,0.405,4.52,-20.0
2020-08-14 13:44:57,6,0.418,4.5,-20.0
2020-08-14 13:44:57,7,0.406,4.48,-20.0
2020-08-14 13:44:57,8,0.404,4.51,-20.0
2020-08-14 13:44:57,9,0.409,4.47,-20.0
2020-08-14 13:44:57,10,0.415,4.5,-20.0
2020-08-14 13:44:57,11,0.417,4.45,-20.0
2020-08-14 13:44:57,12,0.41,4.46,-20.0
2020-08-14 13:44:57,13,0.404,4.47,23.8
2020-08-14 13:44:57,14,0.415,4.49,-20.0
2020-08-14 13:44:57,15,0.41,4.52,-20.0
2020-08-14 13:44:57,16,0.424,4.53,-20.0
2020-08-14 13:44:57,17,0.412,4.49,-20.0
2020-08-14 13:44:57,18,0.43,4.5,-20.0
2020-08-14 13:44:57,19,0.437,4.47,-20.0
2020-08-14 13:44:57,20,0.413,4.47,-20.0
2020-08-14 13:44:57,21,0.411,4.48,-20.0
2020-08-14 13:44:57,22,0.422,4.46,-20.0
2020-08-14 13:44:57,23,0.439,4.48,-20.0
2020-08-14 13:44:57,24,0.406,4.5,-20.0
2020-08-14 13:44:57,25,0.417,4.5,21.2
2020-08-14 13:44:57,26,0.421,4.48,-20.0
2020-08-14 13:44:57,27,0.411,4.46,-20.0
2020-08-14 13:44:57,28,0.415,4.47,-20.0
2020-08-14 13:44:57,29,0.409,4.46,-20.0
2020-08-14 13:44:57,30,0.415,4.47,-20.0
2020-08-14 13:44:57,31,0.415,4.46,-20.0
2020-08-14 13:44:57,32,0.409,4.47,-20.0
2020-08-14 13:44:57,33,0.415,4.49,-20.0
2020-08-14 13:44:57,34,0.407,4.49,-20.0
2020-08-14 13:44:57,35,0.407,4.48,-20.0
2020-08-14 13:44:57,36,0.409,4.5,-20.0
2020-08-14 13:44:57,37,0.408,4.49,21.6
2020-08-14 13:44:57,38,0.412,4.48,-20.0
2020-08-14 13:44:57,39,0.418,4.47,-20.0
2020-08-14 13:44:57,40,0.416,4.48,-20.0
2020-08-14 13:44:57,41,0.41,4.49,-20.0
2020-08-14 13:44:57,42,0.405,4.48,-20.0
2020-08-14 13:44:57,43,0.417,4.48,-20.0
2020-08-14 13:44:57,44,0.428,4.49,-20.0
2020-08-14 13:44:57,45,0.419,4.49,-20.0
2020-08-14 13:44:57,46,0.424,4.49,-20.0
2020-08-14 13:44:57,47,0.42,4.49,-20.0
2020-08-14 13:44:57,48,0.418,4.48,-20.0
2020-08-14 13:44:57,49,0.485,4.46,23.9
2020-08-14 13:44:57,50,0.434,4.47,-20.0
2020-08-14 13:44:57,51,0.412,4.47,-20.0
2020-08-14 13:44:57,52,0.422,4.47,-20.0
2020-08-14 13:44:57,53,0.419,4.45,-20.0
2020-08-14 13:44:57,54,0.415,4.46,-20.0
2020-08-14 13:44:57,55,0.415,4.43,-20.0
2020-08-14 13:44:57,56,0.412,4.43,-20.0
2020-08-14 13:44:57,57,0.42,4.42,-20.0
2020-08-14 13:44:57,58,0.422,4.42,-20.0
2020-08-14 13:44:57,59,0.417,4.44,-20.0
2020-08-14 13:44:57,60,0.418,4.46,-20.0
2020-08-14 13:44:57,61,0.415,4.5,21.0
2020-08-14 13:44:57,62,0.413,4.49,-20.0
2020-08-14 13:44:57,63,0.412,4.48,-20.0
2020-08-14 13:44:57,64,0.407,4.46,-20.0
2020-08-14 13:44:57,65,0.415,4.45,-20.0
2020-08-14 13:44:57,66,0.418,4.45,-20.0
2020-08-14 13:44:57,67,0.413,4.43,-20.0
2020-08-14 13:44:57,68,0.42,4.45,-20.0
2020-08-14 13:44:57,69,0.415,4.45,-20.0
2020-08-14 13:44:57,70,0.412,4.46,-20.0
2020-08-14 13:44:57,71,0.415,4.49,-20.0
2020-08-14 13:44:57,72,0.413,4.49,-20.0
2020-08-14 13:44:57,73,0.407,4.53,21.5
2020-08-14 13:44:57,74,0.4,4.49,-20.0
2020-08-14 13:44:57,75,0.424,4.46,-20.0
2020-08-14 13:44:57,76,0.421,4.45,-20.0
2020-08-14 13:44:57,77,0.417,4.5,-20.0
2020-08-14 13:44:57,78,0.404,4.46,-20.0
2020-08-14 13:44:57,79,0.411,4.5,-20.0
2020-08-14 13:44:57,80,0.424,4.5,-20.0
2020-08-14 13:44:57,81,0.428,4.51,-20.0
2020-08-14 13:44:57,82,0.422,4.52,-20.0
2020-08-14 13:44:57,83,0.424,4.51,-20.0
2020-08-14 13:44:57,84,0.42,4.5,-20.0
2020-08-14 13:44:57,85,0.415,4.47,22.7
2020-08-14 13:44:57,86,0.413,4.46,-20.0
2020-08-14 13:44:57,87,0.438,4.46,-20.0
2020-08-14 13:44:57,88,0.409,4.48,-20.0
2020-08-14 13:44:57,89,0.414,4.5,-20.0
2020-08-14 13:44:57,90,0.413,4.47,-20.0
2020-08-14 13:44:57,91,0.42,4.48,-20.0
2020-08-14 13:44:57,92,0.404,4.51,-20.0
2020-08-14 13:44:57,93,0.414,4.5,-20.0
2020-08-14 13:44:57,94,0.419,4.47,-20.0
2020-08-14 13:44:57,95,0.418,4.46,-20.0
2020-08-14 13:44:57,96,0.414,4.49,-20.0
2020-08-15 01:44:29,1,0.417,4.5,24.9
2020-08-15 01:44:29,2,0.415,4.5,-20.0
2020-08-15 01:44:29,3,0.417,4.52,-20.0
2020-08-15 01:44:29,4,0.419,4.48,-20.0
2020-08-15 01:44:29,5,0.407,4.51,-20.0
2020-08-15 01:44:29,6,0.421,4.49,-20.0
2020-08-15 01:44:29,7,0.405,4.48,-20.0
2020-08-15 01:44:29,8,0.404,4.5,-20.0
2020-08-15 01:44:29,9,0.41,4.47,-20.0
2020-08-15 01:44:29,10,0.415,4.49,-20.0
2020-08-15 01:44:29,11,0.421,4.46,-20.0
2020-08-15 01:44:29,12,0.413,4.47,-20.0
2020-08-15 01:44:29,13,0.408,4.47,23.7
2020-08-15 01:44:29,14,0.416,4.49,-20.0
2020-08-15 01:44:29,15,0.408,4.52,-20.0
2020-08-15 01:44:29,16,0.425,4.53,-20.0
2020-08-15 01:44:29,17,0.412,4.49,-20.0
2020-08-15 01:44:29,18,0.426,4.49,-20.0
2020-08-15 01:44:29,19,0.437,4.47,-20.0
2020-08-15 01:44:29,20,0.414,4.47,-20.0
2020-08-15 01:44:29,21,0.411,4.48,-20.0
2020-08-15 01:44:29,22,0.419,4.46,-20.0
2020-08-15 01:44:29,23,0.44,4.48,-20.0
2020-08-15 01:44:29,24,0.409,4.49,-20.0
2020-08-15 01:44:29,25,0.418,4.5,21.0
2020-08-15 01:44:29,26,0.418,4.49,-20.0
2020-08-15 01:44:29,27,0.408,4.47,-20.0
2020-08-15 01:44:29,28,0.418,4.47,-20.0
2020-08-15 01:44:29,29,0.411,4.47,-20.0
2020-08-15 01:44:29,30,0.413,4.47,-20.0
2020-08-15 01:44:29,31,0.413,4.46,-20.0
2020-08-15 01:44:29,32,0.408,4.47,-20.0
2020-08-15 01:44:29,33,0.415,4.48,-20.0
2020-08-15 01:44:29,34,0.409,4.48,-20.0
2020-08-15 01:44:29,35,0.41,4.48,-20.0
2020-08-15 01:44:29,36,0.409,4.51,-20.0
2020-08-15 01:44:29,37,0.411,4.48,21.5
2020-08-15 01:44:29,38,0.417,4.48,-20.0
2020-08-15 01:44:29,39,0.419,4.47,-20.0
2020-08-15 01:44:29,40,0.417,4.47,-20.0
2020-08-15 01:44:29,41,0.411,4.5,-20.0
2020-08-15 01:44:29,42,0.405,4.48,-20.0
2020-08-15 01:44:29,43,0.422,4.48,-20.0
2020-08-15 01:44:29,44,0.428,4.49,-20.0
2020-08-15 01:44:29,45,0.42,4.5,-20.0
2020-08-15 01:44:29,46,0.422,4.48,-20.0
2020-08-15 01:44:29,47,0.4,4.48,-20.0
2020-08-15 01:44:29,48,0.394,4.48,-20.0
2020-08-15 01:44:29,49,0.486,4.46,23.9
2020-08-15 01:44:29,50,0.438,4.47,-20.0
2020-08-15 01:44:29,51,0.417,4.47,-20.0
2020-08-15 01:44:29,52,0.421,4.47,-20.0
2020-08-15 01:44:29,53,0.419,4.44,-20.0
2020-08-15 01:44:29,54,0.415,4.46,-20.0
2020-08-15 01:44:29,55,0.417,4.43,-20.0
2020-08-15 01:44:29,56,0.411,4.43,-20.0
2020-08-15 01:44:29,57,0.42,4.42,-20.0
2020-08-15 01:44:29,58,0.423,4.42,-20.0
2020-08-15 01:44:29,59,0.423,4.45,-20.0
2020-08-15 01:44:29,60,0.404,4.45,-20.0
2020-08-15 01:44:29,61,0.415,4.5,20.8
2020-08-15 01:44:29,62,0.413,4.49,-20.0
2020-08-15 01:44:29,63,0.395,4.48,-20.0
2020-08-15 01:44:29,64,0.402,4.46,-20.0
2020-08-15 01:44:29,65,0.4,4.45,-20.0
2020-08-15 01:44:29,66,0.417,4.45,-20.0
2020-08-15 01:44:29,67,0.409,4.43,-20.0
2020-08-15 01:44:29,68,0.402,4.45,-20.0
2020-08-15 01:44:29,69,0.42,4.45,-20.0
2020-08-15 01:44:29,70,0.408,4.46,-20.0
2020-08-15 01:44:29,71,0.414,4.49,-20.0
2020-08-15 01:44:29,72,0.415,4.49,-20.0
2020-08-15 01:44:29,73,0.408,4.51,21.3
2020-08-15 01:44:29,74,0.401,4.49,-20.0
2020-08-15 01:44:29,75,0.422,4.47,-20.0
2020-08-15 01:44:29,76,0.423,4.45,-20.0
2020-08-15 01:44:29,77,0.417,4.51,-20.0
2020-08-15 01:44:29,78,0.408,4.47,-20.0
2020-08-15 01:44:29,79,0.411,4.49,-20.0
2020-08-15 01:44:29,80,0.423,4.5,-20.0
2020-08-15 01:44:29,81,0.432,4.51,-20.0
2020-08-15 01:44:29,82,0.426,4.51,-20.0
2020-08-15 01:44:29,83,0.425,4.5,-20.0
2020-08-15 01:44:29,84,0.423,4.5,-20.0
2020-08-15 01:44:29,85,0.416,4.48,22.5
2020-08-15 01:44:29,86,0.413,4.47,-20.0
2020-08-15 01:44:29,87,0.44,4.46,-20.0
2020-08-15 01:44:29,88,0.409,4.47,-20.0
2020-08-15 01:44:29,89,0.414,4.5,-20.0
2020-08-15 01:44:29,90,0.415,4.48,-20.0
2020-08-15 01:44:29,91,0.418,4.48,-20.0
2020-08-15 01:44:29,92,0.403,4.49,-20.0
2020-08-15 01:44:29,93,0.415,4.49,-20.0
2020-08-15 01:44:29,94,0.422,4.47,-20.0
2020-08-15 01:44:29,95,0.42,4.45,-20.0
2020-08-15 01:44:29,96,0.416,4.48,-20.0
2020-08-15 13:43:59,1,0.413,4.5,24.9
2020-08-15 13:43:59,2,0.411,4.51,-20.0
2020-08-15 13:43:59,3,0.417,4.52,-20.0
2020-08-15 13:43:59,4,0.415,4.48,-20.0
2020-08-15 13:43:59,5,0.405,4.51,-20.0
2020-08-15 13:43:59,6,0.42,4.5,-20.0
2020-08-15 13:43:59,7,0.403,4.48,-20.0
2020-08-15 13:43:59,8,0.404,4.5,-20.0
2020-08-15 13:43:59,9,0.41,4.48,-20.0
2020-08-15 13:43:59,10,0.416,4.49,-20.0
2020-08-15 13:43:59,11,0.419,4.45,-20.0
2020-08-15 13:43:59,12,0.415,4.46,-20.0
2020-08-15 13:43:59,13,0.41,4.47,23.8
2020-08-15 13:43:59,14,0.416,4.49,-20.0
2020-08-15 13:43:59,15,0.409,4.51,-20.0
2020-08-15 13:43:59,16,0.427,4.53,-20.0
2020-08-15 13:43:59,17,0.413,4.49,-20.0
2020-08-15 13:43:59,18,0.423,4.5,-20.0
2020-08-15 13:43:59,19,0.438,4.47,-20.0
2020-08-15 13:43:59,20,0.415,4.46,-20.0
2020-08-15 13:43:59,21,0.412,4.49,-20.0
2020-08-15 13:43:59,22,0.418,4.46,-20.0
2020-08-15 13:43:59,23,0.441,4.47,-20.0
2020-08-15 13:43:59,24,0.411,4.48,-20.0
2020-08-15 13:43:59,25,0.418,4.5,20.9
2020-08-15 13:43:59,26,0.42,4.48,-20.0
2020-08-15 13:43:59,27,0.407,4.46,-20.0
2020-08-15 13:43:59,28,0.42,4.46,-20.0
2020-08-15 13:43:59,29,0.413,4.46,-20.0
2020-08-15 13:43:59,30,0.412,4.48,-20.0
2020-08-15 13:43:59,31,0.412,4.46,-20.0
2020-08-15 13:43:59,32,0.411,4.47,-20.0
2020-08-15 13:43:59,33,0.417,4.47,-20.0
2020-08-15 13:43:59,34,0.41,4.49,-20.0
2020-08-15 13:43:59,35,0.41,4.49,-20.0
2020-08-15 13:43:59,36,0.408,4.5,-20.0
2020-08-15 13:43:59,37,0.415,4.49,21.4
2020-08-15 13:43:59,38,0.423,4.48,-20.0
2020-08-15 13:43:59,39,0.416,4.46,-20.0
2020-08-15 13:43:59,40,0.417,4.48,-20.0
2020-08-15 13:43:59,41,0.41,4.49,-20.0
2020-08-15 13:43:59,42,0.402,4.47,-20.0
2020-08-15 13:43:59,43,0.424,4.47,-20.0
2020-08-15 13:43:59,44,0.431,4.49,-20.0
2020-08-15 13:43:59,45,0.419,4.49,-20.0
2020-08-15 13:43:59,46,0.422,4.49,-20.0
2020-08-15 13:43:59,47,0.405,4.48,-20.0
2020-08-15 13:43:59,48,0.399,4.48,-20.0
2020-08-15 13:43:59,49,0.483,4.46,24.0
2020-08-15 13:43:59,50,0.434,4.46,-20.0
2020-08-15 13:43:59,51,0.414,4.48,-20.0
2020-08-15 13:43:59,52,0.418,4.46,-20.0
2020-08-15 13:43:59,53,0.418,4.46,-20.0
2020-08-15 13:43:59,54,0.413,4.46,-20.0
2020-08-15 13:43:59,55,0.422,4.43,-20.0
2020-08-15 13:43:59,56,0.413,4.43,-20.0
2020-08-15 13:43:59,57,0.418,4.43,-20.0
2020-08-15 13:43:59,58,0.424,4.42,-20.0
2020-08-15 13:43:59,59,0.423,4.44,-20.0
2020-08-15 13:43:59,60,0.407,4.46,-20.0
2020-08-15 13:43:59,61,0.417,4.5,20.7
2020-08-15 13:43:59,62,0.413,4.5,-20.0
2020-08-15 13:43:59,63,0.4,4.48,-20.0
2020-08-15 13:43:59,64,0.404,4.46,-20.0
2020-08-15 13:43:59,65,0.403,4.44,-20.0
2020-08-15 13:43:59,66,0.417,4.45,-20.0
2020-08-15 13:43:59,67,0.411,4.43,-20.0
2020-08-15 13:43:59,68,0.407,4.45,-20.0
2020-08-15 13:43:59,69,0.42,4.45,-20.0
2020-08-15 13:43:59,70,0.413,4.47,-20.0
2020-08-15 13:43:59,71,0.413,4.49,-20.0
2020-08-15 13:43:59,72,0.414,4.49,-20.0
2020-08-15 13:43:59,73,0.409,4.51,21.0
2020-08-15 13:43:59,74,0.403,4.49,-20.0
2020-08-15 13:43:59,75,0.423,4.46,-20.0
2020-08-15 13:43:59,76,0.424,4.45,-20.0
2020-08-15 13:43:59,77,0.417,4.5,-20.0
2020-08-15 13:43:59,78,0.408,4.47,-20.0
2020-08-15 13:43:59,79,0.414,4.49,-20.0
2020-08-15 13:43:59,80,0.426,4.51,-20.0
2020-08-15 13:43:59,81,0.433,4.51,-20.0
2020-08-15 13:43:59,82,0.427,4.51,-20.0
2020-08-15 13:43:59,83,0.424,4.5,-20.0
2020-08-15 13:43:59,84,0.425,4.5,-20.0
2020-08-15 13:43:59,85,0.416,4.47,22.3
2020-08-15 13:43:59,86,0.412,4.46,-20.0
2020-08-15 13:43:59,87,0.437,4.45,-20.0
2020-08-15 13:43:59,88,0.407,4.47,-20.0
2020-08-15 13:43:59,89,0.415,4.5,-20.0
2020-08-15 13:43:59,90,0.411,4.47,-20.0
2020-08-15 13:43:59,91,0.418,4.49,-20.0
2020-08-15 13:43:59,92,0.405,4.5,-20.0
2020-08-15 13:43:59,93,0.416,4.49,-20.0
2020-08-15 13:43:59,94,0.421,4.47,-20.0
2020-08-15 13:43:59,95,0.422,4.46,-20.0
2020-08-15 13:43:59,96,0.415,4.48,-20.0
2020-08-16 01:43:34,1,0.415,4.5,24.9
2020-08-16 01:43:34,2,0.407,4.5,-20.0
2020-08-16 01:43:34,3,0.419,4.52,-20.0
2020-08-16 01:43:34,4,0.415,4.49,-20.0
2020-08-16 01:43:34,5,0.409,4.51,-20.0
2020-08-16 01:43:34,6,0.416,4.49,-20.0
2020-08-16 01:43:34,7,0.405,4.48,-20.0
2020-08-16 01:43:34,8,0.407,4.5,-20.0
2020-08-16 01:43:34,9,0.409,4.48,-20.0
2020-08-16 01:43:34,10,0.417,4.49,-20.0
2020-08-16 01:43:34,11,0.418,4.45,-20.0
2020-08-16 01:43:34,12,0.415,4.46,-20.0
2020-08-16 01:43:34,13,0.408,4.47,23.8
2020-08-16 01:43:34,14,0.416,4.49,-20.0
2020-08-16 01:43:34,15,0.41,4.52,-20.0
2020-08-16 01:43:34,16,0.427,4.53,-20.0
2020-08-16 01:43:34,17,0.414,4.49,-20.0
2020-08-16 01:43:34,18,0.427,4.49,-20.0
2020-08-16 01:43:34,19,0.438,4.46,-20.0
2020-08-16 01:43:34,20,0.412,4.47,-20.0
2020-08-16 01:43:34,21,0.412,4.48,-20.0
2020-08-16 01:43:34,22,0.416,4.46,-20.0
2020-08-16 01:43:34,23,0.439,4.48,-20.0
2020-08-16 01:43:34,24,0.41,4.48,-20.0
2020-08-16 01:43:34,25,0.416,4.5,21.0
2020-08-16 01:43:34,26,0.422,4.48,-20.0
2020-08-16 01:43:34,27,0.41,4.47,-20.0
2020-08-16 01:43:34,28,0.424,4.46,-20.0
2020-08-16 01:43:34,29,0.415,4.46,-20.0
2020-08-16 01:43:34,30,0.414,4.47,-20.0
2020-08-16 01:43:34,31,0.415,4.46,-20.0
2020-08-16 01:43:34,32,0.413,4.47,-20.0
2020-08-16 01:43:34,33,0.415,4.49,-20.0
2020-08-16 01:43:34,34,0.411,4.49,-20.0
2020-08-16 01:43:34,35,0.411,4.48,-20.0
2020-08-16 01:43:34,36,0.406,4.51,-20.0
2020-08-16 01:43:34,37,0.396,4.49,21.5
2020-08-16 01:43:34,38,0.41,4.49,-20.0
2020-08-16 01:43:34,39,0.403,4.47,-20.0
2020-08-16 01:43:34,40,0.417,4.47,-20.0
2020-08-16 01:43:34,41,0.408,4.49,-20.0
2020-08-16 01:43:34,42,0.392,4.48,-20.0
2020-08-16 01:43:34,43,0.411,4.48,-20.0
2020-08-16 01:43:34,44,0.419,4.49,-20.0
2020-08-16 01:43:34,45,0.417,4.49,-20.0
2020-08-16 01:43:34,46,0.419,4.49,-20.0
2020-08-16 01:43:34,47,0.41,4.48,-20.0
2020-08-16 01:43:34,48,0.406,4.48,-20.0
2020-08-16 01:43:34,49,0.486,4.46,24.0
2020-08-16 01:43:34,50,0.434,4.47,-20.0
2020-08-16 01:43:34,51,0.416,4.47,-20.0
2020-08-16 01:43:34,52,0.419,4.47,-20.0
2020-08-16 01:43:34,53,0.417,4.45,-20.0
2020-08-16 01:43:34,54,0.414,4.46,-20.0
2020-08-16 01:43:34,55,0.405,4.43,-20.0
2020-08-16 01:43:34,56,0.411,4.43,-20.0
2020-08-16 01:43:34,57,0.416,4.42,-20.0
2020-08-16 01:43:34,58,0.415,4.42,-20.0
2020-08-16 01:43:34,59,0.409,4.45,-20.0
2020-08-16 01:43:34,60,0.397,4.46,-20.0
2020-08-16 01:43:34,61,0.419,4.5,20.8
2020-08-16 01:43:34,62,0.412,4.5,-20.0
2020-08-16 01:43:34,63,0.402,4.48,-20.0
2020-08-16 01:43:34,64,0.407,4.46,-20.0
2020-08-16 01:43:34,65,0.404,4.45,-20.0
2020-08-16 01:43:34,66,0.416,4.45,-20.0
2020-08-16 01:43:34,67,0.413,4.42,-20.0
2020-08-16 01:43:34,68,0.409,4.45,-20.0
2020-08-16 01:43:34,69,0.418,4.45,-20.0
2020-08-16 01:43:34,70,0.413,4.46,-20.0
2020-08-16 01:43:34,71,0.414,4.48,-20.0
2020-08-16 01:43:34,72,0.413,4.49,-20.0
2020-08-16 01:43:34,73,0.41,4.51,21.2
2020-08-16 01:43:34,74,0.407,4.49,-20.0
2020-08-16 01:43:34,75,0.425,4.46,-20.0
2020-08-16 01:43:34,76,0.423,4.44,-20.0
2020-08-16 01:43:34,77,0.417,4.5,-20.0
2020-08-16 01:43:34,78,0.409,4.47,-20.0
2020-08-16 01:43:34,79,0.412,4.5,-20.0
2020-08-16 01:43:34,80,0.424,4.5,-20.0
2020-08-16 01:43:34,81,0.431,4.52,-20.0
2020-08-16 01:43:34,82,0.426,4.52,-20.0
2020-08-16 01:43:34,83,0.424,4.51,-20.0
2020-08-16 01:43:34,84,0.424,4.49,-20.0
2020-08-16 01:43:34,85,0.418,4.48,22.4
2020-08-16 01:43:34,86,0.413,4.46,-20.0
2020-08-16 01:43:34,87,0.439,4.46,-20.0
2020-08-16 01:43:34,88,0.408,4.47,-20.0
2020-08-16 01:43:34,89,0.415,4.5,-20.0
2020-08-16 01:43:34,90,0.409,4.48,-20.0
2020-08-16 01:43:34,91,0.419,4.49,-20.0
2020-08-16 01:43:34,92,0.406,4.5,-20.0
2020-08-16 01:43:34,93,0.417,4.5,-20.0
2020-08-16 01:43:34,94,0.423,4.47,-20.0
2020-08-16 01:43:34,95,0.419,4.46,-20.0
2020-08-16 01:43:34,96,0.414,4.48,-20.0
2020-08-16 13:43:02,1,0.414,4.5,24.9
2020-08-16 13:43:02,2,0.411,4.51,-20.0
2020-08-16 13:43:02,3,0.42,4.53,-20.0
2020-08-16 13:43:02,4,0.416,4.48,-20.0
2020-08-16 13:43:02,5,0.408,4.51,-20.0
2020-08-16 13:43:02,6,0.418,4.49,-20.0
2020-08-16 13:43:02,7,0.406,4.48,-20.0
2020-08-16 13:43:02,8,0.409,4.5,-20.0
2020-08-16 13:43:02,9,0.411,4.47,-20.0
2020-08-16 13:43:02,10,0.417,4.49,-20.0
2020-08-16 13:43:02,11,0.42,4.45,-20.0
2020-08-16 13:43:02,12,0.417,4.47,-20.0
2020-08-16 13:43:02,13,0.41,4.47,23.8
2020-08-16 13:43:02,14,0.416,4.5,-20.0
2020-08-16 13:43:02,15,0.412,4.52,-20.0
2020-08-16 13:43:02,16,0.427,4.53,-20.0
2020-08-16 13:43:02,17,0.414,4.49,-20.0
2020-08-16 13:43:02,18,0.43,4.49,-20.0
2020-08-16 13:43:02,19,0.438,4.47,-20.0
2020-08-16 13:43:02,20,0.412,4.47,-20.0
2020-08-16 13:43:02,21,0.412,4.48,-20.0
2020-08-16 13:43:02,22,0.414,4.47,-20.0
2020-08-16 13:43:02,23,0.44,4.48,-20.0
2020-08-16 13:43:02,24,0.405,4.48,-20.0
2020-08-16 13:43:02,25,0.418,4.5,21.0
2020-08-16 13:43:02,26,0.423,4.49,-20.0
2020-08-16 13:43:02,27,0.408,4.46,-20.0
2020-08-16 13:43:02,28,0.424,4.48,-20.0
2020-08-16 13:43:02,29,0.418,4.45,-20.0
2020-08-16 13:43:02,30,0.417,4.46,-20.0
2020-08-16 13:43:02,31,0.418,4.46,-20.0
2020-08-16 13:43:02,32,0.41,4.47,-20.0
2020-08-16 13:43:02,33,0.416,4.49,-20.0
2020-08-16 13:43:02,34,0.413,4.48,-20.0
2020-08-16 13:43:02,35,0.411,4.48,-20.0
2020-08-16 13:43:02,36,0.41,4.5,-20.0
2020-08-16 13:43:02,37,0.405,4.48,21.5
2020-08-16 13:43:02,38,0.412,4.49,-20.0
2020-08-16 13:43:02,39,0.409,4.47,-20.0
2020-08-16 13:43:02,40,0.414,4.48,-20.0
2020-08-16 13:43:02,41,0.408,4.49,-20.0
2020-08-16 13:43:02,42,0.397,4.47,-20.0
2020-08-16 13:43:02,43,0.411,4.48,-20.0
2020-08-16 13:43:02,44,0.42,4.49,-20.0
2020-08-16 13:43:02,45,0.417,4.5,-20.0
2020-08-16 13:43:02,46,0.42,4.5,-20.0
2020-08-16 13:43:02,47,0.412,4.47,-20.0
2020-08-16 13:43:02,48,0.405,4.47,-20.0
2020-08-16 13:43:02,49,0.487,4.46,24.0
2020-08-16 13:43:02,50,0.431,4.47,-20.0
2020-08-16 13:43:02,51,0.413,4.47,-20.0
2020-08-16 13:43:02,52,0.417,4.47,-20.0
2020-08-16 13:43:02,53,0.418,4.45,-20.0
2020-08-16 13:43:02,54,0.416,4.47,-20.0
2020-08-16 13:43:02,55,0.407,4.43,-20.0
2020-08-16 13:43:02,56,0.412,4.43,-20.0
2020-08-16 13:43:02,57,0.421,4.42,-20.0
2020-08-16 13:43:02,58,0.417,4.42,-20.0
2020-08-16 13:43:02,59,0.416,4.45,-20.0
2020-08-16 13:43:02,60,0.409,4.46,-20.0
2020-08-16 13:43:02,61,0.417,4.5,20.8
2020-08-16 13:43:02,62,0.414,4.5,-20.0
2020-08-16 13:43:02,63,0.405,4.48,-20.0
2020-08-16 13:43:02,64,0.408,4.46,-20.0
2020-08-16 13:43:02,65,0.41,4.44,-20.0
2020-08-16 13:43:02,66,0.418,4.45,-20.0
2020-08-16 13:43:02,67,0.413,4.43,-20.0
2020-08-16 13:43:02,68,0.411,4.46,-20.0
2020-08-16 13:43:02,69,0.417,4.45,-20.0
2020-08-16 13:43:02,70,0.413,4.47,-20.0
2020-08-16 13:43:02,71,0.413,4.49,-20.0
2020-08-16 13:43:02,72,0.414,4.49,-20.0
2020-08-16 13:43:02,73,0.41,4.51,21.3
2020-08-16 13:43:02,74,0.407,4.49,-20.0
2020-08-16 13:43:02,75,0.426,4.47,-20.0
2020-08-16 13:43:02,76,0.421,4.44,-20.0
2020-08-16 13:43:02,77,0.417,4.51,-20.0
2020-08-16 13:43:02,78,0.409,4.47,-20.0
2020-08-16 13:43:02,79,0.411,4.49,-20.0
2020-08-16 13:43:02,80,0.427,4.51,-20.0
2020-08-16 13:43:02,81,0.43,4.51,-20.0
2020-08-16 13:43:02,82,0.423,4.52,-20.0
2020-08-16 13:43:02,83,0.421,4.51,-20.0
2020-08-16 13:43:02,84,0.427,4.49,-20.0
2020-08-16 13:43:02,85,0.417,4.48,22.6
2020-08-16 13:43:02,86,0.412,4.46,-20.0
2020-08-16 13:43:02,87,0.439,4.46,-20.0
2020-08-16 13:43:02,88,0.407,4.48,-20.0
2020-08-16 13:43:02,89,0.417,4.5,-20.0
2020-08-16 13:43:02,90,0.408,4.48,-20.0
2020-08-16 13:43:02,91,0.421,4.49,-20.0
2020-08-16 13:43:02,92,0.404,4.5,-20.0
2020-08-16 13:43:02,93,0.413,4.49,-20.0
2020-08-16 13:43:02,94,0.421,4.47,-20.0
2020-08-16 13:43:02,95,0.416,4.46,-20.0
2020-08-16 13:43:02,96,0.41,4.48,-20.0
2020-08-17 01:42:43,1,0.414,4.5,24.8
2020-08-17 01:42:43,2,0.414,4.51,-20.0
2020-08-17 01:42:43,3,0.418,4.52,-20.0
2020-08-17 01:42:43,4,0.414,4.48,-20.0
2020-08-17 01:42:43,5,0.408,4.51,-20.0
2020-08-17 01:42:43,6,0.419,4.5,-20.0
2020-08-17 01:42:43,7,0.409,4.48,-20.0
2020-08-17 01:42:43,8,0.405,4.51,-20.0
2020-08-17 01:42:43,9,0.41,4.47,-20.0
2020-08-17 01:42:43,10,0.416,4.49,-20.0
2020-08-17 01:42:43,11,0.419,4.45,-20.0
2020-08-17 01:42:43,12,0.417,4.46,-20.0
2020-08-17 01:42:43,13,0.411,4.47,23.9
2020-08-17 01:42:43,14,0.417,4.48,-20.0
2020-08-17 01:42:43,15,0.412,4.51,-20.0
2020-08-17 01:42:43,16,0.426,4.52,-20.0
2020-08-17 01:42:43,17,0.416,4.48,-20.0
2020-08-17 01:42:43,18,0.427,4.49,-20.0
2020-08-17 01:42:43,19,0.438,4.46,-20.0
2020-08-17 01:42:43,20,0.411,4.48,-20.0
2020-08-17 01:42:43,21,0.413,4.48,-20.0
2020-08-17 01:42:43,22,0.417,4.47,-20.0
2020-08-17 01:42:43,23,0.442,4.49,-20.0
2020-08-17 01:42:43,24,0.406,4.49,-20.0
2020-08-17 01:42:43,25,0.418,4.5,21.2
2020-08-17 01:42:43,26,0.422,4.49,-20.0
2020-08-17 01:42:43,27,0.4,4.47,-20.0
2020-08-17 01:42:43,28,0.416,4.47,-20.0
2020-08-17 01:42:43,29,0.407,4.46,-20.0
2020-08-17 01:42:43,30,0.413,4.47,-20.0
2020-08-17 01:42:43,31,0.416,4.47,-20.0
2020-08-17 01:42:43,32,0.394,4.47,-20.0
2020-08-17 01:42:43,33,0.408,4.48,-20.0
2020-08-17 01:42:43,34,0.4,4.49,-20.0
2020-08-17 01:42:43,35,0.406,4.49,-20.0
2020-08-17 01:42:43,36,0.41,4.5,-20.0
2020-08-17 01:42:43,37,0.408,4.48,21.7
2020-08-17 01:42:43,38,0.411,4.48,-20.0
2020-08-17 01:42:43,39,0.413,4.48,-20.0
2020-08-17 01:42:43,40,0.415,4.48,-20.0
2020-08-17 01:42:43,41,0.409,4.49,-20.0
2020-08-17 01:42:43,42,0.402,4.48,-20.0
2020-08-17 01:42:43,43,0.413,4.47,-20.0
2020-08-17 01:42:43,44,0.42,4.49,-20.0
2020-08-17 01:42:43,45,0.415,4.5,-20.0
2020-08-17 01:42:43,46,0.42,4.49,-20.0
2020-08-17 01:42:43,47,0.419,4.48,-20.0
2020-08-17 01:42:43,48,0.405,4.48,-20.0
2020-08-17 01:42:43,49,0.481,4.46,24.0
2020-08-17 01:42:43,50,0.426,4.47,-20.0
2020-08-17 01:42:43,51,0.411,4.48,-20.0
2020-08-17 01:42:43,52,0.417,4.47,-20.0
2020-08-17 01:42:43,53,0.416,4.45,-20.0
2020-08-17 01:42:43,54,0.417,4.46,-20.0
2020-08-17 01:42:43,55,0.414,4.44,-20.0
2020-08-17 01:42:43,56,0.412,4.43,-20.0
2020-08-17 01:42:43,57,0.42,4.42,-20.0
2020-08-17 01:42:43,58,0.417,4.43,-20.0
2020-08-17 01:42:43,59,0.413,4.44,-20.0
2020-08-17 01:42:43,60,0.412,4.46,-20.0
2020-08-17 01:42:43,61,0.42,4.5,21.0
2020-08-17 01:42:43,62,0.411,4.5,-20.0
2020-08-17 01:42:43,63,0.406,4.48,-20.0
2020-08-17 01:42:43,64,0.408,4.46,-20.0
2020-08-17 01:42:43,65,0.411,4.45,-20.0
2020-08-17 01:42:43,66,0.418,4.45,-20.0
2020-08-17 01:42:43,67,0.414,4.42,-20.0
2020-08-17 01:42:43,68,0.414,4.45,-20.0
2020-08-17 01:42:43,69,0.415,4.45,-20.0
2020-08-17 01:42:43,70,0.415,4.47,-20.0
2020-08-17 01:42:43,71,0.414,4.49,-20.0
2020-08-17 01:42:43,72,0.418,4.49,-20.0
2020-08-17 01:42:43,73,0.41,4.51,21.7
2020-08-17 01:42:43,74,0.408,4.5,-20.0
2020-08-17 01:42:43,75,0.428,4.47,-20.0
2020-08-17 01:42:43,76,0.421,4.44,-20.0
2020-08-17 01:42:43,77,0.418,4.51,-20.0
2020-08-17 01:42:43,78,0.411,4.46,-20.0
2020-08-17 01:42:43,79,0.411,4.49,-20.0
2020-08-17 01:42:43,80,0.427,4.51,-20.0
2020-08-17 01:42:43,81,0.43,4.52,-20.0
2020-08-17 01:42:43,82,0.423,4.52,-20.0
2020-08-17 01:42:43,83,0.424,4.5,-20.0
2020-08-17 01:42:43,84,0.426,4.5,-20.0
2020-08-17 01:42:43,85,0.417,4.48,22.9
2020-08-17 01:42:43,86,0.413,4.46,-20.0
2020-08-17 01:42:43,87,0.44,4.47,-20.0
2020-08-17 01:42:43,88,0.405,4.48,-20.0
2020-08-17 01:42:43,89,0.418,4.5,-20.0
2020-08-17 01:42:43,90,0.41,4.46,-20.0
2020-08-17 01:42:43,91,0.419,4.49,-20.0
2020-08-17 01:42:43,92,0.406,4.5,-20.0
2020-08-17 01:42:43,93,0.413,4.49,-20.0
2020-08-17 01:42:43,94,0.42,4.47,-20.0
2020-08-17 01:42:43,95,0.418,4.46,-20.0
2020-08-17 01:42:43,96,0.411,4.49,-20.0
2020-08-17 13:42:09,1,0.415,4.5,24.9
2020-08-17 13:42:09,2,0.412,4.5,-20.0
2020-08-17 13:42:09,3,0.415,4.52,-20.0
2020-08-17 13:42:09,4,0.413,4.48,-20.0
2020-08-17 13:42:09,5,0.406,4.5,-20.0
2020-08-17 13:42:09,6,0.417,4.5,-20.0
2020-08-17 13:42:09,7,0.409,4.48,-20.0
2020-08-17 13:42:09,8,0.404,4.5,-20.0
2020-08-17 13:42:09,9,0.414,4.48,-20.0
2020-08-17 13:42:09,10,0.415,4.48,-20.0
2020-08-17 13:42:09,11,0.419,4.45,-20.0
2020-08-17 13:42:09,12,0.418,4.46,-20.0
2020-08-17 13:42:09,13,0.41,4.47,23.7
2020-08-17 13:42:09,14,0.418,4.5,-20.0
2020-08-17 13:42:09,15,0.414,4.53,-20.0
2020-08-17 13:42:09,16,0.428,4.53,-20.0
2020-08-17 13:42:09,17,0.419,4.49,-20.0
2020-08-17 13:42:09,18,0.428,4.49,-20.0
2020-08-17 13:42:09,19,0.438,4.47,-20.0
2020-08-17 13:42:09,20,0.413,4.46,-20.0
2020-08-17 13:42:09,21,0.413,4.47,-20.0
2020-08-17 13:42:09,22,0.416,4.47,-20.0
2020-08-17 13:42:09,23,0.442,4.48,-20.0
2020-08-17 13:42:09,24,0.406,4.49,-20.0
2020-08-17 13:42:09,25,0.414,4.49,20.9
2020-08-17 13:42:09,26,0.42,4.48,-20.0
2020-08-17 13:42:09,27,0.403,4.46,-20.0
2020-08-17 13:42:09,28,0.418,4.47,-20.0
2020-08-17 13:42:09,29,0.409,4.46,-20.0
2020-08-17 13:42:09,30,0.413,4.48,-20.0
2020-08-17 13:42:09,31,0.416,4.46,-20.0
2020-08-17 13:42:09,32,0.398,4.47,-20.0
2020-08-17 13:42:09,33,0.408,4.48,-20.0
2020-08-17 13:42:09,34,0.407,4.48,-20.0
2020-08-17 13:42:09,35,0.409,4.48,-20.0
2020-08-17 13:42:09,36,0.41,4.5,-20.0
2020-08-17 13:42:09,37,0.414,4.48,21.4
2020-08-17 13:42:09,38,0.41,4.5,-20.0
2020-08-17 13:42:09,39,0.416,4.47,-20.0
2020-08-17 13:42:09,40,0.416,4.48,-20.0
2020-08-17 13:42:09,41,0.41,4.5,-20.0
2020-08-17 13:42:09,42,0.401,4.48,-20.0
2020-08-17 13:42:09,43,0.414,4.47,-20.0
2020-08-17 13:42:09,44,0.423,4.5,-20.0
2020-08-17 13:42:09,45,0.413,4.49,-20.0
2020-08-17 13:42:09,46,0.418,4.5,-20.0
2020-08-17 13:42:09,47,0.415,4.48,-20.0
2020-08-17 13:42:09,48,0.411,4.48,-20.0
2020-08-17 13:42:09,49,0.481,4.46,23.9
2020-08-17 13:42:09,50,0.426,4.47,-20.0
2020-08-17 13:42:09,51,0.41,4.48,-20.0
2020-08-17 13:42:09,52,0.413,4.46,-20.0
2020-08-17 13:42:09,53,0.419,4.45,-20.0
2020-08-17 13:42:09,54,0.417,4.46,-20.0
2020-08-17 13:42:09,55,0.414,4.43,-20.0
2020-08-17 13:42:09,56,0.413,4.43,-20.0
2020-08-17 13:42:09,57,0.419,4.42,-20.0
2020-08-17 13:42:09,58,0.419,4.43,-20.0
2020-08-17 13:42:09,59,0.412,4.44,-20.0
2020-08-17 13:42:09,60,0.412,4.46,-20.0
2020-08-17 13:42:09,61,0.421,4.5,20.7
2020-08-17 13:42:09,62,0.414,4.5,-20.0
2020-08-17 13:42:09,63,0.408,4.48,-20.0
2020-08-17 13:42:09,64,0.408,4.45,-20.0
2020-08-17 13:42:09,65,0.413,4.45,-20.0
2020-08-17 13:42:09,66,0.417,4.44,-20.0
2020-08-17 13:42:09,67,0.414,4.42,-20.0
2020-08-17 13:42:09,68,0.416,4.45,-20.0
2020-08-17 13:42:09,69,0.416,4.45,-20.0
2020-08-17 13:42:09,70,0.416,4.47,-20.0
2020-08-17 13:42:09,71,0.412,4.48,-20.0
2020-08-17 13:42:09,72,0.42,4.49,-20.0
2020-08-17 13:42:09,73,0.411,4.52,21.0
2020-08-17 13:42:09,74,0.409,4.5,-20.0
2020-08-17 13:42:09,75,0.429,4.47,-20.0
2020-08-17 13:42:09,76,0.42,4.44,-20.0
2020-08-17 13:42:09,77,0.418,4.5,-20.0
2020-08-17 13:42:09,78,0.409,4.48,-20.0
2020-08-17 13:42:09,79,0.412,4.49,-20.0
2020-08-17 13:42:09,80,0.428,4.5,-20.0
2020-08-17 13:42:09,81,0.43,4.51,-20.0
2020-08-17 13:42:09,82,0.426,4.52,-20.0
2020-08-17 13:42:09,83,0.424,4.51,-20.0
2020-08-17 13:42:09,84,0.424,4.49,-20.0
2020-08-17 13:42:09,85,0.411,4.48,22.2
2020-08-17 13:42:09,86,0.411,4.46,-20.0
2020-08-17 13:42:09,87,0.439,4.46,-20.0
2020-08-17 13:42:09,88,0.409,4.48,-20.0
2020-08-17 13:42:09,89,0.414,4.5,-20.0
2020-08-17 13:42:09,90,0.412,4.48,-20.0
2020-08-17 13:42:09,91,0.418,4.48,-20.0
2020-08-17 13:42:09,92,0.401,4.5,-20.0
2020-08-17 13:42:09,93,0.414,4.5,-20.0
2020-08-17 13:42:09,94,0.421,4.47,-20.0
2020-08-17 13:42:09,95,0.421,4.46,-20.0
2020-08-17 13:42:09,96,0.411,4.48,-20.0
2020-08-18 01:41:50,1,0.416,4.5,24.9
2020-08-18 01:41:50,2,0.413,4.5,-20.0
2020-08-18 01:41:50,3,0.416,4.52,-20.0
2020-08-18 01:41:50,4,0.414,4.48,-20.0
2020-08-18 01:41:50,5,0.405,4.51,-20.0
2020-08-18 01:41:50,6,0.418,4.49,-20.0
2020-08-18 01:41:50,7,0.408,4.48,-20.0
2020-08-18 01:41:50,8,0.403,4.5,-20.0
2020-08-18 01:41:50,9,0.414,4.48,-20.0
2020-08-18 01:41:50,10,0.418,4.49,-20.0
2020-08-18 01:41:50,11,0.416,4.45,-20.0
2020-08-18 01:41:50,12,0.414,4.46,-20.0
2020-08-18 01:41:50,13,0.406,4.48,23.9
2020-08-18 01:41:50,14,0.416,4.49,-20.0
2020-08-18 01:41:50,15,0.41,4.52,-20.0
2020-08-18 01:41:50,16,0.426,4.53,-20.0
2020-08-18 01:41:50,17,0.413,4.48,-20.0
2020-08-18 01:41:50,18,0.423,4.49,-20.0
2020-08-18 01:41:50,19,0.431,4.47,-20.0
2020-08-18 01:41:50,20,0.41,4.45,-20.0
2020-08-18 01:41:50,21,0.412,4.48,-20.0
2020-08-18 01:41:50,22,0.416,4.47,-20.0
2020-08-18 01:41:50,23,0.445,4.48,-20.0
2020-08-18 01:41:50,24,0.409,4.49,-20.0
2020-08-18 01:41:50,25,0.414,4.49,21.1
2020-08-18 01:41:50,26,0.418,4.49,-20.0
2020-08-18 01:41:50,27,0.408,4.46,-20.0
2020-08-18 01:41:50,28,0.421,4.46,-20.0
2020-08-18 01:41:50,29,0.41,4.45,-20.0
2020-08-18 01:41:50,30,0.413,4.47,-20.0
2020-08-18 01:41:50,31,0.411,4.46,-20.0
2020-08-18 01:41:50,32,0.403,4.48,-20.0
2020-08-18 01:41:50,33,0.41,4.48,-20.0
2020-08-18 01:41:50,34,0.407,4.48,-20.0
2020-08-18 01:41:50,35,0.41,4.48,-20.0
2020-08-18 01:41:50,36,0.41,4.5,-20.0
2020-08-18 01:41:50,37,0.409,4.49,21.6
2020-08-18 01:41:50,38,0.412,4.48,-20.0
2020-08-18 01:41:50,39,0.415,4.46,-20.0
2020-08-18 01:41:50,40,0.417,4.47,-20.0
2020-08-18 01:41:50,41,0.407,4.49,-20.0
2020-08-18 01:41:50,42,0.401,4.48,-20.0
2020-08-18 01:41:50,43,0.415,4.48,-20.0
2020-08-18 01:41:50,44,0.425,4.48,-20.0
2020-08-18 01:41:50,45,0.415,4.5,-20.0
2020-08-18 01:41:50,46,0.421,4.49,-20.0
2020-08-18 01:41:50,47,0.42,4.48,-20.0
2020-08-18 01:41:50,48,0.413,4.48,-20.0
2020-08-18 01:41:50,49,0.481,4.46,24.1
2020-08-18 01:41:50,50,0.427,4.47,-20.0
2020-08-18 01:41:50,51,0.41,4.48,-20.0
2020-08-18 01:41:50,52,0.418,4.46,-20.0
2020-08-18 01:41:50,53,0.418,4.45,-20.0
2020-08-18 01:41:50,54,0.417,4.46,-20.0
2020-08-18 01:41:50,55,0.417,4.43,-20.0
2020-08-18 01:41:50,56,0.413,4.43,-20.0
2020-08-18 01:41:50,57,0.421,4.43,-20.0
2020-08-18 01:41:50,58,0.419,4.42,-20.0
2020-08-18 01:41:50,59,0.408,4.44,-20.0
2020-08-18 01:41:50,60,0.416,4.46,-20.0
2020-08-18 01:41:50,61,0.419,4.5,21.0
2020-08-18 01:41:50,62,0.415,4.5,-20.0
2020-08-18 01:41:50,63,0.408,4.48,-20.0
2020-08-18 01:41:50,64,0.409,4.46,-20.0
2020-08-18 01:41:50,65,0.413,4.44,-20.0
2020-08-18 01:41:50,66,0.416,4.45,-20.0
2020-08-18 01:41:50,67,0.415,4.43,-20.0
2020-08-18 01:41:50,68,0.418,4.45,-20.0
2020-08-18 01:41:50,69,0.416,4.45,-20.0
2020-08-18 01:41:50,70,0.416,4.47,-20.0
2020-08-18 01:41:50,71,0.411,4.49,-20.0
2020-08-18 01:41:50,72,0.417,4.49,-20.0
2020-08-18 01:41:50,73,0.412,4.52,21.5
2020-08-18 01:41:50,74,0.408,4.49,-20.0
2020-08-18 01:41:50,75,0.429,4.47,-20.0
2020-08-18 01:41:50,76,0.423,4.44,-20.0
2020-08-18 01:41:50,77,0.418,4.5,-20.0
2020-08-18 01:41:50,78,0.405,4.47,-20.0
2020-08-18 01:41:50,79,0.41,4.49,-20.0
2020-08-18 01:41:50,80,0.427,4.51,-20.0
2020-08-18 01:41:50,81,0.431,4.51,-20.0
2020-08-18 01:41:50,82,0.425,4.51,-20.0
2020-08-18 01:41:50,83,0.426,4.51,-20.0
2020-08-18 01:41:50,84,0.424,4.49,-20.0
2020-08-18 01:41:50,85,0.413,4.48,22.7
2020-08-18 01:41:50,86,0.414,4.46,-20.0
2020-08-18 01:41:50,87,0.442,4.47,-20.0
2020-08-18 01:41:50,88,0.41,4.47,-20.0
2020-08-18 01:41:50,89,0.411,4.5,-20.0
2020-08-18 01:41:50,90,0.41,4.47,-20.0
2020-08-18 01:41:50,91,0.421,4.49,-20.0
2020-08-18 01:41:50,92,0.403,4.51,-20.0
2020-08-18 01:41:50,93,0.414,4.5,-20.0
2020-08-18 01:41:50,94,0.423,4.48,-20.0
2020-08-18 01:41:50,95,0.422,4.46,-20.0
2020-08-18 01:41:50,96,0.411,4.48,-20.0
2020-08-18 13:41:09,1,0.417,4.5,24.8
2020-08-18 13:41:09,2,0.414,4.51,-20.0
2020-08-18 13:41:09,3,0.415,4.53,-20.0
2020-08-18 13:41:09,4,0.417,4.48,-20.0
2020-08-18 13:41:09,5,0.405,4.52,-20.0
2020-08-18 13:41:09,6,0.415,4.5,-20.0
2020-08-18 13:41:09,7,0.406,4.48,-20.0
2020-08-18 13:41:09,8,0.406,4.5,-20.0
2020-08-18 13:41:09,9,0.415,4.48,-20.0
2020-08-18 13:41:09,10,0.416,4.49,-20.0
2020-08-18 13:41:09,11,0.419,4.45,-20.0
2020-08-18 13:41:09,12,0.415,4.45,-20.0
2020-08-18 13:41:09,13,0.409,4.48,23.7
2020-08-18 13:41:09,14,0.417,4.48,-20.0
2020-08-18 13:41:09,15,0.412,4.52,-20.0
2020-08-18 13:41:09,16,0.429,4.52,-20.0
2020-08-18 13:41:09,17,0.414,4.48,-20.0
2020-08-18 13:41:09,18,0.429,4.48,-20.0
2020-08-18 13:41:09,19,0.432,4.47,-20.0
2020-08-18 13:41:09,20,0.41,4.47,-20.0
2020-08-18 13:41:09,21,0.414,4.47,-20.0
2020-08-18 13:41:09,22,0.415,4.47,-20.0
2020-08-18 13:41:09,23,0.445,4.48,-20.0
2020-08-18 13:41:09,24,0.41,4.5,-20.0
2020-08-18 13:41:09,25,0.413,4.5,21.0
2020-08-18 13:41:09,26,0.418,4.48,-20.0
2020-08-18 13:41:09,27,0.408,4.47,-20.0
2020-08-18 13:41:09,28,0.421,4.46,-20.0
2020-08-18 13:41:09,29,0.412,4.46,-20.0
2020-08-18 13:41:09,30,0.413,4.48,-20.0
2020-08-18 13:41:09,31,0.412,4.47,-20.0
2020-08-18 13:41:09,32,0.404,4.47,-20.0
2020-08-18 13:41:09,33,0.411,4.47,-20.0
2020-08-18 13:41:09,34,0.408,4.48,-20.0
2020-08-18 13:41:09,35,0.41,4.48,-20.0
2020-08-18 13:41:09,36,0.409,4.5,-20.0
2020-08-18 13:41:09,37,0.408,4.48,21.5
2020-08-18 13:41:09,38,0.412,4.48,-20.0
2020-08-18 13:41:09,39,0.415,4.47,-20.0
2020-08-18 13:41:09,40,0.417,4.46,-20.0
2020-08-18 13:41:09,41,0.406,4.5,-20.0
2020-08-18 13:41:09,42,0.404,4.48,-20.0
2020-08-18 13:41:09,43,0.414,4.47,-20.0
2020-08-18 13:41:09,44,0.426,4.49,-20.0
2020-08-18 13:41:09,45,0.417,4.5,-20.0
2020-08-18 13:41:09,46,0.421,4.49,-20.0
2020-08-18 13:41:09,47,0.416,4.48,-20.0
2020-08-18 13:41:09,48,0.414,4.47,-20.0
2020-08-18 13:41:09,49,0.483,4.46,23.9
2020-08-18 13:41:09,50,0.426,4.47,-20.0
2020-08-18 13:41:09,51,0.412,4.47,-20.0
2020-08-18 13:41:09,52,0.421,4.47,-20.0
2020-08-18 13:41:09,53,0.417,4.45,-20.0
2020-08-18 13:41:09,54,0.415,4.46,-20.0
2020-08-18 13:41:09,55,0.416,4.43,-20.0
2020-08-18 13:41:09,56,0.416,4.43,-20.0
2020-08-18 13:41:09,57,0.419,4.42,-20.0
2020-08-18 13:41:09,58,0.421,4.42,-20.0
2020-08-18 13:41:09,59,0.412,4.44,-20.0
2020-08-18 13:41:09,60,0.418,4.46,-20.0
2020-08-18 13:41:09,61,0.421,4.5,20.7
2020-08-18 13:41:09,62,0.413,4.5,-20.0
2020-08-18 13:41:09,63,0.409,4.48,-20.0
2020-08-18 13:41:09,64,0.409,4.46,-20.0
2020-08-18 13:41:09,65,0.41,4.45,-20.0
2020-08-18 13:41:09,66,0.416,4.45,-20.0
2020-08-18 13:41:09,67,0.419,4.43,-20.0
2020-08-18 13:41:09,68,0.42,4.46,-20.0
2020-08-18 13:41:09,69,0.417,4.45,-20.0
2020-08-18 13:41:09,70,0.42,4.46,-20.0
2020-08-18 13:41:09,71,0.412,4.49,-20.0
2020-08-18 13:41:09,72,0.419,4.49,-20.0
2020-08-18 13:41:09,73,0.405,4.51,21.2
2020-08-18 13:41:09,74,0.397,4.49,-20.0
2020-08-18 13:41:09,75,0.433,4.47,-20.0
2020-08-18 13:41:09,76,0.424,4.45,-20.0
2020-08-18 13:41:09,77,0.418,4.51,-20.0
2020-08-18 13:41:09,78,0.399,4.48,-20.0
2020-08-18 13:41:09,79,0.408,4.49,-20.0
2020-08-18 13:41:09,80,0.421,4.52,-20.0
2020-08-18 13:41:09,81,0.426,4.52,-20.0
2020-08-18 13:41:09,82,0.423,4.52,-20.0
2020-08-18 13:41:09,83,0.426,4.5,-20.0
2020-08-18 13:41:09,84,0.425,4.5,-20.0
2020-08-18 13:41:09,85,0.414,4.47,22.6
2020-08-18 13:41:09,86,0.415,4.47,-20.0
2020-08-18 13:41:09,87,0.442,4.46,-20.0
2020-08-18 13:41:09,88,0.411,4.47,-20.0
2020-08-18 13:41:09,89,0.41,4.5,-20.0
2020-08-18 13:41:09,90,0.412,4.48,-20.0
2020-08-18 13:41:09,91,0.417,4.48,-20.0
2020-08-18 13:41:09,92,0.403,4.5,-20.0
2020-08-18 13:41:09,93,0.415,4.5,-20.0
2020-08-18 13:41:09,94,0.419,4.48,-20.0
2020-08-18 13:41:09,95,0.422,4.45,-20.0
2020-08-18 13:41:09,96,0.412,4.48,-20.0
2020-08-19 01:40:44,1,0.417,4.49,24.8
2020-08-19 01:40:44,2,0.415,4.5,-20.0
2020-08-19 01:40:44,3,0.416,4.52,-20.0
2020-08-19 01:40:44,4,0.417,4.48,-20.0
2020-08-19 01:40:44,5,0.406,4.52,-20.0
2020-08-19 01:40:44,6,0.417,4.5,-20.0
2020-08-19 01:40:44,7,0.403,4.48,-20.0
2020-08-19 01:40:44,8,0.403,4.5,-20.0
2020-08-19 01:40:44,9,0.416,4.47,-20.0
2020-08-19 01:40:44,10,0.417,4.49,-20.0
2020-08-19 01:40:44,11,0.416,4.45,-20.0
2020-08-19 01:40:44,12,0.412,4.46,-20.0
2020-08-19 01:40:44,13,0.407,4.47,23.9
2020-08-19 01:40:44,14,0.418,4.5,-20.0
2020-08-19 01:40:44,15,0.413,4.52,-20.0
2020-08-19 01:40:44,16,0.429,4.53,-20.0
2020-08-19 01:40:44,17,0.411,4.49,-20.0
2020-08-19 01:40:44,18,0.43,4.5,-20.0
2020-08-19 01:40:44,19,0.434,4.47,-20.0
2020-08-19 01:40:44,20,0.411,4.48,-20.0
2020-08-19 01:40:44,21,0.416,4.48,-20.0
2020-08-19 01:40:44,22,0.415,4.47,-20.0
2020-08-19 01:40:44,23,0.447,4.48,-20.0
2020-08-19 01:40:44,24,0.41,4.49,-20.0
2020-08-19 01:40:44,25,0.413,4.49,21.2
2020-08-19 01:40:44,26,0.42,4.48,-20.0
2020-08-19 01:40:44,27,0.41,4.46,-20.0
2020-08-19 01:40:44,28,0.419,4.46,-20.0
2020-08-19 01:40:44,29,0.411,4.47,-20.0
2020-08-19 01:40:44,30,0.413,4.47,-20.0
2020-08-19 01:40:44,31,0.412,4.46,-20.0
2020-08-19 01:40:44,32,0.403,4.47,-20.0
2020-08-19 01:40:44,33,0.415,4.48,-20.0
2020-08-19 01:40:44,34,0.407,4.48,-20.0
2020-08-19 01:40:44,35,0.412,4.49,-20.0
2020-08-19 01:40:44,36,0.407,4.5,-20.0
2020-08-19 01:40:44,37,0.409,4.48,21.7
2020-08-19 01:40:44,38,0.412,4.48,-20.0
2020-08-19 01:40:44,39,0.414,4.47,-20.0
2020-08-19 01:40:44,40,0.415,4.48,-20.0
2020-08-19 01:40:44,41,0.404,4.5,-20.0
2020-08-19 01:40:44,42,0.404,4.47,-20.0
2020-08-19 01:40:44,43,0.417,4.48,-20.0
2020-08-19 01:40:44,44,0.424,4.49,-20.0
2020-08-19 01:40:44,45,0.416,4.49,-20.0
2020-08-19 01:40:44,46,0.42,4.49,-20.0
2020-08-19 01:40:44,47,0.417,4.48,-20.0
2020-08-19 01:40:44,48,0.412,4.47,-20.0
2020-08-19 01:40:44,49,0.485,4.46,24.0
2020-08-19 01:40:44,50,0.428,4.47,-20.0
2020-08-19 01:40:44,51,0.412,4.48,-20.0
2020-08-19 01:40:44,52,0.421,4.47,-20.0
2020-08-19 01:40:44,53,0.417,4.45,-20.0
2020-08-19 01:40:44,54,0.415,4.47,-20.0
2020-08-19 01:40:44,55,0.418,4.43,-20.0
2020-08-19 01:40:44,56,0.414,4.43,-20.0
2020-08-19 01:40:44,57,0.421,4.42,-20.0
2020-08-19 01:40:44,58,0.42,4.42,-20.0
2020-08-19 01:40:44,59,0.412,4.44,-20.0
2020-08-19 01:40:44,60,0.421,4.46,-20.0
2020-08-19 01:40:44,61,0.421,4.5,21.0
2020-08-19 01:40:44,62,0.413,4.49,-20.0
2020-08-19 01:40:44,63,0.412,4.48,-20.0
2020-08-19 01:40:44,64,0.408,4.46,-20.0
2020-08-19 01:40:44,65,0.411,4.45,-20.0
2020-08-19 01:40:44,66,0.419,4.45,-20.0
2020-08-19 01:40:44,67,0.417,4.43,-20.0
2020-08-19 01:40:44,68,0.424,4.46,-20.0
2020-08-19 01:40:44,69,0.414,4.45,-20.0
2020-08-19 01:40:44,70,0.415,4.47,-20.0
2020-08-19 01:40:44,71,0.413,4.48,-20.0
2020-08-19 01:40:44,72,0.419,4.49,-20.0
2020-08-19 01:40:44,73,0.407,4.52,21.6
2020-08-19 01:40:44,74,0.399,4.49,-20.0
2020-08-19 01:40:44,75,0.431,4.47,-20.0
2020-08-19 01:40:44,76,0.424,4.44,-20.0
2020-08-19 01:40:44,77,0.422,4.5,-20.0
2020-08-19 01:40:44,78,0.4,4.46,-20.0
2020-08-19 01:40:44,79,0.407,4.5,-20.0
2020-08-19 01:40:44,80,0.422,4.51,-20.0
2020-08-19 01:40:44,81,0.428,4.51,-20.0
2020-08-19 01:40:44,82,0.423,4.51,-20.0
2020-08-19 01:40:44,83,0.425,4.51,-20.0
2020-08-19 01:40:44,84,0.424,4.5,-20.0
2020-08-19 01:40:44,85,0.416,4.48,23.0
2020-08-19 01:40:44,86,0.415,4.46,-20.0
2020-08-19 01:40:44,87,0.441,4.46,-20.0
2020-08-19 01:40:44,88,0.408,4.47,-20.0
2020-08-19 01:40:44,89,0.412,4.49,-20.0
2020-08-19 01:40:44,90,0.414,4.47,-20.0
2020-08-19 01:40:44,91,0.416,4.49,-20.0
2020-08-19 01:40:44,92,0.405,4.5,-20.0
2020-08-19 01:40:44,93,0.415,4.5,-20.0
2020-08-19 01:40:44,94,0.419,4.48,-20.0
2020-08-19 01:40:44,95,0.425,4.47,-20.0
2020-08-19 01:40:44,96,0.412,4.49,-20.0
2020-08-19 13:40:06,1,0.415,4.5,24.9
2020-08-19 13:40:06,2,0.416,4.51,-20.0
2020-08-19 13:40:06,3,0.418,4.53,-20.0
2020-08-19 13:40:06,4,0.418,4.48,-20.0
2020-08-19 13:40:06,5,0.407,4.51,-20.0
2020-08-19 13:40:06,6,0.414,4.49,-20.0
2020-08-19 13:40:06,7,0.403,4.48,-20.0
2020-08-19 13:40:06,8,0.407,4.5,-20.0
2020-08-19 13:40:06,9,0.416,4.47,-20.0
2020-08-19 13:40:06,10,0.418,4.49,-20.0
2020-08-19 13:40:06,11,0.416,4.45,-20.0
2020-08-19 13:40:06,12,0.412,4.46,-20.0
2020-08-19 13:40:06,13,0.411,4.48,23.8
2020-08-19 13:40:06,14,0.418,4.49,-20.0
2020-08-19 13:40:06,15,0.417,4.52,-20.0
2020-08-19 13:40:06,16,0.426,4.53,-20.0
2020-08-19 13:40:06,17,0.413,4.48,-20.0
2020-08-19 13:40:06,18,0.432,4.49,-20.0
2020-08-19 13:40:06,19,0.433,4.47,-20.0
2020-08-19 13:40:06,20,0.411,4.46,-20.0
2020-08-19 13:40:06,21,0.415,4.48,-20.0
2020-08-19 13:40:06,22,0.411,4.46,-20.0
2020-08-19 13:40:06,23,0.447,4.48,-20.0
2020-08-19 13:40:06,24,0.409,4.49,-20.0
2020-08-19 13:40:06,25,0.412,4.5,21.0
2020-08-19 13:40:06,26,0.419,4.48,-20.0
2020-08-19 13:40:06,27,0.405,4.46,-20.0
2020-08-19 13:40:06,28,0.422,4.47,-20.0
2020-08-19 13:40:06,29,0.412,4.46,-20.0
2020-08-19 13:40:06,30,0.41,4.48,-20.0
2020-08-19 13:40:06,31,0.411,4.47,-20.0
2020-08-19 13:40:06,32,0.403,4.47,-20.0
2020-08-19 13:40:06,33,0.413,4.48,-20.0
2020-08-19 13:40:06,34,0.407,4.49,-20.0
2020-08-19 13:40:06,35,0.41,4.48,-20.0
2020-08-19 13:40:06,36,0.406,4.51,-20.0
2020-08-19 13:40:06,37,0.41,4.48,21.5
2020-08-19 13:40:06,38,0.415,4.49,-20.0
2020-08-19 13:40:06,39,0.416,4.46,-20.0
2020-08-19 13:40:06,40,0.416,4.47,-20.0
2020-08-19 13:40:06,41,0.407,4.49,-20.0
2020-08-19 13:40:06,42,0.394,4.48,-20.0
2020-08-19 13:40:06,43,0.399,4.48,-20.0
2020-08-19 13:40:06,44,0.413,4.5,-20.0
2020-08-19 13:40:06,45,0.417,4.5,-20.0
2020-08-19 13:40:06,46,0.418,4.49,-20.0
2020-08-19 13:40:06,47,0.408,4.5,-20.0
2020-08-19 13:40:06,48,0.397,4.48,-20.0
2020-08-19 13:40:06,49,0.482,4.46,24.0
2020-08-19 13:40:06,50,0.432,4.46,-20.0
2020-08-19 13:40:06,51,0.413,4.47,-20.0
2020-08-19 13:40:06,52,0.42,4.47,-20.0
2020-08-19 13:40:06,53,0.417,4.46,-20.0
2020-08-19 13:40:06,54,0.416,4.46,-20.0
2020-08-19 13:40:06,55,0.42,4.44,-20.0
2020-08-19 13:40:06,56,0.415,4.42,-20.0
2020-08-19 13:40:06,57,0.419,4.42,-20.0
2020-08-19 13:40:06,58,0.42,4.43,-20.0
2020-08-19 13:40:06,59,0.417,4.44,-20.0
2020-08-19 13:40:06,60,0.421,4.46,-20.0
2020-08-19 13:40:06,61,0.423,4.51,20.8
2020-08-19 13:40:06,62,0.413,4.5,-20.0
2020-08-19 13:40:06,63,0.413,4.48,-20.0
2020-08-19 13:40:06,64,0.41,4.46,-20.0
2020-08-19 13:40:06,65,0.412,4.44,-20.0
2020-08-19 13:40:06,66,0.422,4.44,-20.0
2020-08-19 13:40:06,67,0.419,4.43,-20.0
2020-08-19 13:40:06,68,0.413,4.45,-20.0
2020-08-19 13:40:06,69,0.409,4.45,-20.0
2020-08-19 13:40:06,70,0.407,4.47,-20.0
2020-08-19 13:40:06,71,0.413,4.49,-20.0
2020-08-19 13:40:06,72,0.414,4.49,-20.0
2020-08-19 13:40:06,73,0.396,4.52,21.2
2020-08-19 13:40:06,74,0.394,4.49,-20.0
2020-08-19 13:40:06,75,0.432,4.47,-20.0
2020-08-19 13:40:06,76,0.423,4.45,-20.0
2020-08-19 13:40:06,77,0.419,4.51,-20.0
2020-08-19 13:40:06,78,0.401,4.47,-20.0
2020-08-19 13:40:06,79,0.405,4.49,-20.0
2020-08-19 13:40:06,80,0.421,4.5,-20.0
2020-08-19 13:40:06,81,0.425,4.52,-20.0
2020-08-19 13:40:06,82,0.424,4.53,-20.0
2020-08-19 13:40:06,83,0.424,4.51,-20.0
2020-08-19 13:40:06,84,0.424,4.5,-20.0
2020-08-19 13:40:06,85,0.419,4.48,22.5
2020-08-19 13:40:06,86,0.416,4.47,-20.0
2020-08-19 13:40:06,87,0.443,4.46,-20.0
2020-08-19 13:40:06,88,0.409,4.47,-20.0
2020-08-19 13:40:06,89,0.415,4.5,-20.0
2020-08-19 13:40:06,90,0.415,4.48,-20.0
2020-08-19 13:40:06,91,0.417,4.49,-20.0
2020-08-19 13:40:06,92,0.407,4.5,-20.0
2020-08-19 13:40:06,93,0.418,4.5,-20.0
2020-08-19 13:40:06,94,0.421,4.47,-20.0
2020-08-19 13:40:06,95,0.425,4.46,-20.0
2020-08-19 13:40:06,96,0.412,4.48,-20.0
2020-08-20 01:39:36,1,0.41,4.5,24.9
2020-08-20 01:39:36,2,0.414,4.51,-20.0
2020-08-20 01:39:36,3,0.42,4.51,-20.0
2020-08-20 01:39:36,4,0.419,4.48,-20.0
2020-08-20 01:39:36,5,0.408,4.51,-20.0
2020-08-20 01:39:36,6,0.412,4.5,-20.0
2020-08-20 01:39:36,7,0.401,4.48,-20.0
2020-08-20 01:39:36,8,0.408,4.51,-20.0
2020-08-20 01:39:36,9,0.413,4.48,-20.0
2020-08-20 01:39:36,10,0.42,4.49,-20.0
2020-08-20 01:39:36,11,0.416,4.46,-20.0
2020-08-20 01:39:36,12,0.412,4.45,-20.0
2020-08-20 01:39:36,13,0.409,4.48,23.7
2020-08-20 01:39:36,14,0.415,4.48,-20.0
2020-08-20 01:39:36,15,0.415,4.52,-20.0
2020-08-20 01:39:36,16,0.427,4.52,-20.0
2020-08-20 01:39:36,17,0.413,4.49,-20.0
2020-08-20 01:39:36,18,0.433,4.5,-20.0
2020-08-20 01:39:36,19,0.434,4.45,-20.0
2020-08-20 01:39:36,20,0.412,4.47,-20.0
2020-08-20 01:39:36,21,0.411,4.47,-20.0
2020-08-20 01:39:36,22,0.412,4.47,-20.0
2020-08-20 01:39:36,23,0.446,4.48,-20.0
2020-08-20 01:39:36,24,0.409,4.49,-20.0
2020-08-20 01:39:36,25,0.411,4.5,21.0
2020-08-20 01:39:36,26,0.417,4.48,-20.0
2020-08-20 01:39:36,27,0.408,4.46,-20.0
2020-08-20 01:39:36,28,0.425,4.47,-20.0
2020-08-20 01:39:36,29,0.414,4.46,-20.0
2020-08-20 01:39:36,30,0.413,4.47,-20.0
2020-08-20 01:39:36,31,0.414,4.46,-20.0
2020-08-20 01:39:36,32,0.399,4.48,-20.0
2020-08-20 01:39:36,33,0.411,4.48,-20.0
2020-08-20 01:39:36,34,0.41,4.49,-20.0
2020-08-20 01:39:36,35,0.412,4.49,-20.0
2020-08-20 01:39:36,36,0.405,4.51,-20.0
2020-08-20 01:39:36,37,0.413,4.49,21.4
2020-08-20 01:39:36,38,0.413,4.5,-20.0
2020-08-20 01:39:36,39,0.412,4.48,-20.0
2020-08-20 01:39:36,40,0.416,4.47,-20.0
2020-08-20 01:39:36,41,0.411,4.49,-20.0
2020-08-20 01:39:36,42,0.401,4.47,-20.0
2020-08-20 01:39:36,43,0.405,4.47,-20.0
2020-08-20 01:39:36,44,0.414,4.49,-20.0
2020-08-20 01:39:36,45,0.417,4.49,-20.0
2020-08-20 01:39:36,46,0.418,4.49,-20.0
2020-08-20 01:39:36,47,0.412,4.48,-20.0
2020-08-20 01:39:36,48,0.405,4.48,-20.0
2020-08-20 01:39:36,49,0.483,4.46,24.0
2020-08-20 01:39:36,50,0.432,4.46,-20.0
2020-08-20 01:39:36,51,0.414,4.48,-20.0
2020-08-20 01:39:36,52,0.422,4.46,-20.0
2020-08-20 01:39:36,53,0.417,4.45,-20.0
2020-08-20 01:39:36,54,0.418,4.47,-20.0
2020-08-20 01:39:36,55,0.42,4.43,-20.0
2020-08-20 01:39:36,56,0.413,4.43,-20.0
2020-08-20 01:39:36,57,0.416,4.42,-20.0
2020-08-20 01:39:36,58,0.419,4.42,-20.0
2020-08-20 01:39:36,59,0.418,4.44,-20.0
2020-08-20 01:39:36,60,0.427,4.46,-20.0
2020-08-20 01:39:36,61,0.421,4.5,20.7
2020-08-20 01:39:36,62,0.41,4.5,-20.0
2020-08-20 01:39:36,63,0.414,4.48,-20.0
2020-08-20 01:39:36,64,0.407,4.46,-20.0
2020-08-20 01:39:36,65,0.413,4.44,-20.0
2020-08-20 01:39:36,66,0.424,4.45,-20.0
2020-08-20 01:39:36,67,0.418,4.43,-20.0
2020-08-20 01:39:36,68,0.415,4.45,-20.0
2020-08-20 01:39:36,69,0.409,4.46,-20.0
2020-08-20 01:39:36,70,0.409,4.47,-20.0
2020-08-20 01:39:36,71,0.416,4.49,-20.0
2020-08-20 01:39:36,72,0.417,4.5,-20.0
2020-08-20 01:39:36,73,0.399,4.52,21.1
2020-08-20 01:39:36,74,0.397,4.5,-20.0
2020-08-20 01:39:36,75,0.431,4.47,-20.0
2020-08-20 01:39:36,76,0.422,4.45,-20.0
2020-08-20 01:39:36,77,0.419,4.5,-20.0
2020-08-20 01:39:36,78,0.406,4.47,-20.0
2020-08-20 01:39:36,79,0.407,4.5,-20.0
2020-08-20 01:39:36,80,0.425,4.51,-20.0
2020-08-20 01:39:36,81,0.427,4.51,-20.0
2020-08-20 01:39:36,82,0.424,4.51,-20.0
2020-08-20 01:39:36,83,0.425,4.51,-20.0
2020-08-20 01:39:36,84,0.423,4.49,-20.0
2020-08-20 01:39:36,85,0.421,4.47,22.4
2020-08-20 01:39:36,86,0.416,4.46,-20.0
2020-08-20 01:39:36,87,0.444,4.47,-20.0
2020-08-20 01:39:36,88,0.41,4.48,-20.0
2020-08-20 01:39:36,89,0.417,4.5,-20.0
2020-08-20 01:39:36,90,0.415,4.48,-20.0
2020-08-20 01:39:36,91,0.418,4.49,-20.0
2020-08-20 01:39:36,92,0.407,4.5,-20.0
2020-08-20 01:39:36,93,0.418,4.49,-20.0
2020-08-20 01:39:36,94,0.423,4.48,-20.0
2020-08-20 01:39:36,95,0.423,4.46,-20.0
2020-08-20 01:39:36,96,0.414,4.48,-20.0
2020-08-20 13:39:10,1,0.412,4.5,24.8
2020-08-20 13:39:10,2,0.415,4.51,-20.0
2020-08-20 13:39:10,3,0.421,4.52,-20.0
2020-08-20 13:39:10,4,0.418,4.49,-20.0
2020-08-20 13:39:10,5,0.408,4.52,-20.0
2020-08-20 13:39:10,6,0.413,4.49,-20.0
2020-08-20 13:39:10,7,0.405,4.48,-20.0
2020-08-20 13:39:10,8,0.408,4.51,-20.0
2020-08-20 13:39:10,9,0.414,4.48,-20.0
2020-08-20 13:39:10,10,0.422,4.5,-20.0
2020-08-20 13:39:10,11,0.412,4.45,-20.0
2020-08-20 13:39:10,12,0.415,4.46,-20.0
2020-08-20 13:39:10,13,0.412,4.48,23.8
2020-08-20 13:39:10,14,0.415,4.48,-20.0
2020-08-20 13:39:10,15,0.414,4.52,-20.0
2020-08-20 13:39:10,16,0.429,4.53,-20.0
2020-08-20 13:39:10,17,0.412,4.48,-20.0
2020-08-20 13:39:10,18,0.432,4.5,-20.0
2020-08-20 13:39:10,19,0.437,4.47,-20.0
2020-08-20 13:39:10,20,0.412,4.46,-20.0
2020-08-20 13:39:10,21,0.41,4.47,-20.0
2020-08-20 13:39:10,22,0.412,4.47,-20.0
2020-08-20 13:39:10,23,0.444,4.48,-20.0
2020-08-20 13:39:10,24,0.407,4.49,-20.0
2020-08-20 13:39:10,25,0.415,4.51,21.0
2020-08-20 13:39:10,26,0.421,4.48,-20.0
2020-08-20 13:39:10,27,0.412,4.46,-20.0
2020-08-20 13:39:10,28,0.423,4.48,-20.0
2020-08-20 13:39:10,29,0.411,4.46,-20.0
2020-08-20 13:39:10,30,0.416,4.47,-20.0
2020-08-20 13:39:10,31,0.413,4.46,-20.0
2020-08-20 13:39:10,32,0.406,4.46,-20.0
2020-08-20 13:39:10,33,0.411,4.48,-20.0
2020-08-20 13:39:10,34,0.412,4.49,-20.0
2020-08-20 13:39:10,35,0.411,4.48,-20.0
2020-08-20 13:39:10,36,0.404,4.5,-20.0
2020-08-20 13:39:10,37,0.415,4.49,21.5
2020-08-20 13:39:10,38,0.398,4.49,-20.0
2020-08-20 13:39:10,39,0.396,4.46,-20.0
2020-08-20 13:39:10,40,0.414,4.46,-20.0
2020-08-20 13:39:10,41,0.409,4.49,-20.0
2020-08-20 13:39:10,42,0.388,4.47,-20.0
2020-08-20 13:39:10,43,0.397,4.47,-20.0
2020-08-20 13:39:10,44,0.4,4.49,-20.0
2020-08-20 13:39:10,45,0.417,4.5,-20.0
2020-08-20 13:39:10,46,0.414,4.49,-20.0
2020-08-20 13:39:10,47,0.398,4.5,-20.0
2020-08-20 13:39:10,48,0.396,4.47,-20.0
2020-08-20 13:39:10,49,0.485,4.46,23.8
2020-08-20 13:39:10,50,0.434,4.47,-20.0
2020-08-20 13:39:10,51,0.416,4.47,-20.0
2020-08-20 13:39:10,52,0.424,4.46,-20.0
2020-08-20 13:39:10,53,0.419,4.45,-20.0
2020-08-20 13:39:10,54,0.418,4.46,-20.0
2020-08-20 13:39:10,55,0.42,4.43,-20.0
2020-08-20 13:39:10,56,0.411,4.43,-20.0
2020-08-20 13:39:10,57,0.419,4.42,-20.0
2020-08-20 13:39:10,58,0.412,4.43,-20.0
2020-08-20 13:39:10,59,0.405,4.44,-20.0
2020-08-20 13:39:10,60,0.408,4.46,-20.0
2020-08-20 13:39:10,61,0.418,4.5,20.8
2020-08-20 13:39:10,62,0.409,4.51,-20.0
2020-08-20 13:39:10,63,0.4,4.48,-20.0
2020-08-20 13:39:10,64,0.401,4.46,-20.0
2020-08-20 13:39:10,65,0.397,4.45,-20.0
2020-08-20 13:39:10,66,0.421,4.45,-20.0
2020-08-20 13:39:10,67,0.416,4.42,-20.0
2020-08-20 13:39:10,68,0.418,4.45,-20.0
2020-08-20 13:39:10,69,0.412,4.45,-20.0
2020-08-20 13:39:10,70,0.408,4.47,-20.0
2020-08-20 13:39:10,71,0.417,4.49,-20.0
2020-08-20 13:39:10,72,0.417,4.49,-20.0
2020-08-20 13:39:10,73,0.403,4.52,21.3
2020-08-20 13:39:10,74,0.4,4.49,-20.0
2020-08-20 13:39:10,75,0.432,4.46,-20.0
2020-08-20 13:39:10,76,0.424,4.45,-20.0
2020-08-20 13:39:10,77,0.421,4.5,-20.0
2020-08-20 13:39:10,78,0.409,4.47,-20.0
2020-08-20 13:39:10,79,0.409,4.49,-20.0
2020-08-20 13:39:10,80,0.424,4.5,-20.0
2020-08-20 13:39:10,81,0.426,4.51,-20.0
2020-08-20 13:39:10,82,0.424,4.52,-20.0
2020-08-20 13:39:10,83,0.426,4.5,-20.0
2020-08-20 13:39:10,84,0.423,4.49,-20.0
2020-08-20 13:39:10,85,0.421,4.48,22.4
2020-08-20 13:39:10,86,0.418,4.46,-20.0
2020-08-20 13:39:10,87,0.444,4.46,-20.0
2020-08-20 13:39:10,88,0.404,4.47,-20.0
2020-08-20 13:39:10,89,0.415,4.5,-20.0
2020-08-20 13:39:10,90,0.412,4.48,-20.0
2020-08-20 13:39:10,91,0.42,4.49,-20.0
2020-08-20 13:39:10,92,0.405,4.5,-20.0
2020-08-20 13:39:10,93,0.419,4.5,-20.0
2020-08-20 13:39:10,94,0.421,4.47,-20.0
2020-08-20 13:39:10,95,0.421,4.46,-20.0
2020-08-20 13:39:10,96,0.413,4.48,-20.0
2020-08-21 01:38:51,1,0.412,4.49,24.8
2020-08-21 01:38:51,2,0.414,4.51,-20.0
2020-08-21 01:38:51,3,0.421,4.52,-20.0
2020-08-21 01:38:51,4,0.418,4.48,-20.0
2020-08-21 01:38:51,5,0.407,4.52,-20.0
2020-08-21 01:38:51,6,0.413,4.49,-20.0
2020-08-21 01:38:51,7,0.408,4.48,-20.0
2020-08-21 01:38:51,8,0.408,4.5,-20.0
2020-08-21 01:38:51,9,0.415,4.48,-20.0
2020-08-21 01:38:51,10,0.422,4.5,-20.0
2020-08-21 01:38:51,11,0.412,4.46,-20.0
2020-08-21 01:38:51,12,0.415,4.47,-20.0
2020-08-21 01:38:51,13,0.408,4.48,23.7
2020-08-21 01:38:51,14,0.414,4.48,-20.0
2020-08-21 01:38:51,15,0.414,4.52,-20.0
2020-08-21 01:38:51,16,0.428,4.52,-20.0
2020-08-21 01:38:51,17,0.413,4.49,-20.0
2020-08-21 01:38:51,18,0.431,4.49,-20.0
2020-08-21 01:38:51,19,0.438,4.46,-20.0
2020-08-21 01:38:51,20,0.411,4.48,-20.0
2020-08-21 01:38:51,21,0.41,4.48,-20.0
2020-08-21 01:38:51,22,0.412,4.47,-20.0
2020-08-21 01:38:51,23,0.443,4.49,-20.0
2020-08-21 01:38:51,24,0.407,4.48,-20.0
2020-08-21 01:38:51,25,0.416,4.51,20.9
2020-08-21 01:38:51,26,0.422,4.48,-20.0
2020-08-21 01:38:51,27,0.418,4.47,-20.0
2020-08-21 01:38:51,28,0.423,4.46,-20.0
2020-08-21 01:38:51,29,0.41,4.45,-20.0
2020-08-21 01:38:51,30,0.414,4.47,-20.0
2020-08-21 01:38:51,31,0.414,4.46,-20.0
2020-08-21 01:38:51,32,0.407,4.47,-20.0
2020-08-21 01:38:51,33,0.412,4.49,-20.0
2020-08-21 01:38:51,34,0.413,4.48,-20.0
2020-08-21 01:38:51,35,0.408,4.5,-20.0
2020-08-21 01:38:51,36,0.405,4.5,-20.0
2020-08-21 01:38:51,37,0.415,4.48,21.3
2020-08-21 01:38:51,38,0.405,4.49,-20.0
2020-08-21 01:38:51,39,0.397,4.47,-20.0
2020-08-21 01:38:51,40,0.413,4.48,-20.0
2020-08-21 01:38:51,41,0.404,4.49,-20.0
2020-08-21 01:38:51,42,0.395,4.47,-20.0
2020-08-21 01:38:51,43,0.404,4.48,-20.0
2020-08-21 01:38:51,44,0.4,4.49,-20.0
2020-08-21 01:38:51,45,0.418,4.49,-20.0
2020-08-21 01:38:51,46,0.415,4.49,-20.0
2020-08-21 01:38:51,47,0.41,4.48,-20.0
2020-08-21 01:38:51,48,0.401,4.47,-20.0
2020-08-21 01:38:51,49,0.485,4.46,23.8
2020-08-21 01:38:51,50,0.435,4.46,-20.0
2020-08-21 01:38:51,51,0.415,4.47,-20.0
2020-08-21 01:38:51,52,0.423,4.48,-20.0
2020-08-21 01:38:51,53,0.419,4.46,-20.0
2020-08-21 01:38:51,54,0.417,4.46,-20.0
2020-08-21 01:38:51,55,0.42,4.43,-20.0
2020-08-21 01:38:51,56,0.412,4.42,-20.0
2020-08-21 01:38:51,57,0.42,4.43,-20.0
2020-08-21 01:38:51,58,0.413,4.42,-20.0
2020-08-21 01:38:51,59,0.408,4.44,-20.0
2020-08-21 01:38:51,60,0.408,4.46,-20.0
2020-08-21 01:38:51,61,0.416,4.5,20.6
2020-08-21 01:38:51,62,0.409,4.49,-20.0
2020-08-21 01:38:51,63,0.404,4.48,-20.0
2020-08-21 01:38:51,64,0.404,4.45,-20.0
2020-08-21 01:38:51,65,0.407,4.44,-20.0
2020-08-21 01:38:51,66,0.423,4.45,-20.0
2020-08-21 01:38:51,67,0.417,4.42,-20.0
2020-08-21 01:38:51,68,0.418,4.45,-20.0
2020-08-21 01:38:51,69,0.41,4.44,-20.0
2020-08-21 01:38:51,70,0.403,4.47,-20.0
2020-08-21 01:38:51,71,0.416,4.48,-20.0
2020-08-21 01:38:51,72,0.416,4.49,-20.0
2020-08-21 01:38:51,73,0.406,4.51,21.0
2020-08-21 01:38:51,74,0.404,4.49,-20.0
2020-08-21 01:38:51,75,0.431,4.46,-20.0
2020-08-21 01:38:51,76,0.423,4.44,-20.0
2020-08-21 01:38:51,77,0.422,4.5,-20.0
2020-08-21 01:38:51,78,0.411,4.47,-20.0
2020-08-21 01:38:51,79,0.408,4.5,-20.0
2020-08-21 01:38:51,80,0.425,4.51,-20.0
2020-08-21 01:38:51,81,0.424,4.51,-20.0
2020-08-21 01:38:51,82,0.426,4.52,-20.0
2020-08-21 01:38:51,83,0.425,4.5,-20.0
2020-08-21 01:38:51,84,0.424,4.49,-20.0
2020-08-21 01:38:51,85,0.421,4.48,22.2
2020-08-21 01:38:51,86,0.417,4.46,-20.0
2020-08-21 01:38:51,87,0.442,4.46,-20.0
2020-08-21 01:38:51,88,0.404,4.47,-20.0
2020-08-21 01:38:51,89,0.417,4.49,-20.0
2020-08-21 01:38:51,90,0.412,4.48,-20.0
2020-08-21 01:38:51,91,0.417,4.49,-20.0
2020-08-21 01:38:51,92,0.403,4.5,-20.0
2020-08-21 01:38:51,93,0.419,4.49,-20.0
2020-08-21 01:38:51,94,0.418,4.47,-20.0
2020-08-21 01:38:51,95,0.42,4.46,-20.0
2020-08-21 01:38:51,96,0.409,4.48,-20.0
2020-08-21 13:38:20,1,0.414,4.5,24.9
2020-08-21 13:38:20,2,0.416,4.51,-20.0
2020-08-21 13:38:20,3,0.422,4.52,-20.0
2020-08-21 13:38:20,4,0.42,4.48,-20.0
2020-08-21 13:38:20,5,0.407,4.51,-20.0
2020-08-21 13:38:20,6,0.417,4.49,-20.0
2020-08-21 13:38:20,7,0.408,4.48,-20.0
2020-08-21 13:38:20,8,0.408,4.5,-20.0
2020-08-21 13:38:20,9,0.415,4.48,-20.0
2020-08-21 13:38:20,10,0.422,4.49,-20.0
2020-08-21 13:38:20,11,0.414,4.45,-20.0
2020-08-21 13:38:20,12,0.417,4.45,-20.0
2020-08-21 13:38:20,13,0.409,4.47,23.7
2020-08-21 13:38:20,14,0.414,4.49,-20.0
2020-08-21 13:38:20,15,0.413,4.51,-20.0
2020-08-21 13:38:20,16,0.429,4.53,-20.0
2020-08-21 13:38:20,17,0.415,4.48,-20.0
2020-08-21 13:38:20,18,0.431,4.49,-20.0
2020-08-21 13:38:20,19,0.439,4.47,-20.0
2020-08-21 13:38:20,20,0.41,4.47,-20.0
2020-08-21 13:38:20,21,0.409,4.48,-20.0
2020-08-21 13:38:20,22,0.412,4.47,-20.0
2020-08-21 13:38:20,23,0.444,4.48,-20.0
2020-08-21 13:38:20,24,0.408,4.49,-20.0
2020-08-21 13:38:20,25,0.415,4.5,21.0
2020-08-21 13:38:20,26,0.419,4.48,-20.0
2020-08-21 13:38:20,27,0.419,4.46,-20.0
2020-08-21 13:38:20,28,0.424,4.47,-20.0
2020-08-21 13:38:20,29,0.412,4.46,-20.0
2020-08-21 13:38:20,30,0.413,4.47,-20.0
2020-08-21 13:38:20,31,0.411,4.46,-20.0
2020-08-21 13:38:20,32,0.387,4.47,-20.0
2020-08-21 13:38:20,33,0.408,4.48,-20.0
2020-08-21 13:38:20,34,0.401,4.49,-20.0
2020-08-21 13:38:20,35,0.406,4.48,-20.0
2020-08-21 13:38:20,36,0.402,4.51,-20.0
2020-08-21 13:38:20,37,0.397,4.47,21.4
2020-08-21 13:38:20,38,0.38,4.5,-20.0
2020-08-21 13:38:20,39,0.389,4.47,-20.0
2020-08-21 13:38:20,40,0.415,4.47,-20.0
2020-08-21 13:38:20,41,0.407,4.49,-20.0
2020-08-21 13:38:20,42,0.397,4.48,-20.0
2020-08-21 13:38:20,43,0.407,4.47,-20.0
2020-08-21 13:38:20,44,0.409,4.49,-20.0
2020-08-21 13:38:20,45,0.416,4.49,-20.0
2020-08-21 13:38:20,46,0.414,4.48,-20.0
2020-08-21 13:38:20,47,0.416,4.48,-20.0
2020-08-21 13:38:20,48,0.403,4.47,-20.0
2020-08-21 13:38:20,49,0.485,4.46,24.0
2020-08-21 13:38:20,50,0.432,4.47,-20.0
2020-08-21 13:38:20,51,0.414,4.47,-20.0
2020-08-21 13:38:20,52,0.421,4.46,-20.0
2020-08-21 13:38:20,53,0.419,4.45,-20.0
2020-08-21 13:38:20,54,0.416,4.47,-20.0
2020-08-21 13:38:20,55,0.42,4.43,-20.0
2020-08-21 13:38:20,56,0.411,4.43,-20.0
2020-08-21 13:38:20,57,0.421,4.42,-20.0
2020-08-21 13:38:20,58,0.413,4.42,-20.0
2020-08-21 13:38:20,59,0.416,4.44,-20.0
2020-08-21 13:38:20,60,0.412,4.46,-20.0
2020-08-21 13:38:20,61,0.415,4.5,20.8
2020-08-21 13:38:20,62,0.411,4.5,-20.0
2020-08-21 13:38:20,63,0.407,4.48,-20.0
2020-08-21 13:38:20,64,0.403,4.46,-20.0
2020-08-21 13:38:20,65,0.409,4.44,-20.0
2020-08-21 13:38:20,66,0.423,4.45,-20.0
2020-08-21 13:38:20,67,0.415,4.42,-20.0
2020-08-21 13:38:20,68,0.418,4.45,-20.0
2020-08-21 13:38:20,69,0.408,4.45,-20.0
2020-08-21 13:38:20,70,0.406,4.47,-20.0
2020-08-21 13:38:20,71,0.418,4.49,-20.0
2020-08-21 13:38:20,72,0.417,4.49,-20.0
2020-08-21 13:38:20,73,0.408,4.51,21.1
2020-08-21 13:38:20,74,0.406,4.49,-20.0
2020-08-21 13:38:20,75,0.43,4.47,-20.0
2020-08-21 13:38:20,76,0.426,4.44,-20.0
2020-08-21 13:38:20,77,0.422,4.5,-20.0
2020-08-21 13:38:20,78,0.412,4.46,-20.0
2020-08-21 13:38:20,79,0.41,4.49,-20.0
2020-08-21 13:38:20,80,0.425,4.51,-20.0
2020-08-21 13:38:20,81,0.426,4.51,-20.0
2020-08-21 13:38:20,82,0.424,4.51,-20.0
2020-08-21 13:38:20,83,0.424,4.5,-20.0
2020-08-21 13:38:20,84,0.421,4.49,-20.0
2020-08-21 13:38:20,85,0.42,4.48,22.3
2020-08-21 13:38:20,86,0.418,4.46,-20.0
2020-08-21 13:38:20,87,0.444,4.46,-20.0
2020-08-21 13:38:20,88,0.404,4.47,-20.0
2020-08-21 13:38:20,89,0.417,4.5,-20.0
2020-08-21 13:38:20,90,0.411,4.47,-20.0
2020-08-21 13:38:20,91,0.417,4.48,-20.0
2020-08-21 13:38:20,92,0.402,4.5,-20.0
2020-08-21 13:38:20,93,0.417,4.5,-20.0
2020-08-21 13:38:20,94,0.417,4.47,-20.0
2020-08-21 13:38:20,95,0.418,4.46,-20.0
2020-08-21 13:38:20,96,0.405,4.48,-20.0
2020-08-22 01:37:51,1,0.413,4.5,24.9
2020-08-22 01:37:51,2,0.414,4.51,-20.0
2020-08-22 01:37:51,3,0.421,4.52,-20.0
2020-08-22 01:37:51,4,0.417,4.48,-20.0
2020-08-22 01:37:51,5,0.408,4.51,-20.0
2020-08-22 01:37:51,6,0.416,4.49,-20.0
2020-08-22 01:37:51,7,0.407,4.48,-20.0
2020-08-22 01:37:51,8,0.407,4.5,-20.0
2020-08-22 01:37:51,9,0.411,4.47,-20.0
2020-08-22 01:37:51,10,0.423,4.49,-20.0
2020-08-22 01:37:51,11,0.412,4.46,-20.0
2020-08-22 01:37:51,12,0.419,4.46,-20.0
2020-08-22 01:37:51,13,0.408,4.47,23.8
2020-08-22 01:37:51,14,0.412,4.49,-20.0
2020-08-22 01:37:51,15,0.411,4.51,-20.0
2020-08-22 01:37:51,16,0.43,4.53,-20.0
2020-08-22 01:37:51,17,0.416,4.49,-20.0
2020-08-22 01:37:51,18,0.435,4.5,-20.0
2020-08-22 01:37:51,19,0.44,4.47,-20.0
2020-08-22 01:37:51,20,0.41,4.46,-20.0
2020-08-22 01:37:51,21,0.411,4.48,-20.0
2020-08-22 01:37:51,22,0.417,4.47,-20.0
2020-08-22 01:37:51,23,0.443,4.48,-20.0
2020-08-22 01:37:51,24,0.409,4.48,-20.0
2020-08-22 01:37:51,25,0.416,4.5,21.0
2020-08-22 01:37:51,26,0.419,4.48,-20.0
2020-08-22 01:37:51,27,0.417,4.47,-20.0
2020-08-22 01:37:51,28,0.424,4.47,-20.0
2020-08-22 01:37:51,29,0.412,4.46,-20.0
2020-08-22 01:37:51,30,0.414,4.49,-20.0
2020-08-22 01:37:51,31,0.413,4.46,-20.0
2020-08-22 01:37:51,32,0.393,4.46,-20.0
2020-08-22 01:37:51,33,0.409,4.48,-20.0
2020-08-22 01:37:51,34,0.407,4.5,-20.0
2020-08-22 01:37:51,35,0.407,4.49,-20.0
2020-08-22 01:37:51,36,0.404,4.5,-20.0
2020-08-22 01:37:51,37,0.403,4.49,21.5
2020-08-22 01:37:51,38,0.383,4.48,-20.0
2020-08-22 01:37:51,39,0.392,4.46,-20.0
2020-08-22 01:37:51,40,0.412,4.48,-20.0
2020-08-22 01:37:51,41,0.405,4.49,-20.0
2020-08-22 01:37:51,42,0.399,4.47,-20.0
2020-08-22 01:37:51,43,0.41,4.47,-20.0
2020-08-22 01:37:51,44,0.413,4.49,-20.0
2020-08-22 01:37:51,45,0.414,4.49,-20.0
2020-08-22 01:37:51,46,0.416,4.48,-20.0
2020-08-22 01:37:51,47,0.419,4.48,-20.0
2020-08-22 01:37:51,48,0.408,4.48,-20.0
2020-08-22 01:37:51,49,0.483,4.46,24.0
2020-08-22 01:37:51,50,0.431,4.47,-20.0
2020-08-22 01:37:51,51,0.412,4.47,-20.0
2020-08-22 01:37:51,52,0.42,4.47,-20.0
2020-08-22 01:37:51,53,0.418,4.45,-20.0
2020-08-22 01:37:51,54,0.416,4.47,-20.0
2020-08-22 01:37:51,55,0.418,4.43,-20.0
2020-08-22 01:37:51,56,0.411,4.43,-20.0
2020-08-22 01:37:51,57,0.421,4.42,-20.0
2020-08-22 01:37:51,58,0.413,4.42,-20.0
2020-08-22 01:37:51,59,0.418,4.45,-20.0
2020-08-22 01:37:51,60,0.414,4.46,-20.0
2020-08-22 01:37:51,61,0.417,4.5,20.9
2020-08-22 01:37:51,62,0.411,4.5,-20.0
2020-08-22 01:37:51,63,0.406,4.48,-20.0
2020-08-22 01:37:51,64,0.406,4.46,-20.0
2020-08-22 01:37:51,65,0.409,4.45,-20.0
2020-08-22 01:37:51,66,0.423,4.45,-20.0
2020-08-22 01:37:51,67,0.414,4.42,-20.0
2020-08-22 01:37:51,68,0.419,4.45,-20.0
2020-08-22 01:37:51,69,0.413,4.45,-20.0
2020-08-22 01:37:51,70,0.409,4.47,-20.0
2020-08-22 01:37:51,71,0.419,4.48,-20.0
2020-08-22 01:37:51,72,0.418,4.49,-20.0
2020-08-22 01:37:51,73,0.411,4.52,21.3
2020-08-22 01:37:51,74,0.408,4.49,-20.0
2020-08-22 01:37:51,75,0.43,4.47,-20.0
2020-08-22 01:37:51,76,0.425,4.45,-20.0
2020-08-22 01:37:51,77,0.423,4.51,-20.0
2020-08-22 01:37:51,78,0.414,4.47,-20.0
2020-08-22 01:37:51,79,0.412,4.48,-20.0
2020-08-22 01:37:51,80,0.424,4.51,-20.0
2020-08-22 01:37:51,81,0.426,4.52,-20.0
2020-08-22 01:37:51,82,0.42,4.52,-20.0
2020-08-22 01:37:51,83,0.423,4.5,-20.0
2020-08-22 01:37:51,84,0.42,4.49,-20.0
2020-08-22 01:37:51,85,0.418,4.48,22.3
2020-08-22 01:37:51,86,0.419,4.46,-20.0
2020-08-22 01:37:51,87,0.441,4.46,-20.0
2020-08-22 01:37:51,88,0.405,4.48,-20.0
2020-08-22 01:37:51,89,0.413,4.5,-20.0
2020-08-22 01:37:51,90,0.404,4.47,-20.0
2020-08-22 01:37:51,91,0.415,4.49,-20.0
2020-08-22 01:37:51,92,0.396,4.5,-20.0
2020-08-22 01:37:51,93,0.414,4.5,-20.0
2020-08-22 01:37:51,94,0.416,4.47,-20.0
2020-08-22 01:37:51,95,0.416,4.47,-20.0
2020-08-22 01:37:51,96,0.403,4.48,-20.0
2020-08-22 13:37:12,1,0.416,4.5,24.9
2020-08-22 13:37:12,2,0.416,4.51,-20.0
2020-08-22 13:37:12,3,0.421,4.52,-20.0
2020-08-22 13:37:12,4,0.419,4.48,-20.0
2020-08-22 13:37:12,5,0.406,4.51,-20.0
2020-08-22 13:37:12,6,0.414,4.49,-20.0
2020-08-22 13:37:12,7,0.406,4.48,-20.0
2020-08-22 13:37:12,8,0.406,4.51,-20.0
2020-08-22 13:37:12,9,0.412,4.46,-20.0
2020-08-22 13:37:12,10,0.421,4.5,-20.0
2020-08-22 13:37:12,11,0.414,4.45,-20.0
2020-08-22 13:37:12,12,0.418,4.46,-20.0
2020-08-22 13:37:12,13,0.408,4.47,23.8
2020-08-22 13:37:12,14,0.415,4.5,-20.0
2020-08-22 13:37:12,15,0.412,4.51,-20.0
2020-08-22 13:37:12,16,0.427,4.52,-20.0
2020-08-22 13:37:12,17,0.414,4.48,-20.0
2020-08-22 13:37:12,18,0.432,4.49,-20.0
2020-08-22 13:37:12,19,0.439,4.46,-20.0
2020-08-22 13:37:12,20,0.41,4.47,-20.0
2020-08-22 13:37:12,21,0.41,4.48,-20.0
2020-08-22 13:37:12,22,0.424,4.46,-20.0
2020-08-22 13:37:12,23,0.43,4.48,-20.0
2020-08-22 13:37:12,24,0.397,4.49,-20.0
2020-08-22 13:37:12,25,0.415,4.5,21.0
2020-08-22 13:37:12,26,0.42,4.49,-20.0
2020-08-22 13:37:12,27,0.41,4.46,-20.0
2020-08-22 13:37:12,28,0.415,4.46,-20.0
2020-08-22 13:37:12,29,0.401,4.47,-20.0
2020-08-22 13:37:12,30,0.408,4.47,-20.0
2020-08-22 13:37:12,31,0.407,4.46,-20.0
2020-08-22 13:37:12,32,0.398,4.47,-20.0
2020-08-22 13:37:12,33,0.41,4.48,-20.0
2020-08-22 13:37:12,34,0.409,4.48,-20.0
2020-08-22 13:37:12,35,0.409,4.48,-20.0
2020-08-22 13:37:12,36,0.403,4.51,-20.0
2020-08-22 13:37:12,37,0.408,4.48,21.5
2020-08-22 13:37:12,38,0.392,4.49,-20.0
2020-08-22 13:37:12,39,0.395,4.47,-20.0
2020-08-22 13:37:12,40,0.415,4.48,-20.0
2020-08-22 13:37:12,41,0.406,4.49,-20.0
2020-08-22 13:37:12,42,0.403,4.48,-20.0
2020-08-22 13:37:12,43,0.41,4.48,-20.0
2020-08-22 13:37:12,44,0.419,4.49,-20.0
2020-08-22 13:37:12,45,0.417,4.49,-20.0
2020-08-22 13:37:12,46,0.415,4.49,-20.0
2020-08-22 13:37:12,47,0.419,4.49,-20.0
2020-08-22 13:37:12,48,0.407,4.49,-20.0
2020-08-22 13:37:12,49,0.48,4.47,24.0
2020-08-22 13:37:12,50,0.425,4.46,-20.0
2020-08-22 13:37:12,51,0.412,4.47,-20.0
2020-08-22 13:37:12,52,0.422,4.47,-20.0
2020-08-22 13:37:12,53,0.418,4.45,-20.0
2020-08-22 13:37:12,54,0.416,4.46,-20.0
2020-08-22 13:37:12,55,0.417,4.43,-20.0
2020-08-22 13:37:12,56,0.409,4.43,-20.0
2020-08-22 13:37:12,57,0.42,4.42,-20.0
2020-08-22 13:37:12,58,0.415,4.42,-20.0
2020-08-22 13:37:12,59,0.417,4.45,-20.0
2020-08-22 13:37:12,60,0.414,4.46,-20.0
2020-08-22 13:37:12,61,0.417,4.49,20.8
2020-08-22 13:37:12,62,0.414,4.49,-20.0
2020-08-22 13:37:12,63,0.41,4.48,-20.0
2020-08-22 13:37:12,64,0.41,4.46,-20.0
2020-08-22 13:37:12,65,0.406,4.45,-20.0
2020-08-22 13:37:12,66,0.418,4.45,-20.0
2020-08-22 13:37:12,67,0.415,4.42,-20.0
2020-08-22 13:37:12,68,0.418,4.46,-20.0
2020-08-22 13:37:12,69,0.412,4.46,-20.0
2020-08-22 13:37:12,70,0.409,4.47,-20.0
2020-08-22 13:37:12,71,0.418,4.49,-20.0
2020-08-22 13:37:12,72,0.418,4.49,-20.0
2020-08-22 13:37:12,73,0.412,4.51,21.1
2020-08-22 13:37:12,74,0.41,4.49,-20.0
2020-08-22 13:37:12,75,0.429,4.47,-20.0
2020-08-22 13:37:12,76,0.425,4.44,-20.0
2020-08-22 13:37:12,77,0.422,4.51,-20.0
2020-08-22 13:37:12,78,0.412,4.47,-20.0
2020-08-22 13:37:12,79,0.412,4.5,-20.0
2020-08-22 13:37:12,80,0.421,4.5,-20.0
2020-08-22 13:37:12,81,0.426,4.51,-20.0
2020-08-22 13:37:12,82,0.422,4.51,-20.0
2020-08-22 13:37:12,83,0.423,4.5,-20.0
2020-08-22 13:37:12,84,0.422,4.5,-20.0
2020-08-22 13:37:12,85,0.418,4.48,22.3
2020-08-22 13:37:12,86,0.419,4.46,-20.0
2020-08-22 13:37:12,87,0.443,4.46,-20.0
2020-08-22 13:37:12,88,0.404,4.47,-20.0
2020-08-22 13:37:12,89,0.414,4.5,-20.0
2020-08-22 13:37:12,90,0.404,4.47,-20.0
2020-08-22 13:37:12,91,0.419,4.48,-20.0
2020-08-22 13:37:12,92,0.397,4.5,-20.0
2020-08-22 13:37:12,93,0.413,4.51,-20.0
2020-08-22 13:37:12,94,0.416,4.48,-20.0
2020-08-22 13:37:12,95,0.415,4.46,-20.0
2020-08-22 13:37:12,96,0.404,4.48,-20.0
2020-08-23 01:36:39,1,0.415,4.5,24.8
2020-08-23 01:36:39,2,0.415,4.51,-20.0
2020-08-23 01:36:39,3,0.419,4.52,-20.0
2020-08-23 01:36:39,4,0.418,4.47,-20.0
2020-08-23 01:36:39,5,0.405,4.51,-20.0
2020-08-23 01:36:39,6,0.416,4.49,-20.0
2020-08-23 01:36:39,7,0.408,4.48,-20.0
2020-08-23 01:36:39,8,0.405,4.51,-20.0
2020-08-23 01:36:39,9,0.409,4.48,-20.0
2020-08-23 01:36:39,10,0.418,4.49,-20.0
2020-08-23 01:36:39,11,0.414,4.45,-20.0
2020-08-23 01:36:39,12,0.413,4.47,-20.0
2020-08-23 01:36:39,13,0.41,4.47,23.8
2020-08-23 01:36:39,14,0.417,4.5,-20.0
2020-08-23 01:36:39,15,0.412,4.53,-20.0
2020-08-23 01:36:39,16,0.425,4.53,-20.0
2020-08-23 01:36:39,17,0.412,4.48,-20.0
2020-08-23 01:36:39,18,0.433,4.49,-20.0
2020-08-23 01:36:39,19,0.436,4.47,-20.0
2020-08-23 01:36:39,20,0.411,4.47,-20.0
2020-08-23 01:36:39,21,0.407,4.48,-20.0
2020-08-23 01:36:39,22,0.425,4.46,-20.0
2020-08-23 01:36:39,23,0.432,4.48,-20.0
2020-08-23 01:36:39,24,0.399,4.5,-20.0
2020-08-23 01:36:39,25,0.414,4.5,21.0
2020-08-23 01:36:39,26,0.42,4.49,-20.0
2020-08-23 01:36:39,27,0.411,4.47,-20.0
2020-08-23 01:36:39,28,0.419,4.48,-20.0
2020-08-23 01:36:39,29,0.406,4.46,-20.0
2020-08-23 01:36:39,30,0.416,4.47,-20.0
2020-08-23 01:36:39,31,0.41,4.47,-20.0
2020-08-23 01:36:39,32,0.403,4.48,-20.0
2020-08-23 01:36:39,33,0.41,4.48,-20.0
2020-08-23 01:36:39,34,0.413,4.49,-20.0
2020-08-23 01:36:39,35,0.411,4.48,-20.0
2020-08-23 01:36:39,36,0.403,4.51,-20.0
2020-08-23 01:36:39,37,0.409,4.47,21.5
2020-08-23 01:36:39,38,0.396,4.48,-20.0
2020-08-23 01:36:39,39,0.401,4.47,-20.0
2020-08-23 01:36:39,40,0.415,4.48,-20.0
2020-08-23 01:36:39,41,0.409,4.5,-20.0
2020-08-23 01:36:39,42,0.404,4.47,-20.0
2020-08-23 01:36:39,43,0.411,4.48,-20.0
2020-08-23 01:36:39,44,0.422,4.5,-20.0
2020-08-23 01:36:39,45,0.416,4.49,-20.0
2020-08-23 01:36:39,46,0.413,4.48,-20.0
2020-08-23 01:36:39,47,0.421,4.49,-20.0
2020-08-23 01:36:39,48,0.411,4.48,-20.0
2020-08-23 01:36:39,49,0.48,4.46,24.0
2020-08-23 01:36:39,50,0.425,4.47,-20.0
2020-08-23 01:36:39,51,0.414,4.47,-20.0
2020-08-23 01:36:39,52,0.421,4.47,-20.0
2020-08-23 01:36:39,53,0.419,4.45,-20.0
2020-08-23 01:36:39,54,0.415,4.46,-20.0
2020-08-23 01:36:39,55,0.413,4.44,-20.0
2020-08-23 01:36:39,56,0.408,4.43,-20.0
2020-08-23 01:36:39,57,0.418,4.43,-20.0
2020-08-23 01:36:39,58,0.417,4.42,-20.0
2020-08-23 01:36:39,59,0.419,4.44,-20.0
2020-08-23 01:36:39,60,0.417,4.46,-20.0
2020-08-23 01:36:39,61,0.42,4.5,20.8
2020-08-23 01:36:39,62,0.415,4.5,-20.0
2020-08-23 01:36:39,63,0.41,4.48,-20.0
2020-08-23 01:36:39,64,0.41,4.45,-20.0
2020-08-23 01:36:39,65,0.408,4.45,-20.0
2020-08-23 01:36:39,66,0.417,4.45,-20.0
2020-08-23 01:36:39,67,0.414,4.43,-20.0
2020-08-23 01:36:39,68,0.418,4.45,-20.0
2020-08-23 01:36:39,69,0.412,4.45,-20.0
2020-08-23 01:36:39,70,0.41,4.46,-20.0
2020-08-23 01:36:39,71,0.419,4.48,-20.0
2020-08-23 01:36:39,72,0.416,4.48,-20.0
2020-08-23 01:36:39,73,0.414,4.52,21.2
2020-08-23 01:36:39,74,0.409,4.49,-20.0
2020-08-23 01:36:39,75,0.429,4.47,-20.0
2020-08-23 01:36:39,76,0.428,4.44,-20.0
2020-08-23 01:36:39,77,0.424,4.5,-20.0
2020-08-23 01:36:39,78,0.412,4.47,-20.0
2020-08-23 01:36:39,79,0.413,4.49,-20.0
2020-08-23 01:36:39,80,0.422,4.51,-20.0
2020-08-23 01:36:39,81,0.422,4.52,-20.0
2020-08-23 01:36:39,82,0.421,4.51,-20.0
2020-08-23 01:36:39,83,0.423,4.51,-20.0
2020-08-23 01:36:39,84,0.421,4.5,-20.0
2020-08-23 01:36:39,85,0.414,4.48,22.5
2020-08-23 01:36:39,86,0.417,4.46,-20.0
2020-08-23 01:36:39,87,0.441,4.47,-20.0
2020-08-23 01:36:39,88,0.402,4.48,-20.0
2020-08-23 01:36:39,89,0.413,4.5,-20.0
2020-08-23 01:36:39,90,0.404,4.47,-20.0
2020-08-23 01:36:39,91,0.421,4.49,-20.0
2020-08-23 01:36:39,92,0.398,4.51,-20.0
2020-08-23 01:36:39,93,0.413,4.49,-20.0
2020-08-23 01:36:39,94,0.416,4.47,-20.0
2020-08-23 01:36:39,95,0.414,4.47,-20.0
2020-08-23 01:36:39,96,0.406,4.48,-20.0
2020-08-23 13:35:56,1,0.415,4.49,24.8
2020-08-23 13:35:56,2,0.417,4.5,-20.0
2020-08-23 13:35:56,3,0.417,4.52,-20.0
2020-08-23 13:35:56,4,0.416,4.49,-20.0
2020-08-23 13:35:56,5,0.405,4.51,-20.0
2020-08-23 13:35:56,6,0.415,4.5,-20.0
2020-08-23 13:35:56,7,0.411,4.48,-20.0
2020-08-23 13:35:56,8,0.407,4.49,-20.0
2020-08-23 13:35:56,9,0.411,4.48,-20.0
2020-08-23 13:35:56,10,0.417,4.49,-20.0
2020-08-23 13:35:56,11,0.415,4.45,-20.0
2020-08-23 13:35:56,12,0.409,4.46,-20.0
2020-08-23 13:35:56,13,0.408,4.48,23.8
2020-08-23 13:35:56,14,0.415,4.48,-20.0
2020-08-23 13:35:56,15,0.413,4.52,-20.0
2020-08-23 13:35:56,16,0.426,4.53,-20.0
2020-08-23 13:35:56,17,0.412,4.48,-20.0
2020-08-23 13:35:56,18,0.428,4.49,-20.0
2020-08-23 13:35:56,19,0.433,4.47,-20.0
2020-08-23 13:35:56,20,0.412,4.47,-20.0
2020-08-23 13:35:56,21,0.407,4.47,-20.0
2020-08-23 13:35:56,22,0.419,4.47,-20.0
2020-08-23 13:35:56,23,0.434,4.48,-20.0
2020-08-23 13:35:56,24,0.402,4.49,-20.0
2020-08-23 13:35:56,25,0.414,4.5,21.0
2020-08-23 13:35:56,26,0.421,4.49,-20.0
2020-08-23 13:35:56,27,0.418,4.46,-20.0
2020-08-23 13:35:56,28,0.423,4.47,-20.0
2020-08-23 13:35:56,29,0.409,4.46,-20.0
2020-08-23 13:35:56,30,0.414,4.47,-20.0
2020-08-23 13:35:56,31,0.413,4.45,-20.0
2020-08-23 13:35:56,32,0.404,4.47,-20.0
2020-08-23 13:35:56,33,0.411,4.48,-20.0
2020-08-23 13:35:56,34,0.412,4.49,-20.0
2020-08-23 13:35:56,35,0.411,4.48,-20.0
2020-08-23 13:35:56,36,0.403,4.5,-20.0
2020-08-23 13:35:56,37,0.415,4.49,21.5
2020-08-23 13:35:56,38,0.401,4.49,-20.0
2020-08-23 13:35:56,39,0.407,4.47,-20.0
2020-08-23 13:35:56,40,0.415,4.47,-20.0
2020-08-23 13:35:56,41,0.41,4.5,-20.0
2020-08-23 13:35:56,42,0.407,4.47,-20.0
2020-08-23 13:35:56,43,0.412,4.48,-20.0
2020-08-23 13:35:56,44,0.422,4.49,-20.0
2020-08-23 13:35:56,45,0.413,4.5,-20.0
2020-08-23 13:35:56,46,0.413,4.49,-20.0
2020-08-23 13:35:56,47,0.419,4.48,-20.0
2020-08-23 13:35:56,48,0.411,4.48,-20.0
2020-08-23 13:35:56,49,0.481,4.46,23.9
2020-08-23 13:35:56,50,0.422,4.47,-20.0
2020-08-23 13:35:56,51,0.414,4.47,-20.0
2020-08-23 13:35:56,52,0.42,4.47,-20.0
2020-08-23 13:35:56,53,0.42,4.45,-20.0
2020-08-23 13:35:56,54,0.416,4.47,-20.0
2020-08-23 13:35:56,55,0.418,4.43,-20.0
2020-08-23 13:35:56,56,0.407,4.43,-20.0
2020-08-23 13:35:56,57,0.419,4.42,-20.0
2020-08-23 13:35:56,58,0.418,4.42,-20.0
2020-08-23 13:35:56,59,0.422,4.44,-20.0
2020-08-23 13:35:56,60,0.421,4.46,-20.0
2020-08-23 13:35:56,61,0.416,4.51,20.8
2020-08-23 13:35:56,62,0.416,4.5,-20.0
2020-08-23 13:35:56,63,0.414,4.48,-20.0
2020-08-23 13:35:56,64,0.412,4.46,-20.0
2020-08-23 13:35:56,65,0.411,4.45,-20.0
2020-08-23 13:35:56,66,0.421,4.45,-20.0
2020-08-23 13:35:56,67,0.416,4.43,-20.0
2020-08-23 13:35:56,68,0.422,4.45,-20.0
2020-08-23 13:35:56,69,0.416,4.46,-20.0
2020-08-23 13:35:56,70,0.406,4.47,-20.0
2020-08-23 13:35:56,71,0.418,4.49,-20.0
2020-08-23 13:35:56,72,0.415,4.49,-20.0
2020-08-23 13:35:56,73,0.416,4.51,21.3
2020-08-23 13:35:56,74,0.41,4.49,-20.0
2020-08-23 13:35:56,75,0.43,4.47,-20.0
2020-08-23 13:35:56,76,0.426,4.45,-20.0
2020-08-23 13:35:56,77,0.421,4.5,-20.0
2020-08-23 13:35:56,78,0.413,4.46,-20.0
2020-08-23 13:35:56,79,0.415,4.5,-20.0
2020-08-23 13:35:56,80,0.423,4.5,-20.0
2020-08-23 13:35:56,81,0.421,4.52,-20.0
2020-08-23 13:35:56,82,0.421,4.52,-20.0
2020-08-23 13:35:56,83,0.422,4.51,-20.0
2020-08-23 13:35:56,84,0.422,4.49,-20.0
2020-08-23 13:35:56,85,0.413,4.47,22.5
2020-08-23 13:35:56,86,0.416,4.46,-20.0
2020-08-23 13:35:56,87,0.44,4.46,-20.0
2020-08-23 13:35:56,88,0.401,4.48,-20.0
2020-08-23 13:35:56,89,0.415,4.5,-20.0
2020-08-23 13:35:56,90,0.406,4.47,-20.0
2020-08-23 13:35:56,91,0.418,4.48,-20.0
2020-08-23 13:35:56,92,0.402,4.5,-20.0
2020-08-23 13:35:56,93,0.413,4.49,-20.0
2020-08-23 13:35:56,94,0.418,4.47,-20.0
2020-08-23 13:35:56,95,0.414,4.47,-20.0
2020-08-23 13:35:56,96,0.408,4.49,-20.0
2020-08-24 01:35:27,1,0.417,4.5,24.8
2020-08-24 01:35:27,2,0.418,4.51,-20.0
2020-08-24 01:35:27,3,0.416,4.52,-20.0
2020-08-24 01:35:27,4,0.416,4.48,-20.0
2020-08-24 01:35:27,5,0.407,4.51,-20.0
2020-08-24 01:35:27,6,0.417,4.49,-20.0
2020-08-24 01:35:27,7,0.408,4.48,-20.0
2020-08-24 01:35:27,8,0.409,4.5,-20.0
2020-08-24 01:35:27,9,0.411,4.47,-20.0
2020-08-24 01:35:27,10,0.418,4.5,-20.0
2020-08-24 01:35:27,11,0.418,4.45,-20.0
2020-08-24 01:35:27,12,0.41,4.45,-20.0
2020-08-24 01:35:27,13,0.41,4.47,23.7
2020-08-24 01:35:27,14,0.415,4.49,-20.0
2020-08-24 01:35:27,15,0.413,4.51,-20.0
2020-08-24 01:35:27,16,0.428,4.52,-20.0
2020-08-24 01:35:27,17,0.414,4.48,-20.0
2020-08-24 01:35:27,18,0.429,4.5,-20.0
2020-08-24 01:35:27,19,0.432,4.47,-20.0
2020-08-24 01:35:27,20,0.413,4.47,-20.0
2020-08-24 01:35:27,21,0.411,4.47,-20.0
2020-08-24 01:35:27,22,0.418,4.47,-20.0
2020-08-24 01:35:27,23,0.437,4.49,-20.0
2020-08-24 01:35:27,24,0.403,4.47,-20.0
2020-08-24 01:35:27,25,0.412,4.51,20.9
2020-08-24 01:35:27,26,0.42,4.49,-20.0
2020-08-24 01:35:27,27,0.418,4.47,-20.0
2020-08-24 01:35:27,28,0.422,4.46,-20.0
2020-08-24 01:35:27,29,0.41,4.47,-20.0
2020-08-24 01:35:27,30,0.412,4.48,-20.0
2020-08-24 01:35:27,31,0.413,4.45,-20.0
2020-08-24 01:35:27,32,0.406,4.46,-20.0
2020-08-24 01:35:27,33,0.412,4.49,-20.0
2020-08-24 01:35:27,34,0.416,4.49,-20.0
2020-08-24 01:35:27,35,0.413,4.48,-20.0
2020-08-24 01:35:27,36,0.402,4.5,-20.0
2020-08-24 01:35:27,37,0.416,4.48,21.4
2020-08-24 01:35:27,38,0.404,4.48,-20.0
2020-08-24 01:35:27,39,0.41,4.46,-20.0
2020-08-24 01:35:27,40,0.415,4.47,-20.0
2020-08-24 01:35:27,41,0.411,4.5,-20.0
2020-08-24 01:35:27,42,0.41,4.47,-20.0
2020-08-24 01:35:27,43,0.413,4.47,-20.0
2020-08-24 01:35:27,44,0.423,4.49,-20.0
2020-08-24 01:35:27,45,0.416,4.51,-20.0
2020-08-24 01:35:27,46,0.414,4.49,-20.0
2020-08-24 01:35:27,47,0.421,4.48,-20.0
2020-08-24 01:35:27,48,0.415,4.48,-20.0
2020-08-24 01:35:27,49,0.482,4.46,23.9
2020-08-24 01:35:27,50,0.425,4.46,-20.0
2020-08-24 01:35:27,51,0.415,4.48,-20.0
2020-08-24 01:35:27,52,0.421,4.47,-20.0
2020-08-24 01:35:27,53,0.418,4.46,-20.0
2020-08-24 01:35:27,54,0.415,4.46,-20.0
2020-08-24 01:35:27,55,0.418,4.43,-20.0
2020-08-24 01:35:27,56,0.411,4.43,-20.0
2020-08-24 01:35:27,57,0.42,4.43,-20.0
2020-08-24 01:35:27,58,0.416,4.42,-20.0
2020-08-24 01:35:27,59,0.422,4.44,-20.0
2020-08-24 01:35:27,60,0.421,4.46,-20.0
2020-08-24 01:35:27,61,0.418,4.51,20.7
2020-08-24 01:35:27,62,0.414,4.5,-20.0
2020-08-24 01:35:27,63,0.416,4.48,-20.0
2020-08-24 01:35:27,64,0.412,4.46,-20.0
2020-08-24 01:35:27,65,0.394,4.45,-20.0
2020-08-24 01:35:27,66,0.413,4.45,-20.0
2020-08-24 01:35:27,67,0.412,4.43,-20.0
2020-08-24 01:35:27,68,0.413,4.45,-20.0
2020-08-24 01:35:27,69,0.411,4.46,-20.0
2020-08-24 01:35:27,70,0.399,4.47,-20.0
2020-08-24 01:35:27,71,0.413,4.49,-20.0
2020-08-24 01:35:27,72,0.415,4.49,-20.0
2020-08-24 01:35:27,73,0.405,4.52,21.1
2020-08-24 01:35:27,74,0.396,4.48,-20.0
2020-08-24 01:35:27,75,0.429,4.46,-20.0
2020-08-24 01:35:27,76,0.425,4.45,-20.0
2020-08-24 01:35:27,77,0.42,4.5,-20.0
2020-08-24 01:35:27,78,0.413,4.48,-20.0
2020-08-24 01:35:27,79,0.415,4.49,-20.0
2020-08-24 01:35:27,80,0.423,4.5,-20.0
2020-08-24 01:35:27,81,0.422,4.51,-20.0
2020-08-24 01:35:27,82,0.423,4.52,-20.0
2020-08-24 01:35:27,83,0.424,4.51,-20.0
2020-08-24 01:35:27,84,0.424,4.5,-20.0
2020-08-24 01:35:27,85,0.418,4.48,22.4
2020-08-24 01:35:27,86,0.414,4.47,-20.0
2020-08-24 01:35:27,87,0.437,4.46,-20.0
2020-08-24 01:35:27,88,0.404,4.47,-20.0
2020-08-24 01:35:27,89,0.418,4.49,-20.0
2020-08-24 01:35:27,90,0.408,4.48,-20.0
2020-08-24 01:35:27,91,0.419,4.48,-20.0
2020-08-24 01:35:27,92,0.403,4.5,-20.0
2020-08-24 01:35:27,93,0.415,4.5,-20.0
2020-08-24 01:35:27,94,0.421,4.48,-20.0
2020-08-24 01:35:27,95,0.416,4.46,-20.0
2020-08-24 01:35:27,96,0.409,4.48,-20.0
2020-08-24 13:34:48,1,0.414,4.49,24.9
2020-08-24 13:34:48,2,0.416,4.5,-20.0
2020-08-24 13:34:48,3,0.414,4.52,-20.0
2020-08-24 13:34:48,4,0.411,4.48,-20.0
2020-08-24 13:34:48,5,0.407,4.52,-20.0
2020-08-24 13:34:48,6,0.419,4.49,-20.0
2020-08-24 13:34:48,7,0.405,4.48,-20.0
2020-08-24 13:34:48,8,0.406,4.5,-20.0
2020-08-24 13:34:48,9,0.409,4.47,-20.0
2020-08-24 13:34:48,10,0.414,4.49,-20.0
2020-08-24 13:34:48,11,0.413,4.45,-20.0
2020-08-24 13:34:48,12,0.407,4.47,-20.0
2020-08-24 13:34:48,13,0.412,4.48,23.8
2020-08-24 13:34:48,14,0.416,4.49,-20.0
2020-08-24 13:34:48,15,0.414,4.52,-20.0
2020-08-24 13:34:48,16,0.426,4.52,-20.0
2020-08-24 13:34:48,17,0.414,4.5,-20.0
2020-08-24 13:34:48,18,0.427,4.49,-20.0
2020-08-24 13:34:48,19,0.433,4.47,-20.0
2020-08-24 13:34:48,20,0.413,4.46,-20.0
2020-08-24 13:34:48,21,0.412,4.48,-20.0
2020-08-24 13:34:48,22,0.415,4.46,-20.0
2020-08-24 13:34:48,23,0.439,4.48,-20.0
2020-08-24 13:34:48,24,0.406,4.49,-20.0
2020-08-24 13:34:48,25,0.416,4.5,20.9
2020-08-24 13:34:48,26,0.422,4.48,-20.0
2020-08-24 13:34:48,27,0.415,4.47,-20.0
2020-08-24 13:34:48,28,0.422,4.47,-20.0
2020-08-24 13:34:48,29,0.411,4.47,-20.0
2020-08-24 13:34:48,30,0.413,4.47,-20.0
2020-08-24 13:34:48,31,0.412,4.46,-20.0
2020-08-24 13:34:48,32,0.405,4.47,-20.0
2020-08-24 13:34:48,33,0.414,4.48,-20.0
2020-08-24 13:34:48,34,0.414,4.49,-20.0
2020-08-24 13:34:48,35,0.416,4.49,-20.0
2020-08-24 13:34:48,36,0.403,4.51,-20.0
2020-08-24 13:34:48,37,0.416,4.49,21.4
2020-08-24 13:34:48,38,0.406,4.48,-20.0
2020-08-24 13:34:48,39,0.412,4.48,-20.0
2020-08-24 13:34:48,40,0.412,4.48,-20.0
2020-08-24 13:34:48,41,0.409,4.49,-20.0
2020-08-24 13:34:48,42,0.41,4.47,-20.0
2020-08-24 13:34:48,43,0.415,4.48,-20.0
2020-08-24 13:34:48,44,0.423,4.49,-20.0
2020-08-24 13:34:48,45,0.417,4.49,-20.0
2020-08-24 13:34:48,46,0.414,4.48,-20.0
2020-08-24 13:34:48,47,0.421,4.49,-20.0
2020-08-24 13:34:48,48,0.417,4.48,-20.0
2020-08-24 13:34:48,49,0.482,4.46,24.1
2020-08-24 13:34:48,50,0.428,4.47,-20.0
2020-08-24 13:34:48,51,0.413,4.48,-20.0
2020-08-24 13:34:48,52,0.421,4.47,-20.0
2020-08-24 13:34:48,53,0.42,4.45,-20.0
2020-08-24 13:34:48,54,0.414,4.46,-20.0
2020-08-24 13:34:48,55,0.419,4.43,-20.0
2020-08-24 13:34:48,56,0.408,4.43,-20.0
2020-08-24 13:34:48,57,0.42,4.42,-20.0
2020-08-24 13:34:48,58,0.418,4.42,-20.0
2020-08-24 13:34:48,59,0.423,4.44,-20.0
2020-08-24 13:34:48,60,0.42,4.46,-20.0
2020-08-24 13:34:48,61,0.417,4.51,20.7
2020-08-24 13:34:48,62,0.414,4.5,-20.0
2020-08-24 13:34:48,63,0.414,4.48,-20.0
2020-08-24 13:34:48,64,0.412,4.46,-20.0
2020-08-24 13:34:48,65,0.398,4.45,-20.0
2020-08-24 13:34:48,66,0.415,4.45,-20.0
2020-08-24 13:34:48,67,0.413,4.42,-20.0
2020-08-24 13:34:48,68,0.415,4.45,-20.0
2020-08-24 13:34:48,69,0.412,4.45,-20.0
2020-08-24 13:34:48,70,0.402,4.47,-20.0
2020-08-24 13:34:48,71,0.414,4.49,-20.0
2020-08-24 13:34:48,72,0.416,4.5,-20.0
2020-08-24 13:34:48,73,0.409,4.52,21.2
2020-08-24 13:34:48,74,0.399,4.48,-20.0
2020-08-24 13:34:48,75,0.428,4.46,-20.0
2020-08-24 13:34:48,76,0.427,4.44,-20.0
2020-08-24 13:34:48,77,0.42,4.5,-20.0
2020-08-24 13:34:48,78,0.413,4.47,-20.0
2020-08-24 13:34:48,79,0.417,4.49,-20.0
2020-08-24 13:34:48,80,0.425,4.51,-20.0
2020-08-24 13:34:48,81,0.425,4.52,-20.0
2020-08-24 13:34:48,82,0.424,4.52,-20.0
2020-08-24 13:34:48,83,0.425,4.51,-20.0
2020-08-24 13:34:48,84,0.422,4.49,-20.0
2020-08-24 13:34:48,85,0.417,4.48,22.5
2020-08-24 13:34:48,86,0.416,4.46,-20.0
2020-08-24 13:34:48,87,0.437,4.46,-20.0
2020-08-24 13:34:48,88,0.402,4.47,-20.0
2020-08-24 13:34:48,89,0.418,4.5,-20.0
2020-08-24 13:34:48,90,0.41,4.47,-20.0
2020-08-24 13:34:48,91,0.419,4.49,-20.0
2020-08-24 13:34:48,92,0.403,4.5,-20.0
2020-08-24 13:34:48,93,0.416,4.5,-20.0
2020-08-24 13:34:48,94,0.421,4.47,-20.0
2020-08-24 13:34:48,95,0.415,4.46,-20.0
2020-08-24 13:34:48,96,0.412,4.48,-20.0
2020-08-25 01:34:27,1,0.415,4.5,24.9
2020-08-25 01:34:27,2,0.415,4.51,-20.0
2020-08-25 01:34:27,3,0.415,4.52,-20.0
2020-08-25 01:34:27,4,0.411,4.49,-20.0
2020-08-25 01:34:27,5,0.406,4.5,-20.0
2020-08-25 01:34:27,6,0.417,4.5,-20.0
2020-08-25 01:34:27,7,0.408,4.49,-20.0
2020-08-25 01:34:27,8,0.408,4.5,-20.0
2020-08-25 01:34:27,9,0.41,4.48,-20.0
2020-08-25 01:34:27,10,0.416,4.5,-20.0
2020-08-25 01:34:27,11,0.418,4.45,-20.0
2020-08-25 01:34:27,12,0.407,4.46,-20.0
2020-08-25 01:34:27,13,0.412,4.47,23.8
2020-08-25 01:34:27,14,0.417,4.49,-20.0
2020-08-25 01:34:27,15,0.414,4.51,-20.0
2020-08-25 01:34:27,16,0.423,4.51,-20.0
2020-08-25 01:34:27,17,0.415,4.49,-20.0
2020-08-25 01:34:27,18,0.427,4.49,-20.0
2020-08-25 01:34:27,19,0.433,4.47,-20.0
2020-08-25 01:34:27,20,0.412,4.46,-20.0
2020-08-25 01:34:27,21,0.412,4.48,-20.0
2020-08-25 01:34:27,22,0.413,4.47,-20.0
2020-08-25 01:34:27,23,0.441,4.48,-20.0
2020-08-25 01:34:27,24,0.406,4.5,-20.0
2020-08-25 01:34:27,25,0.413,4.49,21.0
2020-08-25 01:34:27,26,0.423,4.49,-20.0
2020-08-25 01:34:27,27,0.418,4.46,-20.0
2020-08-25 01:34:27,28,0.423,4.46,-20.0
2020-08-25 01:34:27,29,0.411,4.46,-20.0
2020-08-25 01:34:27,30,0.413,4.48,-20.0
2020-08-25 01:34:27,31,0.413,4.46,-20.0
2020-08-25 01:34:27,32,0.408,4.48,-20.0
2020-08-25 01:34:27,33,0.415,4.49,-20.0
2020-08-25 01:34:27,34,0.416,4.5,-20.0
2020-08-25 01:34:27,35,0.413,4.48,-20.0
2020-08-25 01:34:27,36,0.401,4.5,-20.0
2020-08-25 01:34:27,37,0.415,4.48,21.4
2020-08-25 01:34:27,38,0.409,4.48,-20.0
2020-08-25 01:34:27,39,0.416,4.47,-20.0
2020-08-25 01:34:27,40,0.41,4.48,-20.0
2020-08-25 01:34:27,41,0.406,4.49,-20.0
2020-08-25 01:34:27,42,0.393,4.47,-20.0
2020-08-25 01:34:27,43,0.405,4.48,-20.0
2020-08-25 01:34:27,44,0.41,4.49,-20.0
2020-08-25 01:34:27,45,0.417,4.49,-20.0
2020-08-25 01:34:27,46,0.413,4.49,-20.0
2020-08-25 01:34:27,47,0.405,4.49,-20.0
2020-08-25 01:34:27,48,0.403,4.47,-20.0
2020-08-25 01:34:27,49,0.485,4.46,24.0
2020-08-25 01:34:27,50,0.432,4.47,-20.0
2020-08-25 01:34:27,51,0.412,4.47,-20.0
2020-08-25 01:34:27,52,0.418,4.47,-20.0
2020-08-25 01:34:27,53,0.419,4.45,-20.0
2020-08-25 01:34:27,54,0.417,4.46,-20.0
2020-08-25 01:34:27,55,0.423,4.44,-20.0
2020-08-25 01:34:27,56,0.414,4.43,-20.0
2020-08-25 01:34:27,57,0.42,4.42,-20.0
2020-08-25 01:34:27,58,0.419,4.42,-20.0
2020-08-25 01:34:27,59,0.423,4.44,-20.0
2020-08-25 01:34:27,60,0.424,4.46,-20.0
2020-08-25 01:34:27,61,0.418,4.5,20.8
2020-08-25 01:34:27,62,0.412,4.5,-20.0
2020-08-25 01:34:27,63,0.402,4.48,-20.0
2020-08-25 01:34:27,64,0.407,4.46,-20.0
2020-08-25 01:34:27,65,0.383,4.45,-20.0
2020-08-25 01:34:27,66,0.411,4.45,-20.0
2020-08-25 01:34:27,67,0.408,4.43,-20.0
2020-08-25 01:34:27,68,0.404,4.46,-20.0
2020-08-25 01:34:27,69,0.411,4.45,-20.0
2020-08-25 01:34:27,70,0.394,4.46,-20.0
2020-08-25 01:34:27,71,0.412,4.49,-20.0
2020-08-25 01:34:27,72,0.413,4.49,-20.0
2020-08-25 01:34:27,73,0.411,4.51,21.1
2020-08-25 01:34:27,74,0.398,4.49,-20.0
2020-08-25 01:34:27,75,0.427,4.47,-20.0
2020-08-25 01:34:27,76,0.426,4.45,-20.0
2020-08-25 01:34:27,77,0.421,4.5,-20.0
2020-08-25 01:34:27,78,0.412,4.47,-20.0
2020-08-25 01:34:27,79,0.416,4.5,-20.0
2020-08-25 01:34:27,80,0.425,4.51,-20.0
2020-08-25 01:34:27,81,0.426,4.51,-20.0
2020-08-25 01:34:27,82,0.424,4.52,-20.0
2020-08-25 01:34:27,83,0.426,4.5,-20.0
2020-08-25 01:34:27,84,0.42,4.5,-20.0
2020-08-25 01:34:27,85,0.413,4.48,22.1
2020-08-25 01:34:27,86,0.415,4.46,-20.0
2020-08-25 01:34:27,87,0.44,4.46,-20.0
2020-08-25 01:34:27,88,0.402,4.48,-20.0
2020-08-25 01:34:27,89,0.415,4.5,-20.0
2020-08-25 01:34:27,90,0.41,4.47,-20.0
2020-08-25 01:34:27,91,0.423,4.49,-20.0
2020-08-25 01:34:27,92,0.401,4.5,-20.0
2020-08-25 01:34:27,93,0.414,4.5,-20.0
2020-08-25 01:34:27,94,0.42,4.47,-20.0
2020-08-25 01:34:27,95,0.416,4.46,-20.0
2020-08-25 01:34:27,96,0.411,4.49,-20.0
2020-08-25 13:34:01,1,0.411,4.5,25.1
2020-08-25 13:34:01,2,0.413,4.5,-20.0
2020-08-25 13:34:01,3,0.417,4.53,-20.0
2020-08-25 13:34:01,4,0.416,4.48,-20.0
2020-08-25 13:34:01,5,0.405,4.5,-20.0
2020-08-25 13:34:01,6,0.415,4.5,-20.0
2020-08-25 13:34:01,7,0.408,4.49,-20.0
2020-08-25 13:34:01,8,0.407,4.51,-20.0
2020-08-25 13:34:01,9,0.41,4.49,-20.0
2020-08-25 13:34:01,10,0.414,4.5,-20.0
2020-08-25 13:34:01,11,0.418,4.46,-20.0
2020-08-25 13:34:01,12,0.41,4.46,-20.0
2020-08-25 13:34:01,13,0.413,4.49,24.0
2020-08-25 13:34:01,14,0.418,4.5,-20.0
2020-08-25 13:34:01,15,0.416,4.52,-20.0
2020-08-25 13:34:01,16,0.42,4.53,-20.0
2020-08-25 13:34:01,17,0.413,4.5,-20.0
2020-08-25 13:34:01,18,0.426,4.49,-20.0
2020-08-25 13:34:01,19,0.437,4.47,-20.0
2020-08-25 13:34:01,20,0.411,4.47,-20.0
2020-08-25 13:34:01,21,0.412,4.48,-20.0
2020-08-25 13:34:01,22,0.414,4.46,-20.0
2020-08-25 13:34:01,23,0.442,4.47,-20.0
2020-08-25 13:34:01,24,0.407,4.48,-20.0
2020-08-25 13:34:01,25,0.414,4.51,21.4
2020-08-25 13:34:01,26,0.424,4.48,-20.0
2020-08-25 13:34:01,27,0.419,4.46,-20.0
2020-08-25 13:34:01,28,0.42,4.48,-20.0
2020-08-25 13:34:01,29,0.412,4.46,-20.0
2020-08-25 13:34:01,30,0.415,4.48,-20.0
2020-08-25 13:34:01,31,0.414,4.46,-20.0
2020-08-25 13:34:01,32,0.408,4.46,-20.0
2020-08-25 13:34:01,33,0.416,4.48,-20.0
2020-08-25 13:34:01,34,0.415,4.49,-20.0
2020-08-25 13:34:01,35,0.411,4.48,-20.0
2020-08-25 13:34:01,36,0.402,4.49,-20.0
2020-08-25 13:34:01,37,0.416,4.47,21.8
2020-08-25 13:34:01,38,0.41,4.5,-20.0
2020-08-25 13:34:01,39,0.419,4.47,-20.0
2020-08-25 13:34:01,40,0.412,4.47,-20.0
2020-08-25 13:34:01,41,0.406,4.49,-20.0
2020-08-25 13:34:01,42,0.392,4.48,-20.0
2020-08-25 13:34:01,43,0.409,4.48,-20.0
2020-08-25 13:34:01,44,0.416,4.5,-20.0
2020-08-25 13:34:01,45,0.417,4.49,-20.0
2020-08-25 13:34:01,46,0.415,4.48,-20.0
2020-08-25 13:34:01,47,0.407,4.49,-20.0
2020-08-25 13:34:01,48,0.408,4.48,-20.0
2020-08-25 13:34:01,49,0.485,4.46,24.2
2020-08-25 13:34:01,50,0.432,4.47,-20.0
2020-08-25 13:34:01,51,0.412,4.48,-20.0
2020-08-25 13:34:01,52,0.418,4.47,-20.0
2020-08-25 13:34:01,53,0.419,4.46,-20.0
2020-08-25 13:34:01,54,0.417,4.46,-20.0
2020-08-25 13:34:01,55,0.424,4.43,-20.0
2020-08-25 13:34:01,56,0.411,4.43,-20.0
2020-08-25 13:34:01,57,0.419,4.43,-20.0
2020-08-25 13:34:01,58,0.418,4.42,-20.0
2020-08-25 13:34:01,59,0.419,4.45,-20.0
2020-08-25 13:34:01,60,0.426,4.46,-20.0
2020-08-25 13:34:01,61,0.42,4.5,21.2
2020-08-25 13:34:01,62,0.413,4.5,-20.0
2020-08-25 13:34:01,63,0.405,4.48,-20.0
2020-08-25 13:34:01,64,0.408,4.46,-20.0
2020-08-25 13:34:01,65,0.393,4.45,-20.0
2020-08-25 13:34:01,66,0.414,4.45,-20.0
2020-08-25 13:34:01,67,0.411,4.43,-20.0
2020-08-25 13:34:01,68,0.408,4.46,-20.0
2020-08-25 13:34:01,69,0.41,4.45,-20.0
2020-08-25 13:34:01,70,0.4,4.47,-20.0
2020-08-25 13:34:01,71,0.411,4.48,-20.0
2020-08-25 13:34:01,72,0.412,4.49,-20.0
2020-08-25 13:34:01,73,0.413,4.52,21.6
2020-08-25 13:34:01,74,0.403,4.5,-20.0
2020-08-25 13:34:01,75,0.426,4.47,-20.0
2020-08-25 13:34:01,76,0.426,4.45,-20.0
2020-08-25 13:34:01,77,0.421,4.51,-20.0
2020-08-25 13:34:01,78,0.41,4.46,-20.0
2020-08-25 13:34:01,79,0.417,4.49,-20.0
2020-08-25 13:34:01,80,0.425,4.52,-20.0
2020-08-25 13:34:01,81,0.426,4.51,-20.0
2020-08-25 13:34:01,82,0.425,4.51,-20.0
2020-08-25 13:34:01,83,0.423,4.5,-20.0
2020-08-25 13:34:01,84,0.421,4.5,-20.0
2020-08-25 13:34:01,85,0.414,4.48,22.7
2020-08-25 13:34:01,86,0.416,4.46,-20.0
2020-08-25 13:34:01,87,0.439,4.46,-20.0
2020-08-25 13:34:01,88,0.402,4.48,-20.0
2020-08-25 13:34:01,89,0.415,4.5,-20.0
2020-08-25 13:34:01,90,0.41,4.47,-20.0
2020-08-25 13:34:01,91,0.422,4.49,-20.0
2020-08-25 13:34:01,92,0.404,4.5,-20.0
2020-08-25 13:34:01,93,0.414,4.5,-20.0
2020-08-25 13:34:01,94,0.42,4.47,-20.0
2020-08-25 13:34:01,95,0.416,4.46,-20.0
2020-08-25 13:34:01,96,0.412,4.49,-20.0
2020-08-26 01:33:26,1,0.41,4.51,25.2
2020-08-26 01:33:26,2,0.414,4.5,-20.0
2020-08-26 01:33:26,3,0.416,4.53,-20.0
2020-08-26 01:33:26,4,0.414,4.48,-20.0
2020-08-26 01:33:26,5,0.402,4.5,-20.0
2020-08-26 01:33:26,6,0.415,4.48,-20.0
2020-08-26 01:33:26,7,0.408,4.48,-20.0
2020-08-26 01:33:26,8,0.408,4.5,-20.0
2020-08-26 01:33:26,9,0.41,4.48,-20.0
2020-08-26 01:33:26,10,0.416,4.5,-20.0
2020-08-26 01:33:26,11,0.419,4.45,-20.0
2020-08-26 01:33:26,12,0.411,4.46,-20.0
2020-08-26 01:33:26,13,0.413,4.48,24.1
2020-08-26 01:33:26,14,0.42,4.5,-20.0
2020-08-26 01:33:26,15,0.412,4.51,-20.0
2020-08-26 01:33:26,16,0.422,4.52,-20.0
2020-08-26 01:33:26,17,0.415,4.49,-20.0
2020-08-26 01:33:26,18,0.428,4.49,-20.0
2020-08-26 01:33:26,19,0.438,4.47,-20.0
2020-08-26 01:33:26,20,0.412,4.47,-20.0
2020-08-26 01:33:26,21,0.415,4.48,-20.0
2020-08-26 01:33:26,22,0.414,4.47,-20.0
2020-08-26 01:33:26,23,0.443,4.48,-20.0
2020-08-26 01:33:26,24,0.408,4.49,-20.0
2020-08-26 01:33:26,25,0.415,4.51,21.6
2020-08-26 01:33:26,26,0.424,4.49,-20.0
2020-08-26 01:33:26,27,0.417,4.47,-20.0
2020-08-26 01:33:26,28,0.423,4.48,-20.0
2020-08-26 01:33:26,29,0.414,4.46,-20.0
2020-08-26 01:33:26,30,0.415,4.47,-20.0
2020-08-26 01:33:26,31,0.413,4.46,-20.0
2020-08-26 01:33:26,32,0.398,4.47,-20.0
2020-08-26 01:33:26,33,0.412,4.5,-20.0
2020-08-26 01:33:26,34,0.398,4.49,-20.0
2020-08-26 01:33:26,35,0.409,4.49,-20.0
2020-08-26 01:33:26,36,0.4,4.5,-20.0
2020-08-26 01:33:26,37,0.4,4.48,22.1
2020-08-26 01:33:26,38,0.399,4.49,-20.0
2020-08-26 01:33:26,39,0.411,4.46,-20.0
2020-08-26 01:33:26,40,0.413,4.47,-20.0
2020-08-26 01:33:26,41,0.407,4.49,-20.0
2020-08-26 01:33:26,42,0.394,4.48,-20.0
2020-08-26 01:33:26,43,0.411,4.47,-20.0
2020-08-26 01:33:26,44,0.42,4.49,-20.0
2020-08-26 01:33:26,45,0.418,4.5,-20.0
2020-08-26 01:33:26,46,0.416,4.48,-20.0
2020-08-26 01:33:26,47,0.41,4.47,-20.0
2020-08-26 01:33:26,48,0.414,4.48,-20.0
2020-08-26 01:33:26,49,0.485,4.46,24.4
2020-08-26 01:33:26,50,0.429,4.47,-20.0
2020-08-26 01:33:26,51,0.413,4.47,-20.0
2020-08-26 01:33:26,52,0.417,4.47,-20.0
2020-08-26 01:33:26,53,0.419,4.45,-20.0
2020-08-26 01:33:26,54,0.417,4.47,-20.0
2020-08-26 01:33:26,55,0.423,4.44,-20.0
2020-08-26 01:33:26,56,0.412,4.43,-20.0
2020-08-26 01:33:26,57,0.418,4.42,-20.0
2020-08-26 01:33:26,58,0.41,4.42,-20.0
2020-08-26 01:33:26,59,0.404,4.45,-20.0
2020-08-26 01:33:26,60,0.409,4.47,-20.0
2020-08-26 01:33:26,61,0.419,4.49,21.4
2020-08-26 01:33:26,62,0.411,4.5,-20.0
2020-08-26 01:33:26,63,0.391,4.48,-20.0
2020-08-26 01:33:26,64,0.404,4.46,-20.0
2020-08-26 01:33:26,65,0.397,4.45,-20.0
2020-08-26 01:33:26,66,0.415,4.46,-20.0
2020-08-26 01:33:26,67,0.413,4.43,-20.0
2020-08-26 01:33:26,68,0.408,4.46,-20.0
2020-08-26 01:33:26,69,0.413,4.45,-20.0
2020-08-26 01:33:26,70,0.404,4.47,-20.0
2020-08-26 01:33:26,71,0.414,4.48,-20.0
2020-08-26 01:33:26,72,0.414,4.49,-20.0
2020-08-26 01:33:26,73,0.416,4.53,21.9
2020-08-26 01:33:26,74,0.406,4.5,-20.0
2020-08-26 01:33:26,75,0.426,4.47,-20.0
2020-08-26 01:33:26,76,0.426,4.44,-20.0
2020-08-26 01:33:26,77,0.423,4.5,-20.0
2020-08-26 01:33:26,78,0.412,4.46,-20.0
2020-08-26 01:33:26,79,0.419,4.5,-20.0
2020-08-26 01:33:26,80,0.424,4.51,-20.0
2020-08-26 01:33:26,81,0.424,4.5,-20.0
2020-08-26 01:33:26,82,0.423,4.52,-20.0
2020-08-26 01:33:26,83,0.424,4.51,-20.0
2020-08-26 01:33:26,84,0.422,4.49,-20.0
2020-08-26 01:33:26,85,0.415,4.48,23.0
2020-08-26 01:33:26,86,0.416,4.46,-20.0
2020-08-26 01:33:26,87,0.442,4.46,-20.0
2020-08-26 01:33:26,88,0.402,4.48,-20.0
2020-08-26 01:33:26,89,0.416,4.49,-20.0
2020-08-26 01:33:26,90,0.409,4.48,-20.0
2020-08-26 01:33:26,91,0.421,4.48,-20.0
2020-08-26 01:33:26,92,0.405,4.5,-20.0
2020-08-26 01:33:26,93,0.414,4.5,-20.0
2020-08-26 01:33:26,94,0.421,4.46,-20.0
2020-08-26 01:33:26,95,0.418,4.46,-20.0
2020-08-26 01:33:26,96,0.411,4.48,-20.0
2020-08-26 13:33:02,1,0.413,4.5,25.3
2020-08-26 13:33:02,2,0.413,4.51,-20.0
2020-08-26 13:33:02,3,0.416,4.53,-20.0
2020-08-26 13:33:02,4,0.415,4.48,-20.0
2020-08-26 13:33:02,5,0.405,4.5,-20.0
2020-08-26 13:33:02,6,0.418,4.49,-20.0
2020-08-26 13:33:02,7,0.408,4.48,-20.0
2020-08-26 13:33:02,8,0.409,4.5,-20.0
2020-08-26 13:33:02,9,0.41,4.48,-20.0
2020-08-26 13:33:02,10,0.413,4.5,-20.0
2020-08-26 13:33:02,11,0.419,4.45,-20.0
2020-08-26 13:33:02,12,0.411,4.46,-20.0
2020-08-26 13:33:02,13,0.411,4.48,24.1
2020-08-26 13:33:02,14,0.418,4.49,-20.0
2020-08-26 13:33:02,15,0.41,4.51,-20.0
2020-08-26 13:33:02,16,0.421,4.52,-20.0
2020-08-26 13:33:02,17,0.414,4.48,-20.0
2020-08-26 13:33:02,18,0.428,4.5,-20.0
2020-08-26 13:33:02,19,0.439,4.47,-20.0
2020-08-26 13:33:02,20,0.411,4.47,-20.0
2020-08-26 13:33:02,21,0.415,4.48,-20.0
2020-08-26 13:33:02,22,0.416,4.47,-20.0
2020-08-26 13:33:02,23,0.443,4.48,-20.0
2020-08-26 13:33:02,24,0.408,4.48,-20.0
2020-08-26 13:33:02,25,0.413,4.5,21.3
2020-08-26 13:33:02,26,0.421,4.48,-20.0
2020-08-26 13:33:02,27,0.418,4.46,-20.0
2020-08-26 13:33:02,28,0.421,4.47,-20.0
2020-08-26 13:33:02,29,0.416,4.47,-20.0
2020-08-26 13:33:02,30,0.413,4.48,-20.0
2020-08-26 13:33:02,31,0.413,4.46,-20.0
2020-08-26 13:33:02,32,0.402,4.47,-20.0
2020-08-26 13:33:02,33,0.412,4.49,-20.0
2020-08-26 13:33:02,34,0.402,4.5,-20.0
2020-08-26 13:33:02,35,0.41,4.49,-20.0
2020-08-26 13:33:02,36,0.4,4.5,-20.0
2020-08-26 13:33:02,37,0.404,4.48,21.8
2020-08-26 13:33:02,38,0.4,4.49,-20.0
2020-08-26 13:33:02,39,0.415,4.47,-20.0
2020-08-26 13:33:02,40,0.413,4.48,-20.0
2020-08-26 13:33:02,41,0.407,4.51,-20.0
2020-08-26 13:33:02,42,0.397,4.48,-20.0
2020-08-26 13:33:02,43,0.414,4.47,-20.0
2020-08-26 13:33:02,44,0.421,4.49,-20.0
2020-08-26 13:33:02,45,0.417,4.5,-20.0
2020-08-26 13:33:02,46,0.415,4.5,-20.0
2020-08-26 13:33:02,47,0.415,4.49,-20.0
2020-08-26 13:33:02,48,0.415,4.48,-20.0
2020-08-26 13:33:02,49,0.485,4.46,24.4
2020-08-26 13:33:02,50,0.428,4.47,-20.0
2020-08-26 13:33:02,51,0.416,4.47,-20.0
2020-08-26 13:33:02,52,0.419,4.47,-20.0
2020-08-26 13:33:02,53,0.421,4.45,-20.0
2020-08-26 13:33:02,54,0.417,4.46,-20.0
2020-08-26 13:33:02,55,0.419,4.43,-20.0
2020-08-26 13:33:02,56,0.411,4.43,-20.0
2020-08-26 13:33:02,57,0.419,4.43,-20.0
2020-08-26 13:33:02,58,0.41,4.42,-20.0
2020-08-26 13:33:02,59,0.407,4.45,-20.0
2020-08-26 13:33:02,60,0.41,4.46,-20.0
2020-08-26 13:33:02,61,0.419,4.5,21.1
2020-08-26 13:33:02,62,0.41,4.49,-20.0
2020-08-26 13:33:02,63,0.394,4.48,-20.0
2020-08-26 13:33:02,64,0.401,4.46,-20.0
2020-08-26 13:33:02,65,0.4,4.45,-20.0
2020-08-26 13:33:02,66,0.416,4.45,-20.0
2020-08-26 13:33:02,67,0.412,4.43,-20.0
2020-08-26 13:33:02,68,0.412,4.46,-20.0
2020-08-26 13:33:02,69,0.413,4.45,-20.0
2020-08-26 13:33:02,70,0.406,4.46,-20.0
2020-08-26 13:33:02,71,0.412,4.48,-20.0
2020-08-26 13:33:02,72,0.415,4.49,-20.0
2020-08-26 13:33:02,73,0.415,4.52,21.5
2020-08-26 13:33:02,74,0.407,4.5,-20.0
2020-08-26 13:33:02,75,0.427,4.47,-20.0
2020-08-26 13:33:02,76,0.426,4.45,-20.0
2020-08-26 13:33:02,77,0.421,4.5,-20.0
2020-08-26 13:33:02,78,0.41,4.47,-20.0
2020-08-26 13:33:02,79,0.418,4.49,-20.0
2020-08-26 13:33:02,80,0.423,4.51,-20.0
2020-08-26 13:33:02,81,0.425,4.51,-20.0
2020-08-26 13:33:02,82,0.423,4.52,-20.0
2020-08-26 13:33:02,83,0.424,4.5,-20.0
2020-08-26 13:33:02,84,0.423,4.5,-20.0
2020-08-26 13:33:02,85,0.418,4.48,22.7
2020-08-26 13:33:02,86,0.415,4.47,-20.0
2020-08-26 13:33:02,87,0.441,4.46,-20.0
2020-08-26 13:33:02,88,0.404,4.48,-20.0
2020-08-26 13:33:02,89,0.412,4.5,-20.0
2020-08-26 13:33:02,90,0.41,4.47,-20.0
2020-08-26 13:33:02,91,0.419,4.48,-20.0
2020-08-26 13:33:02,92,0.404,4.51,-20.0
2020-08-26 13:33:02,93,0.416,4.5,-20.0
2020-08-26 13:33:02,94,0.416,4.48,-20.0
2020-08-26 13:33:02,95,0.414,4.45,-20.0
2020-08-26 13:33:02,96,0.402,4.48,-20.0
2020-08-27 01:32:26,1,0.413,4.5,25.3
2020-08-27 01:32:26,2,0.412,4.51,-20.0
2020-08-27 01:32:26,3,0.416,4.52,-20.0
2020-08-27 01:32:26,4,0.416,4.48,-20.0
2020-08-27 01:32:26,5,0.408,4.52,-20.0
2020-08-27 01:32:26,6,0.418,4.5,-20.0
2020-08-27 01:32:26,7,0.408,4.49,-20.0
2020-08-27 01:32:26,8,0.409,4.5,-20.0
2020-08-27 01:32:26,9,0.408,4.47,-20.0
2020-08-27 01:32:26,10,0.412,4.49,-20.0
2020-08-27 01:32:26,11,0.419,4.45,-20.0
2020-08-27 01:32:26,12,0.413,4.46,-20.0
2020-08-27 01:32:26,13,0.41,4.47,24.1
2020-08-27 01:32:26,14,0.416,4.49,-20.0
2020-08-27 01:32:26,15,0.412,4.52,-20.0
2020-08-27 01:32:26,16,0.419,4.52,-20.0
2020-08-27 01:32:26,17,0.414,4.48,-20.0
2020-08-27 01:32:26,18,0.428,4.48,-20.0
2020-08-27 01:32:26,19,0.441,4.47,-20.0
2020-08-27 01:32:26,20,0.41,4.47,-20.0
2020-08-27 01:32:26,21,0.412,4.48,-20.0
2020-08-27 01:32:26,22,0.413,4.47,-20.0
2020-08-27 01:32:26,23,0.427,4.48,-20.0
2020-08-27 01:32:26,24,0.399,4.49,-20.0
2020-08-27 01:32:26,25,0.412,4.5,21.4
2020-08-27 01:32:26,26,0.423,4.48,-20.0
2020-08-27 01:32:26,27,0.402,4.46,-20.0
2020-08-27 01:32:26,28,0.418,4.47,-20.0
2020-08-27 01:32:26,29,0.401,4.46,-20.0
2020-08-27 01:32:26,30,0.409,4.47,-20.0
2020-08-27 01:32:26,31,0.414,4.46,-20.0
2020-08-27 01:32:26,32,0.397,4.47,-20.0
2020-08-27 01:32:26,33,0.406,4.48,-20.0
2020-08-27 01:32:26,34,0.407,4.49,-20.0
2020-08-27 01:32:26,35,0.408,4.49,-20.0
2020-08-27 01:32:26,36,0.403,4.5,-20.0
2020-08-27 01:32:26,37,0.407,4.48,21.9
2020-08-27 01:32:26,38,0.403,4.48,-20.0
2020-08-27 01:32:26,39,0.416,4.46,-20.0
2020-08-27 01:32:26,40,0.411,4.47,-20.0
2020-08-27 01:32:26,41,0.408,4.49,-20.0
2020-08-27 01:32:26,42,0.402,4.47,-20.0
2020-08-27 01:32:26,43,0.416,4.47,-20.0
2020-08-27 01:32:26,44,0.424,4.48,-20.0
2020-08-27 01:32:26,45,0.417,4.51,-20.0
2020-08-27 01:32:26,46,0.416,4.49,-20.0
2020-08-27 01:32:26,47,0.418,4.48,-20.0
2020-08-27 01:32:26,48,0.417,4.48,-20.0
2020-08-27 01:32:26,49,0.477,4.46,24.3
2020-08-27 01:32:26,50,0.426,4.47,-20.0
2020-08-27 01:32:26,51,0.413,4.47,-20.0
2020-08-27 01:32:26,52,0.42,4.47,-20.0
2020-08-27 01:32:26,53,0.418,4.45,-20.0
2020-08-27 01:32:26,54,0.416,4.47,-20.0
2020-08-27 01:32:26,55,0.408,4.43,-20.0
2020-08-27 01:32:26,56,0.411,4.42,-20.0
2020-08-27 01:32:26,57,0.418,4.42,-20.0
2020-08-27 01:32:26,58,0.414,4.42,-20.0
2020-08-27 01:32:26,59,0.409,4.44,-20.0
2020-08-27 01:32:26,60,0.413,4.46,-20.0
2020-08-27 01:32:26,61,0.42,4.5,21.1
2020-08-27 01:32:26,62,0.41,4.5,-20.0
2020-08-27 01:32:26,63,0.401,4.49,-20.0
2020-08-27 01:32:26,64,0.403,4.46,-20.0
2020-08-27 01:32:26,65,0.404,4.45,-20.0
2020-08-27 01:32:26,66,0.419,4.45,-20.0
2020-08-27 01:32:26,67,0.411,4.43,-20.0
2020-08-27 01:32:26,68,0.415,4.45,-20.0
2020-08-27 01:32:26,69,0.413,4.46,-20.0
2020-08-27 01:32:26,70,0.409,4.47,-20.0
2020-08-27 01:32:26,71,0.412,4.49,-20.0
2020-08-27 01:32:26,72,0.415,4.49,-20.0
2020-08-27 01:32:26,73,0.417,4.52,21.6
2020-08-27 01:32:26,74,0.404,4.49,-20.0
2020-08-27 01:32:26,75,0.429,4.47,-20.0
2020-08-27 01:32:26,76,0.429,4.45,-20.0
2020-08-27 01:32:26,77,0.42,4.5,-20.0
2020-08-27 01:32:26,78,0.41,4.47,-20.0
2020-08-27 01:32:26,79,0.417,4.49,-20.0
2020-08-27 01:32:26,80,0.424,4.5,-20.0
2020-08-27 01:32:26,81,0.425,4.51,-20.0
2020-08-27 01:32:26,82,0.423,4.52,-20.0
2020-08-27 01:32:26,83,0.425,4.51,-20.0
2020-08-27 01:32:26,84,0.422,4.49,-20.0
2020-08-27 01:32:26,85,0.42,4.47,22.7
2020-08-27 01:32:26,86,0.416,4.45,-20.0
2020-08-27 01:32:26,87,0.44,4.45,-20.0
2020-08-27 01:32:26,88,0.403,4.47,-20.0
2020-08-27 01:32:26,89,0.414,4.5,-20.0
2020-08-27 01:32:26,90,0.41,4.47,-20.0
2020-08-27 01:32:26,91,0.418,4.49,-20.0
2020-08-27 01:32:26,92,0.404,4.51,-20.0
2020-08-27 01:32:26,93,0.417,4.49,-20.0
2020-08-27 01:32:26,94,0.416,4.48,-20.0
2020-08-27 01:32:26,95,0.418,4.46,-20.0
2020-08-27 01:32:26,96,0.402,4.48,-20.0
2020-08-27 13:32:02,1,0.414,4.5,25.2
2020-08-27 13:32:02,2,0.412,4.5,-20.0
2020-08-27 13:32:02,3,0.415,4.52,-20.0
2020-08-27 13:32:02,4,0.415,4.48,-20.0
2020-08-27 13:32:02,5,0.407,4.52,-20.0
2020-08-27 13:32:02,6,0.415,4.5,-20.0
2020-08-27 13:32:02,7,0.407,4.48,-20.0
2020-08-27 13:32:02,8,0.408,4.51,-20.0
2020-08-27 13:32:02,9,0.412,4.47,-20.0
2020-08-27 13:32:02,10,0.411,4.49,-20.0
2020-08-27 13:32:02,11,0.419,4.46,-20.0
2020-08-27 13:32:02,12,0.415,4.46,-20.0
2020-08-27 13:32:02,13,0.41,4.48,24.1
2020-08-27 13:32:02,14,0.415,4.49,-20.0
2020-08-27 13:32:02,15,0.413,4.53,-20.0
2020-08-27 13:32:02,16,0.42,4.53,-20.0
2020-08-27 13:32:02,17,0.414,4.49,-20.0
2020-08-27 13:32:02,18,0.426,4.5,-20.0
2020-08-27 13:32:02,19,0.442,4.47,-20.0
2020-08-27 13:32:02,20,0.41,4.47,-20.0
2020-08-27 13:32:02,21,0.414,4.48,-20.0
2020-08-27 13:32:02,22,0.412,4.47,-20.0
2020-08-27 13:32:02,23,0.432,4.49,-20.0
2020-08-27 13:32:02,24,0.4,4.49,-20.0
2020-08-27 13:32:02,25,0.415,4.5,21.4
2020-08-27 13:32:02,26,0.417,4.49,-20.0
2020-08-27 13:32:02,27,0.408,4.46,-20.0
2020-08-27 13:32:02,28,0.419,4.46,-20.0
2020-08-27 13:32:02,29,0.403,4.47,-20.0
2020-08-27 13:32:02,30,0.408,4.47,-20.0
2020-08-27 13:32:02,31,0.415,4.46,-20.0
2020-08-27 13:32:02,32,0.4,4.47,-20.0
2020-08-27 13:32:02,33,0.407,4.49,-20.0
2020-08-27 13:32:02,34,0.409,4.49,-20.0
2020-08-27 13:32:02,35,0.41,4.49,-20.0
2020-08-27 13:32:02,36,0.405,4.51,-20.0
2020-08-27 13:32:02,37,0.409,4.47,21.9
2020-08-27 13:32:02,38,0.403,4.48,-20.0
2020-08-27 13:32:02,39,0.418,4.47,-20.0
2020-08-27 13:32:02,40,0.41,4.47,-20.0
2020-08-27 13:32:02,41,0.407,4.49,-20.0
2020-08-27 13:32:02,42,0.402,4.47,-20.0
2020-08-27 13:32:02,43,0.417,4.48,-20.0
2020-08-27 13:32:02,44,0.423,4.49,-20.0
2020-08-27 13:32:02,45,0.418,4.49,-20.0
2020-08-27 13:32:02,46,0.416,4.49,-20.0
2020-08-27 13:32:02,47,0.418,4.49,-20.0
2020-08-27 13:32:02,48,0.418,4.49,-20.0
2020-08-27 13:32:02,49,0.475,4.45,24.3
2020-08-27 13:32:02,50,0.421,4.46,-20.0
2020-08-27 13:32:02,51,0.413,4.47,-20.0
2020-08-27 13:32:02,52,0.418,4.47,-20.0
2020-08-27 13:32:02,53,0.419,4.45,-20.0
2020-08-27 13:32:02,54,0.414,4.46,-20.0
2020-08-27 13:32:02,55,0.409,4.43,-20.0
2020-08-27 13:32:02,56,0.413,4.43,-20.0
2020-08-27 13:32:02,57,0.419,4.43,-20.0
2020-08-27 13:32:02,58,0.418,4.42,-20.0
2020-08-27 13:32:02,59,0.415,4.44,-20.0
2020-08-27 13:32:02,60,0.417,4.46,-20.0
2020-08-27 13:32:02,61,0.422,4.5,21.3
2020-08-27 13:32:02,62,0.41,4.5,-20.0
2020-08-27 13:32:02,63,0.405,4.48,-20.0
2020-08-27 13:32:02,64,0.405,4.46,-20.0
2020-08-27 13:32:02,65,0.407,4.44,-20.0
2020-08-27 13:32:02,66,0.419,4.45,-20.0
2020-08-27 13:32:02,67,0.413,4.43,-20.0
2020-08-27 13:32:02,68,0.417,4.45,-20.0
2020-08-27 13:32:02,69,0.413,4.45,-20.0
2020-08-27 13:32:02,70,0.41,4.48,-20.0
2020-08-27 13:32:02,71,0.413,4.5,-20.0
2020-08-27 13:32:02,72,0.414,4.49,-20.0
2020-08-27 13:32:02,73,0.416,4.51,21.6
2020-08-27 13:32:02,74,0.404,4.51,-20.0
2020-08-27 13:32:02,75,0.429,4.47,-20.0
2020-08-27 13:32:02,76,0.428,4.44,-20.0
2020-08-27 13:32:02,77,0.421,4.5,-20.0
2020-08-27 13:32:02,78,0.413,4.48,-20.0
2020-08-27 13:32:02,79,0.413,4.49,-20.0
2020-08-27 13:32:02,80,0.425,4.51,-20.0
2020-08-27 13:32:02,81,0.426,4.52,-20.0
2020-08-27 13:32:02,82,0.424,4.52,-20.0
2020-08-27 13:32:02,83,0.424,4.5,-20.0
2020-08-27 13:32:02,84,0.423,4.5,-20.0
2020-08-27 13:32:02,85,0.42,4.48,22.7
2020-08-27 13:32:02,86,0.412,4.46,-20.0
2020-08-27 13:32:02,87,0.439,4.46,-20.0
2020-08-27 13:32:02,88,0.401,4.47,-20.0
2020-08-27 13:32:02,89,0.411,4.5,-20.0
2020-08-27 13:32:02,90,0.403,4.47,-20.0
2020-08-27 13:32:02,91,0.418,4.49,-20.0
2020-08-27 13:32:02,92,0.402,4.5,-20.0
2020-08-27 13:32:02,93,0.414,4.5,-20.0
2020-08-27 13:32:02,94,0.413,4.47,-20.0
2020-08-27 13:32:02,95,0.414,4.47,-20.0
2020-08-27 13:32:02,96,0.405,4.49,-20.0
2020-08-28 01:31:28,1,0.414,4.5,25.3
2020-08-28 01:31:28,2,0.411,4.51,-20.0
2020-08-28 01:31:28,3,0.413,4.52,-20.0
2020-08-28 01:31:28,4,0.415,4.48,-20.0
2020-08-28 01:31:28,5,0.407,4.52,-20.0
2020-08-28 01:31:28,6,0.412,4.49,-20.0
2020-08-28 01:31:28,7,0.408,4.48,-20.0
2020-08-28 01:31:28,8,0.411,4.51,-20.0
2020-08-28 01:31:28,9,0.413,4.48,-20.0
2020-08-28 01:31:28,10,0.413,4.5,-20.0
2020-08-28 01:31:28,11,0.42,4.45,-20.0
2020-08-28 01:31:28,12,0.418,4.46,-20.0
2020-08-28 01:31:28,13,0.409,4.48,24.2
2020-08-28 01:31:28,14,0.414,4.49,-20.0
2020-08-28 01:31:28,15,0.41,4.52,-20.0
2020-08-28 01:31:28,16,0.42,4.54,-20.0
2020-08-28 01:31:28,17,0.416,4.49,-20.0
2020-08-28 01:31:28,18,0.423,4.49,-20.0
2020-08-28 01:31:28,19,0.433,4.47,-20.0
2020-08-28 01:31:28,20,0.409,4.47,-20.0
2020-08-28 01:31:28,21,0.413,4.48,-20.0
2020-08-28 01:31:28,22,0.418,4.48,-20.0
2020-08-28 01:31:28,23,0.429,4.48,-20.0
2020-08-28 01:31:28,24,0.402,4.48,-20.0
2020-08-28 01:31:28,25,0.417,4.51,21.7
2020-08-28 01:31:28,26,0.423,4.48,-20.0
2020-08-28 01:31:28,27,0.41,4.47,-20.0
2020-08-28 01:31:28,28,0.418,4.47,-20.0
2020-08-28 01:31:28,29,0.406,4.46,-20.0
2020-08-28 01:31:28,30,0.41,4.48,-20.0
2020-08-28 01:31:28,31,0.417,4.46,-20.0
2020-08-28 01:31:28,32,0.402,4.47,-20.0
2020-08-28 01:31:28,33,0.407,4.5,-20.0
2020-08-28 01:31:28,34,0.411,4.49,-20.0
2020-08-28 01:31:28,35,0.407,4.49,-20.0
2020-08-28 01:31:28,36,0.402,4.5,-20.0
2020-08-28 01:31:28,37,0.411,4.47,22.1
2020-08-28 01:31:28,38,0.408,4.49,-20.0
2020-08-28 01:31:28,39,0.42,4.47,-20.0
2020-08-28 01:31:28,40,0.412,4.48,-20.0
2020-08-28 01:31:28,41,0.404,4.49,-20.0
2020-08-28 01:31:28,42,0.405,4.47,-20.0
2020-08-28 01:31:28,43,0.418,4.48,-20.0
2020-08-28 01:31:28,44,0.425,4.49,-20.0
2020-08-28 01:31:28,45,0.418,4.5,-20.0
2020-08-28 01:31:28,46,0.416,4.5,-20.0
2020-08-28 01:31:28,47,0.415,4.49,-20.0
2020-08-28 01:31:28,48,0.419,4.48,-20.0
2020-08-28 01:31:28,49,0.477,4.46,24.4
2020-08-28 01:31:28,50,0.42,4.47,-20.0
2020-08-28 01:31:28,51,0.411,4.48,-20.0
2020-08-28 01:31:28,52,0.413,4.47,-20.0
2020-08-28 01:31:28,53,0.419,4.45,-20.0
2020-08-28 01:31:28,54,0.415,4.47,-20.0
2020-08-28 01:31:28,55,0.412,4.43,-20.0
2020-08-28 01:31:28,56,0.415,4.43,-20.0
2020-08-28 01:31:28,57,0.418,4.42,-20.0
2020-08-28 01:31:28,58,0.421,4.42,-20.0
2020-08-28 01:31:28,59,0.417,4.45,-20.0
2020-08-28 01:31:28,60,0.42,4.46,-20.0
2020-08-28 01:31:28,61,0.421,4.5,21.6
2020-08-28 01:31:28,62,0.412,4.5,-20.0
2020-08-28 01:31:28,63,0.408,4.48,-20.0
2020-08-28 01:31:28,64,0.407,4.46,-20.0
2020-08-28 01:31:28,65,0.408,4.45,-20.0
2020-08-28 01:31:28,66,0.423,4.45,-20.0
2020-08-28 01:31:28,67,0.414,4.43,-20.0
2020-08-28 01:31:28,68,0.416,4.46,-20.0
2020-08-28 01:31:28,69,0.412,4.45,-20.0
2020-08-28 01:31:28,70,0.414,4.47,-20.0
2020-08-28 01:31:28,71,0.414,4.48,-20.0
2020-08-28 01:31:28,72,0.414,4.49,-20.0
2020-08-28 01:31:28,73,0.417,4.52,21.9
2020-08-28 01:31:28,74,0.404,4.5,-20.0
2020-08-28 01:31:28,75,0.428,4.46,-20.0
2020-08-28 01:31:28,76,0.429,4.44,-20.0
2020-08-28 01:31:28,77,0.422,4.51,-20.0
2020-08-28 01:31:28,78,0.414,4.47,-20.0
2020-08-28 01:31:28,79,0.413,4.49,-20.0
2020-08-28 01:31:28,80,0.424,4.52,-20.0
2020-08-28 01:31:28,81,0.427,4.51,-20.0
2020-08-28 01:31:28,82,0.424,4.51,-20.0
2020-08-28 01:31:28,83,0.423,4.5,-20.0
2020-08-28 01:31:28,84,0.422,4.49,-20.0
2020-08-28 01:31:28,85,0.423,4.48,22.9
2020-08-28 01:31:28,86,0.413,4.47,-20.0
2020-08-28 01:31:28,87,0.441,4.46,-20.0
2020-08-28 01:31:28,88,0.4,4.49,-20.0
2020-08-28 01:31:28,89,0.412,4.5,-20.0
2020-08-28 01:31:28,90,0.405,4.47,-20.0
2020-08-28 01:31:28,91,0.419,4.48,-20.0
2020-08-28 01:31:28,92,0.402,4.5,-20.0
2020-08-28 01:31:28,93,0.415,4.5,-20.0
2020-08-28 01:31:28,94,0.414,4.47,-20.0
2020-08-28 01:31:28,95,0.415,4.47,-20.0
2020-08-28 01:31:28,96,0.407,4.49,-20.0
2020-08-28 13:30:54,1,0.414,4.51,25.2
2020-08-28 13:30:54,2,0.41,4.51,-20.0
2020-08-28 13:30:54,3,0.413,4.52,-20.0
2020-08-28 13:30:54,4,0.414,4.48,-20.0
2020-08-28 13:30:54,5,0.407,4.51,-20.0
2020-08-28 13:30:54,6,0.412,4.48,-20.0
2020-08-28 13:30:54,7,0.41,4.48,-20.0
2020-08-28 13:30:54,8,0.41,4.5,-20.0
2020-08-28 13:30:54,9,0.414,4.47,-20.0
2020-08-28 13:30:54,10,0.414,4.49,-20.0
2020-08-28 13:30:54,11,0.417,4.45,-20.0
2020-08-28 13:30:54,12,0.417,4.46,-20.0
2020-08-28 13:30:54,13,0.409,4.49,24.2
2020-08-28 13:30:54,14,0.412,4.49,-20.0
2020-08-28 13:30:54,15,0.408,4.52,-20.0
2020-08-28 13:30:54,16,0.422,4.51,-20.0
2020-08-28 13:30:54,17,0.418,4.48,-20.0
2020-08-28 13:30:54,18,0.425,4.49,-20.0
2020-08-28 13:30:54,19,0.438,4.46,-20.0
2020-08-28 13:30:54,20,0.408,4.47,-20.0
2020-08-28 13:30:54,21,0.409,4.47,-20.0
2020-08-28 13:30:54,22,0.418,4.47,-20.0
2020-08-28 13:30:54,23,0.432,4.48,-20.0
2020-08-28 13:30:54,24,0.403,4.49,-20.0
2020-08-28 13:30:54,25,0.417,4.5,21.6
2020-08-28 13:30:54,26,0.422,4.48,-20.0
2020-08-28 13:30:54,27,0.411,4.47,-20.0
2020-08-28 13:30:54,28,0.421,4.47,-20.0
2020-08-28 13:30:54,29,0.41,4.46,-20.0
2020-08-28 13:30:54,30,0.414,4.47,-20.0
2020-08-28 13:30:54,31,0.416,4.46,-20.0
2020-08-28 13:30:54,32,0.402,4.47,-20.0
2020-08-28 13:30:54,33,0.409,4.49,-20.0
2020-08-28 13:30:54,34,0.413,4.49,-20.0
2020-08-28 13:30:54,35,0.406,4.49,-20.0
2020-08-28 13:30:54,36,0.401,4.5,-20.0
2020-08-28 13:30:54,37,0.407,4.49,22.1
2020-08-28 13:30:54,38,0.412,4.49,-20.0
2020-08-28 13:30:54,39,0.422,4.47,-20.0
2020-08-28 13:30:54,40,0.413,4.48,-20.0
2020-08-28 13:30:54,41,0.408,4.5,-20.0
2020-08-28 13:30:54,42,0.408,4.48,-20.0
2020-08-28 13:30:54,43,0.419,4.47,-20.0
2020-08-28 13:30:54,44,0.427,4.49,-20.0
2020-08-28 13:30:54,45,0.416,4.5,-20.0
2020-08-28 13:30:54,46,0.411,4.48,-20.0
2020-08-28 13:30:54,47,0.407,4.49,-20.0
2020-08-28 13:30:54,48,0.423,4.49,-20.0
2020-08-28 13:30:54,49,0.479,4.46,24.2
2020-08-28 13:30:54,50,0.418,4.47,-20.0
2020-08-28 13:30:54,51,0.411,4.47,-20.0
2020-08-28 13:30:54,52,0.411,4.47,-20.0
2020-08-28 13:30:54,53,0.418,4.46,-20.0
2020-08-28 13:30:54,54,0.414,4.47,-20.0
2020-08-28 13:30:54,55,0.415,4.43,-20.0
2020-08-28 13:30:54,56,0.415,4.43,-20.0
2020-08-28 13:30:54,57,0.421,4.43,-20.0
2020-08-28 13:30:54,58,0.42,4.42,-20.0
2020-08-28 13:30:54,59,0.418,4.44,-20.0
2020-08-28 13:30:54,60,0.421,4.46,-20.0
2020-08-28 13:30:54,61,0.419,4.49,21.4
2020-08-28 13:30:54,62,0.41,4.5,-20.0
2020-08-28 13:30:54,63,0.409,4.48,-20.0
2020-08-28 13:30:54,64,0.406,4.46,-20.0
2020-08-28 13:30:54,65,0.407,4.45,-20.0
2020-08-28 13:30:54,66,0.424,4.45,-20.0
2020-08-28 13:30:54,67,0.415,4.43,-20.0
2020-08-28 13:30:54,68,0.417,4.45,-20.0
2020-08-28 13:30:54,69,0.41,4.45,-20.0
2020-08-28 13:30:54,70,0.412,4.47,-20.0
2020-08-28 13:30:54,71,0.414,4.48,-20.0
2020-08-28 13:30:54,72,0.41,4.49,-20.0
2020-08-28 13:30:54,73,0.403,4.51,21.8
2020-08-28 13:30:54,74,0.395,4.5,-20.0
2020-08-28 13:30:54,75,0.426,4.47,-20.0
2020-08-28 13:30:54,76,0.427,4.45,-20.0
2020-08-28 13:30:54,77,0.423,4.51,-20.0
2020-08-28 13:30:54,78,0.405,4.48,-20.0
2020-08-28 13:30:54,79,0.409,4.49,-20.0
2020-08-28 13:30:54,80,0.424,4.51,-20.0
2020-08-28 13:30:54,81,0.427,4.51,-20.0
2020-08-28 13:30:54,82,0.425,4.52,-20.0
2020-08-28 13:30:54,83,0.424,4.51,-20.0
2020-08-28 13:30:54,84,0.423,4.5,-20.0
2020-08-28 13:30:54,85,0.42,4.48,22.9
2020-08-28 13:30:54,86,0.416,4.46,-20.0
2020-08-28 13:30:54,87,0.44,4.46,-20.0
2020-08-28 13:30:54,88,0.402,4.47,-20.0
2020-08-28 13:30:54,89,0.415,4.49,-20.0
2020-08-28 13:30:54,90,0.408,4.47,-20.0
2020-08-28 13:30:54,91,0.42,4.48,-20.0
2020-08-28 13:30:54,92,0.401,4.5,-20.0
2020-08-28 13:30:54,93,0.414,4.5,-20.0
2020-08-28 13:30:54,94,0.415,4.47,-20.0
2020-08-28 13:30:54,95,0.413,4.46,-20.0
2020-08-28 13:30:54,96,0.408,4.48,-20.0
2020-08-29 01:30:16,1,0.415,4.5,25.3
2020-08-29 01:30:16,2,0.41,4.51,-20.0
2020-08-29 01:30:16,3,0.412,4.52,-20.0
2020-08-29 01:30:16,4,0.412,4.47,-20.0
2020-08-29 01:30:16,5,0.408,4.5,-20.0
2020-08-29 01:30:16,6,0.41,4.48,-20.0
2020-08-29 01:30:16,7,0.406,4.48,-20.0
2020-08-29 01:30:16,8,0.408,4.5,-20.0
2020-08-29 01:30:16,9,0.413,4.48,-20.0
2020-08-29 01:30:16,10,0.414,4.49,-20.0
2020-08-29 01:30:16,11,0.415,4.45,-20.0
2020-08-29 01:30:16,12,0.414,4.46,-20.0
2020-08-29 01:30:16,13,0.41,4.47,24.3
2020-08-29 01:30:16,14,0.411,4.49,-20.0
2020-08-29 01:30:16,15,0.41,4.53,-20.0
2020-08-29 01:30:16,16,0.423,4.52,-20.0
2020-08-29 01:30:16,17,0.414,4.49,-20.0
2020-08-29 01:30:16,18,0.426,4.48,-20.0
2020-08-29 01:30:16,19,0.439,4.47,-20.0
2020-08-29 01:30:16,20,0.41,4.47,-20.0
2020-08-29 01:30:16,21,0.409,4.48,-20.0
2020-08-29 01:30:16,22,0.415,4.47,-20.0
2020-08-29 01:30:16,23,0.435,4.49,-20.0
2020-08-29 01:30:16,24,0.406,4.49,-20.0
2020-08-29 01:30:16,25,0.414,4.5,21.7
2020-08-29 01:30:16,26,0.428,4.48,-20.0
2020-08-29 01:30:16,27,0.413,4.46,-20.0
2020-08-29 01:30:16,28,0.423,4.48,-20.0
2020-08-29 01:30:16,29,0.412,4.46,-20.0
2020-08-29 01:30:16,30,0.413,4.47,-20.0
2020-08-29 01:30:16,31,0.415,4.46,-20.0
2020-08-29 01:30:16,32,0.406,4.47,-20.0
2020-08-29 01:30:16,33,0.411,4.48,-20.0
2020-08-29 01:30:16,34,0.416,4.48,-20.0
2020-08-29 01:30:16,35,0.407,4.49,-20.0
2020-08-29 01:30:16,36,0.404,4.5,-20.0
2020-08-29 01:30:16,37,0.409,4.48,22.2
2020-08-29 01:30:16,38,0.415,4.5,-20.0
2020-08-29 01:30:16,39,0.42,4.47,-20.0
2020-08-29 01:30:16,40,0.414,4.47,-20.0
2020-08-29 01:30:16,41,0.41,4.49,-20.0
2020-08-29 01:30:16,42,0.409,4.48,-20.0
2020-08-29 01:30:16,43,0.419,4.48,-20.0
2020-08-29 01:30:16,44,0.426,4.49,-20.0
2020-08-29 01:30:16,45,0.418,4.5,-20.0
2020-08-29 01:30:16,46,0.412,4.48,-20.0
2020-08-29 01:30:16,47,0.416,4.48,-20.0
2020-08-29 01:30:16,48,0.421,4.48,-20.0
2020-08-29 01:30:16,49,0.484,4.46,24.3
2020-08-29 01:30:16,50,0.42,4.46,-20.0
2020-08-29 01:30:16,51,0.413,4.47,-20.0
2020-08-29 01:30:16,52,0.413,4.47,-20.0
2020-08-29 01:30:16,53,0.417,4.45,-20.0
2020-08-29 01:30:16,54,0.413,4.46,-20.0
2020-08-29 01:30:16,55,0.417,4.44,-20.0
2020-08-29 01:30:16,56,0.418,4.43,-20.0
2020-08-29 01:30:16,57,0.422,4.42,-20.0
2020-08-29 01:30:16,58,0.42,4.42,-20.0
2020-08-29 01:30:16,59,0.421,4.44,-20.0
2020-08-29 01:30:16,60,0.421,4.46,-20.0
2020-08-29 01:30:16,61,0.42,4.5,21.6
2020-08-29 01:30:16,62,0.411,4.49,-20.0
2020-08-29 01:30:16,63,0.408,4.48,-20.0
2020-08-29 01:30:16,64,0.406,4.46,-20.0
2020-08-29 01:30:16,65,0.409,4.45,-20.0
2020-08-29 01:30:16,66,0.42,4.45,-20.0
2020-08-29 01:30:16,67,0.414,4.43,-20.0
2020-08-29 01:30:16,68,0.417,4.46,-20.0
2020-08-29 01:30:16,69,0.414,4.45,-20.0
2020-08-29 01:30:16,70,0.411,4.47,-20.0
2020-08-29 01:30:16,71,0.413,4.49,-20.0
2020-08-29 01:30:16,72,0.41,4.49,-20.0
2020-08-29 01:30:16,73,0.407,4.52,21.9
2020-08-29 01:30:16,74,0.4,4.5,-20.0
2020-08-29 01:30:16,75,0.426,4.47,-20.0
2020-08-29 01:30:16,76,0.425,4.45,-20.0
2020-08-29 01:30:16,77,0.423,4.5,-20.0
2020-08-29 01:30:16,78,0.406,4.47,-20.0
2020-08-29 01:30:16,79,0.41,4.5,-20.0
2020-08-29 01:30:16,80,0.424,4.52,-20.0
2020-08-29 01:30:16,81,0.427,4.51,-20.0
2020-08-29 01:30:16,82,0.423,4.51,-20.0
2020-08-29 01:30:16,83,0.425,4.5,-20.0
2020-08-29 01:30:16,84,0.426,4.49,-20.0
2020-08-29 01:30:16,85,0.419,4.47,22.8
2020-08-29 01:30:16,86,0.414,4.46,-20.0
2020-08-29 01:30:16,87,0.439,4.46,-20.0
2020-08-29 01:30:16,88,0.403,4.48,-20.0
2020-08-29 01:30:16,89,0.415,4.5,-20.0
2020-08-29 01:30:16,90,0.408,4.47,-20.0
2020-08-29 01:30:16,91,0.418,4.48,-20.0
2020-08-29 01:30:16,92,0.401,4.5,-20.0
2020-08-29 01:30:16,93,0.417,4.5,-20.0
2020-08-29 01:30:16,94,0.417,4.47,-20.0
2020-08-29 01:30:16,95,0.414,4.46,-20.0
2020-08-29 01:30:16,96,0.411,4.49,-20.0
2020-08-29 13:29:49,1,0.415,4.51,25.2
2020-08-29 13:29:49,2,0.412,4.51,-20.0
2020-08-29 13:29:49,3,0.413,4.53,-20.0
2020-08-29 13:29:49,4,0.416,4.48,-20.0
2020-08-29 13:29:49,5,0.41,4.52,-20.0
2020-08-29 13:29:49,6,0.412,4.5,-20.0
2020-08-29 13:29:49,7,0.408,4.48,-20.0
2020-08-29 13:29:49,8,0.407,4.5,-20.0
2020-08-29 13:29:49,9,0.413,4.47,-20.0
2020-08-29 13:29:49,10,0.414,4.51,-20.0
2020-08-29 13:29:49,11,0.413,4.46,-20.0
2020-08-29 13:29:49,12,0.414,4.45,-20.0
2020-08-29 13:29:49,13,0.409,4.49,24.4
2020-08-29 13:29:49,14,0.411,4.5,-20.0
2020-08-29 13:29:49,15,0.411,4.52,-20.0
2020-08-29 13:29:49,16,0.422,4.53,-20.0
2020-08-29 13:29:49,17,0.415,4.5,-20.0
2020-08-29 13:29:49,18,0.428,4.49,-20.0
2020-08-29 13:29:49,19,0.437,4.47,-20.0
2020-08-29 13:29:49,20,0.411,4.47,-20.0
2020-08-29 13:29:49,21,0.41,4.48,-20.0
2020-08-29 13:29:49,22,0.414,4.46,-20.0
2020-08-29 13:29:49,23,0.437,4.48,-20.0
2020-08-29 13:29:49,24,0.404,4.49,-20.0
2020-08-29 13:29:49,25,0.414,4.5,21.9
2020-08-29 13:29:49,26,0.427,4.48,-20.0
2020-08-29 13:29:49,27,0.416,4.46,-20.0
2020-08-29 13:29:49,28,0.421,4.46,-20.0
2020-08-29 13:29:49,29,0.413,4.47,-20.0
2020-08-29 13:29:49,30,0.415,4.48,-20.0
2020-08-29 13:29:49,31,0.416,4.46,-20.0
2020-08-29 13:29:49,32,0.406,4.48,-20.0
2020-08-29 13:29:49,33,0.411,4.48,-20.0
2020-08-29 13:29:49,34,0.416,4.49,-20.0
2020-08-29 13:29:49,35,0.41,4.48,-20.0
2020-08-29 13:29:49,36,0.407,4.5,-20.0
2020-08-29 13:29:49,37,0.411,4.48,22.3
2020-08-29 13:29:49,38,0.414,4.49,-20.0
2020-08-29 13:29:49,39,0.418,4.48,-20.0
2020-08-29 13:29:49,40,0.412,4.48,-20.0
2020-08-29 13:29:49,41,0.409,4.5,-20.0
2020-08-29 13:29:49,42,0.394,4.47,-20.0
2020-08-29 13:29:49,43,0.398,4.48,-20.0
2020-08-29 13:29:49,44,0.417,4.49,-20.0
2020-08-29 13:29:49,45,0.415,4.49,-20.0
2020-08-29 13:29:49,46,0.412,4.48,-20.0
2020-08-29 13:29:49,47,0.405,4.48,-20.0
2020-08-29 13:29:49,48,0.397,4.48,-20.0
2020-08-29 13:29:49,49,0.488,4.46,24.4
2020-08-29 13:29:49,50,0.42,4.47,-20.0
2020-08-29 13:29:49,51,0.416,4.47,-20.0
2020-08-29 13:29:49,52,0.414,4.47,-20.0
2020-08-29 13:29:49,53,0.419,4.46,-20.0
2020-08-29 13:29:49,54,0.415,4.46,-20.0
2020-08-29 13:29:49,55,0.42,4.43,-20.0
2020-08-29 13:29:49,56,0.418,4.42,-20.0
2020-08-29 13:29:49,57,0.42,4.43,-20.0
2020-08-29 13:29:49,58,0.422,4.42,-20.0
2020-08-29 13:29:49,59,0.421,4.45,-20.0
2020-08-29 13:29:49,60,0.417,4.46,-20.0
2020-08-29 13:29:49,61,0.419,4.5,21.7
2020-08-29 13:29:49,62,0.409,4.5,-20.0
2020-08-29 13:29:49,63,0.409,4.48,-20.0
2020-08-29 13:29:49,64,0.407,4.46,-20.0
2020-08-29 13:29:49,65,0.4,4.45,-20.0
2020-08-29 13:29:49,66,0.417,4.46,-20.0
2020-08-29 13:29:49,67,0.408,4.43,-20.0
2020-08-29 13:29:49,68,0.397,4.45,-20.0
2020-08-29 13:29:49,69,0.409,4.45,-20.0
2020-08-29 13:29:49,70,0.403,4.47,-20.0
2020-08-29 13:29:49,71,0.41,4.48,-20.0
2020-08-29 13:29:49,72,0.409,4.49,-20.0
2020-08-29 13:29:49,73,0.401,4.52,22.2
2020-08-29 13:29:49,74,0.401,4.49,-20.0
2020-08-29 13:29:49,75,0.424,4.47,-20.0
2020-08-29 13:29:49,76,0.425,4.45,-20.0
2020-08-29 13:29:49,77,0.423,4.5,-20.0
2020-08-29 13:29:49,78,0.406,4.47,-20.0
2020-08-29 13:29:49,79,0.41,4.5,-20.0
2020-08-29 13:29:49,80,0.425,4.51,-20.0
2020-08-29 13:29:49,81,0.427,4.51,-20.0
2020-08-29 13:29:49,82,0.423,4.52,-20.0
2020-08-29 13:29:49,83,0.426,4.5,-20.0
2020-08-29 13:29:49,84,0.427,4.49,-20.0
2020-08-29 13:29:49,85,0.421,4.49,23.3
2020-08-29 13:29:49,86,0.414,4.47,-20.0
2020-08-29 13:29:49,87,0.439,4.47,-20.0
2020-08-29 13:29:49,88,0.406,4.47,-20.0
2020-08-29 13:29:49,89,0.416,4.5,-20.0
2020-08-29 13:29:49,90,0.409,4.48,-20.0
2020-08-29 13:29:49,91,0.419,4.48,-20.0
2020-08-29 13:29:49,92,0.399,4.5,-20.0
2020-08-29 13:29:49,93,0.416,4.49,-20.0
2020-08-29 13:29:49,94,0.418,4.47,-20.0
2020-08-29 13:29:49,95,0.416,4.46,-20.0
2020-08-29 13:29:49,96,0.413,4.49,-20.0
2020-08-30 01:29:21,1,0.412,4.51,25.3
2020-08-30 01:29:21,2,0.407,4.51,-20.0
2020-08-30 01:29:21,3,0.41,4.53,-20.0
2020-08-30 01:29:21,4,0.416,4.47,-20.0
2020-08-30 01:29:21,5,0.411,4.52,-20.0
2020-08-30 01:29:21,6,0.412,4.5,-20.0
2020-08-30 01:29:21,7,0.407,4.48,-20.0
2020-08-30 01:29:21,8,0.406,4.51,-20.0
2020-08-30 01:29:21,9,0.414,4.47,-20.0
2020-08-30 01:29:21,10,0.415,4.49,-20.0
2020-08-30 01:29:21,11,0.416,4.46,-20.0
2020-08-30 01:29:21,12,0.415,4.47,-20.0
2020-08-30 01:29:21,13,0.411,4.48,24.4
2020-08-30 01:29:21,14,0.412,4.49,-20.0
2020-08-30 01:29:21,15,0.414,4.51,-20.0
2020-08-30 01:29:21,16,0.425,4.53,-20.0
2020-08-30 01:29:21,17,0.416,4.48,-20.0
2020-08-30 01:29:21,18,0.428,4.49,-20.0
2020-08-30 01:29:21,19,0.437,4.47,-20.0
2020-08-30 01:29:21,20,0.411,4.47,-20.0
2020-08-30 01:29:21,21,0.411,4.48,-20.0
2020-08-30 01:29:21,22,0.414,4.47,-20.0
2020-08-30 01:29:21,23,0.44,4.48,-20.0
2020-08-30 01:29:21,24,0.408,4.49,-20.0
2020-08-30 01:29:21,25,0.415,4.49,21.9
2020-08-30 01:29:21,26,0.427,4.47,-20.0
2020-08-30 01:29:21,27,0.413,4.46,-20.0
2020-08-30 01:29:21,28,0.422,4.48,-20.0
2020-08-30 01:29:21,29,0.415,4.46,-20.0
2020-08-30 01:29:21,30,0.412,4.47,-20.0
2020-08-30 01:29:21,31,0.415,4.46,-20.0
2020-08-30 01:29:21,32,0.408,4.48,-20.0
2020-08-30 01:29:21,33,0.411,4.48,-20.0
2020-08-30 01:29:21,34,0.416,4.48,-20.0
2020-08-30 01:29:21,35,0.409,4.48,-20.0
2020-08-30 01:29:21,36,0.403,4.5,-20.0
2020-08-30 01:29:21,37,0.413,4.49,22.3
2020-08-30 01:29:21,38,0.41,4.5,-20.0
2020-08-30 01:29:21,39,0.419,4.46,-20.0
2020-08-30 01:29:21,40,0.412,4.48,-20.0
2020-08-30 01:29:21,41,0.412,4.5,-20.0
2020-08-30 01:29:21,42,0.401,4.48,-20.0
2020-08-30 01:29:21,43,0.403,4.47,-20.0
2020-08-30 01:29:21,44,0.418,4.49,-20.0
2020-08-30 01:29:21,45,0.417,4.5,-20.0
2020-08-30 01:29:21,46,0.415,4.48,-20.0
2020-08-30 01:29:21,47,0.413,4.48,-20.0
2020-08-30 01:29:21,48,0.402,4.48,-20.0
2020-08-30 01:29:21,49,0.488,4.46,24.5
2020-08-30 01:29:21,50,0.422,4.46,-20.0
2020-08-30 01:29:21,51,0.416,4.47,-20.0
2020-08-30 01:29:21,52,0.419,4.47,-20.0
2020-08-30 01:29:21,53,0.42,4.45,-20.0
2020-08-30 01:29:21,54,0.415,4.46,-20.0
2020-08-30 01:29:21,55,0.418,4.43,-20.0
2020-08-30 01:29:21,56,0.418,4.43,-20.0
2020-08-30 01:29:21,57,0.423,4.42,-20.0
2020-08-30 01:29:21,58,0.419,4.42,-20.0
2020-08-30 01:29:21,59,0.425,4.45,-20.0
2020-08-30 01:29:21,60,0.42,4.46,-20.0
2020-08-30 01:29:21,61,0.416,4.5,21.8
2020-08-30 01:29:21,62,0.408,4.49,-20.0
2020-08-30 01:29:21,63,0.407,4.48,-20.0
2020-08-30 01:29:21,64,0.406,4.46,-20.0
2020-08-30 01:29:21,65,0.404,4.45,-20.0
2020-08-30 01:29:21,66,0.418,4.45,-20.0
2020-08-30 01:29:21,67,0.408,4.43,-20.0
2020-08-30 01:29:21,68,0.4,4.46,-20.0
2020-08-30 01:29:21,69,0.411,4.45,-20.0
2020-08-30 01:29:21,70,0.413,4.47,-20.0
2020-08-30 01:29:21,71,0.413,4.49,-20.0
2020-08-30 01:29:21,72,0.413,4.48,-20.0
2020-08-30 01:29:21,73,0.404,4.51,22.1
2020-08-30 01:29:21,74,0.401,4.5,-20.0
2020-08-30 01:29:21,75,0.424,4.47,-20.0
2020-08-30 01:29:21,76,0.424,4.44,-20.0
2020-08-30 01:29:21,77,0.423,4.5,-20.0
2020-08-30 01:29:21,78,0.407,4.47,-20.0
2020-08-30 01:29:21,79,0.409,4.49,-20.0
2020-08-30 01:29:21,80,0.424,4.51,-20.0
2020-08-30 01:29:21,81,0.423,4.51,-20.0
2020-08-30 01:29:21,82,0.422,4.52,-20.0
2020-08-30 01:29:21,83,0.425,4.51,-20.0
2020-08-30 01:29:21,84,0.427,4.49,-20.0
2020-08-30 01:29:21,85,0.419,4.48,23.0
2020-08-30 01:29:21,86,0.415,4.47,-20.0
2020-08-30 01:29:21,87,0.439,4.47,-20.0
2020-08-30 01:29:21,88,0.407,4.48,-20.0
2020-08-30 01:29:21,89,0.412,4.49,-20.0
2020-08-30 01:29:21,90,0.409,4.48,-20.0
2020-08-30 01:29:21,91,0.416,4.49,-20.0
2020-08-30 01:29:21,92,0.397,4.5,-20.0
2020-08-30 01:29:21,93,0.415,4.49,-20.0
2020-08-30 01:29:21,94,0.421,4.47,-20.0
2020-08-30 01:29:21,95,0.417,4.46,-20.0
2020-08-30 01:29:21,96,0.413,4.49,-20.0
2020-08-30 13:28:47,1,0.414,4.51,25.3
2020-08-30 13:28:47,2,0.409,4.51,-20.0
2020-08-30 13:28:47,3,0.412,4.53,-20.0
2020-08-30 13:28:47,4,0.417,4.48,-20.0
2020-08-30 13:28:47,5,0.41,4.51,-20.0
2020-08-30 13:28:47,6,0.415,4.49,-20.0
2020-08-30 13:28:47,7,0.408,4.48,-20.0
2020-08-30 13:28:47,8,0.407,4.49,-20.0
2020-08-30 13:28:47,9,0.415,4.48,-20.0
2020-08-30 13:28:47,10,0.417,4.5,-20.0
2020-08-30 13:28:47,11,0.418,4.45,-20.0
2020-08-30 13:28:47,12,0.416,4.47,-20.0
2020-08-30 13:28:47,13,0.412,4.48,24.3
2020-08-30 13:28:47,14,0.413,4.49,-20.0
2020-08-30 13:28:47,15,0.414,4.52,-20.0
2020-08-30 13:28:47,16,0.428,4.53,-20.0
2020-08-30 13:28:47,17,0.417,4.48,-20.0
2020-08-30 13:28:47,18,0.426,4.5,-20.0
2020-08-30 13:28:47,19,0.437,4.47,-20.0
2020-08-30 13:28:47,20,0.413,4.47,-20.0
2020-08-30 13:28:47,21,0.412,4.48,-20.0
2020-08-30 13:28:47,22,0.411,4.47,-20.0
2020-08-30 13:28:47,23,0.442,4.48,-20.0
2020-08-30 13:28:47,24,0.411,4.48,-20.0
2020-08-30 13:28:47,25,0.415,4.5,21.8
2020-08-30 13:28:47,26,0.426,4.49,-20.0
2020-08-30 13:28:47,27,0.416,4.46,-20.0
2020-08-30 13:28:47,28,0.425,4.47,-20.0
2020-08-30 13:28:47,29,0.421,4.47,-20.0
2020-08-30 13:28:47,30,0.415,4.47,-20.0
2020-08-30 13:28:47,31,0.416,4.46,-20.0
2020-08-30 13:28:47,32,0.4,4.47,-20.0
2020-08-30 13:28:47,33,0.409,4.48,-20.0
2020-08-30 13:28:47,34,0.402,4.48,-20.0
2020-08-30 13:28:47,35,0.406,4.49,-20.0
2020-08-30 13:28:47,36,0.404,4.49,-20.0
2020-08-30 13:28:47,37,0.4,4.48,22.3
2020-08-30 13:28:47,38,0.397,4.48,-20.0
2020-08-30 13:28:47,39,0.406,4.47,-20.0
2020-08-30 13:28:47,40,0.409,4.48,-20.0
2020-08-30 13:28:47,41,0.413,4.5,-20.0
2020-08-30 13:28:47,42,0.402,4.47,-20.0
2020-08-30 13:28:47,43,0.407,4.48,-20.0
2020-08-30 13:28:47,44,0.42,4.48,-20.0
2020-08-30 13:28:47,45,0.416,4.5,-20.0
2020-08-30 13:28:47,46,0.413,4.49,-20.0
2020-08-30 13:28:47,47,0.412,4.49,-20.0
2020-08-30 13:28:47,48,0.405,4.48,-20.0
2020-08-30 13:28:47,49,0.488,4.46,24.4
2020-08-30 13:28:47,50,0.423,4.47,-20.0
2020-08-30 13:28:47,51,0.419,4.47,-20.0
2020-08-30 13:28:47,52,0.421,4.47,-20.0
2020-08-30 13:28:47,53,0.417,4.45,-20.0
2020-08-30 13:28:47,54,0.414,4.46,-20.0
2020-08-30 13:28:47,55,0.408,4.43,-20.0
2020-08-30 13:28:47,56,0.416,4.43,-20.0
2020-08-30 13:28:47,57,0.42,4.42,-20.0
2020-08-30 13:28:47,58,0.413,4.42,-20.0
2020-08-30 13:28:47,59,0.404,4.44,-20.0
2020-08-30 13:28:47,60,0.4,4.46,-20.0
2020-08-30 13:28:47,61,0.418,4.49,21.7
2020-08-30 13:28:47,62,0.405,4.49,-20.0
2020-08-30 13:28:47,63,0.398,4.48,-20.0
2020-08-30 13:28:47,64,0.408,4.46,-20.0
2020-08-30 13:28:47,65,0.405,4.45,-20.0
2020-08-30 13:28:47,66,0.421,4.45,-20.0
2020-08-30 13:28:47,67,0.409,4.43,-20.0
2020-08-30 13:28:47,68,0.407,4.45,-20.0
2020-08-30 13:28:47,69,0.411,4.45,-20.0
2020-08-30 13:28:47,70,0.415,4.47,-20.0
2020-08-30 13:28:47,71,0.413,4.49,-20.0
2020-08-30 13:28:47,72,0.41,4.49,-20.0
2020-08-30 13:28:47,73,0.408,4.52,21.9
2020-08-30 13:28:47,74,0.404,4.5,-20.0
2020-08-30 13:28:47,75,0.423,4.47,-20.0
2020-08-30 13:28:47,76,0.425,4.45,-20.0
2020-08-30 13:28:47,77,0.424,4.5,-20.0
2020-08-30 13:28:47,78,0.41,4.47,-20.0
2020-08-30 13:28:47,79,0.411,4.5,-20.0
2020-08-30 13:28:47,80,0.421,4.51,-20.0
2020-08-30 13:28:47,81,0.423,4.51,-20.0
2020-08-30 13:28:47,82,0.424,4.51,-20.0
2020-08-30 13:28:47,83,0.425,4.5,-20.0
2020-08-30 13:28:47,84,0.426,4.5,-20.0
2020-08-30 13:28:47,85,0.42,4.47,22.9
2020-08-30 13:28:47,86,0.415,4.47,-20.0
2020-08-30 13:28:47,87,0.442,4.46,-20.0
2020-08-30 13:28:47,88,0.407,4.48,-20.0
2020-08-30 13:28:47,89,0.412,4.5,-20.0
2020-08-30 13:28:47,90,0.408,4.47,-20.0
2020-08-30 13:28:47,91,0.416,4.49,-20.0
2020-08-30 13:28:47,92,0.398,4.5,-20.0
2020-08-30 13:28:47,93,0.417,4.5,-20.0
2020-08-30 13:28:47,94,0.424,4.47,-20.0
2020-08-30 13:28:47,95,0.418,4.46,-20.0
2020-08-30 13:28:47,96,0.414,4.49,-20.0
2020-08-31 01:28:09,1,0.415,4.5,25.2
2020-08-31 01:28:09,2,0.412,4.5,-20.0
2020-08-31 01:28:09,3,0.415,4.52,-20.0
2020-08-31 01:28:09,4,0.417,4.49,-20.0
2020-08-31 01:28:09,5,0.41,4.51,-20.0
2020-08-31 01:28:09,6,0.415,4.49,-20.0
2020-08-31 01:28:09,7,0.406,4.48,-20.0
2020-08-31 01:28:09,8,0.406,4.49,-20.0
2020-08-31 01:28:09,9,0.413,4.48,-20.0
2020-08-31 01:28:09,10,0.415,4.49,-20.0
2020-08-31 01:28:09,11,0.419,4.45,-20.0
2020-08-31 01:28:09,12,0.417,4.45,-20.0
2020-08-31 01:28:09,13,0.412,4.47,24.2
2020-08-31 01:28:09,14,0.415,4.48,-20.0
2020-08-31 01:28:09,15,0.414,4.51,-20.0
2020-08-31 01:28:09,16,0.428,4.52,-20.0
2020-08-31 01:28:09,17,0.418,4.49,-20.0
2020-08-31 01:28:09,18,0.423,4.49,-20.0
2020-08-31 01:28:09,19,0.438,4.48,-20.0
2020-08-31 01:28:09,20,0.414,4.48,-20.0
2020-08-31 01:28:09,21,0.413,4.47,-20.0
2020-08-31 01:28:09,22,0.412,4.46,-20.0
2020-08-31 01:28:09,23,0.441,4.49,-20.0
2020-08-31 01:28:09,24,0.412,4.49,-20.0
2020-08-31 01:28:09,25,0.413,4.5,21.6
2020-08-31 01:28:09,26,0.422,4.49,-20.0
2020-08-31 01:28:09,27,0.417,4.47,-20.0
2020-08-31 01:28:09,28,0.427,4.47,-20.0
2020-08-31 01:28:09,29,0.421,4.46,-20.0
2020-08-31 01:28:09,30,0.416,4.48,-20.0
2020-08-31 01:28:09,31,0.415,4.46,-20.0
2020-08-31 01:28:09,32,0.404,4.47,-20.0
2020-08-31 01:28:09,33,0.41,4.49,-20.0
2020-08-31 01:28:09,34,0.405,4.49,-20.0
2020-08-31 01:28:09,35,0.41,4.48,-20.0
2020-08-31 01:28:09,36,0.407,4.5,-20.0
2020-08-31 01:28:09,37,0.406,4.48,22.1
2020-08-31 01:28:09,38,0.404,4.5,-20.0
2020-08-31 01:28:09,39,0.408,4.47,-20.0
2020-08-31 01:28:09,40,0.408,4.48,-20.0
2020-08-31 01:28:09,41,0.411,4.5,-20.0
2020-08-31 01:28:09,42,0.406,4.47,-20.0
2020-08-31 01:28:09,43,0.409,4.48,-20.0
2020-08-31 01:28:09,44,0.42,4.49,-20.0
2020-08-31 01:28:09,45,0.416,4.49,-20.0
2020-08-31 01:28:09,46,0.413,4.5,-20.0
2020-08-31 01:28:09,47,0.413,4.47,-20.0
2020-08-31 01:28:09,48,0.408,4.48,-20.0
2020-08-31 01:28:09,49,0.489,4.47,24.3
2020-08-31 01:28:09,50,0.423,4.47,-20.0
2020-08-31 01:28:09,51,0.416,4.47,-20.0
2020-08-31 01:28:09,52,0.421,4.46,-20.0
2020-08-31 01:28:09,53,0.418,4.45,-20.0
2020-08-31 01:28:09,54,0.417,4.46,-20.0
2020-08-31 01:28:09,55,0.411,4.44,-20.0
2020-08-31 01:28:09,56,0.416,4.44,-20.0
2020-08-31 01:28:09,57,0.42,4.42,-20.0
2020-08-31 01:28:09,58,0.414,4.42,-20.0
2020-08-31 01:28:09,59,0.408,4.44,-20.0
2020-08-31 01:28:09,60,0.409,4.46,-20.0
2020-08-31 01:28:09,61,0.416,4.5,21.4
2020-08-31 01:28:09,62,0.408,4.49,-20.0
2020-08-31 01:28:09,63,0.402,4.48,-20.0
2020-08-31 01:28:09,64,0.411,4.46,-20.0
2020-08-31 01:28:09,65,0.403,4.45,-20.0
2020-08-31 01:28:09,66,0.422,4.45,-20.0
2020-08-31 01:28:09,67,0.412,4.43,-20.0
2020-08-31 01:28:09,68,0.414,4.45,-20.0
2020-08-31 01:28:09,69,0.414,4.45,-20.0
2020-08-31 01:28:09,70,0.411,4.47,-20.0
2020-08-31 01:28:09,71,0.415,4.48,-20.0
2020-08-31 01:28:09,72,0.413,4.49,-20.0
2020-08-31 01:28:09,73,0.41,4.51,21.7
2020-08-31 01:28:09,74,0.402,4.49,-20.0
2020-08-31 01:28:09,75,0.426,4.47,-20.0
2020-08-31 01:28:09,76,0.425,4.45,-20.0
2020-08-31 01:28:09,77,0.425,4.51,-20.0
2020-08-31 01:28:09,78,0.412,4.48,-20.0
2020-08-31 01:28:09,79,0.413,4.49,-20.0
2020-08-31 01:28:09,80,0.421,4.52,-20.0
2020-08-31 01:28:09,81,0.425,4.51,-20.0
2020-08-31 01:28:09,82,0.425,4.52,-20.0
2020-08-31 01:28:09,83,0.428,4.5,-20.0
2020-08-31 01:28:09,84,0.427,4.5,-20.0
2020-08-31 01:28:09,85,0.422,4.48,22.8
2020-08-31 01:28:09,86,0.416,4.47,-20.0
2020-08-31 01:28:09,87,0.443,4.47,-20.0
2020-08-31 01:28:09,88,0.408,4.47,-20.0
2020-08-31 01:28:09,89,0.412,4.5,-20.0
2020-08-31 01:28:09,90,0.405,4.47,-20.0
2020-08-31 01:28:09,91,0.415,4.48,-20.0
2020-08-31 01:28:09,92,0.399,4.51,-20.0
2020-08-31 01:28:09,93,0.416,4.5,-20.0
2020-08-31 01:28:09,94,0.42,4.47,-20.0
2020-08-31 01:28:09,95,0.416,4.46,-20.0
2020-08-31 01:28:09,96,0.41,4.49,-20.0
2020-08-31 13:27:38,1,0.415,4.5,25.3
2020-08-31 13:27:38,2,0.411,4.51,-20.0
2020-08-31 13:27:38,3,0.416,4.53,-20.0
2020-08-31 13:27:38,4,0.417,4.49,-20.0
2020-08-31 13:27:38,5,0.409,4.51,-20.0
2020-08-31 13:27:38,6,0.417,4.49,-20.0
2020-08-31 13:27:38,7,0.406,4.48,-20.0
2020-08-31 13:27:38,8,0.407,4.5,-20.0
2020-08-31 13:27:38,9,0.413,4.47,-20.0
2020-08-31 13:27:38,10,0.415,4.5,-20.0
2020-08-31 13:27:38,11,0.419,4.45,-20.0
2020-08-31 13:27:38,12,0.416,4.47,-20.0
2020-08-31 13:27:38,13,0.41,4.48,24.3
2020-08-31 13:27:38,14,0.412,4.48,-20.0
2020-08-31 13:27:38,15,0.413,4.51,-20.0
2020-08-31 13:27:38,16,0.428,4.52,-20.0
2020-08-31 13:27:38,17,0.419,4.48,-20.0
2020-08-31 13:27:38,18,0.424,4.48,-20.0
2020-08-31 13:27:38,19,0.435,4.48,-20.0
2020-08-31 13:27:38,20,0.411,4.48,-20.0
2020-08-31 13:27:38,21,0.411,4.47,-20.0
2020-08-31 13:27:38,22,0.415,4.48,-20.0
2020-08-31 13:27:38,23,0.437,4.48,-20.0
2020-08-31 13:27:38,24,0.405,4.49,-20.0
2020-08-31 13:27:38,25,0.411,4.49,21.5
2020-08-31 13:27:38,26,0.418,4.48,-20.0
2020-08-31 13:27:38,27,0.399,4.46,-20.0
2020-08-31 13:27:38,28,0.426,4.48,-20.0
2020-08-31 13:27:38,29,0.413,4.46,-20.0
2020-08-31 13:27:38,30,0.414,4.48,-20.0
2020-08-31 13:27:38,31,0.416,4.46,-20.0
2020-08-31 13:27:38,32,0.406,4.47,-20.0
2020-08-31 13:27:38,33,0.413,4.48,-20.0
2020-08-31 13:27:38,34,0.408,4.48,-20.0
2020-08-31 13:27:38,35,0.411,4.49,-20.0
2020-08-31 13:27:38,36,0.407,4.51,-20.0
2020-08-31 13:27:38,37,0.408,4.49,22.1
2020-08-31 13:27:38,38,0.409,4.49,-20.0
2020-08-31 13:27:38,39,0.413,4.47,-20.0
2020-08-31 13:27:38,40,0.409,4.48,-20.0
2020-08-31 13:27:38,41,0.411,4.5,-20.0
2020-08-31 13:27:38,42,0.409,4.47,-20.0
2020-08-31 13:27:38,43,0.411,4.47,-20.0
2020-08-31 13:27:38,44,0.423,4.49,-20.0
2020-08-31 13:27:38,45,0.413,4.5,-20.0
2020-08-31 13:27:38,46,0.413,4.48,-20.0
2020-08-31 13:27:38,47,0.415,4.48,-20.0
2020-08-31 13:27:38,48,0.411,4.48,-20.0
2020-08-31 13:27:38,49,0.483,4.46,24.3
2020-08-31 13:27:38,50,0.422,4.47,-20.0
2020-08-31 13:27:38,51,0.413,4.47,-20.0
2020-08-31 13:27:38,52,0.416,4.47,-20.0
2020-08-31 13:27:38,53,0.414,4.45,-20.0
2020-08-31 13:27:38,54,0.414,4.47,-20.0
2020-08-31 13:27:38,55,0.413,4.43,-20.0
2020-08-31 13:27:38,56,0.415,4.43,-20.0
2020-08-31 13:27:38,57,0.42,4.43,-20.0
2020-08-31 13:27:38,58,0.416,4.42,-20.0
2020-08-31 13:27:38,59,0.411,4.44,-20.0
2020-08-31 13:27:38,60,0.411,4.46,-20.0
2020-08-31 13:27:38,61,0.415,4.5,21.3
2020-08-31 13:27:38,62,0.407,4.5,-20.0
2020-08-31 13:27:38,63,0.404,4.49,-20.0
2020-08-31 13:27:38,64,0.41,4.46,-20.0
2020-08-31 13:27:38,65,0.407,4.45,-20.0
2020-08-31 13:27:38,66,0.421,4.46,-20.0
2020-08-31 13:27:38,67,0.408,4.43,-20.0
2020-08-31 13:27:38,68,0.416,4.46,-20.0
2020-08-31 13:27:38,69,0.414,4.45,-20.0
2020-08-31 13:27:38,70,0.411,4.47,-20.0
2020-08-31 13:27:38,71,0.416,4.49,-20.0
2020-08-31 13:27:38,72,0.411,4.49,-20.0
2020-08-31 13:27:38,73,0.411,4.51,21.6
2020-08-31 13:27:38,74,0.404,4.49,-20.0
2020-08-31 13:27:38,75,0.426,4.47,-20.0
2020-08-31 13:27:38,76,0.425,4.44,-20.0
2020-08-31 13:27:38,77,0.426,4.51,-20.0
2020-08-31 13:27:38,78,0.409,4.47,-20.0
2020-08-31 13:27:38,79,0.413,4.49,-20.0
2020-08-31 13:27:38,80,0.423,4.51,-20.0
2020-08-31 13:27:38,81,0.426,4.51,-20.0
2020-08-31 13:27:38,82,0.425,4.52,-20.0
2020-08-31 13:27:38,83,0.43,4.5,-20.0
2020-08-31 13:27:38,84,0.427,4.5,-20.0
2020-08-31 13:27:38,85,0.423,4.48,22.5
2020-08-31 13:27:38,86,0.414,4.47,-20.0
2020-08-31 13:27:38,87,0.439,4.46,-20.0
2020-08-31 13:27:38,88,0.406,4.48,-20.0
2020-08-31 13:27:38,89,0.415,4.51,-20.0
2020-08-31 13:27:38,90,0.407,4.47,-20.0
2020-08-31 13:27:38,91,0.41,4.48,-20.0
2020-08-31 13:27:38,92,0.398,4.5,-20.0
2020-08-31 13:27:38,93,0.416,4.49,-20.0
2020-08-31 13:27:38,94,0.419,4.47,-20.0
2020-08-31 13:27:38,95,0.415,4.47,-20.0
2020-08-31 13:27:38,96,0.409,4.49,-20.0
2020-09-01 01:27:17,1,0.417,4.5,25.2
2020-09-01 01:27:17,2,0.413,4.5,-20.0
2020-09-01 01:27:17,3,0.417,4.52,-20.0
2020-09-01 01:27:17,4,0.417,4.48,-20.0
2020-09-01 01:27:17,5,0.406,4.51,-20.0
2020-09-01 01:27:17,6,0.418,4.5,-20.0
2020-09-01 01:27:17,7,0.407,4.48,-20.0
2020-09-01 01:27:17,8,0.407,4.5,-20.0
2020-09-01 01:27:17,9,0.411,4.48,-20.0
2020-09-01 01:27:17,10,0.415,4.49,-20.0
2020-09-01 01:27:17,11,0.421,4.45,-20.0
2020-09-01 01:27:17,12,0.418,4.46,-20.0
2020-09-01 01:27:17,13,0.41,4.47,24.2
2020-09-01 01:27:17,14,0.413,4.48,-20.0
2020-09-01 01:27:17,15,0.413,4.52,-20.0
2020-09-01 01:27:17,16,0.429,4.53,-20.0
2020-09-01 01:27:17,17,0.419,4.49,-20.0
2020-09-01 01:27:17,18,0.427,4.49,-20.0
2020-09-01 01:27:17,19,0.435,4.47,-20.0
2020-09-01 01:27:17,20,0.412,4.48,-20.0
2020-09-01 01:27:17,21,0.415,4.49,-20.0
2020-09-01 01:27:17,22,0.412,4.46,-20.0
2020-09-01 01:27:17,23,0.439,4.48,-20.0
2020-09-01 01:27:17,24,0.405,4.49,-20.0
2020-09-01 01:27:17,25,0.412,4.5,21.6
2020-09-01 01:27:17,26,0.42,4.49,-20.0
2020-09-01 01:27:17,27,0.402,4.46,-20.0
2020-09-01 01:27:17,28,0.426,4.46,-20.0
2020-09-01 01:27:17,29,0.416,4.46,-20.0
2020-09-01 01:27:17,30,0.412,4.48,-20.0
2020-09-01 01:27:17,31,0.415,4.47,-20.0
2020-09-01 01:27:17,32,0.403,4.48,-20.0
2020-09-01 01:27:17,33,0.412,4.49,-20.0
2020-09-01 01:27:17,34,0.411,4.48,-20.0
2020-09-01 01:27:17,35,0.41,4.49,-20.0
2020-09-01 01:27:17,36,0.405,4.5,-20.0
2020-09-01 01:27:17,37,0.408,4.49,22.1
2020-09-01 01:27:17,38,0.409,4.48,-20.0
2020-09-01 01:27:17,39,0.412,4.47,-20.0
2020-09-01 01:27:17,40,0.413,4.47,-20.0
2020-09-01 01:27:17,41,0.41,4.49,-20.0
2020-09-01 01:27:17,42,0.407,4.47,-20.0
2020-09-01 01:27:17,43,0.412,4.48,-20.0
2020-09-01 01:27:17,44,0.423,4.49,-20.0
2020-09-01 01:27:17,45,0.415,4.5,-20.0
2020-09-01 01:27:17,46,0.415,4.48,-20.0
2020-09-01 01:27:17,47,0.418,4.49,-20.0
2020-09-01 01:27:17,48,0.412,4.48,-20.0
2020-09-01 01:27:17,49,0.486,4.45,24.2
2020-09-01 01:27:17,50,0.423,4.47,-20.0
2020-09-01 01:27:17,51,0.414,4.47,-20.0
2020-09-01 01:27:17,52,0.417,4.46,-20.0
2020-09-01 01:27:17,53,0.416,4.45,-20.0
2020-09-01 01:27:17,54,0.414,4.47,-20.0
2020-09-01 01:27:17,55,0.416,4.43,-20.0
2020-09-01 01:27:17,56,0.417,4.43,-20.0
2020-09-01 01:27:17,57,0.421,4.43,-20.0
2020-09-01 01:27:17,58,0.419,4.42,-20.0
2020-09-01 01:27:17,59,0.413,4.45,-20.0
2020-09-01 01:27:17,60,0.414,4.46,-20.0
2020-09-01 01:27:17,61,0.416,4.51,21.5
2020-09-01 01:27:17,62,0.41,4.49,-20.0
2020-09-01 01:27:17,63,0.408,4.48,-20.0
2020-09-01 01:27:17,64,0.412,4.46,-20.0
2020-09-01 01:27:17,65,0.409,4.45,-20.0
2020-09-01 01:27:17,66,0.421,4.45,-20.0
2020-09-01 01:27:17,67,0.41,4.44,-20.0
2020-09-01 01:27:17,68,0.414,4.46,-20.0
2020-09-01 01:27:17,69,0.413,4.46,-20.0
2020-09-01 01:27:17,70,0.417,4.48,-20.0
2020-09-01 01:27:17,71,0.415,4.5,-20.0
2020-09-01 01:27:17,72,0.414,4.49,-20.0
2020-09-01 01:27:17,73,0.411,4.52,21.9
2020-09-01 01:27:17,74,0.404,4.5,-20.0
2020-09-01 01:27:17,75,0.425,4.46,-20.0
2020-09-01 01:27:17,76,0.425,4.44,-20.0
2020-09-01 01:27:17,77,0.423,4.51,-20.0
2020-09-01 01:27:17,78,0.41,4.48,-20.0
2020-09-01 01:27:17,79,0.411,4.49,-20.0
2020-09-01 01:27:17,80,0.422,4.51,-20.0
2020-09-01 01:27:17,81,0.425,4.51,-20.0
2020-09-01 01:27:17,82,0.425,4.52,-20.0
2020-09-01 01:27:17,83,0.427,4.51,-20.0
2020-09-01 01:27:17,84,0.426,4.5,-20.0
2020-09-01 01:27:17,85,0.417,4.48,22.9
2020-09-01 01:27:17,86,0.412,4.47,-20.0
2020-09-01 01:27:17,87,0.44,4.47,-20.0
2020-09-01 01:27:17,88,0.406,4.47,-20.0
2020-09-01 01:27:17,89,0.41,4.5,-20.0
2020-09-01 01:27:17,90,0.405,4.48,-20.0
2020-09-01 01:27:17,91,0.411,4.49,-20.0
2020-09-01 01:27:17,92,0.396,4.51,-20.0
2020-09-01 01:27:17,93,0.414,4.5,-20.0
2020-09-01 01:27:17,94,0.418,4.47,-20.0
2020-09-01 01:27:17,95,0.412,4.47,-20.0
2020-09-01 01:27:17,96,0.408,4.49,-20.0
2020-09-01 13:26:56,1,0.417,4.5,25.3
2020-09-01 13:26:56,2,0.411,4.51,-20.0
2020-09-01 13:26:56,3,0.417,4.52,-20.0
2020-09-01 13:26:56,4,0.414,4.48,-20.0
2020-09-01 13:26:56,5,0.406,4.51,-20.0
2020-09-01 13:26:56,6,0.415,4.49,-20.0
2020-09-01 13:26:56,7,0.407,4.48,-20.0
2020-09-01 13:26:56,8,0.404,4.5,-20.0
2020-09-01 13:26:56,9,0.41,4.48,-20.0
2020-09-01 13:26:56,10,0.415,4.5,-20.0
2020-09-01 13:26:56,11,0.419,4.46,-20.0
2020-09-01 13:26:56,12,0.416,4.47,-20.0
2020-09-01 13:26:56,13,0.408,4.47,24.3
2020-09-01 13:26:56,14,0.412,4.49,-20.0
2020-09-01 13:26:56,15,0.41,4.52,-20.0
2020-09-01 13:26:56,16,0.428,4.53,-20.0
2020-09-01 13:26:56,17,0.417,4.48,-20.0
2020-09-01 13:26:56,18,0.424,4.49,-20.0
2020-09-01 13:26:56,19,0.431,4.48,-20.0
2020-09-01 13:26:56,20,0.41,4.47,-20.0
2020-09-01 13:26:56,21,0.414,4.48,-20.0
2020-09-01 13:26:56,22,0.413,4.47,-20.0
2020-09-01 13:26:56,23,0.442,4.48,-20.0
2020-09-01 13:26:56,24,0.408,4.49,-20.0
2020-09-01 13:26:56,25,0.412,4.5,21.6
2020-09-01 13:26:56,26,0.424,4.48,-20.0
2020-09-01 13:26:56,27,0.409,4.47,-20.0
2020-09-01 13:26:56,28,0.43,4.47,-20.0
2020-09-01 13:26:56,29,0.418,4.47,-20.0
2020-09-01 13:26:56,30,0.414,4.48,-20.0
2020-09-01 13:26:56,31,0.418,4.45,-20.0
2020-09-01 13:26:56,32,0.408,4.47,-20.0
2020-09-01 13:26:56,33,0.412,4.49,-20.0
2020-09-01 13:26:56,34,0.412,4.49,-20.0
2020-09-01 13:26:56,35,0.41,4.48,-20.0
2020-09-01 13:26:56,36,0.405,4.5,-20.0
2020-09-01 13:26:56,37,0.409,4.48,22.1
2020-09-01 13:26:56,38,0.414,4.49,-20.0
2020-09-01 13:26:56,39,0.414,4.47,-20.0
2020-09-01 13:26:56,40,0.413,4.48,-20.0
2020-09-01 13:26:56,41,0.408,4.5,-20.0
2020-09-01 13:26:56,42,0.405,4.47,-20.0
2020-09-01 13:26:56,43,0.416,4.47,-20.0
2020-09-01 13:26:56,44,0.426,4.49,-20.0
2020-09-01 13:26:56,45,0.416,4.5,-20.0
2020-09-01 13:26:56,46,0.415,4.49,-20.0
2020-09-01 13:26:56,47,0.418,4.49,-20.0
2020-09-01 13:26:56,48,0.413,4.48,-20.0
2020-09-01 13:26:56,49,0.484,4.46,24.5
2020-09-01 13:26:56,50,0.428,4.47,-20.0
2020-09-01 13:26:56,51,0.415,4.47,-20.0
2020-09-01 13:26:56,52,0.413,4.47,-20.0
2020-09-01 13:26:56,53,0.416,4.45,-20.0
2020-09-01 13:26:56,54,0.414,4.46,-20.0
2020-09-01 13:26:56,55,0.418,4.44,-20.0
2020-09-01 13:26:56,56,0.416,4.43,-20.0
2020-09-01 13:26:56,57,0.421,4.43,-20.0
2020-09-01 13:26:56,58,0.422,4.43,-20.0
2020-09-01 13:26:56,59,0.419,4.45,-20.0
2020-09-01 13:26:56,60,0.415,4.46,-20.0
2020-09-01 13:26:56,61,0.413,4.51,21.4
2020-09-01 13:26:56,62,0.408,4.5,-20.0
2020-09-01 13:26:56,63,0.408,4.48,-20.0
2020-09-01 13:26:56,64,0.411,4.46,-20.0
2020-09-01 13:26:56,65,0.41,4.45,-20.0
2020-09-01 13:26:56,66,0.421,4.45,-20.0
2020-09-01 13:26:56,67,0.408,4.43,-20.0
2020-09-01 13:26:56,68,0.416,4.45,-20.0
2020-09-01 13:26:56,69,0.412,4.45,-20.0
2020-09-01 13:26:56,70,0.415,4.47,-20.0
2020-09-01 13:26:56,71,0.414,4.49,-20.0
2020-09-01 13:26:56,72,0.416,4.49,-20.0
2020-09-01 13:26:56,73,0.414,4.51,21.6
2020-09-01 13:26:56,74,0.409,4.5,-20.0
2020-09-01 13:26:56,75,0.424,4.47,-20.0
2020-09-01 13:26:56,76,0.427,4.45,-20.0
2020-09-01 13:26:56,77,0.426,4.51,-20.0
2020-09-01 13:26:56,78,0.414,4.47,-20.0
2020-09-01 13:26:56,79,0.417,4.49,-20.0
2020-09-01 13:26:56,80,0.426,4.51,-20.0
2020-09-01 13:26:56,81,0.428,4.51,-20.0
2020-09-01 13:26:56,82,0.427,4.52,-20.0
2020-09-01 13:26:56,83,0.425,4.5,-20.0
2020-09-01 13:26:56,84,0.425,4.49,-20.0
2020-09-01 13:26:56,85,0.416,4.48,22.8
2020-09-01 13:26:56,86,0.41,4.47,-20.0
2020-09-01 13:26:56,87,0.439,4.47,-20.0
2020-09-01 13:26:56,88,0.405,4.47,-20.0
2020-09-01 13:26:56,89,0.412,4.5,-20.0
2020-09-01 13:26:56,90,0.407,4.48,-20.0
2020-09-01 13:26:56,91,0.413,4.48,-20.0
2020-09-01 13:26:56,92,0.397,4.5,-20.0
2020-09-01 13:26:56,93,0.415,4.5,-20.0
2020-09-01 13:26:56,94,0.418,4.47,-20.0
2020-09-01 13:26:56,95,0.414,4.46,-20.0
2020-09-01 13:26:56,96,0.41,4.49,-20.0
2020-09-02 01:26:30,1,0.419,4.5,25.2
2020-09-02 01:26:30,2,0.411,4.51,-20.0
2020-09-02 01:26:30,3,0.417,4.52,-20.0
2020-09-02 01:26:30,4,0.415,4.48,-20.0
2020-09-02 01:26:30,5,0.407,4.51,-20.0
2020-09-02 01:26:30,6,0.417,4.49,-20.0
2020-09-02 01:26:30,7,0.409,4.48,-20.0
2020-09-02 01:26:30,8,0.406,4.5,-20.0
2020-09-02 01:26:30,9,0.41,4.47,-20.0
2020-09-02 01:26:30,10,0.415,4.5,-20.0
2020-09-02 01:26:30,11,0.421,4.45,-20.0
2020-09-02 01:26:30,12,0.417,4.47,-20.0
2020-09-02 01:26:30,13,0.41,4.48,24.3
2020-09-02 01:26:30,14,0.413,4.49,-20.0
2020-09-02 01:26:30,15,0.41,4.52,-20.0
2020-09-02 01:26:30,16,0.426,4.52,-20.0
2020-09-02 01:26:30,17,0.416,4.49,-20.0
2020-09-02 01:26:30,18,0.427,4.49,-20.0
2020-09-02 01:26:30,19,0.433,4.47,-20.0
2020-09-02 01:26:30,20,0.409,4.48,-20.0
2020-09-02 01:26:30,21,0.415,4.47,-20.0
2020-09-02 01:26:30,22,0.413,4.47,-20.0
2020-09-02 01:26:30,23,0.444,4.49,-20.0
2020-09-02 01:26:30,24,0.41,4.48,-20.0
2020-09-02 01:26:30,25,0.413,4.5,21.7
2020-09-02 01:26:30,26,0.423,4.49,-20.0
2020-09-02 01:26:30,27,0.412,4.47,-20.0
2020-09-02 01:26:30,28,0.431,4.46,-20.0
2020-09-02 01:26:30,29,0.419,4.47,-20.0
2020-09-02 01:26:30,30,0.416,4.48,-20.0
2020-09-02 01:26:30,31,0.419,4.47,-20.0
2020-09-02 01:26:30,32,0.41,4.46,-20.0
2020-09-02 01:26:30,33,0.413,4.49,-20.0
2020-09-02 01:26:30,34,0.414,4.49,-20.0
2020-09-02 01:26:30,35,0.411,4.49,-20.0
2020-09-02 01:26:30,36,0.407,4.51,-20.0
2020-09-02 01:26:30,37,0.41,4.48,22.1
2020-09-02 01:26:30,38,0.414,4.49,-20.0
2020-09-02 01:26:30,39,0.418,4.47,-20.0
2020-09-02 01:26:30,40,0.412,4.48,-20.0
2020-09-02 01:26:30,41,0.41,4.5,-20.0
2020-09-02 01:26:30,42,0.405,4.47,-20.0
2020-09-02 01:26:30,43,0.417,4.47,-20.0
2020-09-02 01:26:30,44,0.426,4.49,-20.0
2020-09-02 01:26:30,45,0.417,4.5,-20.0
2020-09-02 01:26:30,46,0.416,4.49,-20.0
2020-09-02 01:26:30,47,0.422,4.49,-20.0
2020-09-02 01:26:30,48,0.417,4.48,-20.0
2020-09-02 01:26:30,49,0.482,4.46,24.3
2020-09-02 01:26:30,50,0.43,4.47,-20.0
2020-09-02 01:26:30,51,0.414,4.47,-20.0
2020-09-02 01:26:30,52,0.415,4.47,-20.0
2020-09-02 01:26:30,53,0.419,4.46,-20.0
2020-09-02 01:26:30,54,0.417,4.46,-20.0
2020-09-02 01:26:30,55,0.417,4.44,-20.0
2020-09-02 01:26:30,56,0.415,4.43,-20.0
2020-09-02 01:26:30,57,0.424,4.43,-20.0
2020-09-02 01:26:30,58,0.422,4.42,-20.0
2020-09-02 01:26:30,59,0.417,4.44,-20.0
2020-09-02 01:26:30,60,0.418,4.46,-20.0
2020-09-02 01:26:30,61,0.416,4.5,21.5
2020-09-02 01:26:30,62,0.411,4.49,-20.0
2020-09-02 01:26:30,63,0.41,4.48,-20.0
2020-09-02 01:26:30,64,0.411,4.46,-20.0
2020-09-02 01:26:30,65,0.41,4.45,-20.0
2020-09-02 01:26:30,66,0.422,4.45,-20.0
2020-09-02 01:26:30,67,0.41,4.43,-20.0
2020-09-02 01:26:30,68,0.416,4.46,-20.0
2020-09-02 01:26:30,69,0.411,4.45,-20.0
2020-09-02 01:26:30,70,0.418,4.47,-20.0
2020-09-02 01:26:30,71,0.417,4.49,-20.0
2020-09-02 01:26:30,72,0.416,4.49,-20.0
2020-09-02 01:26:30,73,0.415,4.52,21.8
2020-09-02 01:26:30,74,0.41,4.5,-20.0
2020-09-02 01:26:30,75,0.423,4.47,-20.0
2020-09-02 01:26:30,76,0.425,4.44,-20.0
2020-09-02 01:26:30,77,0.425,4.51,-20.0
2020-09-02 01:26:30,78,0.405,4.47,-20.0
2020-09-02 01:26:30,79,0.415,4.49,-20.0
2020-09-02 01:26:30,80,0.425,4.51,-20.0
2020-09-02 01:26:30,81,0.428,4.52,-20.0
2020-09-02 01:26:30,82,0.425,4.51,-20.0
2020-09-02 01:26:30,83,0.426,4.5,-20.0
2020-09-02 01:26:30,84,0.422,4.5,-20.0
2020-09-02 01:26:30,85,0.414,4.48,22.7
2020-09-02 01:26:30,86,0.408,4.47,-20.0
2020-09-02 01:26:30,87,0.439,4.47,-20.0
2020-09-02 01:26:30,88,0.406,4.48,-20.0
2020-09-02 01:26:30,89,0.412,4.49,-20.0
2020-09-02 01:26:30,90,0.409,4.48,-20.0
2020-09-02 01:26:30,91,0.416,4.48,-20.0
2020-09-02 01:26:30,92,0.399,4.5,-20.0
2020-09-02 01:26:30,93,0.417,4.5,-20.0
2020-09-02 01:26:30,94,0.422,4.47,-20.0
2020-09-02 01:26:30,95,0.416,4.46,-20.0
2020-09-02 01:26:30,96,0.412,4.48,-20.0
2020-09-02 13:25:56,1,0.419,4.5,25.2
2020-09-02 13:25:56,2,0.411,4.5,-20.0
2020-09-02 13:25:56,3,0.418,4.52,-20.0
2020-09-02 13:25:56,4,0.414,4.49,-20.0
2020-09-02 13:25:56,5,0.403,4.51,-20.0
2020-09-02 13:25:56,6,0.415,4.49,-20.0
2020-09-02 13:25:56,7,0.405,4.49,-20.0
2020-09-02 13:25:56,8,0.402,4.5,-20.0
2020-09-02 13:25:56,9,0.409,4.47,-20.0
2020-09-02 13:25:56,10,0.415,4.5,-20.0
2020-09-02 13:25:56,11,0.418,4.45,-20.0
2020-09-02 13:25:56,12,0.417,4.46,-20.0
2020-09-02 13:25:56,13,0.408,4.48,24.2
2020-09-02 13:25:56,14,0.414,4.49,-20.0
2020-09-02 13:25:56,15,0.411,4.52,-20.0
2020-09-02 13:25:56,16,0.426,4.53,-20.0
2020-09-02 13:25:56,17,0.416,4.49,-20.0
2020-09-02 13:25:56,18,0.426,4.48,-20.0
2020-09-02 13:25:56,19,0.434,4.47,-20.0
2020-09-02 13:25:56,20,0.409,4.47,-20.0
2020-09-02 13:25:56,21,0.417,4.48,-20.0
2020-09-02 13:25:56,22,0.417,4.47,-20.0
2020-09-02 13:25:56,23,0.443,4.48,-20.0
2020-09-02 13:25:56,24,0.409,4.49,-20.0
2020-09-02 13:25:56,25,0.412,4.51,21.6
2020-09-02 13:25:56,26,0.422,4.48,-20.0
2020-09-02 13:25:56,27,0.413,4.46,-20.0
2020-09-02 13:25:56,28,0.426,4.46,-20.0
2020-09-02 13:25:56,29,0.42,4.47,-20.0
2020-09-02 13:25:56,30,0.416,4.48,-20.0
2020-09-02 13:25:56,31,0.416,4.47,-20.0
2020-09-02 13:25:56,32,0.409,4.47,-20.0
2020-09-02 13:25:56,33,0.413,4.48,-20.0
2020-09-02 13:25:56,34,0.415,4.49,-20.0
2020-09-02 13:25:56,35,0.409,4.49,-20.0
2020-09-02 13:25:56,36,0.405,4.5,-20.0
2020-09-02 13:25:56,37,0.409,4.48,22.1
2020-09-02 13:25:56,38,0.414,4.49,-20.0
2020-09-02 13:25:56,39,0.42,4.46,-20.0
2020-09-02 13:25:56,40,0.414,4.47,-20.0
2020-09-02 13:25:56,41,0.41,4.5,-20.0
2020-09-02 13:25:56,42,0.407,4.47,-20.0
2020-09-02 13:25:56,43,0.417,4.47,-20.0
2020-09-02 13:25:56,44,0.423,4.49,-20.0
2020-09-02 13:25:56,45,0.419,4.5,-20.0
2020-09-02 13:25:56,46,0.417,4.48,-20.0
2020-09-02 13:25:56,47,0.42,4.47,-20.0
2020-09-02 13:25:56,48,0.42,4.48,-20.0
2020-09-02 13:25:56,49,0.486,4.45,24.3
2020-09-02 13:25:56,50,0.43,4.46,-20.0
2020-09-02 13:25:56,51,0.413,4.47,-20.0
2020-09-02 13:25:56,52,0.416,4.47,-20.0
2020-09-02 13:25:56,53,0.419,4.45,-20.0
2020-09-02 13:25:56,54,0.416,4.46,-20.0
2020-09-02 13:25:56,55,0.418,4.43,-20.0
2020-09-02 13:25:56,56,0.415,4.43,-20.0
2020-09-02 13:25:56,57,0.423,4.43,-20.0
2020-09-02 13:25:56,58,0.419,4.42,-20.0
2020-09-02 13:25:56,59,0.419,4.45,-20.0
2020-09-02 13:25:56,60,0.415,4.46,-20.0
2020-09-02 13:25:56,61,0.414,4.5,21.5
2020-09-02 13:25:56,62,0.41,4.49,-20.0
2020-09-02 13:25:56,63,0.411,4.49,-20.0
2020-09-02 13:25:56,64,0.412,4.46,-20.0
2020-09-02 13:25:56,65,0.409,4.45,-20.0
2020-09-02 13:25:56,66,0.422,4.45,-20.0
2020-09-02 13:25:56,67,0.412,4.43,-20.0
2020-09-02 13:25:56,68,0.418,4.46,-20.0
2020-09-02 13:25:56,69,0.414,4.45,-20.0
2020-09-02 13:25:56,70,0.419,4.47,-20.0
2020-09-02 13:25:56,71,0.418,4.49,-20.0
2020-09-02 13:25:56,72,0.412,4.49,-20.0
2020-09-02 13:25:56,73,0.413,4.52,21.8
2020-09-02 13:25:56,74,0.408,4.49,-20.0
2020-09-02 13:25:56,75,0.422,4.47,-20.0
2020-09-02 13:25:56,76,0.426,4.45,-20.0
2020-09-02 13:25:56,77,0.425,4.5,-20.0
2020-09-02 13:25:56,78,0.405,4.47,-20.0
2020-09-02 13:25:56,79,0.413,4.5,-20.0
2020-09-02 13:25:56,80,0.426,4.5,-20.0
2020-09-02 13:25:56,81,0.429,4.51,-20.0
2020-09-02 13:25:56,82,0.425,4.52,-20.0
2020-09-02 13:25:56,83,0.423,4.5,-20.0
2020-09-02 13:25:56,84,0.42,4.49,-20.0
2020-09-02 13:25:56,85,0.416,4.48,22.9
2020-09-02 13:25:56,86,0.41,4.46,-20.0
2020-09-02 13:25:56,87,0.441,4.47,-20.0
2020-09-02 13:25:56,88,0.408,4.47,-20.0
2020-09-02 13:25:56,89,0.414,4.49,-20.0
2020-09-02 13:25:56,90,0.413,4.48,-20.0
2020-09-02 13:25:56,91,0.417,4.49,-20.0
2020-09-02 13:25:56,92,0.405,4.5,-20.0
2020-09-02 13:25:56,93,0.42,4.49,-20.0
2020-09-02 13:25:56,94,0.425,4.47,-20.0
2020-09-02 13:25:56,95,0.417,4.47,-20.0
2020-09-02 13:25:56,96,0.415,4.49,-20.0
2020-09-03 01:25:29,1,0.419,4.51,25.2
2020-09-03 01:25:29,2,0.412,4.51,-20.0
2020-09-03 01:25:29,3,0.418,4.52,-20.0
2020-09-03 01:25:29,4,0.414,4.48,-20.0
2020-09-03 01:25:29,5,0.404,4.51,-20.0
2020-09-03 01:25:29,6,0.417,4.5,-20.0
2020-09-03 01:25:29,7,0.408,4.48,-20.0
2020-09-03 01:25:29,8,0.404,4.51,-20.0
2020-09-03 01:25:29,9,0.411,4.48,-20.0
2020-09-03 01:25:29,10,0.416,4.49,-20.0
2020-09-03 01:25:29,11,0.415,4.45,-20.0
2020-09-03 01:25:29,12,0.419,4.47,-20.0
2020-09-03 01:25:29,13,0.408,4.48,24.2
2020-09-03 01:25:29,14,0.416,4.48,-20.0
2020-09-03 01:25:29,15,0.412,4.52,-20.0
2020-09-03 01:25:29,16,0.426,4.52,-20.0
2020-09-03 01:25:29,17,0.415,4.49,-20.0
2020-09-03 01:25:29,18,0.425,4.49,-20.0
2020-09-03 01:25:29,19,0.437,4.47,-20.0
2020-09-03 01:25:29,20,0.408,4.47,-20.0
2020-09-03 01:25:29,21,0.416,4.47,-20.0
2020-09-03 01:25:29,22,0.415,4.46,-20.0
2020-09-03 01:25:29,23,0.445,4.48,-20.0
2020-09-03 01:25:29,24,0.408,4.49,-20.0
2020-09-03 01:25:29,25,0.414,4.49,21.6
2020-09-03 01:25:29,26,0.424,4.48,-20.0
2020-09-03 01:25:29,27,0.411,4.47,-20.0
2020-09-03 01:25:29,28,0.425,4.46,-20.0
2020-09-03 01:25:29,29,0.421,4.45,-20.0
2020-09-03 01:25:29,30,0.417,4.49,-20.0
2020-09-03 01:25:29,31,0.417,4.46,-20.0
2020-09-03 01:25:29,32,0.407,4.47,-20.0
2020-09-03 01:25:29,33,0.411,4.47,-20.0
2020-09-03 01:25:29,34,0.414,4.48,-20.0
2020-09-03 01:25:29,35,0.41,4.49,-20.0
2020-09-03 01:25:29,36,0.405,4.51,-20.0
2020-09-03 01:25:29,37,0.414,4.48,22.1
2020-09-03 01:25:29,38,0.413,4.49,-20.0
2020-09-03 01:25:29,39,0.422,4.47,-20.0
2020-09-03 01:25:29,40,0.412,4.48,-20.0
2020-09-03 01:25:29,41,0.409,4.5,-20.0
2020-09-03 01:25:29,42,0.408,4.47,-20.0
2020-09-03 01:25:29,43,0.418,4.47,-20.0
2020-09-03 01:25:29,44,0.426,4.49,-20.0
2020-09-03 01:25:29,45,0.418,4.49,-20.0
2020-09-03 01:25:29,46,0.416,4.48,-20.0
2020-09-03 01:25:29,47,0.4,4.48,-20.0
2020-09-03 01:25:29,48,0.402,4.47,-20.0
2020-09-03 01:25:29,49,0.485,4.46,24.2
2020-09-03 01:25:29,50,0.429,4.47,-20.0
2020-09-03 01:25:29,51,0.411,4.48,-20.0
2020-09-03 01:25:29,52,0.416,4.46,-20.0
2020-09-03 01:25:29,53,0.42,4.46,-20.0
2020-09-03 01:25:29,54,0.419,4.46,-20.0
2020-09-03 01:25:29,55,0.421,4.43,-20.0
2020-09-03 01:25:29,56,0.415,4.43,-20.0
2020-09-03 01:25:29,57,0.425,4.43,-20.0
2020-09-03 01:25:29,58,0.419,4.43,-20.0
2020-09-03 01:25:29,59,0.417,4.44,-20.0
2020-09-03 01:25:29,60,0.417,4.46,-20.0
2020-09-03 01:25:29,61,0.416,4.5,21.4
2020-09-03 01:25:29,62,0.412,4.5,-20.0
2020-09-03 01:25:29,63,0.41,4.49,-20.0
2020-09-03 01:25:29,64,0.412,4.46,-20.0
2020-09-03 01:25:29,65,0.408,4.45,-20.0
2020-09-03 01:25:29,66,0.422,4.45,-20.0
2020-09-03 01:25:29,67,0.409,4.43,-20.0
2020-09-03 01:25:29,68,0.419,4.46,-20.0
2020-09-03 01:25:29,69,0.414,4.46,-20.0
2020-09-03 01:25:29,70,0.409,4.47,-20.0
2020-09-03 01:25:29,71,0.415,4.49,-20.0
2020-09-03 01:25:29,72,0.409,4.48,-20.0
2020-09-03 01:25:29,73,0.404,4.52,21.6
2020-09-03 01:25:29,74,0.392,4.5,-20.0
2020-09-03 01:25:29,75,0.422,4.47,-20.0
2020-09-03 01:25:29,76,0.422,4.45,-20.0
2020-09-03 01:25:29,77,0.421,4.5,-20.0
2020-09-03 01:25:29,78,0.401,4.48,-20.0
2020-09-03 01:25:29,79,0.413,4.49,-20.0
2020-09-03 01:25:29,80,0.427,4.51,-20.0
2020-09-03 01:25:29,81,0.425,4.51,-20.0
2020-09-03 01:25:29,82,0.424,4.52,-20.0
2020-09-03 01:25:29,83,0.425,4.51,-20.0
2020-09-03 01:25:29,84,0.421,4.49,-20.0
2020-09-03 01:25:29,85,0.417,4.48,22.7
2020-09-03 01:25:29,86,0.408,4.47,-20.0
2020-09-03 01:25:29,87,0.441,4.47,-20.0
2020-09-03 01:25:29,88,0.405,4.47,-20.0
2020-09-03 01:25:29,89,0.412,4.49,-20.0
2020-09-03 01:25:29,90,0.412,4.48,-20.0
2020-09-03 01:25:29,91,0.416,4.49,-20.0
2020-09-03 01:25:29,92,0.403,4.5,-20.0
2020-09-03 01:25:29,93,0.42,4.49,-20.0
2020-09-03 01:25:29,94,0.424,4.47,-20.0
2020-09-03 01:25:29,95,0.417,4.46,-20.0
2020-09-03 01:25:29,96,0.413,4.49,-20.0
2020-09-03 13:25:01,1,0.416,4.5,25.2
2020-09-03 13:25:01,2,0.409,4.51,-20.0
2020-09-03 13:25:01,3,0.417,4.52,-20.0
2020-09-03 13:25:01,4,0.411,4.49,-20.0
2020-09-03 13:25:01,5,0.401,4.51,-20.0
2020-09-03 13:25:01,6,0.416,4.49,-20.0
2020-09-03 13:25:01,7,0.403,4.48,-20.0
2020-09-03 13:25:01,8,0.398,4.5,-20.0
2020-09-03 13:25:01,9,0.41,4.47,-20.0
2020-09-03 13:25:01,10,0.417,4.49,-20.0
2020-09-03 13:25:01,11,0.415,4.46,-20.0
2020-09-03 13:25:01,12,0.416,4.45,-20.0
2020-09-03 13:25:01,13,0.408,4.49,24.4
2020-09-03 13:25:01,14,0.416,4.48,-20.0
2020-09-03 13:25:01,15,0.412,4.5,-20.0
2020-09-03 13:25:01,16,0.426,4.51,-20.0
2020-09-03 13:25:01,17,0.414,4.48,-20.0
2020-09-03 13:25:01,18,0.425,4.49,-20.0
2020-09-03 13:25:01,19,0.437,4.47,-20.0
2020-09-03 13:25:01,20,0.409,4.46,-20.0
2020-09-03 13:25:01,21,0.417,4.48,-20.0
2020-09-03 13:25:01,22,0.413,4.48,-20.0
2020-09-03 13:25:01,23,0.443,4.49,-20.0
2020-09-03 13:25:01,24,0.408,4.49,-20.0
2020-09-03 13:25:01,25,0.411,4.51,21.8
2020-09-03 13:25:01,26,0.426,4.49,-20.0
2020-09-03 13:25:01,27,0.409,4.47,-20.0
2020-09-03 13:25:01,28,0.425,4.46,-20.0
2020-09-03 13:25:01,29,0.422,4.47,-20.0
2020-09-03 13:25:01,30,0.413,4.47,-20.0
2020-09-03 13:25:01,31,0.417,4.46,-20.0
2020-09-03 13:25:01,32,0.407,4.48,-20.0
2020-09-03 13:25:01,33,0.411,4.48,-20.0
2020-09-03 13:25:01,34,0.414,4.49,-20.0
2020-09-03 13:25:01,35,0.409,4.49,-20.0
2020-09-03 13:25:01,36,0.403,4.5,-20.0
2020-09-03 13:25:01,37,0.415,4.48,22.3
2020-09-03 13:25:01,38,0.41,4.49,-20.0
2020-09-03 13:25:01,39,0.419,4.47,-20.0
2020-09-03 13:25:01,40,0.414,4.47,-20.0
2020-09-03 13:25:01,41,0.411,4.5,-20.0
2020-09-03 13:25:01,42,0.408,4.47,-20.0
2020-09-03 13:25:01,43,0.419,4.47,-20.0
2020-09-03 13:25:01,44,0.43,4.49,-20.0
2020-09-03 13:25:01,45,0.419,4.5,-20.0
2020-09-03 13:25:01,46,0.414,4.48,-20.0
2020-09-03 13:25:01,47,0.404,4.48,-20.0
2020-09-03 13:25:01,48,0.407,4.48,-20.0
2020-09-03 13:25:01,49,0.481,4.46,24.4
2020-09-03 13:25:01,50,0.429,4.47,-20.0
2020-09-03 13:25:01,51,0.411,4.48,-20.0
2020-09-03 13:25:01,52,0.414,4.47,-20.0
2020-09-03 13:25:01,53,0.418,4.45,-20.0
2020-09-03 13:25:01,54,0.418,4.46,-20.0
2020-09-03 13:25:01,55,0.424,4.44,-20.0
2020-09-03 13:25:01,56,0.412,4.43,-20.0
2020-09-03 13:25:01,57,0.423,4.42,-20.0
2020-09-03 13:25:01,58,0.419,4.42,-20.0
2020-09-03 13:25:01,59,0.416,4.44,-20.0
2020-09-03 13:25:01,60,0.414,4.46,-20.0
2020-09-03 13:25:01,61,0.416,4.5,21.7
2020-09-03 13:25:01,62,0.413,4.49,-20.0
2020-09-03 13:25:01,63,0.411,4.48,-20.0
2020-09-03 13:25:01,64,0.412,4.46,-20.0
2020-09-03 13:25:01,65,0.408,4.45,-20.0
2020-09-03 13:25:01,66,0.422,4.46,-20.0
2020-09-03 13:25:01,67,0.406,4.43,-20.0
2020-09-03 13:25:01,68,0.417,4.46,-20.0
2020-09-03 13:25:01,69,0.412,4.45,-20.0
2020-09-03 13:25:01,70,0.413,4.47,-20.0
2020-09-03 13:25:01,71,0.414,4.49,-20.0
2020-09-03 13:25:01,72,0.412,4.48,-20.0
2020-09-03 13:25:01,73,0.405,4.51,22.1
2020-09-03 13:25:01,74,0.396,4.5,-20.0
2020-09-03 13:25:01,75,0.422,4.47,-20.0
2020-09-03 13:25:01,76,0.421,4.45,-20.0
2020-09-03 13:25:01,77,0.42,4.51,-20.0
2020-09-03 13:25:01,78,0.404,4.47,-20.0
2020-09-03 13:25:01,79,0.413,4.5,-20.0
2020-09-03 13:25:01,80,0.429,4.51,-20.0
2020-09-03 13:25:01,81,0.425,4.52,-20.0
2020-09-03 13:25:01,82,0.424,4.52,-20.0
2020-09-03 13:25:01,83,0.424,4.5,-20.0
2020-09-03 13:25:01,84,0.421,4.5,-20.0
2020-09-03 13:25:01,85,0.417,4.48,23.2
2020-09-03 13:25:01,86,0.408,4.47,-20.0
2020-09-03 13:25:01,87,0.442,4.47,-20.0
2020-09-03 13:25:01,88,0.408,4.48,-20.0
2020-09-03 13:25:01,89,0.41,4.5,-20.0
2020-09-03 13:25:01,90,0.413,4.47,-20.0
2020-09-03 13:25:01,91,0.414,4.49,-20.0
2020-09-03 13:25:01,92,0.401,4.5,-20.0
2020-09-03 13:25:01,93,0.42,4.51,-20.0
2020-09-03 13:25:01,94,0.42,4.47,-20.0
2020-09-03 13:25:01,95,0.416,4.46,-20.0
2020-09-03 13:25:01,96,0.412,4.49,-20.0
2020-09-04 01:24:27,1,0.416,4.5,25.2
2020-09-04 01:24:27,2,0.409,4.51,-20.0
2020-09-04 01:24:27,3,0.418,4.52,-20.0
2020-09-04 01:24:27,4,0.414,4.48,-20.0
2020-09-04 01:24:27,5,0.403,4.52,-20.0
2020-09-04 01:24:27,6,0.416,4.5,-20.0
2020-09-04 01:24:27,7,0.404,4.48,-20.0
2020-09-04 01:24:27,8,0.397,4.5,-20.0
2020-09-04 01:24:27,9,0.41,4.48,-20.0
2020-09-04 01:24:27,10,0.416,4.49,-20.0
2020-09-04 01:24:27,11,0.415,4.45,-20.0
2020-09-04 01:24:27,12,0.415,4.46,-20.0
2020-09-04 01:24:27,13,0.409,4.48,24.4
2020-09-04 01:24:27,14,0.415,4.49,-20.0
2020-09-04 01:24:27,15,0.413,4.52,-20.0
2020-09-04 01:24:27,16,0.427,4.53,-20.0
2020-09-04 01:24:27,17,0.417,4.49,-20.0
2020-09-04 01:24:27,18,0.427,4.49,-20.0
2020-09-04 01:24:27,19,0.44,4.47,-20.0
2020-09-04 01:24:27,20,0.414,4.46,-20.0
2020-09-04 01:24:27,21,0.417,4.48,-20.0
2020-09-04 01:24:27,22,0.416,4.46,-20.0
2020-09-04 01:24:27,23,0.442,4.49,-20.0
2020-09-04 01:24:27,24,0.408,4.5,-20.0
2020-09-04 01:24:27,25,0.411,4.5,21.9
2020-09-04 01:24:27,26,0.426,4.49,-20.0
2020-09-04 01:24:27,27,0.408,4.46,-20.0
2020-09-04 01:24:27,28,0.425,4.47,-20.0
2020-09-04 01:24:27,29,0.421,4.46,-20.0
2020-09-04 01:24:27,30,0.417,4.47,-20.0
2020-09-04 01:24:27,31,0.421,4.47,-20.0
2020-09-04 01:24:27,32,0.407,4.46,-20.0
2020-09-04 01:24:27,33,0.411,4.49,-20.0
2020-09-04 01:24:27,34,0.415,4.48,-20.0
2020-09-04 01:24:27,35,0.408,4.48,-20.0
2020-09-04 01:24:27,36,0.404,4.51,-20.0
2020-09-04 01:24:27,37,0.419,4.48,22.4
2020-09-04 01:24:27,38,0.414,4.49,-20.0
2020-09-04 01:24:27,39,0.421,4.46,-20.0
2020-09-04 01:24:27,40,0.414,4.48,-20.0
2020-09-04 01:24:27,41,0.411,4.49,-20.0
2020-09-04 01:24:27,42,0.387,4.48,-20.0
2020-09-04 01:24:27,43,0.392,4.48,-20.0
2020-09-04 01:24:27,44,0.419,4.5,-20.0
2020-09-04 01:24:27,45,0.416,4.49,-20.0
2020-09-04 01:24:27,46,0.413,4.49,-20.0
2020-09-04 01:24:27,47,0.397,4.49,-20.0
2020-09-04 01:24:27,48,0.4,4.48,-20.0
2020-09-04 01:24:27,49,0.482,4.46,24.3
2020-09-04 01:24:27,50,0.43,4.47,-20.0
2020-09-04 01:24:27,51,0.413,4.47,-20.0
2020-09-04 01:24:27,52,0.417,4.46,-20.0
2020-09-04 01:24:27,53,0.418,4.46,-20.0
2020-09-04 01:24:27,54,0.415,4.46,-20.0
2020-09-04 01:24:27,55,0.424,4.44,-20.0
2020-09-04 01:24:27,56,0.412,4.43,-20.0
2020-09-04 01:24:27,57,0.42,4.43,-20.0
2020-09-04 01:24:27,58,0.415,4.43,-20.0
2020-09-04 01:24:27,59,0.394,4.44,-20.0
2020-09-04 01:24:27,60,0.401,4.46,-20.0
2020-09-04 01:24:27,61,0.416,4.49,21.7
2020-09-04 01:24:27,62,0.41,4.5,-20.0
2020-09-04 01:24:27,63,0.398,4.48,-20.0
2020-09-04 01:24:27,64,0.406,4.46,-20.0
2020-09-04 01:24:27,65,0.4,4.45,-20.0
2020-09-04 01:24:27,66,0.421,4.46,-20.0
2020-09-04 01:24:27,67,0.412,4.44,-20.0
2020-09-04 01:24:27,68,0.417,4.46,-20.0
2020-09-04 01:24:27,69,0.414,4.45,-20.0
2020-09-04 01:24:27,70,0.412,4.46,-20.0
2020-09-04 01:24:27,71,0.415,4.48,-20.0
2020-09-04 01:24:27,72,0.413,4.48,-20.0
2020-09-04 01:24:27,73,0.405,4.52,22.1
2020-09-04 01:24:27,74,0.399,4.5,-20.0
2020-09-04 01:24:27,75,0.42,4.47,-20.0
2020-09-04 01:24:27,76,0.42,4.46,-20.0
2020-09-04 01:24:27,77,0.421,4.5,-20.0
2020-09-04 01:24:27,78,0.408,4.47,-20.0
2020-09-04 01:24:27,79,0.413,4.5,-20.0
2020-09-04 01:24:27,80,0.429,4.51,-20.0
2020-09-04 01:24:27,81,0.426,4.51,-20.0
2020-09-04 01:24:27,82,0.424,4.51,-20.0
2020-09-04 01:24:27,83,0.425,4.5,-20.0
2020-09-04 01:24:27,84,0.42,4.5,-20.0
2020-09-04 01:24:27,85,0.419,4.48,23.2
2020-09-04 01:24:27,86,0.412,4.46,-20.0
2020-09-04 01:24:27,87,0.442,4.46,-20.0
2020-09-04 01:24:27,88,0.407,4.48,-20.0
2020-09-04 01:24:27,89,0.413,4.5,-20.0
2020-09-04 01:24:27,90,0.412,4.47,-20.0
2020-09-04 01:24:27,91,0.414,4.48,-20.0
2020-09-04 01:24:27,92,0.404,4.5,-20.0
2020-09-04 01:24:27,93,0.42,4.5,-20.0
2020-09-04 01:24:27,94,0.42,4.47,-20.0
2020-09-04 01:24:27,95,0.42,4.46,-20.0
2020-09-04 01:24:27,96,0.413,4.49,-20.0
2020-09-04 13:24:03,1,0.413,4.5,25.2
2020-09-04 13:24:03,2,0.41,4.51,-20.0
2020-09-04 13:24:03,3,0.419,4.52,-20.0
2020-09-04 13:24:03,4,0.415,4.48,-20.0
2020-09-04 13:24:03,5,0.406,4.52,-20.0
2020-09-04 13:24:03,6,0.418,4.49,-20.0
2020-09-04 13:24:03,7,0.404,4.48,-20.0
2020-09-04 13:24:03,8,0.401,4.51,-20.0
2020-09-04 13:24:03,9,0.411,4.47,-20.0
2020-09-04 13:24:03,10,0.417,4.49,-20.0
2020-09-04 13:24:03,11,0.417,4.45,-20.0
2020-09-04 13:24:03,12,0.414,4.45,-20.0
2020-09-04 13:24:03,13,0.41,4.47,24.3
2020-09-04 13:24:03,14,0.415,4.49,-20.0
2020-09-04 13:24:03,15,0.411,4.53,-20.0
2020-09-04 13:24:03,16,0.429,4.53,-20.0
2020-09-04 13:24:03,17,0.418,4.49,-20.0
2020-09-04 13:24:03,18,0.431,4.49,-20.0
2020-09-04 13:24:03,19,0.441,4.47,-20.0
2020-09-04 13:24:03,20,0.414,4.47,-20.0
2020-09-04 13:24:03,21,0.417,4.48,-20.0
2020-09-04 13:24:03,22,0.414,4.48,-20.0
2020-09-04 13:24:03,23,0.444,4.49,-20.0
2020-09-04 13:24:03,24,0.409,4.49,-20.0
2020-09-04 13:24:03,25,0.41,4.5,21.7
2020-09-04 13:24:03,26,0.422,4.48,-20.0
2020-09-04 13:24:03,27,0.412,4.46,-20.0
2020-09-04 13:24:03,28,0.429,4.47,-20.0
2020-09-04 13:24:03,29,0.42,4.46,-20.0
2020-09-04 13:24:03,30,0.415,4.47,-20.0
2020-09-04 13:24:03,31,0.419,4.45,-20.0
2020-09-04 13:24:03,32,0.412,4.48,-20.0
2020-09-04 13:24:03,33,0.414,4.47,-20.0
2020-09-04 13:24:03,34,0.417,4.49,-20.0
2020-09-04 13:24:03,35,0.409,4.49,-20.0
2020-09-04 13:24:03,36,0.403,4.5,-20.0
2020-09-04 13:24:03,37,0.416,4.49,22.1
2020-09-04 13:24:03,38,0.414,4.49,-20.0
2020-09-04 13:24:03,39,0.421,4.46,-20.0
2020-09-04 13:24:03,40,0.414,4.47,-20.0
2020-09-04 13:24:03,41,0.411,4.49,-20.0
2020-09-04 13:24:03,42,0.391,4.48,-20.0
2020-09-04 13:24:03,43,0.398,4.48,-20.0
2020-09-04 13:24:03,44,0.424,4.49,-20.0
2020-09-04 13:24:03,45,0.421,4.49,-20.0
2020-09-04 13:24:03,46,0.415,4.49,-20.0
2020-09-04 13:24:03,47,0.406,4.48,-20.0
2020-09-04 13:24:03,48,0.407,4.49,-20.0
2020-09-04 13:24:03,49,0.483,4.46,24.2
2020-09-04 13:24:03,50,0.432,4.47,-20.0
2020-09-04 13:24:03,51,0.415,4.48,-20.0
2020-09-04 13:24:03,52,0.418,4.47,-20.0
2020-09-04 13:24:03,53,0.419,4.45,-20.0
2020-09-04 13:24:03,54,0.418,4.46,-20.0
2020-09-04 13:24:03,55,0.42,4.44,-20.0
2020-09-04 13:24:03,56,0.412,4.43,-20.0
2020-09-04 13:24:03,57,0.423,4.42,-20.0
2020-09-04 13:24:03,58,0.416,4.42,-20.0
2020-09-04 13:24:03,59,0.402,4.44,-20.0
2020-09-04 13:24:03,60,0.407,4.46,-20.0
2020-09-04 13:24:03,61,0.415,4.49,21.5
2020-09-04 13:24:03,62,0.41,4.49,-20.0
2020-09-04 13:24:03,63,0.4,4.48,-20.0
2020-09-04 13:24:03,64,0.408,4.47,-20.0
2020-09-04 13:24:03,65,0.406,4.44,-20.0
2020-09-04 13:24:03,66,0.42,4.45,-20.0
2020-09-04 13:24:03,67,0.416,4.43,-20.0
2020-09-04 13:24:03,68,0.418,4.45,-20.0
2020-09-04 13:24:03,69,0.416,4.45,-20.0
2020-09-04 13:24:03,70,0.413,4.47,-20.0
2020-09-04 13:24:03,71,0.413,4.48,-20.0
2020-09-04 13:24:03,72,0.414,4.49,-20.0
2020-09-04 13:24:03,73,0.408,4.52,21.7
2020-09-04 13:24:03,74,0.402,4.49,-20.0
2020-09-04 13:24:03,75,0.42,4.47,-20.0
2020-09-04 13:24:03,76,0.422,4.45,-20.0
2020-09-04 13:24:03,77,0.418,4.5,-20.0
2020-09-04 13:24:03,78,0.407,4.47,-20.0
2020-09-04 13:24:03,79,0.41,4.49,-20.0
2020-09-04 13:24:03,80,0.429,4.51,-20.0
2020-09-04 13:24:03,81,0.427,4.51,-20.0
2020-09-04 13:24:03,82,0.424,4.51,-20.0
2020-09-04 13:24:03,83,0.426,4.5,-20.0
2020-09-04 13:24:03,84,0.421,4.5,-20.0
2020-09-04 13:24:03,85,0.42,4.48,22.6
2020-09-04 13:24:03,86,0.414,4.47,-20.0
2020-09-04 13:24:03,87,0.44,4.47,-20.0
2020-09-04 13:24:03,88,0.407,4.47,-20.0
2020-09-04 13:24:03,89,0.414,4.49,-20.0
2020-09-04 13:24:03,90,0.412,4.47,-20.0
2020-09-04 13:24:03,91,0.415,4.49,-20.0
2020-09-04 13:24:03,92,0.405,4.5,-20.0
2020-09-04 13:24:03,93,0.419,4.49,-20.0
2020-09-04 13:24:03,94,0.42,4.47,-20.0
2020-09-04 13:24:03,95,0.42,4.46,-20.0
2020-09-04 13:24:03,96,0.413,4.49,-20.0
2020-09-05 01:23:34,1,0.413,4.5,25.3
2020-09-05 01:23:34,2,0.412,4.51,-20.0
2020-09-05 01:23:34,3,0.419,4.53,-20.0
2020-09-05 01:23:34,4,0.416,4.47,-20.0
2020-09-05 01:23:34,5,0.407,4.52,-20.0
2020-09-05 01:23:34,6,0.42,4.5,-20.0
2020-09-05 01:23:34,7,0.407,4.48,-20.0
2020-09-05 01:23:34,8,0.404,4.5,-20.0
2020-09-05 01:23:34,9,0.411,4.48,-20.0
2020-09-05 01:23:34,10,0.417,4.5,-20.0
2020-09-05 01:23:34,11,0.418,4.45,-20.0
2020-09-05 01:23:34,12,0.417,4.46,-20.0
2020-09-05 01:23:34,13,0.41,4.48,24.4
2020-09-05 01:23:34,14,0.417,4.5,-20.0
2020-09-05 01:23:34,15,0.413,4.52,-20.0
2020-09-05 01:23:34,16,0.427,4.51,-20.0
2020-09-05 01:23:34,17,0.42,4.49,-20.0
2020-09-05 01:23:34,18,0.43,4.49,-20.0
2020-09-05 01:23:34,19,0.441,4.48,-20.0
2020-09-05 01:23:34,20,0.413,4.48,-20.0
2020-09-05 01:23:34,21,0.416,4.47,-20.0
2020-09-05 01:23:34,22,0.416,4.47,-20.0
2020-09-05 01:23:34,23,0.448,4.47,-20.0
2020-09-05 01:23:34,24,0.409,4.5,-20.0
2020-09-05 01:23:34,25,0.41,4.5,21.8
2020-09-05 01:23:34,26,0.423,4.48,-20.0
2020-09-05 01:23:34,27,0.411,4.46,-20.0
2020-09-05 01:23:34,28,0.424,4.47,-20.0
2020-09-05 01:23:34,29,0.418,4.45,-20.0
2020-09-05 01:23:34,30,0.416,4.48,-20.0
2020-09-05 01:23:34,31,0.417,4.46,-20.0
2020-09-05 01:23:34,32,0.41,4.47,-20.0
2020-09-05 01:23:34,33,0.406,4.49,-20.0
2020-09-05 01:23:34,34,0.396,4.48,-20.0
2020-09-05 01:23:34,35,0.409,4.48,-20.0
2020-09-05 01:23:34,36,0.405,4.51,-20.0
2020-09-05 01:23:34,37,0.395,4.48,22.2
2020-09-05 01:23:34,38,0.404,4.49,-20.0
2020-09-05 01:23:34,39,0.405,4.47,-20.0
2020-09-05 01:23:34,40,0.41,4.48,-20.0
2020-09-05 01:23:34,41,0.412,4.5,-20.0
2020-09-05 01:23:34,42,0.38,4.47,-20.0
2020-09-05 01:23:34,43,0.403,4.47,-20.0
2020-09-05 01:23:34,44,0.424,4.49,-20.0
2020-09-05 01:23:34,45,0.421,4.5,-20.0
2020-09-05 01:23:34,46,0.416,4.48,-20.0
2020-09-05 01:23:34,47,0.412,4.48,-20.0
2020-09-05 01:23:34,48,0.409,4.48,-20.0
2020-09-05 01:23:34,49,0.479,4.45,24.4
2020-09-05 01:23:34,50,0.428,4.47,-20.0
2020-09-05 01:23:34,51,0.414,4.47,-20.0
2020-09-05 01:23:34,52,0.416,4.47,-20.0
2020-09-05 01:23:34,53,0.418,4.46,-20.0
2020-09-05 01:23:34,54,0.418,4.47,-20.0
2020-09-05 01:23:34,55,0.404,4.43,-20.0
2020-09-05 01:23:34,56,0.411,4.44,-20.0
2020-09-05 01:23:34,57,0.419,4.43,-20.0
2020-09-05 01:23:34,58,0.418,4.42,-20.0
2020-09-05 01:23:34,59,0.409,4.44,-20.0
2020-09-05 01:23:34,60,0.409,4.45,-20.0
2020-09-05 01:23:34,61,0.417,4.5,21.7
2020-09-05 01:23:34,62,0.413,4.5,-20.0
2020-09-05 01:23:34,63,0.407,4.48,-20.0
2020-09-05 01:23:34,64,0.408,4.46,-20.0
2020-09-05 01:23:34,65,0.409,4.46,-20.0
2020-09-05 01:23:34,66,0.419,4.45,-20.0
2020-09-05 01:23:34,67,0.415,4.43,-20.0
2020-09-05 01:23:34,68,0.419,4.45,-20.0
2020-09-05 01:23:34,69,0.418,4.45,-20.0
2020-09-05 01:23:34,70,0.415,4.46,-20.0
2020-09-05 01:23:34,71,0.414,4.49,-20.0
2020-09-05 01:23:34,72,0.416,4.49,-20.0
2020-09-05 01:23:34,73,0.412,4.52,22.2
2020-09-05 01:23:34,74,0.402,4.5,-20.0
2020-09-05 01:23:34,75,0.424,4.47,-20.0
2020-09-05 01:23:34,76,0.423,4.45,-20.0
2020-09-05 01:23:34,77,0.42,4.51,-20.0
2020-09-05 01:23:34,78,0.41,4.47,-20.0
2020-09-05 01:23:34,79,0.409,4.5,-20.0
2020-09-05 01:23:34,80,0.427,4.5,-20.0
2020-09-05 01:23:34,81,0.427,4.51,-20.0
2020-09-05 01:23:34,82,0.426,4.52,-20.0
2020-09-05 01:23:34,83,0.428,4.51,-20.0
2020-09-05 01:23:34,84,0.424,4.5,-20.0
2020-09-05 01:23:34,85,0.422,4.48,23.0
2020-09-05 01:23:34,86,0.413,4.46,-20.0
2020-09-05 01:23:34,87,0.441,4.47,-20.0
2020-09-05 01:23:34,88,0.41,4.48,-20.0
2020-09-05 01:23:34,89,0.411,4.49,-20.0
2020-09-05 01:23:34,90,0.411,4.47,-20.0
2020-09-05 01:23:34,91,0.416,4.49,-20.0
2020-09-05 01:23:34,92,0.405,4.5,-20.0
2020-09-05 01:23:34,93,0.42,4.5,-20.0
2020-09-05 01:23:34,94,0.421,4.48,-20.0
2020-09-05 01:23:34,95,0.419,4.46,-20.0
2020-09-05 01:23:34,96,0.411,4.48,-20.0
2020-09-05 13:23:10,1,0.416,4.5,25.3
2020-09-05 13:23:10,2,0.412,4.51,-20.0
2020-09-05 13:23:10,3,0.421,4.52,-20.0
2020-09-05 13:23:10,4,0.417,4.48,-20.0
2020-09-05 13:23:10,5,0.407,4.51,-20.0
2020-09-05 13:23:10,6,0.421,4.49,-20.0
2020-09-05 13:23:10,7,0.405,4.48,-20.0
2020-09-05 13:23:10,8,0.404,4.5,-20.0
2020-09-05 13:23:10,9,0.413,4.47,-20.0
2020-09-05 13:23:10,10,0.416,4.49,-20.0
2020-09-05 13:23:10,11,0.418,4.46,-20.0
2020-09-05 13:23:10,12,0.418,4.47,-20.0
2020-09-05 13:23:10,13,0.41,4.48,24.4
2020-09-05 13:23:10,14,0.417,4.48,-20.0
2020-09-05 13:23:10,15,0.414,4.52,-20.0
2020-09-05 13:23:10,16,0.429,4.52,-20.0
2020-09-05 13:23:10,17,0.423,4.48,-20.0
2020-09-05 13:23:10,18,0.43,4.5,-20.0
2020-09-05 13:23:10,19,0.441,4.46,-20.0
2020-09-05 13:23:10,20,0.412,4.47,-20.0
2020-09-05 13:23:10,21,0.414,4.48,-20.0
2020-09-05 13:23:10,22,0.413,4.47,-20.0
2020-09-05 13:23:10,23,0.447,4.48,-20.0
2020-09-05 13:23:10,24,0.408,4.5,-20.0
2020-09-05 13:23:10,25,0.41,4.5,21.8
2020-09-05 13:23:10,26,0.423,4.48,-20.0
2020-09-05 13:23:10,27,0.415,4.47,-20.0
2020-09-05 13:23:10,28,0.426,4.47,-20.0
2020-09-05 13:23:10,29,0.421,4.46,-20.0
2020-09-05 13:23:10,30,0.419,4.48,-20.0
2020-09-05 13:23:10,31,0.416,4.46,-20.0
2020-09-05 13:23:10,32,0.412,4.46,-20.0
2020-09-05 13:23:10,33,0.408,4.48,-20.0
2020-09-05 13:23:10,34,0.401,4.48,-20.0
2020-09-05 13:23:10,35,0.409,4.49,-20.0
2020-09-05 13:23:10,36,0.405,4.5,-20.0
2020-09-05 13:23:10,37,0.398,4.49,22.2
2020-09-05 13:23:10,38,0.406,4.48,-20.0
2020-09-05 13:23:10,39,0.41,4.47,-20.0
2020-09-05 13:23:10,40,0.413,4.48,-20.0
2020-09-05 13:23:10,41,0.411,4.49,-20.0
2020-09-05 13:23:10,42,0.388,4.48,-20.0
2020-09-05 13:23:10,43,0.409,4.48,-20.0
2020-09-05 13:23:10,44,0.427,4.49,-20.0
2020-09-05 13:23:10,45,0.422,4.5,-20.0
2020-09-05 13:23:10,46,0.417,4.49,-20.0
2020-09-05 13:23:10,47,0.416,4.48,-20.0
2020-09-05 13:23:10,48,0.408,4.48,-20.0
2020-09-05 13:23:10,49,0.483,4.46,24.5
2020-09-05 13:23:10,50,0.424,4.47,-20.0
2020-09-05 13:23:10,51,0.412,4.47,-20.0
2020-09-05 13:23:10,52,0.418,4.47,-20.0
2020-09-05 13:23:10,53,0.418,4.45,-20.0
2020-09-05 13:23:10,54,0.418,4.47,-20.0
2020-09-05 13:23:10,55,0.411,4.43,-20.0
2020-09-05 13:23:10,56,0.411,4.44,-20.0
2020-09-05 13:23:10,57,0.418,4.43,-20.0
2020-09-05 13:23:10,58,0.419,4.42,-20.0
2020-09-05 13:23:10,59,0.415,4.45,-20.0
2020-09-05 13:23:10,60,0.416,4.46,-20.0
2020-09-05 13:23:10,61,0.418,4.49,21.6
2020-09-05 13:23:10,62,0.414,4.49,-20.0
2020-09-05 13:23:10,63,0.413,4.48,-20.0
2020-09-05 13:23:10,64,0.41,4.46,-20.0
2020-09-05 13:23:10,65,0.41,4.45,-20.0
2020-09-05 13:23:10,66,0.425,4.46,-20.0
2020-09-05 13:23:10,67,0.414,4.43,-20.0
2020-09-05 13:23:10,68,0.418,4.46,-20.0
2020-09-05 13:23:10,69,0.416,4.45,-20.0
2020-09-05 13:23:10,70,0.411,4.47,-20.0
2020-09-05 13:23:10,71,0.414,4.49,-20.0
2020-09-05 13:23:10,72,0.417,4.49,-20.0
2020-09-05 13:23:10,73,0.412,4.52,22.0
2020-09-05 13:23:10,74,0.404,4.5,-20.0
2020-09-05 13:23:10,75,0.425,4.47,-20.0
2020-09-05 13:23:10,76,0.423,4.45,-20.0
2020-09-05 13:23:10,77,0.424,4.51,-20.0
2020-09-05 13:23:10,78,0.412,4.48,-20.0
2020-09-05 13:23:10,80,0.431,4.51,-20.0
2020-09-05 13:23:10,81,0.426,4.51,-20.0
2020-09-05 13:23:10,82,0.427,4.52,-20.0
2020-09-05 13:23:10,83,0.429,4.5,-20.0
2020-09-05 13:23:10,84,0.424,4.49,-20.0
2020-09-05 13:23:10,85,0.422,4.48,22.9
2020-09-05 13:23:10,86,0.412,4.47,-20.0
2020-09-05 13:23:10,87,0.439,4.46,-20.0
2020-09-05 13:23:10,88,0.411,4.48,-20.0
2020-09-05 13:23:10,89,0.407,4.5,-20.0
2020-09-05 13:23:10,90,0.41,4.47,-20.0
2020-09-05 13:23:10,91,0.413,4.48,-20.0
2020-09-05 13:23:10,92,0.401,4.5,-20.0
2020-09-05 13:23:10,93,0.416,4.5,-20.0
2020-09-05 13:23:10,94,0.421,4.47,-20.0
2020-09-05 13:23:10,95,0.413,4.47,-20.0
2020-09-05 13:23:10,96,0.407,4.49,-20.0
2020-09-06 01:22:38,1,0.416,4.49,25.3
2020-09-06 01:22:38,2,0.411,4.51,-20.0
2020-09-06 01:22:38,3,0.42,4.52,-20.0
2020-09-06 01:22:38,4,0.416,4.48,-20.0
2020-09-06 01:22:38,5,0.41,4.52,-20.0
2020-09-06 01:22:38,6,0.419,4.49,-20.0
2020-09-06 01:22:38,7,0.407,4.48,-20.0
2020-09-06 01:22:38,8,0.404,4.5,-20.0
2020-09-06 01:22:38,9,0.412,4.48,-20.0
2020-09-06 01:22:38,10,0.416,4.49,-20.0
2020-09-06 01:22:38,11,0.42,4.44,-20.0
2020-09-06 01:22:38,12,0.421,4.47,-20.0
2020-09-06 01:22:38,13,0.41,4.47,24.4
2020-09-06 01:22:38,14,0.418,4.48,-20.0
2020-09-06 01:22:38,15,0.411,4.52,-20.0
2020-09-06 01:22:38,16,0.425,4.51,-20.0
2020-09-06 01:22:38,17,0.426,4.49,-20.0
2020-09-06 01:22:38,18,0.427,4.5,-20.0
2020-09-06 01:22:38,19,0.444,4.47,-20.0
2020-09-06 01:22:38,20,0.41,4.48,-20.0
2020-09-06 01:22:38,21,0.413,4.48,-20.0
2020-09-06 01:22:38,22,0.413,4.48,-20.0
2020-09-06 01:22:38,23,0.44,4.48,-20.0
2020-09-06 01:22:38,24,0.394,4.49,-20.0
2020-09-06 01:22:38,25,0.413,4.51,21.9
2020-09-06 01:22:38,26,0.418,4.49,-20.0
2020-09-06 01:22:38,27,0.404,4.46,-20.0
2020-09-06 01:22:38,28,0.414,4.47,-20.0
2020-09-06 01:22:38,29,0.402,4.45,-20.0
2020-09-06 01:22:38,30,0.412,4.48,-20.0
2020-09-06 01:22:38,31,0.415,4.47,-20.0
2020-09-06 01:22:38,32,0.393,4.48,-20.0
2020-09-06 01:22:38,33,0.402,4.49,-20.0
2020-09-06 01:22:38,34,0.402,4.5,-20.0
2020-09-06 01:22:38,35,0.409,4.49,-20.0
2020-09-06 01:22:38,36,0.405,4.5,-20.0
2020-09-06 01:22:38,37,0.402,4.48,22.3
2020-09-06 01:22:38,38,0.408,4.49,-20.0
2020-09-06 01:22:38,39,0.414,4.46,-20.0
2020-09-06 01:22:38,40,0.414,4.48,-20.0
2020-09-06 01:22:38,41,0.408,4.51,-20.0
2020-09-06 01:22:38,42,0.394,4.48,-20.0
2020-09-06 01:22:38,43,0.413,4.47,-20.0
2020-09-06 01:22:38,44,0.429,4.49,-20.0
2020-09-06 01:22:38,45,0.422,4.5,-20.0
2020-09-06 01:22:38,46,0.416,4.49,-20.0
2020-09-06 01:22:38,47,0.416,4.49,-20.0
2020-09-06 01:22:38,48,0.411,4.47,-20.0
2020-09-06 01:22:38,49,0.479,4.46,24.6
2020-09-06 01:22:38,50,0.425,4.47,-20.0
2020-09-06 01:22:38,51,0.411,4.47,-20.0
2020-09-06 01:22:38,52,0.421,4.47,-20.0
2020-09-06 01:22:38,53,0.418,4.46,-20.0
2020-09-06 01:22:38,54,0.419,4.46,-20.0
2020-09-06 01:22:38,55,0.411,4.44,-20.0
2020-09-06 01:22:38,56,0.411,4.43,-20.0
2020-09-06 01:22:38,57,0.419,4.43,-20.0
2020-09-06 01:22:38,58,0.422,4.42,-20.0
2020-09-06 01:22:38,59,0.417,4.45,-20.0
2020-09-06 01:22:38,60,0.419,4.46,-20.0
2020-09-06 01:22:38,61,0.416,4.49,21.7
2020-09-06 01:22:38,62,0.416,4.49,-20.0
2020-09-06 01:22:38,63,0.415,4.48,-20.0
2020-09-06 01:22:38,64,0.41,4.46,-20.0
2020-09-06 01:22:38,65,0.409,4.45,-20.0
2020-09-06 01:22:38,66,0.425,4.45,-20.0
2020-09-06 01:22:38,67,0.414,4.43,-20.0
2020-09-06 01:22:38,68,0.419,4.46,-20.0
2020-09-06 01:22:38,69,0.418,4.45,-20.0
2020-09-06 01:22:38,70,0.41,4.47,-20.0
2020-09-06 01:22:38,71,0.413,4.49,-20.0
2020-09-06 01:22:38,72,0.416,4.5,-20.0
2020-09-06 01:22:38,73,0.413,4.52,22.1
2020-09-06 01:22:38,74,0.404,4.5,-20.0
2020-09-06 01:22:38,75,0.422,4.47,-20.0
2020-09-06 01:22:38,76,0.423,4.44,-20.0
2020-09-06 01:22:38,77,0.423,4.51,-20.0
2020-09-06 01:22:38,78,0.409,4.47,-20.0
2020-09-06 01:22:38,79,0.412,4.5,-20.0
2020-09-06 01:22:38,80,0.431,4.51,-20.0
2020-09-06 01:22:38,81,0.426,4.52,-20.0
2020-09-06 01:22:38,82,0.426,4.52,-20.0
2020-09-06 01:22:38,83,0.427,4.5,-20.0
2020-09-06 01:22:38,84,0.424,4.49,-20.0
2020-09-06 01:22:38,85,0.421,4.48,23.0
2020-09-06 01:22:38,86,0.413,4.47,-20.0
2020-09-06 01:22:38,87,0.44,4.46,-20.0
2020-09-06 01:22:38,88,0.409,4.48,-20.0
2020-09-06 01:22:38,89,0.41,4.5,-20.0
2020-09-06 01:22:38,90,0.41,4.47,-20.0
2020-09-06 01:22:38,91,0.413,4.48,-20.0
2020-09-06 01:22:38,92,0.404,4.5,-20.0
2020-09-06 01:22:38,93,0.418,4.5,-20.0
2020-09-06 01:22:38,94,0.42,4.47,-20.0
2020-09-06 01:22:38,95,0.413,4.46,-20.0
2020-09-06 01:22:38,96,0.407,4.49,-20.0
2020-09-06 13:22:13,1,0.415,4.5,25.2
2020-09-06 13:22:13,2,0.412,4.5,-20.0
2020-09-06 13:22:13,3,0.42,4.52,-20.0
2020-09-06 13:22:13,4,0.418,4.48,-20.0
2020-09-06 13:22:13,5,0.409,4.51,-20.0
2020-09-06 13:22:13,6,0.42,4.49,-20.0
2020-09-06 13:22:13,7,0.406,4.49,-20.0
2020-09-06 13:22:13,8,0.403,4.51,-20.0
2020-09-06 13:22:13,9,0.413,4.47,-20.0
2020-09-06 13:22:13,10,0.419,4.5,-20.0
2020-09-06 13:22:13,11,0.418,4.46,-20.0
2020-09-06 13:22:13,12,0.42,4.47,-20.0
2020-09-06 13:22:13,13,0.41,4.48,24.4
2020-09-06 13:22:13,14,0.417,4.48,-20.0
2020-09-06 13:22:13,15,0.41,4.52,-20.0
2020-09-06 13:22:13,16,0.425,4.53,-20.0
2020-09-06 13:22:13,17,0.42,4.49,-20.0
2020-09-06 13:22:13,18,0.425,4.48,-20.0
2020-09-06 13:22:13,19,0.442,4.47,-20.0
2020-09-06 13:22:13,20,0.408,4.47,-20.0
2020-09-06 13:22:13,21,0.413,4.48,-20.0
2020-09-06 13:22:13,22,0.415,4.46,-20.0
2020-09-06 13:22:13,23,0.439,4.49,-20.0
2020-09-06 13:22:13,24,0.397,4.5,-20.0
2020-09-06 13:22:13,25,0.413,4.5,21.8
2020-09-06 13:22:13,26,0.416,4.49,-20.0
2020-09-06 13:22:13,27,0.402,4.46,-20.0
2020-09-06 13:22:13,28,0.42,4.48,-20.0
2020-09-06 13:22:13,29,0.407,4.46,-20.0
2020-09-06 13:22:13,30,0.416,4.48,-20.0
2020-09-06 13:22:13,31,0.414,4.46,-20.0
2020-09-06 13:22:13,32,0.397,4.47,-20.0
2020-09-06 13:22:13,33,0.404,4.5,-20.0
2020-09-06 13:22:13,34,0.404,4.49,-20.0
2020-09-06 13:22:13,35,0.409,4.48,-20.0
2020-09-06 13:22:13,36,0.406,4.5,-20.0
2020-09-06 13:22:13,37,0.408,4.48,22.2
2020-09-06 13:22:13,38,0.41,4.49,-20.0
2020-09-06 13:22:13,39,0.414,4.46,-20.0
2020-09-06 13:22:13,40,0.415,4.47,-20.0
2020-09-06 13:22:13,41,0.408,4.5,-20.0
2020-09-06 13:22:13,42,0.397,4.47,-20.0
2020-09-06 13:22:13,43,0.415,4.47,-20.0
2020-09-06 13:22:13,44,0.429,4.49,-20.0
2020-09-06 13:22:13,45,0.421,4.49,-20.0
2020-09-06 13:22:13,46,0.414,4.48,-20.0
2020-09-06 13:22:13,47,0.418,4.49,-20.0
2020-09-06 13:22:13,48,0.41,4.47,-20.0
2020-09-06 13:22:13,49,0.48,4.46,24.4
2020-09-06 13:22:13,50,0.429,4.47,-20.0
2020-09-06 13:22:13,51,0.412,4.47,-20.0
2020-09-06 13:22:13,52,0.422,4.46,-20.0
2020-09-06 13:22:13,53,0.419,4.45,-20.0
2020-09-06 13:22:13,54,0.417,4.46,-20.0
2020-09-06 13:22:13,55,0.415,4.44,-20.0
2020-09-06 13:22:13,56,0.414,4.44,-20.0
2020-09-06 13:22:13,57,0.417,4.43,-20.0
2020-09-06 13:22:13,58,0.423,4.43,-20.0
2020-09-06 13:22:13,59,0.419,4.45,-20.0
2020-09-06 13:22:13,60,0.421,4.46,-20.0
2020-09-06 13:22:13,61,0.418,4.5,21.7
2020-09-06 13:22:13,62,0.417,4.49,-20.0
2020-09-06 13:22:13,63,0.416,4.48,-20.0
2020-09-06 13:22:13,64,0.411,4.46,-20.0
2020-09-06 13:22:13,65,0.41,4.45,-20.0
2020-09-06 13:22:13,66,0.422,4.45,-20.0
2020-09-06 13:22:13,67,0.413,4.43,-20.0
2020-09-06 13:22:13,68,0.421,4.45,-20.0
2020-09-06 13:22:13,69,0.417,4.45,-20.0
2020-09-06 13:22:13,70,0.408,4.47,-20.0
2020-09-06 13:22:13,71,0.411,4.49,-20.0
2020-09-06 13:22:13,72,0.412,4.49,-20.0
2020-09-06 13:22:13,73,0.414,4.52,21.9
2020-09-06 13:22:13,74,0.405,4.49,-20.0
2020-09-06 13:22:13,75,0.422,4.47,-20.0
2020-09-06 13:22:13,76,0.424,4.45,-20.0
2020-09-06 13:22:13,77,0.425,4.51,-20.0
2020-09-06 13:22:13,78,0.409,4.48,-20.0
2020-09-06 13:22:13,79,0.41,4.5,-20.0
2020-09-06 13:22:13,80,0.426,4.51,-20.0
2020-09-06 13:22:13,81,0.425,4.51,-20.0
2020-09-06 13:22:13,82,0.424,4.52,-20.0
2020-09-06 13:22:13,83,0.424,4.5,-20.0
2020-09-06 13:22:13,84,0.423,4.5,-20.0
2020-09-06 13:22:13,85,0.413,4.48,22.8
2020-09-06 13:22:13,86,0.41,4.46,-20.0
2020-09-06 13:22:13,87,0.436,4.47,-20.0
2020-09-06 13:22:13,88,0.408,4.48,-20.0
2020-09-06 13:22:13,89,0.41,4.5,-20.0
2020-09-06 13:22:13,90,0.409,4.48,-20.0
2020-09-06 13:22:13,91,0.415,4.49,-20.0
2020-09-06 13:22:13,92,0.405,4.5,-20.0
2020-09-06 13:22:13,93,0.419,4.5,-20.0
2020-09-06 13:22:13,94,0.419,4.48,-20.0
2020-09-06 13:22:13,95,0.415,4.47,-20.0
2020-09-06 13:22:13,96,0.408,4.49,-20.0
2020-09-07 01:21:38,1,0.416,4.5,25.3
2020-09-07 01:21:38,2,0.411,4.51,-20.0
2020-09-07 01:21:38,3,0.422,4.53,-20.0
2020-09-07 01:21:38,4,0.419,4.49,-20.0
2020-09-07 01:21:38,5,0.409,4.5,-20.0
2020-09-07 01:21:38,6,0.417,4.49,-20.0
2020-09-07 01:21:38,7,0.406,4.47,-20.0
2020-09-07 01:21:38,8,0.404,4.51,-20.0
2020-09-07 01:21:38,9,0.412,4.47,-20.0
2020-09-07 01:21:38,10,0.42,4.5,-20.0
2020-09-07 01:21:38,11,0.418,4.44,-20.0
2020-09-07 01:21:38,12,0.42,4.45,-20.0
2020-09-07 01:21:38,13,0.411,4.47,24.4
2020-09-07 01:21:38,14,0.416,4.5,-20.0
2020-09-07 01:21:38,15,0.41,4.52,-20.0
2020-09-07 01:21:38,16,0.423,4.52,-20.0
2020-09-07 01:21:38,17,0.421,4.49,-20.0
2020-09-07 01:21:38,18,0.426,4.49,-20.0
2020-09-07 01:21:38,19,0.442,4.48,-20.0
2020-09-07 01:21:38,20,0.408,4.47,-20.0
2020-09-07 01:21:38,21,0.414,4.48,-20.0
2020-09-07 01:21:38,22,0.413,4.46,-20.0
2020-09-07 01:21:38,23,0.429,4.48,-20.0
2020-09-07 01:21:38,24,0.385,4.49,-20.0
2020-09-07 01:21:38,25,0.413,4.51,21.9
2020-09-07 01:21:38,26,0.414,4.48,-20.0
2020-09-07 01:21:38,27,0.394,4.47,-20.0
2020-09-07 01:21:38,28,0.413,4.46,-20.0
2020-09-07 01:21:38,29,0.394,4.47,-20.0
2020-09-07 01:21:38,30,0.41,4.47,-20.0
2020-09-07 01:21:38,31,0.412,4.46,-20.0
2020-09-07 01:21:38,32,0.383,4.47,-20.0
2020-09-07 01:21:38,33,0.405,4.5,-20.0
2020-09-07 01:21:38,34,0.408,4.5,-20.0
2020-09-07 01:21:38,35,0.408,4.48,-20.0
2020-09-07 01:21:38,36,0.405,4.51,-20.0
2020-09-07 01:21:38,37,0.413,4.48,22.3
2020-09-07 01:21:38,38,0.412,4.49,-20.0
2020-09-07 01:21:38,39,0.417,4.47,-20.0
2020-09-07 01:21:38,40,0.415,4.48,-20.0
2020-09-07 01:21:38,41,0.407,4.5,-20.0
2020-09-07 01:21:38,42,0.398,4.48,-20.0
2020-09-07 01:21:38,43,0.416,4.47,-20.0
2020-09-07 01:21:38,44,0.431,4.49,-20.0
2020-09-07 01:21:38,45,0.42,4.51,-20.0
2020-09-07 01:21:38,46,0.416,4.48,-20.0
2020-09-07 01:21:38,47,0.418,4.49,-20.0
2020-09-07 01:21:38,48,0.415,4.48,-20.0
2020-09-07 01:21:38,49,0.483,4.46,24.3
2020-09-07 01:21:38,50,0.432,4.47,-20.0
2020-09-07 01:21:38,51,0.413,4.47,-20.0
2020-09-07 01:21:38,52,0.418,4.47,-20.0
2020-09-07 01:21:38,53,0.419,4.45,-20.0
2020-09-07 01:21:38,54,0.417,4.47,-20.0
2020-09-07 01:21:38,55,0.417,4.43,-20.0
2020-09-07 01:21:38,56,0.414,4.43,-20.0
2020-09-07 01:21:38,57,0.42,4.43,-20.0
2020-09-07 01:21:38,58,0.421,4.42,-20.0
2020-09-07 01:21:38,59,0.418,4.45,-20.0
2020-09-07 01:21:38,60,0.422,4.46,-20.0
2020-09-07 01:21:38,61,0.419,4.5,21.7
2020-09-07 01:21:38,62,0.416,4.49,-20.0
2020-09-07 01:21:38,63,0.414,4.48,-20.0
2020-09-07 01:21:38,64,0.411,4.46,-20.0
2020-09-07 01:21:38,65,0.41,4.45,-20.0
2020-09-07 01:21:38,66,0.424,4.46,-20.0
2020-09-07 01:21:38,67,0.415,4.43,-20.0
2020-09-07 01:21:38,68,0.421,4.46,-20.0
2020-09-07 01:21:38,69,0.413,4.45,-20.0
2020-09-07 01:21:38,70,0.409,4.47,-20.0
2020-09-07 01:21:38,71,0.411,4.49,-20.0
2020-09-07 01:21:38,72,0.411,4.49,-20.0
2020-09-07 01:21:38,73,0.413,4.52,22.0
2020-09-07 01:21:38,74,0.406,4.49,-20.0
2020-09-07 01:21:38,75,0.421,4.47,-20.0
2020-09-07 01:21:38,76,0.424,4.44,-20.0
2020-09-07 01:21:38,77,0.423,4.52,-20.0
2020-09-07 01:21:38,78,0.408,4.47,-20.0
2020-09-07 01:21:38,79,0.41,4.49,-20.0
2020-09-07 01:21:38,80,0.424,4.52,-20.0
2020-09-07 01:21:38,81,0.425,4.51,-20.0
2020-09-07 01:21:38,82,0.424,4.51,-20.0
2020-09-07 01:21:38,83,0.424,4.51,-20.0
2020-09-07 01:21:38,84,0.423,4.5,-20.0
2020-09-07 01:21:38,85,0.417,4.48,23.1
2020-09-07 01:21:38,86,0.411,4.47,-20.0
2020-09-07 01:21:38,87,0.439,4.46,-20.0
2020-09-07 01:21:38,88,0.406,4.47,-20.0
2020-09-07 01:21:38,89,0.411,4.5,-20.0
2020-09-07 01:21:38,90,0.409,4.47,-20.0
2020-09-07 01:21:38,91,0.417,4.49,-20.0
2020-09-07 01:21:38,92,0.407,4.49,-20.0
2020-09-07 01:21:38,93,0.419,4.49,-20.0
2020-09-07 01:21:38,94,0.42,4.48,-20.0
2020-09-07 01:21:38,95,0.417,4.46,-20.0
2020-09-07 01:21:38,96,0.411,4.49,-20.0
2020-09-07 13:21:06,1,0.416,4.51,25.3
2020-09-07 13:21:06,2,0.412,4.5,-20.0
2020-09-07 13:21:06,3,0.422,4.52,-20.0
2020-09-07 13:21:06,4,0.421,4.48,-20.0
2020-09-07 13:21:06,5,0.41,4.51,-20.0
2020-09-07 13:21:06,6,0.418,4.5,-20.0
2020-09-07 13:21:06,7,0.407,4.49,-20.0
2020-09-07 13:21:06,8,0.405,4.51,-20.0
2020-09-07 13:21:06,9,0.41,4.48,-20.0
2020-09-07 13:21:06,10,0.419,4.5,-20.0
2020-09-07 13:21:06,11,0.42,4.46,-20.0
2020-09-07 13:21:06,12,0.417,4.46,-20.0
2020-09-07 13:21:06,13,0.411,4.48,24.4
2020-09-07 13:21:06,14,0.415,4.49,-20.0
2020-09-07 13:21:06,15,0.41,4.52,-20.0
2020-09-07 13:21:06,16,0.424,4.51,-20.0
2020-09-07 13:21:06,17,0.419,4.49,-20.0
2020-09-07 13:21:06,18,0.425,4.49,-20.0
2020-09-07 13:21:06,19,0.442,4.47,-20.0
2020-09-07 13:21:06,20,0.409,4.47,-20.0
2020-09-07 13:21:06,21,0.413,4.49,-20.0
2020-09-07 13:21:06,22,0.413,4.47,-20.0
2020-09-07 13:21:06,23,0.433,4.48,-20.0
2020-09-07 13:21:06,24,0.393,4.49,-20.0
2020-09-07 13:21:06,25,0.413,4.51,22.0
2020-09-07 13:21:06,26,0.417,4.49,-20.0
2020-09-07 13:21:06,27,0.4,4.47,-20.0
2020-09-07 13:21:06,28,0.416,4.47,-20.0
2020-09-07 13:21:06,29,0.4,4.48,-20.0
2020-09-07 13:21:06,30,0.413,4.48,-20.0
2020-09-07 13:21:06,31,0.414,4.45,-20.0
2020-09-07 13:21:06,32,0.39,4.47,-20.0
2020-09-07 13:21:06,33,0.408,4.49,-20.0
2020-09-07 13:21:06,34,0.411,4.49,-20.0
2020-09-07 13:21:06,35,0.405,4.49,-20.0
2020-09-07 13:21:06,36,0.403,4.5,-20.0
2020-09-07 13:21:06,37,0.414,4.48,22.4
2020-09-07 13:21:06,38,0.409,4.49,-20.0
2020-09-07 13:21:06,39,0.418,4.48,-20.0
2020-09-07 13:21:06,40,0.414,4.47,-20.0
2020-09-07 13:21:06,41,0.409,4.5,-20.0
2020-09-07 13:21:06,42,0.398,4.48,-20.0
2020-09-07 13:21:06,43,0.416,4.47,-20.0
2020-09-07 13:21:06,44,0.429,4.49,-20.0
2020-09-07 13:21:06,45,0.421,4.49,-20.0
2020-09-07 13:21:06,46,0.418,4.48,-20.0
2020-09-07 13:21:06,47,0.417,4.49,-20.0
2020-09-07 13:21:06,48,0.417,4.48,-20.0
2020-09-07 13:21:06,49,0.483,4.46,24.4
2020-09-07 13:21:06,50,0.431,4.47,-20.0
2020-09-07 13:21:06,51,0.413,4.48,-20.0
2020-09-07 13:21:06,52,0.416,4.47,-20.0
2020-09-07 13:21:06,53,0.42,4.45,-20.0
2020-09-07 13:21:06,54,0.417,4.47,-20.0
2020-09-07 13:21:06,55,0.416,4.43,-20.0
2020-09-07 13:21:06,56,0.415,4.43,-20.0
2020-09-07 13:21:06,57,0.42,4.43,-20.0
2020-09-07 13:21:06,58,0.42,4.43,-20.0
2020-09-07 13:21:06,59,0.419,4.45,-20.0
2020-09-07 13:21:06,60,0.424,4.47,-20.0
2020-09-07 13:21:06,61,0.418,4.5,21.8
2020-09-07 13:21:06,62,0.413,4.5,-20.0
2020-09-07 13:21:06,63,0.416,4.48,-20.0
2020-09-07 13:21:06,64,0.407,4.46,-20.0
2020-09-07 13:21:06,65,0.407,4.45,-20.0
2020-09-07 13:21:06,66,0.424,4.45,-20.0
2020-09-07 13:21:06,67,0.418,4.43,-20.0
2020-09-07 13:21:06,68,0.421,4.46,-20.0
2020-09-07 13:21:06,69,0.412,4.45,-20.0
2020-09-07 13:21:06,70,0.396,4.47,-20.0
2020-09-07 13:21:06,71,0.409,4.49,-20.0
2020-09-07 13:21:06,72,0.408,4.48,-20.0
2020-09-07 13:21:06,73,0.403,4.51,22.0
2020-09-07 13:21:06,74,0.4,4.5,-20.0
2020-09-07 13:21:06,75,0.424,4.47,-20.0
2020-09-07 13:21:06,76,0.425,4.45,-20.0
2020-09-07 13:21:06,77,0.423,4.52,-20.0
2020-09-07 13:21:06,78,0.402,4.47,-20.0
2020-09-07 13:21:06,79,0.409,4.49,-20.0
2020-09-07 13:21:06,80,0.424,4.51,-20.0
2020-09-07 13:21:06,81,0.426,4.51,-20.0
2020-09-07 13:21:06,82,0.42,4.51,-20.0
2020-09-07 13:21:06,83,0.424,4.51,-20.0
2020-09-07 13:21:06,84,0.422,4.5,-20.0
2020-09-07 13:21:06,85,0.415,4.48,23.1
2020-09-07 13:21:06,86,0.41,4.47,-20.0
2020-09-07 13:21:06,87,0.438,4.46,-20.0
2020-09-07 13:21:06,88,0.405,4.48,-20.0
2020-09-07 13:21:06,89,0.411,4.5,-20.0
2020-09-07 13:21:06,90,0.41,4.47,-20.0
2020-09-07 13:21:06,91,0.415,4.48,-20.0
2020-09-07 13:21:06,92,0.408,4.5,-20.0
2020-09-07 13:21:06,93,0.415,4.49,-20.0
2020-09-07 13:21:06,94,0.42,4.47,-20.0
2020-09-07 13:21:06,95,0.416,4.47,-20.0
2020-09-07 13:21:06,96,0.411,4.49,-20.0
2020-09-08 01:20:42,1,0.415,4.51,25.4
2020-09-08 01:20:42,2,0.413,4.51,-20.0
2020-09-08 01:20:42,3,0.42,4.53,-20.0
2020-09-08 01:20:42,4,0.418,4.48,-20.0
2020-09-08 01:20:42,5,0.413,4.5,-20.0
2020-09-08 01:20:42,6,0.418,4.5,-20.0
2020-09-08 01:20:42,7,0.406,4.48,-20.0
2020-09-08 01:20:42,8,0.405,4.5,-20.0
2020-09-08 01:20:42,9,0.409,4.48,-20.0
2020-09-08 01:20:42,10,0.422,4.49,-20.0
2020-09-08 01:20:42,11,0.418,4.46,-20.0
2020-09-08 01:20:42,12,0.414,4.47,-20.0
2020-09-08 01:20:42,13,0.409,4.49,24.6
2020-09-08 01:20:42,14,0.414,4.5,-20.0
2020-09-08 01:20:42,15,0.409,4.52,-20.0
2020-09-08 01:20:42,16,0.424,4.52,-20.0
2020-09-08 01:20:42,17,0.413,4.48,-20.0
2020-09-08 01:20:42,18,0.423,4.5,-20.0
2020-09-08 01:20:42,19,0.438,4.47,-20.0
2020-09-08 01:20:42,20,0.406,4.48,-20.0
2020-09-08 01:20:42,21,0.412,4.48,-20.0
2020-09-08 01:20:42,22,0.418,4.47,-20.0
2020-09-08 01:20:42,23,0.437,4.48,-20.0
2020-09-08 01:20:42,24,0.397,4.49,-20.0
2020-09-08 01:20:42,25,0.413,4.51,22.2
2020-09-08 01:20:42,26,0.418,4.48,-20.0
2020-09-08 01:20:42,27,0.403,4.46,-20.0
2020-09-08 01:20:42,28,0.417,4.48,-20.0
2020-09-08 01:20:42,29,0.405,4.47,-20.0
2020-09-08 01:20:42,30,0.41,4.47,-20.0
2020-09-08 01:20:42,31,0.415,4.46,-20.0
2020-09-08 01:20:42,32,0.396,4.47,-20.0
2020-09-08 01:20:42,33,0.408,4.48,-20.0
2020-09-08 01:20:42,34,0.411,4.49,-20.0
2020-09-08 01:20:42,35,0.405,4.49,-20.0
2020-09-08 01:20:42,36,0.403,4.5,-20.0
2020-09-08 01:20:42,37,0.413,4.48,22.6
2020-09-08 01:20:42,38,0.41,4.48,-20.0
2020-09-08 01:20:42,39,0.42,4.47,-20.0
2020-09-08 01:20:42,40,0.415,4.48,-20.0
2020-09-08 01:20:42,41,0.408,4.5,-20.0
2020-09-08 01:20:42,42,0.404,4.49,-20.0
2020-09-08 01:20:42,43,0.417,4.48,-20.0
2020-09-08 01:20:42,44,0.428,4.48,-20.0
2020-09-08 01:20:42,45,0.422,4.49,-20.0
2020-09-08 01:20:42,46,0.417,4.49,-20.0
2020-09-08 01:20:42,47,0.412,4.49,-20.0
2020-09-08 01:20:42,48,0.418,4.49,-20.0
2020-09-08 01:20:42,49,0.482,4.46,24.7
2020-09-08 01:20:42,50,0.431,4.47,-20.0
2020-09-08 01:20:42,51,0.412,4.47,-20.0
2020-09-08 01:20:42,52,0.417,4.47,-20.0
2020-09-08 01:20:42,53,0.417,4.46,-20.0
2020-09-08 01:20:42,54,0.416,4.47,-20.0
2020-09-08 01:20:42,55,0.418,4.44,-20.0
2020-09-08 01:20:42,56,0.416,4.43,-20.0
2020-09-08 01:20:42,57,0.421,4.43,-20.0
2020-09-08 01:20:42,58,0.42,4.43,-20.0
2020-09-08 01:20:42,59,0.417,4.45,-20.0
2020-09-08 01:20:42,60,0.424,4.47,-20.0
2020-09-08 01:20:42,61,0.419,4.5,22.1
2020-09-08 01:20:42,62,0.414,4.49,-20.0
2020-09-08 01:20:42,63,0.415,4.48,-20.0
2020-09-08 01:20:42,64,0.406,4.47,-20.0
2020-09-08 01:20:42,65,0.408,4.45,-20.0
2020-09-08 01:20:42,66,0.421,4.46,-20.0
2020-09-08 01:20:42,67,0.416,4.44,-20.0
2020-09-08 01:20:42,68,0.419,4.46,-20.0
2020-09-08 01:20:42,69,0.411,4.46,-20.0
2020-09-08 01:20:42,70,0.398,4.47,-20.0
2020-09-08 01:20:42,71,0.413,4.48,-20.0
2020-09-08 01:20:42,72,0.412,4.48,-20.0
2020-09-08 01:20:42,73,0.403,4.51,22.4
2020-09-08 01:20:42,74,0.402,4.5,-20.0
2020-09-08 01:20:42,75,0.424,4.47,-20.0
2020-09-08 01:20:42,76,0.425,4.45,-20.0
2020-09-08 01:20:42,77,0.423,4.51,-20.0
2020-09-08 01:20:42,78,0.403,4.47,-20.0
2020-09-08 01:20:42,79,0.413,4.5,-20.0
2020-09-08 01:20:42,80,0.423,4.51,-20.0
2020-09-08 01:20:42,81,0.425,4.5,-20.0
2020-09-08 01:20:42,82,0.423,4.51,-20.0
2020-09-08 01:20:42,83,0.423,4.5,-20.0
2020-09-08 01:20:42,84,0.421,4.5,-20.0
2020-09-08 01:20:42,85,0.413,4.48,23.4
2020-09-08 01:20:42,86,0.414,4.46,-20.0
2020-09-08 01:20:42,87,0.436,4.47,-20.0
2020-09-08 01:20:42,88,0.406,4.47,-20.0
2020-09-08 01:20:42,89,0.414,4.5,-20.0
2020-09-08 01:20:42,90,0.412,4.48,-20.0
2020-09-08 01:20:42,91,0.419,4.48,-20.0
2020-09-08 01:20:42,92,0.407,4.5,-20.0
2020-09-08 01:20:42,93,0.415,4.5,-20.0
2020-09-08 01:20:42,94,0.421,4.47,-20.0
2020-09-08 01:20:42,95,0.416,4.47,-20.0
2020-09-08 01:20:42,96,0.41,4.49,-20.0
2020-09-08 13:20:05,1,0.417,4.5,25.4
2020-09-08 13:20:05,2,0.414,4.51,-20.0
2020-09-08 13:20:05,3,0.418,4.52,-20.0
2020-09-08 13:20:05,4,0.417,4.48,-20.0
2020-09-08 13:20:05,5,0.409,4.51,-20.0
2020-09-08 13:20:05,6,0.416,4.49,-20.0
2020-09-08 13:20:05,7,0.404,4.48,-20.0
2020-09-08 13:20:05,8,0.404,4.5,-20.0
2020-09-08 13:20:05,9,0.407,4.47,-20.0
2020-09-08 13:20:05,10,0.422,4.49,-20.0
2020-09-08 13:20:05,11,0.419,4.46,-20.0
2020-09-08 13:20:05,12,0.415,4.46,-20.0
2020-09-08 13:20:05,13,0.409,4.47,24.5
2020-09-08 13:20:05,14,0.415,4.49,-20.0
2020-09-08 13:20:05,15,0.41,4.52,-20.0
2020-09-08 13:20:05,16,0.424,4.51,-20.0
2020-09-08 13:20:05,17,0.414,4.48,-20.0
2020-09-08 13:20:05,18,0.422,4.49,-20.0
2020-09-08 13:20:05,19,0.439,4.47,-20.0
2020-09-08 13:20:05,20,0.409,4.47,-20.0
2020-09-08 13:20:05,21,0.416,4.49,-20.0
2020-09-08 13:20:05,22,0.419,4.47,-20.0
2020-09-08 13:20:05,23,0.44,4.48,-20.0
2020-09-08 13:20:05,24,0.405,4.49,-20.0
2020-09-08 13:20:05,25,0.415,4.5,22.1
2020-09-08 13:20:05,26,0.418,4.48,-20.0
2020-09-08 13:20:05,27,0.407,4.46,-20.0
2020-09-08 13:20:05,28,0.419,4.46,-20.0
2020-09-08 13:20:05,29,0.41,4.46,-20.0
2020-09-08 13:20:05,30,0.411,4.47,-20.0
2020-09-08 13:20:05,31,0.416,4.46,-20.0
2020-09-08 13:20:05,32,0.402,4.47,-20.0
2020-09-08 13:20:05,33,0.411,4.48,-20.0
2020-09-08 13:20:05,34,0.412,4.49,-20.0
2020-09-08 13:20:05,35,0.408,4.49,-20.0
2020-09-08 13:20:05,36,0.404,4.5,-20.0
2020-09-08 13:20:05,37,0.413,4.48,22.5
2020-09-08 13:20:05,38,0.412,4.5,-20.0
2020-09-08 13:20:05,39,0.421,4.47,-20.0
2020-09-08 13:20:05,40,0.416,4.48,-20.0
2020-09-08 13:20:05,41,0.407,4.5,-20.0
2020-09-08 13:20:05,42,0.402,4.47,-20.0
2020-09-08 13:20:05,43,0.418,4.48,-20.0
2020-09-08 13:20:05,44,0.427,4.49,-20.0
2020-09-08 13:20:05,45,0.42,4.5,-20.0
2020-09-08 13:20:05,46,0.416,4.49,-20.0
2020-09-08 13:20:05,47,0.4,4.49,-20.0
2020-09-08 13:20:05,48,0.406,4.48,-20.0
2020-09-08 13:20:05,49,0.483,4.46,24.6
2020-09-08 13:20:05,50,0.434,4.47,-20.0
2020-09-08 13:20:05,51,0.413,4.46,-20.0
2020-09-08 13:20:05,52,0.417,4.46,-20.0
2020-09-08 13:20:05,53,0.417,4.45,-20.0
2020-09-08 13:20:05,54,0.415,4.47,-20.0
2020-09-08 13:20:05,55,0.415,4.43,-20.0
2020-09-08 13:20:05,56,0.414,4.43,-20.0
2020-09-08 13:20:05,57,0.421,4.43,-20.0
2020-09-08 13:20:05,58,0.42,4.43,-20.0
2020-09-08 13:20:05,59,0.407,4.44,-20.0
2020-09-08 13:20:05,60,0.402,4.46,-20.0
2020-09-08 13:20:05,61,0.419,4.49,21.9
2020-09-08 13:20:05,62,0.412,4.49,-20.0
2020-09-08 13:20:05,63,0.4,4.48,-20.0
2020-09-08 13:20:05,64,0.402,4.46,-20.0
2020-09-08 13:20:05,65,0.395,4.45,-20.0
2020-09-08 13:20:05,66,0.417,4.46,-20.0
2020-09-08 13:20:05,67,0.412,4.43,-20.0
2020-09-08 13:20:05,68,0.421,4.46,-20.0
2020-09-08 13:20:05,69,0.41,4.45,-20.0
2020-09-08 13:20:05,70,0.407,4.47,-20.0
2020-09-08 13:20:05,71,0.412,4.49,-20.0
2020-09-08 13:20:05,72,0.415,4.49,-20.0
2020-09-08 13:20:05,73,0.407,4.52,22.0
2020-09-08 13:20:05,74,0.405,4.5,-20.0
2020-09-08 13:20:05,75,0.427,4.47,-20.0
2020-09-08 13:20:05,76,0.425,4.45,-20.0
2020-09-08 13:20:05,77,0.423,4.51,-20.0
2020-09-08 13:20:05,78,0.402,4.48,-20.0
2020-09-08 13:20:05,79,0.415,4.49,-20.0
2020-09-08 13:20:05,80,0.421,4.52,-20.0
2020-09-08 13:20:05,81,0.424,4.5,-20.0
2020-09-08 13:20:05,82,0.426,4.51,-20.0
2020-09-08 13:20:05,83,0.424,4.5,-20.0
2020-09-08 13:20:05,84,0.42,4.5,-20.0
2020-09-08 13:20:05,85,0.414,4.48,23.0
2020-09-08 13:20:05,86,0.415,4.47,-20.0
2020-09-08 13:20:05,87,0.435,4.46,-20.0
2020-09-08 13:20:05,88,0.405,4.48,-20.0
2020-09-08 13:20:05,89,0.415,4.5,-20.0
2020-09-08 13:20:05,90,0.411,4.47,-20.0
2020-09-08 13:20:05,91,0.416,4.49,-20.0
2020-09-08 13:20:05,92,0.406,4.5,-20.0
2020-09-08 13:20:05,93,0.417,4.5,-20.0
2020-09-08 13:20:05,94,0.42,4.48,-20.0
2020-09-08 13:20:05,95,0.415,4.46,-20.0
2020-09-08 13:20:05,96,0.409,4.49,-20.0
2020-09-09 01:19:29,1,0.414,4.5,25.4
2020-09-09 01:19:29,2,0.413,4.51,-20.0
2020-09-09 01:19:29,3,0.416,4.53,-20.0
2020-09-09 01:19:29,4,0.415,4.48,-20.0
2020-09-09 01:19:29,5,0.405,4.51,-20.0
2020-09-09 01:19:29,6,0.412,4.49,-20.0
2020-09-09 01:19:29,7,0.402,4.47,-20.0
2020-09-09 01:19:29,8,0.403,4.5,-20.0
2020-09-09 01:19:29,9,0.409,4.48,-20.0
2020-09-09 01:19:29,10,0.421,4.5,-20.0
2020-09-09 01:19:29,11,0.419,4.45,-20.0
2020-09-09 01:19:29,12,0.414,4.47,-20.0
2020-09-09 01:19:29,13,0.41,4.48,24.7
2020-09-09 01:19:29,14,0.416,4.49,-20.0
2020-09-09 01:19:29,15,0.41,4.52,-20.0
2020-09-09 01:19:29,16,0.423,4.53,-20.0
2020-09-09 01:19:29,17,0.415,4.48,-20.0
2020-09-09 01:19:29,18,0.423,4.49,-20.0
2020-09-09 01:19:29,19,0.439,4.47,-20.0
2020-09-09 01:19:29,20,0.412,4.46,-20.0
2020-09-09 01:19:29,21,0.416,4.48,-20.0
2020-09-09 01:19:29,22,0.417,4.47,-20.0
2020-09-09 01:19:29,23,0.441,4.47,-20.0
2020-09-09 01:19:29,24,0.406,4.49,-20.0
2020-09-09 01:19:29,25,0.415,4.5,22.3
2020-09-09 01:19:29,26,0.423,4.49,-20.0
2020-09-09 01:19:29,27,0.408,4.47,-20.0
2020-09-09 01:19:29,28,0.419,4.47,-20.0
2020-09-09 01:19:29,29,0.413,4.47,-20.0
2020-09-09 01:19:29,30,0.413,4.48,-20.0
2020-09-09 01:19:29,31,0.417,4.46,-20.0
2020-09-09 01:19:29,32,0.403,4.48,-20.0
2020-09-09 01:19:29,33,0.411,4.49,-20.0
2020-09-09 01:19:29,34,0.414,4.49,-20.0
2020-09-09 01:19:29,35,0.41,4.48,-20.0
2020-09-09 01:19:29,36,0.407,4.5,-20.0
2020-09-09 01:19:29,37,0.41,4.48,22.8
2020-09-09 01:19:29,38,0.413,4.49,-20.0
2020-09-09 01:19:29,39,0.418,4.47,-20.0
2020-09-09 01:19:29,40,0.416,4.47,-20.0
2020-09-09 01:19:29,41,0.407,4.5,-20.0
2020-09-09 01:19:29,42,0.405,4.47,-20.0
2020-09-09 01:19:29,43,0.418,4.47,-20.0
2020-09-09 01:19:29,44,0.427,4.49,-20.0
2020-09-09 01:19:29,45,0.42,4.49,-20.0
2020-09-09 01:19:29,46,0.419,4.49,-20.0
2020-09-09 01:19:29,47,0.406,4.49,-20.0
2020-09-09 01:19:29,48,0.406,4.48,-20.0
2020-09-09 01:19:29,49,0.486,4.46,24.7
2020-09-09 01:19:29,50,0.433,4.46,-20.0
2020-09-09 01:19:29,51,0.414,4.47,-20.0
2020-09-09 01:19:29,52,0.417,4.46,-20.0
2020-09-09 01:19:29,53,0.416,4.46,-20.0
2020-09-09 01:19:29,54,0.414,4.47,-20.0
2020-09-09 01:19:29,55,0.414,4.43,-20.0
2020-09-09 01:19:29,56,0.412,4.43,-20.0
2020-09-09 01:19:29,57,0.422,4.43,-20.0
2020-09-09 01:19:29,58,0.42,4.42,-20.0
2020-09-09 01:19:29,59,0.41,4.45,-20.0
2020-09-09 01:19:29,60,0.404,4.46,-20.0
2020-09-09 01:19:29,61,0.419,4.49,22.2
2020-09-09 01:19:29,62,0.411,4.5,-20.0
2020-09-09 01:19:29,63,0.399,4.48,-20.0
2020-09-09 01:19:29,64,0.404,4.46,-20.0
2020-09-09 01:19:29,65,0.397,4.45,-20.0
2020-09-09 01:19:29,66,0.418,4.45,-20.0
2020-09-09 01:19:29,67,0.412,4.44,-20.0
2020-09-09 01:19:29,68,0.421,4.46,-20.0
2020-09-09 01:19:29,69,0.411,4.45,-20.0
2020-09-09 01:19:29,70,0.407,4.46,-20.0
2020-09-09 01:19:29,71,0.411,4.48,-20.0
2020-09-09 01:19:29,72,0.416,4.48,-20.0
2020-09-09 01:19:29,73,0.408,4.52,22.7
2020-09-09 01:19:29,74,0.406,4.49,-20.0
2020-09-09 01:19:29,75,0.428,4.47,-20.0
2020-09-09 01:19:29,76,0.426,4.45,-20.0
2020-09-09 01:19:29,77,0.423,4.51,-20.0
2020-09-09 01:19:29,78,0.402,4.47,-20.0
2020-09-09 01:19:29,79,0.416,4.49,-20.0
2020-09-09 01:19:29,80,0.423,4.51,-20.0
2020-09-09 01:19:29,81,0.426,4.51,-20.0
2020-09-09 01:19:29,82,0.425,4.52,-20.0
2020-09-09 01:19:29,83,0.422,4.51,-20.0
2020-09-09 01:19:29,84,0.423,4.5,-20.0
2020-09-09 01:19:29,85,0.414,4.48,23.7
2020-09-09 01:19:29,86,0.415,4.46,-20.0
2020-09-09 01:19:29,87,0.435,4.46,-20.0
2020-09-09 01:19:29,88,0.404,4.48,-20.0
2020-09-09 01:19:29,89,0.416,4.5,-20.0
2020-09-09 01:19:29,90,0.412,4.48,-20.0
2020-09-09 01:19:29,91,0.415,4.49,-20.0
2020-09-09 01:19:29,92,0.406,4.5,-20.0
2020-09-09 01:19:29,93,0.418,4.5,-20.0
2020-09-09 01:19:29,94,0.42,4.47,-20.0
2020-09-09 01:19:29,95,0.409,4.46,-20.0
2020-09-09 01:19:29,96,0.404,4.49,-20.0
2020-09-09 13:19:02,1,0.414,4.5,25.5
2020-09-09 13:19:02,2,0.413,4.51,-20.0
2020-09-09 13:19:02,3,0.418,4.52,-20.0
2020-09-09 13:19:02,4,0.415,4.48,-20.0
2020-09-09 13:19:02,5,0.405,4.51,-20.0
2020-09-09 13:19:02,6,0.411,4.49,-20.0
2020-09-09 13:19:02,7,0.404,4.48,-20.0
2020-09-09 13:19:02,8,0.406,4.5,-20.0
2020-09-09 13:19:02,9,0.41,4.48,-20.0
2020-09-09 13:19:02,10,0.419,4.5,-20.0
2020-09-09 13:19:02,11,0.419,4.46,-20.0
2020-09-09 13:19:02,12,0.416,4.47,-20.0
2020-09-09 13:19:02,13,0.413,4.48,24.7
2020-09-09 13:19:02,14,0.418,4.5,-20.0
2020-09-09 13:19:02,15,0.41,4.52,-20.0
2020-09-09 13:19:02,16,0.423,4.51,-20.0
2020-09-09 13:19:02,17,0.415,4.49,-20.0
2020-09-09 13:19:02,18,0.425,4.49,-20.0
2020-09-09 13:19:02,19,0.437,4.47,-20.0
2020-09-09 13:19:02,20,0.41,4.47,-20.0
2020-09-09 13:19:02,21,0.417,4.49,-20.0
2020-09-09 13:19:02,22,0.416,4.47,-20.0
2020-09-09 13:19:02,23,0.444,4.48,-20.0
2020-09-09 13:19:02,24,0.408,4.5,-20.0
2020-09-09 13:19:02,25,0.416,4.5,22.3
2020-09-09 13:19:02,26,0.424,4.48,-20.0
2020-09-09 13:19:02,27,0.411,4.47,-20.0
2020-09-09 13:19:02,28,0.419,4.46,-20.0
2020-09-09 13:19:02,29,0.413,4.46,-20.0
2020-09-09 13:19:02,30,0.413,4.47,-20.0
2020-09-09 13:19:02,31,0.414,4.46,-20.0
2020-09-09 13:19:02,32,0.406,4.48,-20.0
2020-09-09 13:19:02,33,0.412,4.49,-20.0
2020-09-09 13:19:02,34,0.413,4.48,-20.0
2020-09-09 13:19:02,35,0.41,4.49,-20.0
2020-09-09 13:19:02,36,0.403,4.5,-20.0
2020-09-09 13:19:02,37,0.395,4.49,22.8
2020-09-09 13:19:02,38,0.4,4.48,-20.0
2020-09-09 13:19:02,39,0.411,4.47,-20.0
2020-09-09 13:19:02,40,0.413,4.47,-20.0
2020-09-09 13:19:02,41,0.407,4.5,-20.0
2020-09-09 13:19:02,42,0.391,4.48,-20.0
2020-09-09 13:19:02,43,0.405,4.47,-20.0
2020-09-09 13:19:02,44,0.417,4.49,-20.0
2020-09-09 13:19:02,45,0.421,4.5,-20.0
2020-09-09 13:19:02,46,0.416,4.49,-20.0
2020-09-09 13:19:02,47,0.411,4.48,-20.0
2020-09-09 13:19:02,48,0.41,4.48,-20.0
2020-09-09 13:19:02,49,0.482,4.46,24.7
2020-09-09 13:19:02,50,0.43,4.47,-20.0
2020-09-09 13:19:02,51,0.412,4.46,-20.0
2020-09-09 13:19:02,52,0.418,4.46,-20.0
2020-09-09 13:19:02,53,0.415,4.45,-20.0
2020-09-09 13:19:02,54,0.416,4.46,-20.0
2020-09-09 13:19:02,55,0.415,4.44,-20.0
2020-09-09 13:19:02,56,0.411,4.44,-20.0
2020-09-09 13:19:02,57,0.422,4.42,-20.0
2020-09-09 13:19:02,58,0.42,4.43,-20.0
2020-09-09 13:19:02,59,0.411,4.44,-20.0
2020-09-09 13:19:02,60,0.408,4.46,-20.0
2020-09-09 13:19:02,61,0.419,4.49,22.2
2020-09-09 13:19:02,62,0.413,4.49,-20.0
2020-09-09 13:19:02,63,0.403,4.48,-20.0
2020-09-09 13:19:02,64,0.405,4.46,-20.0
2020-09-09 13:19:02,65,0.4,4.45,-20.0
2020-09-09 13:19:02,66,0.419,4.45,-20.0
2020-09-09 13:19:02,67,0.415,4.43,-20.0
2020-09-09 13:19:02,68,0.422,4.46,-20.0
2020-09-09 13:19:02,69,0.412,4.45,-20.0
2020-09-09 13:19:02,70,0.408,4.47,-20.0
2020-09-09 13:19:02,71,0.412,4.49,-20.0
2020-09-09 13:19:02,72,0.413,4.49,-20.0
2020-09-09 13:19:02,73,0.409,4.51,22.6
2020-09-09 13:19:02,74,0.406,4.5,-20.0
2020-09-09 13:19:02,75,0.427,4.47,-20.0
2020-09-09 13:19:02,76,0.426,4.45,-20.0
2020-09-09 13:19:02,77,0.421,4.51,-20.0
2020-09-09 13:19:02,78,0.406,4.48,-20.0
2020-09-09 13:19:02,79,0.411,4.5,-20.0
2020-09-09 13:19:02,80,0.422,4.51,-20.0
2020-09-09 13:19:02,81,0.426,4.52,-20.0
2020-09-09 13:19:02,82,0.426,4.52,-20.0
2020-09-09 13:19:02,83,0.422,4.51,-20.0
2020-09-09 13:19:02,84,0.422,4.49,-20.0
2020-09-09 13:19:02,85,0.413,4.48,23.7
2020-09-09 13:19:02,86,0.413,4.46,-20.0
2020-09-09 13:19:02,87,0.436,4.47,-20.0
2020-09-09 13:19:02,88,0.404,4.48,-20.0
2020-09-09 13:19:02,89,0.414,4.5,-20.0
2020-09-09 13:19:02,90,0.412,4.47,-20.0
2020-09-09 13:19:02,91,0.414,4.48,-20.0
2020-09-09 13:19:02,92,0.405,4.51,-20.0
2020-09-09 13:19:02,93,0.418,4.49,-20.0
2020-09-09 13:19:02,94,0.42,4.47,-20.0
2020-09-09 13:19:02,95,0.41,4.46,-20.0
2020-09-09 13:19:02,96,0.406,4.48,-20.0
2020-09-10 01:18:34,1,0.412,4.5,25.4
2020-09-10 01:18:34,2,0.414,4.5,-20.0
2020-09-10 01:18:34,3,0.418,4.52,-20.0
2020-09-10 01:18:34,4,0.417,4.48,-20.0
2020-09-10 01:18:34,5,0.405,4.52,-20.0
2020-09-10 01:18:34,6,0.413,4.49,-20.0
2020-09-10 01:18:34,7,0.405,4.48,-20.0
2020-09-10 01:18:34,8,0.405,4.5,-20.0
2020-09-10 01:18:34,9,0.41,4.48,-20.0
2020-09-10 01:18:34,10,0.419,4.49,-20.0
2020-09-10 01:18:34,11,0.421,4.45,-20.0
2020-09-10 01:18:34,12,0.416,4.46,-20.0
2020-09-10 01:18:34,13,0.412,4.48,24.5
2020-09-10 01:18:34,14,0.419,4.49,-20.0
2020-09-10 01:18:34,15,0.41,4.52,-20.0
2020-09-10 01:18:34,16,0.426,4.52,-20.0
2020-09-10 01:18:34,17,0.419,4.5,-20.0
2020-09-10 01:18:34,18,0.427,4.5,-20.0
2020-09-10 01:18:34,19,0.436,4.47,-20.0
2020-09-10 01:18:34,20,0.412,4.47,-20.0
2020-09-10 01:18:34,21,0.413,4.48,-20.0
2020-09-10 01:18:34,22,0.415,4.47,-20.0
2020-09-10 01:18:34,23,0.445,4.49,-20.0
2020-09-10 01:18:34,24,0.409,4.49,-20.0
2020-09-10 01:18:34,25,0.417,4.5,22.2
2020-09-10 01:18:34,26,0.425,4.48,-20.0
2020-09-10 01:18:34,27,0.413,4.47,-20.0
2020-09-10 01:18:34,28,0.42,4.47,-20.0
2020-09-10 01:18:34,29,0.417,4.45,-20.0
2020-09-10 01:18:34,30,0.413,4.48,-20.0
2020-09-10 01:18:34,31,0.416,4.46,-20.0
2020-09-10 01:18:34,32,0.408,4.47,-20.0
2020-09-10 01:18:34,33,0.413,4.49,-20.0
2020-09-10 01:18:34,34,0.415,4.48,-20.0
2020-09-10 01:18:34,35,0.411,4.48,-20.0
2020-09-10 01:18:34,36,0.406,4.5,-20.0
2020-09-10 01:18:34,37,0.406,4.49,22.7
2020-09-10 01:18:34,38,0.4,4.49,-20.0
2020-09-10 01:18:34,39,0.412,4.47,-20.0
2020-09-10 01:18:34,40,0.415,4.47,-20.0
2020-09-10 01:18:34,41,0.408,4.49,-20.0
2020-09-10 01:18:34,42,0.396,4.48,-20.0
2020-09-10 01:18:34,43,0.405,4.48,-20.0
2020-09-10 01:18:34,44,0.419,4.49,-20.0
2020-09-10 01:18:34,45,0.418,4.49,-20.0
2020-09-10 01:18:34,46,0.414,4.49,-20.0
2020-09-10 01:18:34,47,0.413,4.49,-20.0
2020-09-10 01:18:34,48,0.415,4.48,-20.0
2020-09-10 01:18:34,49,0.487,4.46,24.5
2020-09-10 01:18:34,50,0.425,4.47,-20.0
2020-09-10 01:18:34,51,0.416,4.47,-20.0
2020-09-10 01:18:34,52,0.418,4.47,-20.0
2020-09-10 01:18:34,53,0.415,4.46,-20.0
2020-09-10 01:18:34,54,0.418,4.46,-20.0
2020-09-10 01:18:34,55,0.413,4.43,-20.0
2020-09-10 01:18:34,56,0.414,4.43,-20.0
2020-09-10 01:18:34,57,0.421,4.43,-20.0
2020-09-10 01:18:34,58,0.421,4.42,-20.0
2020-09-10 01:18:34,59,0.412,4.44,-20.0
2020-09-10 01:18:34,60,0.414,4.46,-20.0
2020-09-10 01:18:34,61,0.417,4.51,22.0
2020-09-10 01:18:34,62,0.411,4.49,-20.0
2020-09-10 01:18:34,63,0.407,4.47,-20.0
2020-09-10 01:18:34,64,0.408,4.46,-20.0
2020-09-10 01:18:34,65,0.406,4.45,-20.0
2020-09-10 01:18:34,66,0.42,4.46,-20.0
2020-09-10 01:18:34,67,0.412,4.43,-20.0
2020-09-10 01:18:34,68,0.424,4.46,-20.0
2020-09-10 01:18:34,69,0.414,4.45,-20.0
2020-09-10 01:18:34,70,0.409,4.47,-20.0
2020-09-10 01:18:34,71,0.412,4.49,-20.0
2020-09-10 01:18:34,72,0.415,4.48,-20.0
2020-09-10 01:18:34,73,0.412,4.52,22.3
2020-09-10 01:18:34,74,0.406,4.49,-20.0
2020-09-10 01:18:34,75,0.425,4.47,-20.0
2020-09-10 01:18:34,76,0.427,4.46,-20.0
2020-09-10 01:18:34,77,0.422,4.51,-20.0
2020-09-10 01:18:34,78,0.408,4.48,-20.0
2020-09-10 01:18:34,79,0.413,4.49,-20.0
2020-09-10 01:18:34,80,0.425,4.51,-20.0
2020-09-10 01:18:34,81,0.428,4.52,-20.0
2020-09-10 01:18:34,82,0.427,4.52,-20.0
2020-09-10 01:18:34,83,0.422,4.5,-20.0
2020-09-10 01:18:34,84,0.419,4.49,-20.0
2020-09-10 01:18:34,85,0.412,4.48,23.4
2020-09-10 01:18:34,86,0.412,4.47,-20.0
2020-09-10 01:18:34,87,0.435,4.47,-20.0
2020-09-10 01:18:34,88,0.408,4.47,-20.0
2020-09-10 01:18:34,89,0.41,4.5,-20.0
2020-09-10 01:18:34,90,0.403,4.47,-20.0
2020-09-10 01:18:34,91,0.415,4.48,-20.0
2020-09-10 01:18:34,92,0.403,4.51,-20.0
2020-09-10 01:18:34,93,0.416,4.5,-20.0
2020-09-10 01:18:34,94,0.42,4.47,-20.0
2020-09-10 01:18:34,95,0.413,4.47,-20.0
2020-09-10 01:18:34,96,0.409,4.49,-20.0
2020-09-10 13:18:07,1,0.412,4.5,25.5
2020-09-10 13:18:07,2,0.415,4.51,-20.0
2020-09-10 13:18:07,3,0.419,4.52,-20.0
2020-09-10 13:18:07,4,0.418,4.48,-20.0
2020-09-10 13:18:07,5,0.409,4.51,-20.0
2020-09-10 13:18:07,6,0.412,4.5,-20.0
2020-09-10 13:18:07,7,0.404,4.48,-20.0
2020-09-10 13:18:07,8,0.407,4.5,-20.0
2020-09-10 13:18:07,9,0.41,4.48,-20.0
2020-09-10 13:18:07,10,0.42,4.5,-20.0
2020-09-10 13:18:07,11,0.42,4.45,-20.0
2020-09-10 13:18:07,12,0.419,4.47,-20.0
2020-09-10 13:18:07,13,0.412,4.48,24.6
2020-09-10 13:18:07,14,0.417,4.49,-20.0
2020-09-10 13:18:07,15,0.409,4.52,-20.0
2020-09-10 13:18:07,16,0.425,4.52,-20.0
2020-09-10 13:18:07,17,0.419,4.49,-20.0
2020-09-10 13:18:07,18,0.425,4.49,-20.0
2020-09-10 13:18:07,19,0.437,4.46,-20.0
2020-09-10 13:18:07,20,0.412,4.47,-20.0
2020-09-10 13:18:07,21,0.413,4.47,-20.0
2020-09-10 13:18:07,22,0.415,4.47,-20.0
2020-09-10 13:18:07,23,0.447,4.48,-20.0
2020-09-10 13:18:07,24,0.409,4.49,-20.0
2020-09-10 13:18:07,25,0.416,4.5,22.1
2020-09-10 13:18:07,26,0.426,4.48,-20.0
2020-09-10 13:18:07,27,0.404,4.47,-20.0
2020-09-10 13:18:07,28,0.414,4.45,-20.0
2020-09-10 13:18:07,29,0.4,4.46,-20.0
2020-09-10 13:18:07,30,0.409,4.47,-20.0
2020-09-10 13:18:07,31,0.413,4.47,-20.0
2020-09-10 13:18:07,32,0.393,4.47,-20.0
2020-09-10 13:18:07,33,0.408,4.48,-20.0
2020-09-10 13:18:07,34,0.4,4.49,-20.0
2020-09-10 13:18:07,35,0.409,4.48,-20.0
2020-09-10 13:18:07,36,0.406,4.5,-20.0
2020-09-10 13:18:07,37,0.405,4.47,22.6
2020-09-10 13:18:07,38,0.405,4.5,-20.0
2020-09-10 13:18:07,39,0.415,4.47,-20.0
2020-09-10 13:18:07,40,0.416,4.47,-20.0
2020-09-10 13:18:07,41,0.408,4.51,-20.0
2020-09-10 13:18:07,42,0.402,4.47,-20.0
2020-09-10 13:18:07,43,0.409,4.47,-20.0
2020-09-10 13:18:07,44,0.419,4.49,-20.0
2020-09-10 13:18:07,45,0.417,4.5,-20.0
2020-09-10 13:18:07,46,0.41,4.49,-20.0
2020-09-10 13:18:07,47,0.412,4.49,-20.0
2020-09-10 13:18:07,48,0.416,4.48,-20.0
2020-09-10 13:18:07,49,0.491,4.46,24.5
2020-09-10 13:18:07,50,0.429,4.47,-20.0
2020-09-10 13:18:07,51,0.418,4.47,-20.0
2020-09-10 13:18:07,52,0.419,4.47,-20.0
2020-09-10 13:18:07,53,0.416,4.45,-20.0
2020-09-10 13:18:07,54,0.419,4.46,-20.0
2020-09-10 13:18:07,55,0.415,4.44,-20.0
2020-09-10 13:18:07,56,0.416,4.43,-20.0
2020-09-10 13:18:07,57,0.422,4.43,-20.0
2020-09-10 13:18:07,58,0.423,4.42,-20.0
2020-09-10 13:18:07,59,0.413,4.45,-20.0
2020-09-10 13:18:07,60,0.419,4.46,-20.0
2020-09-10 13:18:07,61,0.418,4.5,22.0
2020-09-10 13:18:07,62,0.412,4.49,-20.0
2020-09-10 13:18:07,63,0.41,4.48,-20.0
2020-09-10 13:18:07,64,0.409,4.47,-20.0
2020-09-10 13:18:07,65,0.402,4.45,-20.0
2020-09-10 13:18:07,66,0.417,4.45,-20.0
2020-09-10 13:18:07,67,0.414,4.42,-20.0
2020-09-10 13:18:07,68,0.423,4.45,-20.0
2020-09-10 13:18:07,69,0.41,4.45,-20.0
2020-09-10 13:18:07,70,0.412,4.47,-20.0
2020-09-10 13:18:07,71,0.414,4.49,-20.0
2020-09-10 13:18:07,72,0.415,4.48,-20.0
2020-09-10 13:18:07,73,0.413,4.52,22.1
2020-09-10 13:18:07,74,0.408,4.5,-20.0
2020-09-10 13:18:07,75,0.427,4.47,-20.0
2020-09-10 13:18:07,76,0.424,4.45,-20.0
2020-09-10 13:18:07,77,0.421,4.51,-20.0
2020-09-10 13:18:07,78,0.408,4.47,-20.0
2020-09-10 13:18:07,79,0.413,4.49,-20.0
2020-09-10 13:18:07,80,0.422,4.5,-20.0
2020-09-10 13:18:07,81,0.426,4.51,-20.0
2020-09-10 13:18:07,82,0.428,4.52,-20.0
2020-09-10 13:18:07,83,0.423,4.51,-20.0
2020-09-10 13:18:07,84,0.418,4.5,-20.0
2020-09-10 13:18:07,85,0.414,4.48,23.1
2020-09-10 13:18:07,86,0.416,4.47,-20.0
2020-09-10 13:18:07,87,0.438,4.46,-20.0
2020-09-10 13:18:07,88,0.406,4.48,-20.0
2020-09-10 13:18:07,89,0.41,4.5,-20.0
2020-09-10 13:18:07,90,0.407,4.47,-20.0
2020-09-10 13:18:07,91,0.417,4.49,-20.0
2020-09-10 13:18:07,92,0.406,4.5,-20.0
2020-09-10 13:18:07,93,0.417,4.5,-20.0
2020-09-10 13:18:07,94,0.418,4.47,-20.0
2020-09-10 13:18:07,95,0.413,4.46,-20.0
2020-09-10 13:18:07,96,0.409,4.49,-20.0
2020-09-11 01:17:38,1,0.414,4.5,25.4
2020-09-11 01:17:38,2,0.412,4.5,-20.0
2020-09-11 01:17:38,3,0.419,4.52,-20.0
2020-09-11 01:17:38,4,0.418,4.49,-20.0
2020-09-11 01:17:38,5,0.407,4.52,-20.0
2020-09-11 01:17:38,6,0.412,4.49,-20.0
2020-09-11 01:17:38,7,0.404,4.48,-20.0
2020-09-11 01:17:38,8,0.404,4.51,-20.0
2020-09-11 01:17:38,9,0.409,4.48,-20.0
2020-09-11 01:17:38,10,0.42,4.5,-20.0
2020-09-11 01:17:38,11,0.419,4.46,-20.0
2020-09-11 01:17:38,12,0.419,4.46,-20.0
2020-09-11 01:17:38,13,0.413,4.48,24.6
2020-09-11 01:17:38,14,0.415,4.49,-20.0
2020-09-11 01:17:38,15,0.409,4.51,-20.0
2020-09-11 01:17:38,16,0.422,4.52,-20.0
2020-09-11 01:17:38,17,0.418,4.49,-20.0
2020-09-11 01:17:38,18,0.428,4.48,-20.0
2020-09-11 01:17:38,19,0.435,4.47,-20.0
2020-09-11 01:17:38,20,0.409,4.48,-20.0
2020-09-11 01:17:38,21,0.412,4.47,-20.0
2020-09-11 01:17:38,22,0.412,4.47,-20.0
2020-09-11 01:17:38,23,0.446,4.48,-20.0
2020-09-11 01:17:38,24,0.408,4.5,-20.0
2020-09-11 01:17:38,25,0.416,4.5,22.0
2020-09-11 01:17:38,26,0.422,4.49,-20.0
2020-09-11 01:17:38,27,0.408,4.47,-20.0
2020-09-11 01:17:38,28,0.416,4.47,-20.0
2020-09-11 01:17:38,29,0.402,4.46,-20.0
2020-09-11 01:17:38,30,0.408,4.47,-20.0
2020-09-11 01:17:38,31,0.412,4.46,-20.0
2020-09-11 01:17:38,32,0.398,4.47,-20.0
2020-09-11 01:17:38,33,0.409,4.48,-20.0
2020-09-11 01:17:38,34,0.405,4.49,-20.0
2020-09-11 01:17:38,35,0.409,4.49,-20.0
2020-09-11 01:17:38,36,0.408,4.5,-20.0
2020-09-11 01:17:38,37,0.408,4.48,22.5
2020-09-11 01:17:38,38,0.409,4.49,-20.0
2020-09-11 01:17:38,39,0.419,4.48,-20.0
2020-09-11 01:17:38,40,0.416,4.48,-20.0
2020-09-11 01:17:38,41,0.411,4.5,-20.0
2020-09-11 01:17:38,42,0.407,4.48,-20.0
2020-09-11 01:17:38,43,0.409,4.48,-20.0
2020-09-11 01:17:38,44,0.42,4.49,-20.0
2020-09-11 01:17:38,45,0.418,4.5,-20.0
2020-09-11 01:17:38,46,0.413,4.48,-20.0
2020-09-11 01:17:38,47,0.416,4.49,-20.0
2020-09-11 01:17:38,48,0.418,4.47,-20.0
2020-09-11 01:17:38,49,0.49,4.46,24.6
2020-09-11 01:17:38,50,0.427,4.47,-20.0
2020-09-11 01:17:38,51,0.417,4.47,-20.0
2020-09-11 01:17:38,52,0.417,4.47,-20.0
2020-09-11 01:17:38,53,0.415,4.45,-20.0
2020-09-11 01:17:38,54,0.418,4.47,-20.0
2020-09-11 01:17:38,55,0.416,4.44,-20.0
2020-09-11 01:17:38,56,0.414,4.43,-20.0
2020-09-11 01:17:38,57,0.418,4.43,-20.0
2020-09-11 01:17:38,58,0.422,4.43,-20.0
2020-09-11 01:17:38,59,0.416,4.44,-20.0
2020-09-11 01:17:38,60,0.418,4.46,-20.0
2020-09-11 01:17:38,61,0.416,4.5,21.9
2020-09-11 01:17:38,62,0.41,4.49,-20.0
2020-09-11 01:17:38,63,0.41,4.48,-20.0
2020-09-11 01:17:38,64,0.409,4.46,-20.0
2020-09-11 01:17:38,65,0.405,4.45,-20.0
2020-09-11 01:17:38,66,0.421,4.46,-20.0
2020-09-11 01:17:38,67,0.414,4.43,-20.0
2020-09-11 01:17:38,68,0.419,4.46,-20.0
2020-09-11 01:17:38,69,0.411,4.45,-20.0
2020-09-11 01:17:38,70,0.411,4.47,-20.0
2020-09-11 01:17:38,71,0.413,4.49,-20.0
2020-09-11 01:17:38,72,0.412,4.49,-20.0
2020-09-11 01:17:38,73,0.415,4.51,21.9
2020-09-11 01:17:38,74,0.408,4.5,-20.0
2020-09-11 01:17:38,75,0.428,4.47,-20.0
2020-09-11 01:17:38,76,0.426,4.44,-20.0
2020-09-11 01:17:38,77,0.42,4.51,-20.0
2020-09-11 01:17:38,78,0.402,4.48,-20.0
2020-09-11 01:17:38,79,0.409,4.5,-20.0
2020-09-11 01:17:38,80,0.42,4.51,-20.0
2020-09-11 01:17:38,81,0.424,4.51,-20.0
2020-09-11 01:17:38,82,0.423,4.52,-20.0
2020-09-11 01:17:38,83,0.423,4.5,-20.0
2020-09-11 01:17:38,84,0.417,4.49,-20.0
2020-09-11 01:17:38,85,0.407,4.48,22.7
2020-09-11 01:17:38,86,0.414,4.46,-20.0
2020-09-11 01:17:38,87,0.438,4.47,-20.0
2020-09-11 01:17:38,88,0.406,4.48,-20.0
2020-09-11 01:17:38,89,0.411,4.5,-20.0
2020-09-11 01:17:38,90,0.407,4.48,-20.0
2020-09-11 01:17:38,91,0.416,4.48,-20.0
2020-09-11 01:17:38,92,0.408,4.5,-20.0
2020-09-11 01:17:38,93,0.417,4.5,-20.0
2020-09-11 01:17:38,94,0.42,4.48,-20.0
2020-09-11 01:17:38,95,0.414,4.47,-20.0
2020-09-11 01:17:38,96,0.411,4.48,-20.0
2020-09-11 13:17:08,1,0.415,4.49,25.5
2020-09-11 13:17:08,2,0.414,4.51,-20.0
2020-09-11 13:17:08,3,0.42,4.52,-20.0
2020-09-11 13:17:08,4,0.419,4.49,-20.0
2020-09-11 13:17:08,5,0.409,4.51,-20.0
2020-09-11 13:17:08,6,0.411,4.49,-20.0
2020-09-11 13:17:08,7,0.406,4.48,-20.0
2020-09-11 13:17:08,8,0.407,4.49,-20.0
2020-09-11 13:17:08,9,0.409,4.47,-20.0
2020-09-11 13:17:08,10,0.418,4.5,-20.0
2020-09-11 13:17:08,11,0.418,4.45,-20.0
2020-09-11 13:17:08,12,0.419,4.47,-20.0
2020-09-11 13:17:08,13,0.414,4.47,24.8
2020-09-11 13:17:08,14,0.416,4.49,-20.0
2020-09-11 13:17:08,15,0.409,4.51,-20.0
2020-09-11 13:17:08,16,0.423,4.52,-20.0
2020-09-11 13:17:08,17,0.417,4.5,-20.0
2020-09-11 13:17:08,18,0.427,4.49,-20.0
2020-09-11 13:17:08,19,0.435,4.47,-20.0
2020-09-11 13:17:08,20,0.411,4.48,-20.0
2020-09-11 13:17:08,21,0.412,4.49,-20.0
2020-09-11 13:17:08,22,0.416,4.48,-20.0
2020-09-11 13:17:08,23,0.435,4.48,-20.0
2020-09-11 13:17:08,24,0.401,4.48,-20.0
2020-09-11 13:17:08,25,0.417,4.5,22.3
2020-09-11 13:17:08,26,0.416,4.48,-20.0
2020-09-11 13:17:08,27,0.396,4.46,-20.0
2020-09-11 13:17:08,28,0.413,4.47,-20.0
2020-09-11 13:17:08,29,0.392,4.46,-20.0
2020-09-11 13:17:08,30,0.408,4.47,-20.0
2020-09-11 13:17:08,31,0.411,4.47,-20.0
2020-09-11 13:17:08,32,0.401,4.47,-20.0
2020-09-11 13:17:08,33,0.41,4.49,-20.0
2020-09-11 13:17:08,34,0.408,4.48,-20.0
2020-09-11 13:17:08,35,0.409,4.48,-20.0
2020-09-11 13:17:08,36,0.407,4.5,-20.0
2020-09-11 13:17:08,37,0.41,4.49,22.8
2020-09-11 13:17:08,38,0.411,4.5,-20.0
2020-09-11 13:17:08,39,0.415,4.47,-20.0
2020-09-11 13:17:08,40,0.415,4.47,-20.0
2020-09-11 13:17:08,41,0.408,4.5,-20.0
2020-09-11 13:17:08,42,0.407,4.47,-20.0
2020-09-11 13:17:08,43,0.413,4.48,-20.0
2020-09-11 13:17:08,44,0.424,4.49,-20.0
2020-09-11 13:17:08,45,0.418,4.5,-20.0
2020-09-11 13:17:08,46,0.413,4.48,-20.0
2020-09-11 13:17:08,47,0.414,4.5,-20.0
2020-09-11 13:17:08,48,0.42,4.49,-20.0
2020-09-11 13:17:08,49,0.487,4.46,24.8
2020-09-11 13:17:08,50,0.427,4.47,-20.0
2020-09-11 13:17:08,51,0.417,4.47,-20.0
2020-09-11 13:17:08,52,0.416,4.46,-20.0
2020-09-11 13:17:08,53,0.416,4.46,-20.0
2020-09-11 13:17:08,54,0.418,4.47,-20.0
2020-09-11 13:17:08,55,0.415,4.44,-20.0
2020-09-11 13:17:08,56,0.414,4.44,-20.0
2020-09-11 13:17:08,57,0.419,4.43,-20.0
2020-09-11 13:17:08,58,0.419,4.42,-20.0
2020-09-11 13:17:08,59,0.415,4.45,-20.0
2020-09-11 13:17:08,60,0.422,4.46,-20.0
2020-09-11 13:17:08,61,0.419,4.5,22.3
2020-09-11 13:17:08,62,0.412,4.49,-20.0
2020-09-11 13:17:08,63,0.412,4.48,-20.0
2020-09-11 13:17:08,64,0.41,4.46,-20.0
2020-09-11 13:17:08,65,0.408,4.45,-20.0
2020-09-11 13:17:08,66,0.42,4.45,-20.0
2020-09-11 13:17:08,67,0.415,4.43,-20.0
2020-09-11 13:17:08,68,0.42,4.46,-20.0
2020-09-11 13:17:08,69,0.409,4.45,-20.0
2020-09-11 13:17:08,70,0.408,4.47,-20.0
2020-09-11 13:17:08,71,0.413,4.49,-20.0
2020-09-11 13:17:08,72,0.412,4.48,-20.0
2020-09-11 13:17:08,73,0.414,4.51,22.7
2020-09-11 13:17:08,74,0.409,4.51,-20.0
2020-09-11 13:17:08,75,0.427,4.47,-20.0
2020-09-11 13:17:08,76,0.426,4.45,-20.0
2020-09-11 13:17:08,77,0.42,4.51,-20.0
2020-09-11 13:17:08,78,0.402,4.47,-20.0
2020-09-11 13:17:08,79,0.413,4.5,-20.0
2020-09-11 13:17:08,80,0.418,4.52,-20.0
2020-09-11 13:17:08,81,0.426,4.51,-20.0
2020-09-11 13:17:08,82,0.424,4.51,-20.0
2020-09-11 13:17:08,83,0.423,4.5,-20.0
2020-09-11 13:17:08,84,0.419,4.5,-20.0
2020-09-11 13:17:08,85,0.408,4.48,23.7
2020-09-11 13:17:08,86,0.415,4.46,-20.0
2020-09-11 13:17:08,87,0.439,4.47,-20.0
2020-09-11 13:17:08,88,0.407,4.48,-20.0
2020-09-11 13:17:08,89,0.413,4.5,-20.0
2020-09-11 13:17:08,90,0.408,4.47,-20.0
2020-09-11 13:17:08,91,0.416,4.49,-20.0
2020-09-11 13:17:08,92,0.407,4.5,-20.0
2020-09-11 13:17:08,93,0.415,4.49,-20.0
2020-09-11 13:17:08,94,0.42,4.48,-20.0
2020-09-11 13:17:08,95,0.413,4.46,-20.0
2020-09-11 13:17:08,96,0.409,4.49,-20.0
2020-09-12 01:16:39,1,0.416,4.51,25.5
2020-09-12 01:16:39,2,0.415,4.51,-20.0
2020-09-12 01:16:39,3,0.42,4.52,-20.0
2020-09-12 01:16:39,4,0.417,4.48,-20.0
2020-09-12 01:16:39,5,0.411,4.51,-20.0
2020-09-12 01:16:39,6,0.41,4.5,-20.0
2020-09-12 01:16:39,7,0.406,4.48,-20.0
2020-09-12 01:16:39,8,0.406,4.51,-20.0
2020-09-12 01:16:39,9,0.409,4.48,-20.0
2020-09-12 01:16:39,10,0.417,4.5,-20.0
2020-09-12 01:16:39,11,0.42,4.45,-20.0
2020-09-12 01:16:39,12,0.419,4.47,-20.0
2020-09-12 01:16:39,13,0.414,4.48,24.7
2020-09-12 01:16:39,14,0.418,4.49,-20.0
2020-09-12 01:16:39,15,0.41,4.52,-20.0
2020-09-12 01:16:39,16,0.422,4.53,-20.0
2020-09-12 01:16:39,17,0.418,4.49,-20.0
2020-09-12 01:16:39,18,0.428,4.5,-20.0
2020-09-12 01:16:39,19,0.438,4.47,-20.0
2020-09-12 01:16:39,20,0.411,4.48,-20.0
2020-09-12 01:16:39,21,0.414,4.47,-20.0
2020-09-12 01:16:39,22,0.412,4.48,-20.0
2020-09-12 01:16:39,23,0.438,4.49,-20.0
2020-09-12 01:16:39,24,0.405,4.5,-20.0
2020-09-12 01:16:39,25,0.417,4.49,22.3
2020-09-12 01:16:39,26,0.418,4.49,-20.0
2020-09-12 01:16:39,27,0.396,4.47,-20.0
2020-09-12 01:16:39,28,0.417,4.47,-20.0
2020-09-12 01:16:39,29,0.397,4.47,-20.0
2020-09-12 01:16:39,30,0.413,4.47,-20.0
2020-09-12 01:16:39,31,0.411,4.46,-20.0
2020-09-12 01:16:39,32,0.405,4.47,-20.0
2020-09-12 01:16:39,33,0.411,4.48,-20.0
2020-09-12 01:16:39,34,0.409,4.49,-20.0
2020-09-12 01:16:39,35,0.408,4.49,-20.0
2020-09-12 01:16:39,36,0.409,4.5,-20.0
2020-09-12 01:16:39,37,0.41,4.49,22.8
2020-09-12 01:16:39,38,0.409,4.48,-20.0
2020-09-12 01:16:39,39,0.419,4.47,-20.0
2020-09-12 01:16:39,40,0.415,4.48,-20.0
2020-09-12 01:16:39,41,0.409,4.49,-20.0
2020-09-12 01:16:39,42,0.411,4.47,-20.0
2020-09-12 01:16:39,43,0.414,4.47,-20.0
2020-09-12 01:16:39,44,0.425,4.49,-20.0
2020-09-12 01:16:39,45,0.419,4.49,-20.0
2020-09-12 01:16:39,46,0.415,4.48,-20.0
2020-09-12 01:16:39,47,0.423,4.49,-20.0
2020-09-12 01:16:39,48,0.423,4.48,-20.0
2020-09-12 01:16:39,49,0.489,4.46,24.6
2020-09-12 01:16:39,50,0.424,4.47,-20.0
2020-09-12 01:16:39,51,0.417,4.47,-20.0
2020-09-12 01:16:39,52,0.42,4.46,-20.0
2020-09-12 01:16:39,53,0.416,4.45,-20.0
2020-09-12 01:16:39,54,0.42,4.47,-20.0
2020-09-12 01:16:39,55,0.42,4.44,-20.0
2020-09-12 01:16:39,56,0.413,4.43,-20.0
2020-09-12 01:16:39,57,0.418,4.43,-20.0
2020-09-12 01:16:39,58,0.42,4.43,-20.0
2020-09-12 01:16:39,59,0.419,4.44,-20.0
2020-09-12 01:16:39,60,0.419,4.46,-20.0
2020-09-12 01:16:39,61,0.419,4.5,22.2
2020-09-12 01:16:39,62,0.413,4.49,-20.0
2020-09-12 01:16:39,63,0.412,4.48,-20.0
2020-09-12 01:16:39,64,0.412,4.47,-20.0
2020-09-12 01:16:39,65,0.396,4.45,-20.0
2020-09-12 01:16:39,66,0.416,4.45,-20.0
2020-09-12 01:16:39,67,0.411,4.43,-20.0
2020-09-12 01:16:39,68,0.406,4.47,-20.0
2020-09-12 01:16:39,69,0.411,4.45,-20.0
2020-09-12 01:16:39,70,0.4,4.46,-20.0
2020-09-12 01:16:39,71,0.413,4.49,-20.0
2020-09-12 01:16:39,72,0.414,4.48,-20.0
2020-09-12 01:16:39,73,0.401,4.51,22.4
2020-09-12 01:16:39,74,0.402,4.5,-20.0
2020-09-12 01:16:39,75,0.43,4.47,-20.0
2020-09-12 01:16:39,76,0.424,4.46,-20.0
2020-09-12 01:16:39,77,0.427,4.51,-20.0
2020-09-12 01:16:39,78,0.405,4.48,-20.0
2020-09-12 01:16:39,79,0.411,4.5,-20.0
2020-09-12 01:16:39,80,0.42,4.51,-20.0
2020-09-12 01:16:39,81,0.427,4.51,-20.0
2020-09-12 01:16:39,82,0.422,4.52,-20.0
2020-09-12 01:16:39,83,0.424,4.51,-20.0
2020-09-12 01:16:39,84,0.418,4.49,-20.0
2020-09-12 01:16:39,85,0.409,4.48,23.5
2020-09-12 01:16:39,86,0.414,4.46,-20.0
2020-09-12 01:16:39,87,0.438,4.47,-20.0
2020-09-12 01:16:39,88,0.407,4.48,-20.0
2020-09-12 01:16:39,89,0.415,4.5,-20.0
2020-09-12 01:16:39,90,0.411,4.47,-20.0
2020-09-12 01:16:39,91,0.418,4.49,-20.0
2020-09-12 01:16:39,92,0.408,4.51,-20.0
2020-09-12 01:16:39,93,0.415,4.51,-20.0
2020-09-12 01:16:39,94,0.423,4.48,-20.0
2020-09-12 01:16:39,95,0.413,4.46,-20.0
2020-09-12 01:16:39,96,0.411,4.49,-20.0
2020-09-12 13:16:15,1,0.416,4.51,25.4
2020-09-12 13:16:15,2,0.411,4.5,-20.0
2020-09-12 13:16:15,3,0.422,4.52,-20.0
2020-09-12 13:16:15,4,0.418,4.48,-20.0
2020-09-12 13:16:15,5,0.41,4.5,-20.0
2020-09-12 13:16:15,6,0.411,4.49,-20.0
2020-09-12 13:16:15,7,0.409,4.47,-20.0
2020-09-12 13:16:15,8,0.408,4.51,-20.0
2020-09-12 13:16:15,9,0.41,4.48,-20.0
2020-09-12 13:16:15,10,0.416,4.49,-20.0
2020-09-12 13:16:15,11,0.42,4.46,-20.0
2020-09-12 13:16:15,12,0.412,4.46,-20.0
2020-09-12 13:16:15,13,0.413,4.47,24.6
2020-09-12 13:16:15,14,0.417,4.5,-20.0
2020-09-12 13:16:15,15,0.412,4.52,-20.0
2020-09-12 13:16:15,16,0.419,4.53,-20.0
2020-09-12 13:16:15,17,0.415,4.49,-20.0
2020-09-12 13:16:15,18,0.421,4.5,-20.0
2020-09-12 13:16:15,19,0.438,4.47,-20.0
2020-09-12 13:16:15,20,0.41,4.48,-20.0
2020-09-12 13:16:15,21,0.413,4.48,-20.0
2020-09-12 13:16:15,22,0.415,4.47,-20.0
2020-09-12 13:16:15,23,0.441,4.48,-20.0
2020-09-12 13:16:15,24,0.405,4.49,-20.0
2020-09-12 13:16:15,25,0.416,4.5,22.2
2020-09-12 13:16:15,26,0.42,4.47,-20.0
2020-09-12 13:16:15,27,0.403,4.47,-20.0
2020-09-12 13:16:15,28,0.417,4.46,-20.0
2020-09-12 13:16:15,29,0.404,4.46,-20.0
2020-09-12 13:16:15,30,0.413,4.48,-20.0
2020-09-12 13:16:15,31,0.413,4.47,-20.0
2020-09-12 13:16:15,32,0.409,4.47,-20.0
2020-09-12 13:16:15,33,0.413,4.48,-20.0
2020-09-12 13:16:15,34,0.41,4.49,-20.0
2020-09-12 13:16:15,35,0.41,4.48,-20.0
2020-09-12 13:16:15,36,0.41,4.5,-20.0
2020-09-12 13:16:15,37,0.411,4.49,22.7
2020-09-12 13:16:15,38,0.414,4.49,-20.0
2020-09-12 13:16:15,39,0.42,4.48,-20.0
2020-09-12 13:16:15,40,0.414,4.47,-20.0
2020-09-12 13:16:15,41,0.409,4.49,-20.0
2020-09-12 13:16:15,42,0.409,4.48,-20.0
2020-09-12 13:16:15,43,0.415,4.47,-20.0
2020-09-12 13:16:15,44,0.425,4.49,-20.0
2020-09-12 13:16:15,45,0.417,4.5,-20.0
2020-09-12 13:16:15,46,0.414,4.49,-20.0
2020-09-12 13:16:15,47,0.425,4.48,-20.0
2020-09-12 13:16:15,48,0.421,4.48,-20.0
2020-09-12 13:16:15,49,0.488,4.46,24.5
2020-09-12 13:16:15,50,0.424,4.47,-20.0
2020-09-12 13:16:15,51,0.417,4.47,-20.0
2020-09-12 13:16:15,52,0.422,4.46,-20.0
2020-09-12 13:16:15,53,0.418,4.45,-20.0
2020-09-12 13:16:15,54,0.419,4.46,-20.0
2020-09-12 13:16:15,55,0.418,4.44,-20.0
2020-09-12 13:16:15,56,0.414,4.44,-20.0
2020-09-12 13:16:15,57,0.42,4.43,-20.0
2020-09-12 13:16:15,58,0.42,4.43,-20.0
2020-09-12 13:16:15,59,0.419,4.44,-20.0
2020-09-12 13:16:15,60,0.421,4.46,-20.0
2020-09-12 13:16:15,61,0.416,4.49,22.1
2020-09-12 13:16:15,62,0.413,4.5,-20.0
2020-09-12 13:16:15,63,0.413,4.48,-20.0
2020-09-12 13:16:15,64,0.412,4.46,-20.0
2020-09-12 13:16:15,65,0.399,4.45,-20.0
2020-09-12 13:16:15,66,0.417,4.46,-20.0
2020-09-12 13:16:15,67,0.412,4.43,-20.0
2020-09-12 13:16:15,68,0.408,4.45,-20.0
2020-09-12 13:16:15,69,0.413,4.45,-20.0
2020-09-12 13:16:15,70,0.405,4.47,-20.0
2020-09-12 13:16:15,71,0.414,4.48,-20.0
2020-09-12 13:16:15,72,0.416,4.48,-20.0
2020-09-12 13:16:15,73,0.407,4.52,22.4
2020-09-12 13:16:15,74,0.403,4.49,-20.0
2020-09-12 13:16:15,75,0.431,4.46,-20.0
2020-09-12 13:16:15,76,0.426,4.45,-20.0
2020-09-12 13:16:15,77,0.428,4.51,-20.0
2020-09-12 13:16:15,78,0.407,4.48,-20.0
2020-09-12 13:16:15,79,0.412,4.5,-20.0
2020-09-12 13:16:15,80,0.424,4.5,-20.0
2020-09-12 13:16:15,81,0.425,4.52,-20.0
2020-09-12 13:16:15,82,0.422,4.52,-20.0
2020-09-12 13:16:15,83,0.424,4.5,-20.0
2020-09-12 13:16:15,84,0.421,4.49,-20.0
2020-09-12 13:16:15,85,0.415,4.47,23.5
2020-09-12 13:16:15,86,0.415,4.47,-20.0
2020-09-12 13:16:15,87,0.44,4.47,-20.0
2020-09-12 13:16:15,88,0.406,4.48,-20.0
2020-09-12 13:16:15,89,0.415,4.49,-20.0
2020-09-12 13:16:15,90,0.408,4.47,-20.0
2020-09-12 13:16:15,91,0.418,4.49,-20.0
2020-09-12 13:16:15,92,0.407,4.5,-20.0
2020-09-12 13:16:15,93,0.415,4.5,-20.0
2020-09-12 13:16:15,94,0.423,4.47,-20.0
2020-09-12 13:16:15,95,0.415,4.47,-20.0
2020-09-12 13:16:15,96,0.409,4.49,-20.0
2020-09-13 01:15:42,1,0.416,4.5,25.5
2020-09-13 01:15:42,2,0.411,4.51,-20.0
2020-09-13 01:15:42,3,0.421,4.52,-20.0
2020-09-13 01:15:42,4,0.42,4.48,-20.0
2020-09-13 01:15:42,5,0.409,4.51,-20.0
2020-09-13 01:15:42,6,0.41,4.5,-20.0
2020-09-13 01:15:42,7,0.408,4.47,-20.0
2020-09-13 01:15:42,8,0.41,4.5,-20.0
2020-09-13 01:15:42,9,0.412,4.48,-20.0
2020-09-13 01:15:42,10,0.416,4.5,-20.0
2020-09-13 01:15:42,11,0.42,4.46,-20.0
2020-09-13 01:15:42,12,0.416,4.47,-20.0
2020-09-13 01:15:42,13,0.412,4.47,24.7
2020-09-13 01:15:42,14,0.416,4.49,-20.0
2020-09-13 01:15:42,15,0.413,4.51,-20.0
2020-09-13 01:15:42,16,0.422,4.51,-20.0
2020-09-13 01:15:42,17,0.412,4.48,-20.0
2020-09-13 01:15:42,18,0.423,4.49,-20.0
2020-09-13 01:15:42,19,0.438,4.47,-20.0
2020-09-13 01:15:42,20,0.408,4.47,-20.0
2020-09-13 01:15:42,21,0.413,4.49,-20.0
2020-09-13 01:15:42,22,0.412,4.47,-20.0
2020-09-13 01:15:42,23,0.443,4.48,-20.0
2020-09-13 01:15:42,24,0.405,4.49,-20.0
2020-09-13 01:15:42,25,0.414,4.49,22.2
2020-09-13 01:15:42,26,0.421,4.48,-20.0
2020-09-13 01:15:42,27,0.406,4.48,-20.0
2020-09-13 01:15:42,28,0.419,4.46,-20.0
2020-09-13 01:15:42,29,0.405,4.47,-20.0
2020-09-13 01:15:42,30,0.413,4.47,-20.0
2020-09-13 01:15:42,31,0.413,4.46,-20.0
2020-09-13 01:15:42,32,0.408,4.47,-20.0
2020-09-13 01:15:42,33,0.412,4.48,-20.0
2020-09-13 01:15:42,34,0.412,4.48,-20.0
2020-09-13 01:15:42,35,0.412,4.49,-20.0
2020-09-13 01:15:42,36,0.408,4.5,-20.0
2020-09-13 01:15:42,37,0.409,4.48,22.7
2020-09-13 01:15:42,38,0.414,4.49,-20.0
2020-09-13 01:15:42,39,0.421,4.47,-20.0
2020-09-13 01:15:42,40,0.414,4.48,-20.0
2020-09-13 01:15:42,41,0.414,4.5,-20.0
2020-09-13 01:15:42,42,0.412,4.47,-20.0
2020-09-13 01:15:42,43,0.415,4.48,-20.0
2020-09-13 01:15:42,44,0.426,4.49,-20.0
2020-09-13 01:15:42,45,0.413,4.49,-20.0
2020-09-13 01:15:42,46,0.414,4.49,-20.0
2020-09-13 01:15:42,47,0.409,4.49,-20.0
2020-09-13 01:15:42,48,0.399,4.48,-20.0
2020-09-13 01:15:42,49,0.484,4.47,24.6
2020-09-13 01:15:42,50,0.423,4.47,-20.0
2020-09-13 01:15:42,51,0.415,4.48,-20.0
2020-09-13 01:15:42,52,0.42,4.47,-20.0
2020-09-13 01:15:42,53,0.417,4.45,-20.0
2020-09-13 01:15:42,54,0.419,4.46,-20.0
2020-09-13 01:15:42,55,0.419,4.44,-20.0
2020-09-13 01:15:42,56,0.416,4.43,-20.0
2020-09-13 01:15:42,57,0.416,4.43,-20.0
2020-09-13 01:15:42,58,0.414,4.42,-20.0
2020-09-13 01:15:42,59,0.399,4.44,-20.0
2020-09-13 01:15:42,60,0.403,4.46,-20.0
2020-09-13 01:15:42,61,0.416,4.49,22.1
2020-09-13 01:15:42,62,0.407,4.49,-20.0
2020-09-13 01:15:42,63,0.398,4.48,-20.0
2020-09-13 01:15:42,64,0.406,4.46,-20.0
2020-09-13 01:15:42,65,0.388,4.45,-20.0
2020-09-13 01:15:42,66,0.416,4.45,-20.0
2020-09-13 01:15:42,67,0.409,4.43,-20.0
2020-09-13 01:15:42,68,0.41,4.46,-20.0
2020-09-13 01:15:42,69,0.416,4.45,-20.0
2020-09-13 01:15:42,70,0.412,4.47,-20.0
2020-09-13 01:15:42,71,0.416,4.49,-20.0
2020-09-13 01:15:42,72,0.415,4.48,-20.0
2020-09-13 01:15:42,73,0.408,4.52,22.2
2020-09-13 01:15:42,74,0.401,4.49,-20.0
2020-09-13 01:15:42,75,0.428,4.47,-20.0
2020-09-13 01:15:42,76,0.425,4.45,-20.0
2020-09-13 01:15:42,77,0.425,4.51,-20.0
2020-09-13 01:15:42,78,0.406,4.48,-20.0
2020-09-13 01:15:42,79,0.412,4.5,-20.0
2020-09-13 01:15:42,80,0.424,4.51,-20.0
2020-09-13 01:15:42,81,0.425,4.51,-20.0
2020-09-13 01:15:42,82,0.422,4.51,-20.0
2020-09-13 01:15:42,83,0.423,4.51,-20.0
2020-09-13 01:15:42,84,0.42,4.5,-20.0
2020-09-13 01:15:42,85,0.416,4.48,23.1
2020-09-13 01:15:42,86,0.415,4.47,-20.0
2020-09-13 01:15:42,87,0.44,4.46,-20.0
2020-09-13 01:15:42,88,0.404,4.47,-20.0
2020-09-13 01:15:42,89,0.413,4.49,-20.0
2020-09-13 01:15:42,90,0.411,4.48,-20.0
2020-09-13 01:15:42,91,0.417,4.49,-20.0
2020-09-13 01:15:42,92,0.403,4.5,-20.0
2020-09-13 01:15:42,93,0.415,4.5,-20.0
2020-09-13 01:15:42,94,0.425,4.47,-20.0
2020-09-13 01:15:42,95,0.415,4.47,-20.0
2020-09-13 01:15:42,96,0.408,4.49,-20.0
2020-09-13 13:15:15,1,0.412,4.5,25.4
2020-09-13 13:15:15,2,0.409,4.51,-20.0
2020-09-13 13:15:15,3,0.42,4.52,-20.0
2020-09-13 13:15:15,4,0.415,4.48,-20.0
2020-09-13 13:15:15,5,0.407,4.51,-20.0
2020-09-13 13:15:15,6,0.413,4.49,-20.0
2020-09-13 13:15:15,7,0.406,4.48,-20.0
2020-09-13 13:15:15,8,0.406,4.49,-20.0
2020-09-13 13:15:15,9,0.411,4.48,-20.0
2020-09-13 13:15:15,10,0.414,4.5,-20.0
2020-09-13 13:15:15,11,0.418,4.46,-20.0
2020-09-13 13:15:15,12,0.417,4.46,-20.0
2020-09-13 13:15:15,13,0.411,4.48,24.6
2020-09-13 13:15:15,14,0.416,4.5,-20.0
2020-09-13 13:15:15,15,0.412,4.52,-20.0
2020-09-13 13:15:15,16,0.421,4.52,-20.0
2020-09-13 13:15:15,17,0.412,4.49,-20.0
2020-09-13 13:15:15,18,0.424,4.49,-20.0
2020-09-13 13:15:15,19,0.438,4.48,-20.0
2020-09-13 13:15:15,20,0.409,4.47,-20.0
2020-09-13 13:15:15,21,0.413,4.49,-20.0
2020-09-13 13:15:15,22,0.413,4.47,-20.0
2020-09-13 13:15:15,23,0.444,4.48,-20.0
2020-09-13 13:15:15,24,0.405,4.49,-20.0
2020-09-13 13:15:15,25,0.415,4.5,22.1
2020-09-13 13:15:15,26,0.422,4.48,-20.0
2020-09-13 13:15:15,27,0.407,4.47,-20.0
2020-09-13 13:15:15,28,0.421,4.46,-20.0
2020-09-13 13:15:15,29,0.407,4.46,-20.0
2020-09-13 13:15:15,30,0.414,4.48,-20.0
2020-09-13 13:15:15,31,0.414,4.45,-20.0
2020-09-13 13:15:15,32,0.413,4.48,-20.0
2020-09-13 13:15:15,33,0.413,4.49,-20.0
2020-09-13 13:15:15,34,0.413,4.5,-20.0
2020-09-13 13:15:15,35,0.413,4.49,-20.0
2020-09-13 13:15:15,36,0.407,4.51,-20.0
2020-09-13 13:15:15,37,0.41,4.48,22.6
2020-09-13 13:15:15,38,0.41,4.49,-20.0
2020-09-13 13:15:15,39,0.422,4.47,-20.0
2020-09-13 13:15:15,40,0.411,4.48,-20.0
2020-09-13 13:15:15,41,0.412,4.49,-20.0
2020-09-13 13:15:15,42,0.409,4.48,-20.0
2020-09-13 13:15:15,43,0.418,4.48,-20.0
2020-09-13 13:15:15,44,0.426,4.49,-20.0
2020-09-13 13:15:15,45,0.412,4.5,-20.0
2020-09-13 13:15:15,46,0.417,4.49,-20.0
2020-09-13 13:15:15,47,0.413,4.48,-20.0
2020-09-13 13:15:15,48,0.4,4.49,-20.0
2020-09-13 13:15:15,49,0.486,4.46,24.5
2020-09-13 13:15:15,50,0.419,4.47,-20.0
2020-09-13 13:15:15,51,0.413,4.47,-20.0
2020-09-13 13:15:15,52,0.42,4.47,-20.0
2020-09-13 13:15:15,53,0.419,4.45,-20.0
2020-09-13 13:15:15,54,0.418,4.47,-20.0
2020-09-13 13:15:15,55,0.418,4.44,-20.0
2020-09-13 13:15:15,56,0.413,4.44,-20.0
2020-09-13 13:15:15,57,0.416,4.43,-20.0
2020-09-13 13:15:15,58,0.416,4.42,-20.0
2020-09-13 13:15:15,59,0.405,4.45,-20.0
2020-09-13 13:15:15,60,0.41,4.46,-20.0
2020-09-13 13:15:15,61,0.416,4.51,21.9
2020-09-13 13:15:15,62,0.408,4.49,-20.0
2020-09-13 13:15:15,63,0.403,4.48,-20.0
2020-09-13 13:15:15,64,0.405,4.46,-20.0
2020-09-13 13:15:15,65,0.394,4.45,-20.0
2020-09-13 13:15:15,66,0.413,4.45,-20.0
2020-09-13 13:15:15,67,0.408,4.43,-20.0
2020-09-13 13:15:15,68,0.408,4.46,-20.0
2020-09-13 13:15:15,69,0.417,4.45,-20.0
2020-09-13 13:15:15,70,0.413,4.47,-20.0
2020-09-13 13:15:15,71,0.42,4.49,-20.0
2020-09-13 13:15:15,72,0.413,4.48,-20.0
2020-09-13 13:15:15,73,0.411,4.52,22.1
2020-09-13 13:15:15,74,0.401,4.49,-20.0
2020-09-13 13:15:15,75,0.425,4.47,-20.0
2020-09-13 13:15:15,76,0.421,4.45,-20.0
2020-09-13 13:15:15,77,0.424,4.51,-20.0
2020-09-13 13:15:15,78,0.408,4.48,-20.0
2020-09-13 13:15:15,79,0.414,4.5,-20.0
2020-09-13 13:15:15,80,0.425,4.51,-20.0
2020-09-13 13:15:15,81,0.427,4.51,-20.0
2020-09-13 13:15:15,82,0.424,4.52,-20.0
2020-09-13 13:15:15,83,0.425,4.5,-20.0
2020-09-13 13:15:15,84,0.422,4.49,-20.0
2020-09-13 13:15:15,85,0.418,4.48,23.3
2020-09-13 13:15:15,86,0.414,4.47,-20.0
2020-09-13 13:15:15,87,0.438,4.47,-20.0
2020-09-13 13:15:15,88,0.402,4.48,-20.0
2020-09-13 13:15:15,89,0.414,4.5,-20.0
2020-09-13 13:15:15,90,0.41,4.48,-20.0
2020-09-13 13:15:15,91,0.417,4.49,-20.0
2020-09-13 13:15:15,92,0.404,4.51,-20.0
2020-09-13 13:15:15,93,0.413,4.51,-20.0
2020-09-13 13:15:15,94,0.421,4.48,-20.0
2020-09-13 13:15:15,95,0.412,4.47,-20.0
2020-09-13 13:15:15,96,0.407,4.49,-20.0
2020-09-14 01:14:48,1,0.414,4.5,25.5
2020-09-14 01:14:48,2,0.409,4.51,-20.0
2020-09-14 01:14:48,3,0.419,4.53,-20.0
2020-09-14 01:14:48,4,0.412,4.48,-20.0
2020-09-14 01:14:48,5,0.406,4.51,-20.0
2020-09-14 01:14:48,6,0.414,4.49,-20.0
2020-09-14 01:14:48,7,0.404,4.48,-20.0
2020-09-14 01:14:48,8,0.406,4.5,-20.0
2020-09-14 01:14:48,9,0.411,4.48,-20.0
2020-09-14 01:14:48,10,0.414,4.5,-20.0
2020-09-14 01:14:48,11,0.413,4.45,-20.0
2020-09-14 01:14:48,12,0.418,4.47,-20.0
2020-09-14 01:14:48,13,0.408,4.48,24.6
2020-09-14 01:14:48,14,0.416,4.49,-20.0
2020-09-14 01:14:48,15,0.413,4.53,-20.0
2020-09-14 01:14:48,16,0.422,4.51,-20.0
2020-09-14 01:14:48,17,0.417,4.49,-20.0
2020-09-14 01:14:48,18,0.426,4.49,-20.0
2020-09-14 01:14:48,19,0.436,4.47,-20.0
2020-09-14 01:14:48,20,0.409,4.48,-20.0
2020-09-14 01:14:48,21,0.415,4.48,-20.0
2020-09-14 01:14:48,22,0.416,4.46,-20.0
2020-09-14 01:14:48,23,0.443,4.48,-20.0
2020-09-14 01:14:48,24,0.406,4.5,-20.0
2020-09-14 01:14:48,25,0.414,4.5,22.1
2020-09-14 01:14:48,26,0.423,4.49,-20.0
2020-09-14 01:14:48,27,0.411,4.46,-20.0
2020-09-14 01:14:48,28,0.42,4.47,-20.0
2020-09-14 01:14:48,29,0.41,4.46,-20.0
2020-09-14 01:14:48,30,0.416,4.47,-20.0
2020-09-14 01:14:48,31,0.417,4.45,-20.0
2020-09-14 01:14:48,32,0.415,4.48,-20.0
2020-09-14 01:14:48,33,0.414,4.49,-20.0
2020-09-14 01:14:48,34,0.415,4.49,-20.0
2020-09-14 01:14:48,35,0.412,4.48,-20.0
2020-09-14 01:14:48,36,0.406,4.5,-20.0
2020-09-14 01:14:48,37,0.411,4.49,22.6
2020-09-14 01:14:48,38,0.392,4.49,-20.0
2020-09-14 01:14:48,39,0.404,4.48,-20.0
2020-09-14 01:14:48,40,0.411,4.48,-20.0
2020-09-14 01:14:48,41,0.41,4.51,-20.0
2020-09-14 01:14:48,42,0.4,4.47,-20.0
2020-09-14 01:14:48,43,0.405,4.48,-20.0
2020-09-14 01:14:48,44,0.415,4.49,-20.0
2020-09-14 01:14:48,45,0.416,4.5,-20.0
2020-09-14 01:14:48,46,0.418,4.49,-20.0
2020-09-14 01:14:48,47,0.394,4.49,-20.0
2020-09-14 01:14:48,48,0.385,4.48,-20.0
2020-09-14 01:14:48,49,0.482,4.46,24.5
2020-09-14 01:14:48,50,0.421,4.47,-20.0
2020-09-14 01:14:48,51,0.407,4.47,-20.0
2020-09-14 01:14:48,52,0.419,4.47,-20.0
2020-09-14 01:14:48,53,0.417,4.45,-20.0
2020-09-14 01:14:48,54,0.416,4.47,-20.0
2020-09-14 01:14:48,55,0.413,4.44,-20.0
2020-09-14 01:14:48,56,0.408,4.43,-20.0
2020-09-14 01:14:48,57,0.42,4.43,-20.0
2020-09-14 01:14:48,58,0.416,4.43,-20.0
2020-09-14 01:14:48,59,0.407,4.45,-20.0
2020-09-14 01:14:48,60,0.416,4.46,-20.0
2020-09-14 01:14:48,61,0.418,4.5,21.9
2020-09-14 01:14:48,62,0.406,4.49,-20.0
2020-09-14 01:14:48,63,0.403,4.48,-20.0
2020-09-14 01:14:48,64,0.405,4.46,-20.0
2020-09-14 01:14:48,65,0.4,4.45,-20.0
2020-09-14 01:14:48,66,0.412,4.45,-20.0
2020-09-14 01:14:48,67,0.407,4.43,-20.0
2020-09-14 01:14:48,68,0.411,4.46,-20.0
2020-09-14 01:14:48,69,0.418,4.45,-20.0
2020-09-14 01:14:48,70,0.41,4.47,-20.0
2020-09-14 01:14:48,71,0.419,4.49,-20.0
2020-09-14 01:14:48,72,0.416,4.48,-20.0
2020-09-14 01:14:48,73,0.413,4.52,22.0
2020-09-14 01:14:48,74,0.404,4.49,-20.0
2020-09-14 01:14:48,75,0.426,4.48,-20.0
2020-09-14 01:14:48,76,0.42,4.45,-20.0
2020-09-14 01:14:48,77,0.422,4.51,-20.0
2020-09-14 01:14:48,78,0.41,4.46,-20.0
2020-09-14 01:14:48,79,0.418,4.5,-20.0
2020-09-14 01:14:48,80,0.427,4.51,-20.0
2020-09-14 01:14:48,81,0.428,4.51,-20.0
2020-09-14 01:14:48,82,0.426,4.51,-20.0
2020-09-14 01:14:48,83,0.427,4.5,-20.0
2020-09-14 01:14:48,84,0.419,4.5,-20.0
2020-09-14 01:14:48,85,0.415,4.47,23.2
2020-09-14 01:14:48,86,0.414,4.47,-20.0
2020-09-14 01:14:48,87,0.44,4.47,-20.0
2020-09-14 01:14:48,88,0.402,4.48,-20.0
2020-09-14 01:14:48,89,0.415,4.5,-20.0
2020-09-14 01:14:48,90,0.412,4.47,-20.0
2020-09-14 01:14:48,91,0.419,4.49,-20.0
2020-09-14 01:14:48,92,0.404,4.5,-20.0
2020-09-14 01:14:48,93,0.416,4.5,-20.0
2020-09-14 01:14:48,94,0.42,4.48,-20.0
2020-09-14 01:14:48,95,0.412,4.46,-20.0
2020-09-14 01:14:48,96,0.403,4.49,-20.0
2020-09-14 13:14:14,1,0.415,4.5,25.5
2020-09-14 13:14:14,2,0.41,4.51,-20.0
2020-09-14 13:14:14,3,0.421,4.52,-20.0
2020-09-14 13:14:14,4,0.413,4.47,-20.0
2020-09-14 13:14:14,5,0.406,4.51,-20.0
2020-09-14 13:14:14,6,0.416,4.5,-20.0
2020-09-14 13:14:14,7,0.403,4.48,-20.0
2020-09-14 13:14:14,8,0.408,4.5,-20.0
2020-09-14 13:14:14,9,0.413,4.48,-20.0
2020-09-14 13:14:14,10,0.414,4.5,-20.0
2020-09-14 13:14:14,11,0.414,4.46,-20.0
2020-09-14 13:14:14,12,0.417,4.46,-20.0
2020-09-14 13:14:14,13,0.409,4.47,24.5
2020-09-14 13:14:14,14,0.414,4.49,-20.0
2020-09-14 13:14:14,15,0.409,4.52,-20.0
2020-09-14 13:14:14,16,0.422,4.52,-20.0
2020-09-14 13:14:14,17,0.417,4.48,-20.0
2020-09-14 13:14:14,18,0.427,4.5,-20.0
2020-09-14 13:14:14,19,0.438,4.47,-20.0
2020-09-14 13:14:14,20,0.407,4.48,-20.0
2020-09-14 13:14:14,21,0.414,4.47,-20.0
2020-09-14 13:14:14,22,0.415,4.46,-20.0
2020-09-14 13:14:14,23,0.444,4.48,-20.0
2020-09-14 13:14:14,24,0.408,4.5,-20.0
2020-09-14 13:14:14,25,0.414,4.5,22.0
2020-09-14 13:14:14,26,0.419,4.48,-20.0
2020-09-14 13:14:14,27,0.41,4.46,-20.0
2020-09-14 13:14:14,28,0.423,4.47,-20.0
2020-09-14 13:14:14,29,0.41,4.46,-20.0
2020-09-14 13:14:14,30,0.416,4.47,-20.0
2020-09-14 13:14:14,31,0.417,4.45,-20.0
2020-09-14 13:14:14,32,0.416,4.47,-20.0
2020-09-14 13:14:14,33,0.414,4.48,-20.0
2020-09-14 13:14:14,34,0.416,4.5,-20.0
2020-09-14 13:14:14,35,0.412,4.48,-20.0
2020-09-14 13:14:14,36,0.405,4.5,-20.0
2020-09-14 13:14:14,37,0.411,4.48,22.5
2020-09-14 13:14:14,38,0.397,4.5,-20.0
2020-09-14 13:14:14,39,0.41,4.47,-20.0
2020-09-14 13:14:14,40,0.411,4.47,-20.0
2020-09-14 13:14:14,41,0.411,4.49,-20.0
2020-09-14 13:14:14,42,0.399,4.47,-20.0
2020-09-14 13:14:14,43,0.41,4.48,-20.0
2020-09-14 13:14:14,44,0.419,4.49,-20.0
2020-09-14 13:14:14,45,0.416,4.51,-20.0
2020-09-14 13:14:14,46,0.418,4.49,-20.0
2020-09-14 13:14:14,47,0.404,4.49,-20.0
2020-09-14 13:14:14,48,0.394,4.48,-20.0
2020-09-14 13:14:14,49,0.482,4.46,24.5
2020-09-14 13:14:14,50,0.421,4.47,-20.0
2020-09-14 13:14:14,51,0.411,4.47,-20.0
2020-09-14 13:14:14,52,0.419,4.46,-20.0
2020-09-14 13:14:14,53,0.417,4.45,-20.0
2020-09-14 13:14:14,54,0.416,4.46,-20.0
2020-09-14 13:14:14,55,0.409,4.43,-20.0
2020-09-14 13:14:14,56,0.407,4.43,-20.0
2020-09-14 13:14:14,57,0.424,4.42,-20.0
2020-09-14 13:14:14,58,0.417,4.43,-20.0
2020-09-14 13:14:14,59,0.413,4.44,-20.0
2020-09-14 13:14:14,60,0.417,4.46,-20.0
2020-09-14 13:14:14,61,0.416,4.5,21.9
2020-09-14 13:14:14,62,0.412,4.49,-20.0
2020-09-14 13:14:14,63,0.405,4.48,-20.0
2020-09-14 13:14:14,64,0.405,4.47,-20.0
2020-09-14 13:14:14,65,0.405,4.45,-20.0
2020-09-14 13:14:14,66,0.415,4.45,-20.0
2020-09-14 13:14:14,67,0.411,4.43,-20.0
2020-09-14 13:14:14,68,0.412,4.46,-20.0
2020-09-14 13:14:14,69,0.42,4.45,-20.0
2020-09-14 13:14:14,70,0.41,4.46,-20.0
2020-09-14 13:14:14,71,0.416,4.49,-20.0
2020-09-14 13:14:14,72,0.411,4.49,-20.0
2020-09-14 13:14:14,73,0.414,4.52,21.9
2020-09-14 13:14:14,74,0.402,4.49,-20.0
2020-09-14 13:14:14,75,0.422,4.47,-20.0
2020-09-14 13:14:14,76,0.42,4.46,-20.0
2020-09-14 13:14:14,77,0.421,4.51,-20.0
2020-09-14 13:14:14,78,0.411,4.47,-20.0
2020-09-14 13:14:14,79,0.416,4.48,-20.0
2020-09-14 13:14:14,80,0.427,4.51,-20.0
2020-09-14 13:14:14,81,0.426,4.51,-20.0
2020-09-14 13:14:14,82,0.425,4.52,-20.0
2020-09-14 13:14:14,83,0.425,4.51,-20.0
2020-09-14 13:14:14,84,0.418,4.5,-20.0
2020-09-14 13:14:14,85,0.41,4.47,22.7
2020-09-14 13:14:14,86,0.415,4.47,-20.0
2020-09-14 13:14:14,87,0.44,4.46,-20.0
2020-09-14 13:14:14,88,0.403,4.48,-20.0
2020-09-14 13:14:14,89,0.411,4.5,-20.0
2020-09-14 13:14:14,90,0.407,4.47,-20.0
2020-09-14 13:14:14,91,0.416,4.48,-20.0
2020-09-14 13:14:14,92,0.401,4.5,-20.0
2020-09-14 13:14:14,93,0.415,4.5,-20.0
2020-09-14 13:14:14,94,0.421,4.48,-20.0
2020-09-14 13:14:14,95,0.412,4.47,-20.0
2020-09-14 13:14:14,96,0.407,4.48,-20.0
2020-09-15 01:13:48,1,0.415,4.49,25.4
2020-09-15 01:13:48,2,0.41,4.5,-20.0
2020-09-15 01:13:48,3,0.42,4.52,-20.0
2020-09-15 01:13:48,4,0.414,4.48,-20.0
2020-09-15 01:13:48,5,0.407,4.51,-20.0
2020-09-15 01:13:48,6,0.417,4.49,-20.0
2020-09-15 01:13:48,7,0.403,4.48,-20.0
2020-09-15 01:13:48,8,0.405,4.5,-20.0
2020-09-15 01:13:48,9,0.41,4.47,-20.0
2020-09-15 01:13:48,10,0.415,4.49,-20.0
2020-09-15 01:13:48,11,0.415,4.45,-20.0
2020-09-15 01:13:48,12,0.417,4.46,-20.0
2020-09-15 01:13:48,13,0.41,4.47,24.5
2020-09-15 01:13:48,14,0.416,4.5,-20.0
2020-09-15 01:13:48,15,0.413,4.51,-20.0
2020-09-15 01:13:48,16,0.427,4.53,-20.0
2020-09-15 01:13:48,17,0.416,4.49,-20.0
2020-09-15 01:13:48,18,0.428,4.49,-20.0
2020-09-15 01:13:48,19,0.438,4.47,-20.0
2020-09-15 01:13:48,20,0.409,4.47,-20.0
2020-09-15 01:13:48,21,0.414,4.47,-20.0
2020-09-15 01:13:48,22,0.416,4.47,-20.0
2020-09-15 01:13:48,23,0.445,4.48,-20.0
2020-09-15 01:13:48,24,0.411,4.49,-20.0
2020-09-15 01:13:48,25,0.415,4.51,22.0
2020-09-15 01:13:48,26,0.417,4.49,-20.0
2020-09-15 01:13:48,27,0.41,4.48,-20.0
2020-09-15 01:13:48,28,0.425,4.46,-20.0
2020-09-15 01:13:48,29,0.412,4.46,-20.0
2020-09-15 01:13:48,30,0.416,4.48,-20.0
2020-09-15 01:13:48,31,0.417,4.45,-20.0
2020-09-15 01:13:48,32,0.397,4.47,-20.0
2020-09-15 01:13:48,33,0.408,4.48,-20.0
2020-09-15 01:13:48,34,0.405,4.5,-20.0
2020-09-15 01:13:48,35,0.407,4.49,-20.0
2020-09-15 01:13:48,36,0.401,4.5,-20.0
2020-09-15 01:13:48,37,0.399,4.48,22.5
2020-09-15 01:13:48,38,0.386,4.49,-20.0
2020-09-15 01:13:48,39,0.402,4.47,-20.0
2020-09-15 01:13:48,40,0.408,4.48,-20.0
2020-09-15 01:13:48,41,0.41,4.49,-20.0
2020-09-15 01:13:48,42,0.385,4.47,-20.0
2020-09-15 01:13:48,43,0.399,4.48,-20.0
2020-09-15 01:13:48,44,0.422,4.5,-20.0
2020-09-15 01:13:48,45,0.416,4.5,-20.0
2020-09-15 01:13:48,46,0.42,4.48,-20.0
2020-09-15 01:13:48,47,0.407,4.48,-20.0
2020-09-15 01:13:48,48,0.399,4.48,-20.0
2020-09-15 01:13:48,49,0.478,4.46,24.5
2020-09-15 01:13:48,50,0.423,4.47,-20.0
2020-09-15 01:13:48,51,0.41,4.47,-20.0
2020-09-15 01:13:48,52,0.417,4.46,-20.0
2020-09-15 01:13:48,53,0.416,4.45,-20.0
2020-09-15 01:13:48,54,0.416,4.47,-20.0
2020-09-15 01:13:48,55,0.414,4.43,-20.0
2020-09-15 01:13:48,56,0.409,4.43,-20.0
2020-09-15 01:13:48,57,0.426,4.43,-20.0
2020-09-15 01:13:48,58,0.418,4.42,-20.0
2020-09-15 01:13:48,59,0.416,4.45,-20.0
2020-09-15 01:13:48,60,0.418,4.46,-20.0
2020-09-15 01:13:48,61,0.416,4.51,21.8
2020-09-15 01:13:48,62,0.412,4.49,-20.0
2020-09-15 01:13:48,63,0.407,4.48,-20.0
2020-09-15 01:13:48,64,0.408,4.46,-20.0
2020-09-15 01:13:48,65,0.407,4.45,-20.0
2020-09-15 01:13:48,66,0.416,4.45,-20.0
2020-09-15 01:13:48,67,0.409,4.42,-20.0
2020-09-15 01:13:48,68,0.415,4.46,-20.0
2020-09-15 01:13:48,69,0.419,4.45,-20.0
2020-09-15 01:13:48,70,0.408,4.47,-20.0
2020-09-15 01:13:48,71,0.418,4.49,-20.0
2020-09-15 01:13:48,72,0.413,4.49,-20.0
2020-09-15 01:13:48,73,0.415,4.52,22.0
2020-09-15 01:13:48,74,0.407,4.5,-20.0
2020-09-15 01:13:48,75,0.421,4.47,-20.0
2020-09-15 01:13:48,76,0.42,4.46,-20.0
2020-09-15 01:13:48,77,0.421,4.5,-20.0
2020-09-15 01:13:48,78,0.413,4.47,-20.0
2020-09-15 01:13:48,79,0.417,4.5,-20.0
2020-09-15 01:13:48,80,0.426,4.5,-20.0
2020-09-15 01:13:48,81,0.425,4.51,-20.0
2020-09-15 01:13:48,82,0.425,4.52,-20.0
2020-09-15 01:13:48,83,0.421,4.51,-20.0
2020-09-15 01:13:48,84,0.417,4.5,-20.0
2020-09-15 01:13:48,85,0.411,4.48,23.0
2020-09-15 01:13:48,86,0.413,4.47,-20.0
2020-09-15 01:13:48,87,0.443,4.46,-20.0
2020-09-15 01:13:48,88,0.403,4.48,-20.0
2020-09-15 01:13:48,89,0.413,4.49,-20.0
2020-09-15 01:13:48,90,0.408,4.47,-20.0
2020-09-15 01:13:48,91,0.417,4.49,-20.0
2020-09-15 01:13:48,92,0.402,4.51,-20.0
2020-09-15 01:13:48,93,0.416,4.49,-20.0
2020-09-15 01:13:48,94,0.419,4.48,-20.0
2020-09-15 01:13:48,95,0.413,4.47,-20.0
2020-09-15 01:13:48,96,0.405,4.49,-20.0
2020-09-15 13:13:24,1,0.418,4.5,25.5
2020-09-15 13:13:24,2,0.411,4.5,-20.0
2020-09-15 13:13:24,3,0.421,4.52,-20.0
2020-09-15 13:13:24,4,0.415,4.49,-20.0
2020-09-15 13:13:24,5,0.406,4.52,-20.0
2020-09-15 13:13:24,6,0.418,4.49,-20.0
2020-09-15 13:13:24,7,0.404,4.48,-20.0
2020-09-15 13:13:24,8,0.404,4.49,-20.0
2020-09-15 13:13:24,9,0.41,4.48,-20.0
2020-09-15 13:13:24,10,0.417,4.49,-20.0
2020-09-15 13:13:24,11,0.416,4.46,-20.0
2020-09-15 13:13:24,12,0.418,4.46,-20.0
2020-09-15 13:13:24,13,0.409,4.48,24.6
2020-09-15 13:13:24,14,0.416,4.5,-20.0
2020-09-15 13:13:24,15,0.412,4.51,-20.0
2020-09-15 13:13:24,16,0.428,4.52,-20.0
2020-09-15 13:13:24,17,0.418,4.47,-20.0
2020-09-15 13:13:24,18,0.429,4.49,-20.0
2020-09-15 13:13:24,19,0.438,4.48,-20.0
2020-09-15 13:13:24,20,0.412,4.48,-20.0
2020-09-15 13:13:24,21,0.415,4.48,-20.0
2020-09-15 13:13:24,22,0.418,4.47,-20.0
2020-09-15 13:13:24,23,0.45,4.49,-20.0
2020-09-15 13:13:24,24,0.411,4.5,-20.0
2020-09-15 13:13:24,25,0.416,4.5,22.0
2020-09-15 13:13:24,26,0.422,4.48,-20.0
2020-09-15 13:13:24,27,0.412,4.46,-20.0
2020-09-15 13:13:24,28,0.424,4.46,-20.0
2020-09-15 13:13:24,29,0.417,4.47,-20.0
2020-09-15 13:13:24,30,0.416,4.49,-20.0
2020-09-15 13:13:24,31,0.418,4.47,-20.0
2020-09-15 13:13:24,32,0.398,4.48,-20.0
2020-09-15 13:13:24,33,0.407,4.49,-20.0
2020-09-15 13:13:24,34,0.406,4.49,-20.0
2020-09-15 13:13:24,35,0.406,4.49,-20.0
2020-09-15 13:13:24,36,0.405,4.5,-20.0
2020-09-15 13:13:24,37,0.402,4.49,22.5
2020-09-15 13:13:24,38,0.39,4.48,-20.0
2020-09-15 13:13:24,39,0.409,4.47,-20.0
2020-09-15 13:13:24,40,0.409,4.47,-20.0
2020-09-15 13:13:24,41,0.408,4.5,-20.0
2020-09-15 13:13:24,42,0.39,4.48,-20.0
2020-09-15 13:13:24,43,0.405,4.48,-20.0
2020-09-15 13:13:24,44,0.425,4.5,-20.0
2020-09-15 13:13:24,45,0.414,4.5,-20.0
2020-09-15 13:13:24,46,0.418,4.49,-20.0
2020-09-15 13:13:24,47,0.405,4.48,-20.0
2020-09-15 13:13:24,48,0.406,4.49,-20.0
2020-09-15 13:13:24,49,0.483,4.46,24.5
2020-09-15 13:13:24,50,0.425,4.47,-20.0
2020-09-15 13:13:24,51,0.413,4.48,-20.0
2020-09-15 13:13:24,52,0.416,4.47,-20.0
2020-09-15 13:13:24,53,0.417,4.45,-20.0
2020-09-15 13:13:24,54,0.413,4.46,-20.0
2020-09-15 13:13:24,55,0.415,4.44,-20.0
2020-09-15 13:13:24,56,0.407,4.43,-20.0
2020-09-15 13:13:24,57,0.424,4.43,-20.0
2020-09-15 13:13:24,58,0.418,4.42,-20.0
2020-09-15 13:13:24,59,0.416,4.45,-20.0
2020-09-15 13:13:24,60,0.419,4.45,-20.0
2020-09-15 13:13:24,61,0.414,4.5,21.9
2020-09-15 13:13:24,62,0.413,4.49,-20.0
2020-09-15 13:13:24,63,0.41,4.48,-20.0
2020-09-15 13:13:24,64,0.406,4.46,-20.0
2020-09-15 13:13:24,65,0.409,4.45,-20.0
2020-09-15 13:13:24,66,0.414,4.45,-20.0
2020-09-15 13:13:24,67,0.411,4.44,-20.0
2020-09-15 13:13:24,68,0.416,4.46,-20.0
2020-09-15 13:13:24,69,0.419,4.45,-20.0
2020-09-15 13:13:24,70,0.411,4.46,-20.0
2020-09-15 13:13:24,71,0.418,4.49,-20.0
2020-09-15 13:13:24,72,0.415,4.49,-20.0
2020-09-15 13:13:24,73,0.415,4.52,22.1
2020-09-15 13:13:24,74,0.406,4.5,-20.0
2020-09-15 13:13:24,75,0.425,4.47,-20.0
2020-09-15 13:13:24,76,0.42,4.45,-20.0
2020-09-15 13:13:24,77,0.419,4.52,-20.0
2020-09-15 13:13:24,78,0.409,4.48,-20.0
2020-09-15 13:13:24,79,0.412,4.49,-20.0
2020-09-15 13:13:24,80,0.424,4.5,-20.0
2020-09-15 13:13:24,81,0.424,4.51,-20.0
2020-09-15 13:13:24,82,0.422,4.52,-20.0
2020-09-15 13:13:24,83,0.419,4.5,-20.0
2020-09-15 13:13:24,84,0.416,4.5,-20.0
2020-09-15 13:13:24,85,0.408,4.47,23.2
2020-09-15 13:13:24,86,0.413,4.47,-20.0
2020-09-15 13:13:24,87,0.441,4.47,-20.0
2020-09-15 13:13:24,88,0.402,4.47,-20.0
2020-09-15 13:13:24,89,0.411,4.5,-20.0
2020-09-15 13:13:24,90,0.406,4.47,-20.0
2020-09-15 13:13:24,91,0.416,4.48,-20.0
2020-09-15 13:13:24,92,0.4,4.5,-20.0
2020-09-15 13:13:24,93,0.416,4.5,-20.0
2020-09-15 13:13:24,94,0.421,4.46,-20.0
2020-09-15 13:13:24,95,0.412,4.47,-20.0
2020-09-15 13:13:24,96,0.407,4.48,-20.0
2020-09-16 01:12:55,1,0.419,4.5,25.5
2020-09-16 01:12:55,2,0.409,4.51,-20.0
2020-09-16 01:12:55,3,0.42,4.51,-20.0
2020-09-16 01:12:55,4,0.415,4.47,-20.0
2020-09-16 01:12:55,5,0.407,4.52,-20.0
2020-09-16 01:12:55,6,0.419,4.5,-20.0
2020-09-16 01:12:55,7,0.404,4.48,-20.0
2020-09-16 01:12:55,8,0.406,4.49,-20.0
2020-09-16 01:12:55,9,0.409,4.48,-20.0
2020-09-16 01:12:55,10,0.418,4.49,-20.0
2020-09-16 01:12:55,11,0.416,4.46,-20.0
2020-09-16 01:12:55,12,0.416,4.45,-20.0
2020-09-16 01:12:55,13,0.411,4.48,24.5
2020-09-16 01:12:55,14,0.416,4.49,-20.0
2020-09-16 01:12:55,15,0.416,4.53,-20.0
2020-09-16 01:12:55,16,0.424,4.52,-20.0
2020-09-16 01:12:55,17,0.416,4.49,-20.0
2020-09-16 01:12:55,18,0.429,4.49,-20.0
2020-09-16 01:12:55,19,0.44,4.47,-20.0
2020-09-16 01:12:55,20,0.411,4.48,-20.0
2020-09-16 01:12:55,21,0.416,4.49,-20.0
2020-09-16 01:12:55,22,0.415,4.48,-20.0
2020-09-16 01:12:55,23,0.448,4.48,-20.0
2020-09-16 01:12:55,24,0.411,4.48,-20.0
2020-09-16 01:12:55,25,0.416,4.5,21.8
2020-09-16 01:12:55,26,0.419,4.48,-20.0
2020-09-16 01:12:55,27,0.405,4.46,-20.0
2020-09-16 01:12:55,28,0.419,4.46,-20.0
2020-09-16 01:12:55,29,0.407,4.46,-20.0
2020-09-16 01:12:55,30,0.408,4.47,-20.0
2020-09-16 01:12:55,31,0.416,4.46,-20.0
2020-09-16 01:12:55,32,0.388,4.49,-20.0
2020-09-16 01:12:55,33,0.402,4.49,-20.0
2020-09-16 01:12:55,34,0.406,4.49,-20.0
2020-09-16 01:12:55,35,0.408,4.49,-20.0
2020-09-16 01:12:55,36,0.406,4.51,-20.0
2020-09-16 01:12:55,37,0.404,4.48,22.3
2020-09-16 01:12:55,38,0.396,4.49,-20.0
2020-09-16 01:12:55,39,0.412,4.46,-20.0
2020-09-16 01:12:55,40,0.408,4.47,-20.0
2020-09-16 01:12:55,41,0.41,4.49,-20.0
2020-09-16 01:12:55,42,0.396,4.47,-20.0
2020-09-16 01:12:55,43,0.412,4.48,-20.0
2020-09-16 01:12:55,44,0.425,4.49,-20.0
2020-09-16 01:12:55,45,0.413,4.5,-20.0
2020-09-16 01:12:55,46,0.42,4.48,-20.0
2020-09-16 01:12:55,47,0.408,4.49,-20.0
2020-09-16 01:12:55,48,0.413,4.48,-20.0
2020-09-16 01:12:55,49,0.487,4.46,24.6
2020-09-16 01:12:55,50,0.423,4.47,-20.0
2020-09-16 01:12:55,51,0.41,4.48,-20.0
2020-09-16 01:12:55,52,0.415,4.47,-20.0
2020-09-16 01:12:55,53,0.416,4.46,-20.0
2020-09-16 01:12:55,54,0.414,4.46,-20.0
2020-09-16 01:12:55,55,0.419,4.43,-20.0
2020-09-16 01:12:55,56,0.408,4.43,-20.0
2020-09-16 01:12:55,57,0.424,4.42,-20.0
2020-09-16 01:12:55,58,0.419,4.43,-20.0
2020-09-16 01:12:55,59,0.421,4.44,-20.0
2020-09-16 01:12:55,60,0.417,4.46,-20.0
2020-09-16 01:12:55,61,0.413,4.5,21.6
2020-09-16 01:12:55,62,0.411,4.5,-20.0
2020-09-16 01:12:55,63,0.411,4.48,-20.0
2020-09-16 01:12:55,64,0.406,4.46,-20.0
2020-09-16 01:12:55,65,0.411,4.45,-20.0
2020-09-16 01:12:55,66,0.418,4.45,-20.0
2020-09-16 01:12:55,67,0.411,4.43,-20.0
2020-09-16 01:12:55,68,0.414,4.46,-20.0
2020-09-16 01:12:55,69,0.415,4.45,-20.0
2020-09-16 01:12:55,70,0.41,4.47,-20.0
2020-09-16 01:12:55,71,0.416,4.49,-20.0
2020-09-16 01:12:55,72,0.413,4.49,-20.0
2020-09-16 01:12:55,73,0.415,4.52,21.7
2020-09-16 01:12:55,74,0.407,4.49,-20.0
2020-09-16 01:12:55,75,0.425,4.47,-20.0
2020-09-16 01:12:55,76,0.423,4.45,-20.0
2020-09-16 01:12:55,77,0.422,4.5,-20.0
2020-09-16 01:12:55,78,0.411,4.48,-20.0
2020-09-16 01:12:55,79,0.414,4.5,-20.0
2020-09-16 01:12:55,80,0.424,4.5,-20.0
2020-09-16 01:12:55,81,0.423,4.52,-20.0
2020-09-16 01:12:55,82,0.422,4.52,-20.0
2020-09-16 01:12:55,83,0.422,4.51,-20.0
2020-09-16 01:12:55,84,0.417,4.49,-20.0
2020-09-16 01:12:55,85,0.412,4.48,22.7
2020-09-16 01:12:55,86,0.414,4.46,-20.0
2020-09-16 01:12:55,87,0.443,4.47,-20.0
2020-09-16 01:12:55,88,0.403,4.48,-20.0
2020-09-16 01:12:55,89,0.415,4.49,-20.0
2020-09-16 01:12:55,90,0.405,4.48,-20.0
2020-09-16 01:12:55,91,0.416,4.49,-20.0
2020-09-16 01:12:55,92,0.399,4.5,-20.0
2020-09-16 01:12:55,93,0.413,4.5,-20.0
2020-09-16 01:12:55,94,0.419,4.47,-20.0
2020-09-16 01:12:55,95,0.415,4.47,-20.0
2020-09-16 01:12:55,96,0.408,4.48,-20.0
2020-09-16 13:12:20,1,0.417,4.5,25.4
2020-09-16 13:12:20,2,0.409,4.51,-20.0
2020-09-16 13:12:20,3,0.422,4.53,-20.0
2020-09-16 13:12:20,4,0.415,4.48,-20.0
2020-09-16 13:12:20,5,0.406,4.51,-20.0
2020-09-16 13:12:20,6,0.419,4.49,-20.0
2020-09-16 13:12:20,7,0.404,4.49,-20.0
2020-09-16 13:12:20,8,0.405,4.51,-20.0
2020-09-16 13:12:20,9,0.407,4.47,-20.0
2020-09-16 13:12:20,10,0.419,4.5,-20.0
2020-09-16 13:12:20,11,0.418,4.46,-20.0
2020-09-16 13:12:20,12,0.415,4.47,-20.0
2020-09-16 13:12:20,13,0.411,4.48,24.5
2020-09-16 13:12:20,14,0.416,4.49,-20.0
2020-09-16 13:12:20,15,0.415,4.52,-20.0
2020-09-16 13:12:20,16,0.426,4.52,-20.0
2020-09-16 13:12:20,17,0.416,4.49,-20.0
2020-09-16 13:12:20,18,0.427,4.49,-20.0
2020-09-16 13:12:20,19,0.439,4.48,-20.0
2020-09-16 13:12:20,20,0.412,4.47,-20.0
2020-09-16 13:12:20,21,0.415,4.48,-20.0
2020-09-16 13:12:20,22,0.415,4.47,-20.0
2020-09-16 13:12:20,23,0.447,4.49,-20.0
2020-09-16 13:12:20,24,0.411,4.5,-20.0
2020-09-16 13:12:20,25,0.419,4.51,22.1
2020-09-16 13:12:20,26,0.418,4.49,-20.0
2020-09-16 13:12:20,27,0.411,4.47,-20.0
2020-09-16 13:12:20,28,0.42,4.47,-20.0
2020-09-16 13:12:20,29,0.41,4.47,-20.0
2020-09-16 13:12:20,30,0.409,4.48,-20.0
2020-09-16 13:12:20,31,0.417,4.46,-20.0
2020-09-16 13:12:20,32,0.391,4.47,-20.0
2020-09-16 13:12:20,33,0.405,4.48,-20.0
2020-09-16 13:12:20,34,0.407,4.49,-20.0
2020-09-16 13:12:20,35,0.409,4.49,-20.0
2020-09-16 13:12:20,36,0.406,4.5,-20.0
2020-09-16 13:12:20,37,0.403,4.5,22.5
2020-09-16 13:12:20,38,0.401,4.48,-20.0
2020-09-16 13:12:20,39,0.416,4.46,-20.0
2020-09-16 13:12:20,40,0.411,4.48,-20.0
2020-09-16 13:12:20,41,0.41,4.5,-20.0
2020-09-16 13:12:20,42,0.4,4.48,-20.0
2020-09-16 13:12:20,43,0.414,4.48,-20.0
2020-09-16 13:12:20,44,0.426,4.48,-20.0
2020-09-16 13:12:20,45,0.415,4.5,-20.0
2020-09-16 13:12:20,46,0.42,4.49,-20.0
2020-09-16 13:12:20,47,0.41,4.49,-20.0
2020-09-16 13:12:20,48,0.413,4.48,-20.0
2020-09-16 13:12:20,49,0.486,4.46,24.5
2020-09-16 13:12:20,50,0.423,4.47,-20.0
2020-09-16 13:12:20,51,0.41,4.47,-20.0
2020-09-16 13:12:20,52,0.417,4.46,-20.0
2020-09-16 13:12:20,53,0.416,4.46,-20.0
2020-09-16 13:12:20,54,0.413,4.46,-20.0
2020-09-16 13:12:20,55,0.414,4.43,-20.0
2020-09-16 13:12:20,56,0.405,4.43,-20.0
2020-09-16 13:12:20,57,0.423,4.43,-20.0
2020-09-16 13:12:20,58,0.42,4.42,-20.0
2020-09-16 13:12:20,59,0.423,4.44,-20.0
2020-09-16 13:12:20,60,0.417,4.47,-20.0
2020-09-16 13:12:20,61,0.412,4.5,21.9
2020-09-16 13:12:20,62,0.414,4.5,-20.0
2020-09-16 13:12:20,63,0.412,4.48,-20.0
2020-09-16 13:12:20,64,0.407,4.46,-20.0
2020-09-16 13:12:20,65,0.41,4.45,-20.0
2020-09-16 13:12:20,66,0.419,4.46,-20.0
2020-09-16 13:12:20,67,0.411,4.44,-20.0
2020-09-16 13:12:20,68,0.416,4.46,-20.0
2020-09-16 13:12:20,69,0.407,4.44,-20.0
2020-09-16 13:12:20,70,0.396,4.47,-20.0
2020-09-16 13:12:20,71,0.414,4.49,-20.0
2020-09-16 13:12:20,72,0.412,4.49,-20.0
2020-09-16 13:12:20,73,0.403,4.52,22.1
2020-09-16 13:12:20,74,0.402,4.5,-20.0
2020-09-16 13:12:20,75,0.426,4.47,-20.0
2020-09-16 13:12:20,76,0.423,4.45,-20.0
2020-09-16 13:12:20,77,0.422,4.51,-20.0
2020-09-16 13:12:20,78,0.407,4.48,-20.0
2020-09-16 13:12:20,79,0.415,4.5,-20.0
2020-09-16 13:12:20,80,0.423,4.5,-20.0
2020-09-16 13:12:20,81,0.424,4.51,-20.0
2020-09-16 13:12:20,82,0.42,4.52,-20.0
2020-09-16 13:12:20,83,0.423,4.51,-20.0
2020-09-16 13:12:20,84,0.419,4.49,-20.0
2020-09-16 13:12:20,85,0.414,4.48,23.3
2020-09-16 13:12:20,86,0.413,4.47,-20.0
2020-09-16 13:12:20,87,0.446,4.46,-20.0
2020-09-16 13:12:20,88,0.402,4.48,-20.0
2020-09-16 13:12:20,89,0.413,4.5,-20.0
2020-09-16 13:12:20,90,0.409,4.48,-20.0
2020-09-16 13:12:20,91,0.416,4.48,-20.0
2020-09-16 13:12:20,92,0.399,4.5,-20.0
2020-09-16 13:12:20,93,0.415,4.5,-20.0
2020-09-16 13:12:20,94,0.42,4.47,-20.0
2020-09-16 13:12:20,95,0.416,4.46,-20.0
2020-09-16 13:12:20,96,0.408,4.48,-20.0
2020-09-17 01:11:52,1,0.416,4.5,25.4
2020-09-17 01:11:52,2,0.409,4.51,-20.0
2020-09-17 01:11:52,3,0.42,4.52,-20.0
2020-09-17 01:11:52,4,0.414,4.48,-20.0
2020-09-17 01:11:52,5,0.405,4.5,-20.0
2020-09-17 01:11:52,6,0.417,4.5,-20.0
2020-09-17 01:11:52,7,0.405,4.48,-20.0
2020-09-17 01:11:52,8,0.408,4.5,-20.0
2020-09-17 01:11:52,9,0.408,4.47,-20.0
2020-09-17 01:11:52,10,0.418,4.49,-20.0
2020-09-17 01:11:52,11,0.416,4.45,-20.0
2020-09-17 01:11:52,12,0.412,4.47,-20.0
2020-09-17 01:11:52,13,0.41,4.48,24.6
2020-09-17 01:11:52,14,0.416,4.49,-20.0
2020-09-17 01:11:52,15,0.412,4.52,-20.0
2020-09-17 01:11:52,16,0.424,4.52,-20.0
2020-09-17 01:11:52,17,0.415,4.49,-20.0
2020-09-17 01:11:52,18,0.422,4.49,-20.0
2020-09-17 01:11:52,19,0.434,4.47,-20.0
2020-09-17 01:11:52,20,0.41,4.47,-20.0
2020-09-17 01:11:52,21,0.415,4.48,-20.0
2020-09-17 01:11:52,22,0.416,4.47,-20.0
2020-09-17 01:11:52,23,0.444,4.48,-20.0
2020-09-17 01:11:52,24,0.41,4.49,-20.0
2020-09-17 01:11:52,25,0.418,4.49,22.1
2020-09-17 01:11:52,26,0.421,4.49,-20.0
2020-09-17 01:11:52,27,0.412,4.46,-20.0
2020-09-17 01:11:52,28,0.422,4.47,-20.0
2020-09-17 01:11:52,29,0.414,4.47,-20.0
2020-09-17 01:11:52,30,0.409,4.49,-20.0
2020-09-17 01:11:52,31,0.417,4.46,-20.0
2020-09-17 01:11:52,32,0.396,4.46,-20.0
2020-09-17 01:11:52,33,0.408,4.48,-20.0
2020-09-17 01:11:52,34,0.411,4.49,-20.0
2020-09-17 01:11:52,35,0.416,4.48,-20.0
2020-09-17 01:11:52,36,0.407,4.51,-20.0
2020-09-17 01:11:52,37,0.41,4.48,22.6
2020-09-17 01:11:52,38,0.406,4.49,-20.0
2020-09-17 01:11:52,39,0.416,4.47,-20.0
2020-09-17 01:11:52,40,0.412,4.48,-20.0
2020-09-17 01:11:52,41,0.412,4.5,-20.0
2020-09-17 01:11:52,42,0.405,4.47,-20.0
2020-09-17 01:11:52,43,0.416,4.48,-20.0
2020-09-17 01:11:52,44,0.428,4.49,-20.0
2020-09-17 01:11:52,45,0.413,4.49,-20.0
2020-09-17 01:11:52,46,0.422,4.49,-20.0
2020-09-17 01:11:52,47,0.411,4.49,-20.0
2020-09-17 01:11:52,48,0.415,4.48,-20.0
2020-09-17 01:11:52,49,0.488,4.46,24.6
2020-09-17 01:11:52,50,0.423,4.47,-20.0
2020-09-17 01:11:52,51,0.412,4.47,-20.0
2020-09-17 01:11:52,52,0.418,4.47,-20.0
2020-09-17 01:11:52,53,0.416,4.45,-20.0
2020-09-17 01:11:52,54,0.413,4.46,-20.0
2020-09-17 01:11:52,55,0.416,4.43,-20.0
2020-09-17 01:11:52,56,0.407,4.44,-20.0
2020-09-17 01:11:52,57,0.42,4.43,-20.0
2020-09-17 01:11:52,58,0.421,4.42,-20.0
2020-09-17 01:11:52,59,0.423,4.45,-20.0
2020-09-17 01:11:52,60,0.419,4.46,-20.0
2020-09-17 01:11:52,61,0.415,4.49,21.9
2020-09-17 01:11:52,62,0.412,4.49,-20.0
2020-09-17 01:11:52,63,0.413,4.48,-20.0
2020-09-17 01:11:52,64,0.406,4.46,-20.0
2020-09-17 01:11:52,65,0.41,4.45,-20.0
2020-09-17 01:11:52,66,0.419,4.45,-20.0
2020-09-17 01:11:52,67,0.409,4.43,-20.0
2020-09-17 01:11:52,68,0.418,4.45,-20.0
2020-09-17 01:11:52,69,0.411,4.46,-20.0
2020-09-17 01:11:52,70,0.398,4.47,-20.0
2020-09-17 01:11:52,71,0.413,4.49,-20.0
2020-09-17 01:11:52,72,0.413,4.49,-20.0
2020-09-17 01:11:52,73,0.407,4.52,22.3
2020-09-17 01:11:52,74,0.404,4.5,-20.0
2020-09-17 01:11:52,75,0.428,4.47,-20.0
2020-09-17 01:11:52,76,0.425,4.45,-20.0
2020-09-17 01:11:52,77,0.421,4.5,-20.0
2020-09-17 01:11:52,78,0.408,4.47,-20.0
2020-09-17 01:11:52,79,0.413,4.5,-20.0
2020-09-17 01:11:52,80,0.424,4.51,-20.0
2020-09-17 01:11:52,81,0.425,4.5,-20.0
2020-09-17 01:11:52,82,0.42,4.51,-20.0
2020-09-17 01:11:52,83,0.427,4.51,-20.0
2020-09-17 01:11:52,84,0.421,4.49,-20.0
2020-09-17 01:11:52,85,0.415,4.47,23.5
2020-09-17 01:11:52,86,0.412,4.46,-20.0
2020-09-17 01:11:52,87,0.443,4.47,-20.0
2020-09-17 01:11:52,88,0.405,4.47,-20.0
2020-09-17 01:11:52,89,0.412,4.5,-20.0
2020-09-17 01:11:52,90,0.41,4.47,-20.0
2020-09-17 01:11:52,91,0.419,4.49,-20.0
2020-09-17 01:11:52,92,0.399,4.5,-20.0
2020-09-17 01:11:52,93,0.414,4.5,-20.0
2020-09-17 01:11:52,94,0.42,4.47,-20.0
2020-09-17 01:11:52,95,0.416,4.46,-20.0
2020-09-17 01:11:52,96,0.41,4.49,-20.0
2020-09-17 13:11:26,1,0.414,4.5,25.4
2020-09-17 13:11:26,2,0.41,4.51,-20.0
2020-09-17 13:11:26,3,0.421,4.53,-20.0
2020-09-17 13:11:26,4,0.414,4.48,-20.0
2020-09-17 13:11:26,5,0.404,4.5,-20.0
2020-09-17 13:11:26,6,0.417,4.5,-20.0
2020-09-17 13:11:26,7,0.405,4.48,-20.0
2020-09-17 13:11:26,8,0.405,4.5,-20.0
2020-09-17 13:11:26,9,0.408,4.48,-20.0
2020-09-17 13:11:26,10,0.417,4.5,-20.0
2020-09-17 13:11:26,11,0.415,4.46,-20.0
2020-09-17 13:11:26,12,0.414,4.46,-20.0
2020-09-17 13:11:26,13,0.409,4.48,24.7
2020-09-17 13:11:26,14,0.416,4.49,-20.0
2020-09-17 13:11:26,15,0.414,4.51,-20.0
2020-09-17 13:11:26,16,0.425,4.51,-20.0
2020-09-17 13:11:26,17,0.412,4.48,-20.0
2020-09-17 13:11:26,18,0.422,4.49,-20.0
2020-09-17 13:11:26,19,0.437,4.46,-20.0
2020-09-17 13:11:26,20,0.41,4.48,-20.0
2020-09-17 13:11:26,21,0.415,4.47,-20.0
2020-09-17 13:11:26,22,0.413,4.48,-20.0
2020-09-17 13:11:26,23,0.442,4.49,-20.0
2020-09-17 13:11:26,24,0.409,4.49,-20.0
2020-09-17 13:11:26,25,0.417,4.49,22.1
2020-09-17 13:11:26,26,0.42,4.48,-20.0
2020-09-17 13:11:26,27,0.41,4.47,-20.0
2020-09-17 13:11:26,28,0.422,4.47,-20.0
2020-09-17 13:11:26,29,0.416,4.46,-20.0
2020-09-17 13:11:26,30,0.411,4.48,-20.0
2020-09-17 13:11:26,31,0.417,4.46,-20.0
2020-09-17 13:11:26,32,0.4,4.47,-20.0
2020-09-17 13:11:26,33,0.408,4.49,-20.0
2020-09-17 13:11:26,34,0.411,4.49,-20.0
2020-09-17 13:11:26,35,0.413,4.49,-20.0
2020-09-17 13:11:26,36,0.405,4.5,-20.0
2020-09-17 13:11:26,37,0.41,4.48,22.6
2020-09-17 13:11:26,38,0.411,4.49,-20.0
2020-09-17 13:11:26,39,0.42,4.47,-20.0
2020-09-17 13:11:26,40,0.412,4.47,-20.0
2020-09-17 13:11:26,41,0.411,4.51,-20.0
2020-09-17 13:11:26,42,0.405,4.48,-20.0
2020-09-17 13:11:26,43,0.418,4.48,-20.0
2020-09-17 13:11:26,44,0.43,4.49,-20.0
2020-09-17 13:11:26,45,0.414,4.49,-20.0
2020-09-17 13:11:26,46,0.422,4.49,-20.0
2020-09-17 13:11:26,47,0.413,4.49,-20.0
2020-09-17 13:11:26,48,0.415,4.48,-20.0
2020-09-17 13:11:26,49,0.487,4.46,24.7
2020-09-17 13:11:26,50,0.428,4.47,-20.0
2020-09-17 13:11:26,51,0.414,4.47,-20.0
2020-09-17 13:11:26,52,0.416,4.47,-20.0
2020-09-17 13:11:26,53,0.416,4.45,-20.0
2020-09-17 13:11:26,54,0.413,4.46,-20.0
2020-09-17 13:11:26,55,0.418,4.44,-20.0
2020-09-17 13:11:26,56,0.409,4.44,-20.0
2020-09-17 13:11:26,57,0.418,4.43,-20.0
2020-09-17 13:11:26,58,0.412,4.43,-20.0
2020-09-17 13:11:26,59,0.403,4.44,-20.0
2020-09-17 13:11:26,60,0.407,4.46,-20.0
2020-09-17 13:11:26,61,0.414,4.5,22.1
2020-09-17 13:11:26,62,0.409,4.49,-20.0
2020-09-17 13:11:26,63,0.401,4.48,-20.0
2020-09-17 13:11:26,64,0.402,4.46,-20.0
2020-09-17 13:11:26,65,0.405,4.45,-20.0
2020-09-17 13:11:26,66,0.419,4.45,-20.0
2020-09-17 13:11:26,67,0.409,4.43,-20.0
2020-09-17 13:11:26,68,0.415,4.46,-20.0
2020-09-17 13:11:26,69,0.407,4.45,-20.0
2020-09-17 13:11:26,70,0.4,4.48,-20.0
2020-09-17 13:11:26,71,0.413,4.49,-20.0
2020-09-17 13:11:26,72,0.412,4.48,-20.0
2020-09-17 13:11:26,73,0.408,4.52,22.5
2020-09-17 13:11:26,74,0.404,4.5,-20.0
2020-09-17 13:11:26,75,0.426,4.48,-20.0
2020-09-17 13:11:26,76,0.425,4.46,-20.0
2020-09-17 13:11:26,77,0.42,4.51,-20.0
2020-09-17 13:11:26,78,0.409,4.47,-20.0
2020-09-17 13:11:26,79,0.414,4.49,-20.0
2020-09-17 13:11:26,80,0.426,4.51,-20.0
2020-09-17 13:11:26,81,0.423,4.51,-20.0
2020-09-17 13:11:26,82,0.417,4.52,-20.0
2020-09-17 13:11:26,83,0.426,4.5,-20.0
2020-09-17 13:11:26,84,0.421,4.5,-20.0
2020-09-17 13:11:26,85,0.418,4.48,23.8
2020-09-17 13:11:26,86,0.415,4.47,-20.0
2020-09-17 13:11:26,87,0.445,4.46,-20.0
2020-09-17 13:11:26,88,0.408,4.48,-20.0
2020-09-17 13:11:26,89,0.409,4.5,-20.0
2020-09-17 13:11:26,90,0.41,4.47,-20.0
2020-09-17 13:11:26,91,0.42,4.49,-20.0
2020-09-17 13:11:26,92,0.403,4.5,-20.0
2020-09-17 13:11:26,93,0.416,4.5,-20.0
2020-09-17 13:11:26,94,0.422,4.47,-20.0
2020-09-17 13:11:26,95,0.417,4.46,-20.0
2020-09-17 13:11:26,96,0.41,4.48,-20.0
2020-09-18 01:10:48,1,0.414,4.5,25.5
2020-09-18 01:10:48,2,0.41,4.5,-20.0
2020-09-18 01:10:48,3,0.419,4.52,-20.0
2020-09-18 01:10:48,4,0.414,4.48,-20.0
2020-09-18 01:10:48,5,0.403,4.51,-20.0
2020-09-18 01:10:48,6,0.415,4.5,-20.0
2020-09-18 01:10:48,7,0.402,4.49,-20.0
2020-09-18 01:10:48,8,0.4,4.51,-20.0
2020-09-18 01:10:48,9,0.41,4.48,-20.0
2020-09-18 01:10:48,10,0.414,4.5,-20.0
2020-09-18 01:10:48,11,0.41,4.45,-20.0
2020-09-18 01:10:48,12,0.41,4.46,-20.0
2020-09-18 01:10:48,13,0.409,4.48,24.6
2020-09-18 01:10:48,14,0.412,4.49,-20.0
2020-09-18 01:10:48,15,0.414,4.51,-20.0
2020-09-18 01:10:48,16,0.424,4.51,-20.0
2020-09-18 01:10:48,17,0.412,4.49,-20.0
2020-09-18 01:10:48,18,0.422,4.49,-20.0
2020-09-18 01:10:48,19,0.439,4.46,-20.0
2020-09-18 01:10:48,20,0.41,4.47,-20.0
2020-09-18 01:10:48,21,0.412,4.49,-20.0
2020-09-18 01:10:48,22,0.412,4.47,-20.0
2020-09-18 01:10:48,23,0.443,4.47,-20.0
2020-09-18 01:10:48,24,0.411,4.49,-20.0
2020-09-18 01:10:48,25,0.415,4.51,22.1
2020-09-18 01:10:48,26,0.42,4.48,-20.0
2020-09-18 01:10:48,27,0.411,4.47,-20.0
2020-09-18 01:10:48,28,0.422,4.46,-20.0
2020-09-18 01:10:48,29,0.417,4.47,-20.0
2020-09-18 01:10:48,30,0.412,4.48,-20.0
2020-09-18 01:10:48,31,0.42,4.46,-20.0
2020-09-18 01:10:48,32,0.402,4.47,-20.0
2020-09-18 01:10:48,33,0.408,4.49,-20.0
2020-09-18 01:10:48,34,0.413,4.48,-20.0
2020-09-18 01:10:48,35,0.411,4.49,-20.0
2020-09-18 01:10:48,36,0.409,4.51,-20.0
2020-09-18 01:10:48,37,0.411,4.49,22.6
2020-09-18 01:10:48,38,0.414,4.48,-20.0
2020-09-18 01:10:48,39,0.419,4.47,-20.0
2020-09-18 01:10:48,40,0.41,4.48,-20.0
2020-09-18 01:10:48,41,0.41,4.49,-20.0
2020-09-18 01:10:48,42,0.405,4.47,-20.0
2020-09-18 01:10:48,43,0.418,4.49,-20.0
2020-09-18 01:10:48,44,0.428,4.49,-20.0
2020-09-18 01:10:48,45,0.414,4.49,-20.0
2020-09-18 01:10:48,46,0.419,4.49,-20.0
2020-09-18 01:10:48,47,0.417,4.49,-20.0
2020-09-18 01:10:48,48,0.419,4.48,-20.0
2020-09-18 01:10:48,49,0.486,4.46,24.5
2020-09-18 01:10:48,50,0.427,4.47,-20.0
2020-09-18 01:10:48,51,0.415,4.47,-20.0
2020-09-18 01:10:48,52,0.414,4.46,-20.0
2020-09-18 01:10:48,53,0.417,4.45,-20.0
2020-09-18 01:10:48,54,0.413,4.46,-20.0
2020-09-18 01:10:48,55,0.417,4.44,-20.0
2020-09-18 01:10:48,56,0.409,4.43,-20.0
2020-09-18 01:10:48,57,0.42,4.43,-20.0
2020-09-18 01:10:48,58,0.415,4.42,-20.0
2020-09-18 01:10:48,59,0.41,4.45,-20.0
2020-09-18 01:10:48,60,0.404,4.46,-20.0
2020-09-18 01:10:48,61,0.415,4.5,22.1
2020-09-18 01:10:48,62,0.408,4.5,-20.0
2020-09-18 01:10:48,63,0.402,4.48,-20.0
2020-09-18 01:10:48,64,0.403,4.46,-20.0
2020-09-18 01:10:48,65,0.405,4.45,-20.0
2020-09-18 01:10:48,66,0.419,4.45,-20.0
2020-09-18 01:10:48,67,0.413,4.43,-20.0
2020-09-18 01:10:48,68,0.418,4.45,-20.0
2020-09-18 01:10:48,69,0.41,4.46,-20.0
2020-09-18 01:10:48,70,0.403,4.47,-20.0
2020-09-18 01:10:48,71,0.413,4.48,-20.0
2020-09-18 01:10:48,72,0.416,4.49,-20.0
2020-09-18 01:10:48,73,0.409,4.52,22.3
2020-09-18 01:10:48,74,0.405,4.51,-20.0
2020-09-18 01:10:48,75,0.427,4.47,-20.0
2020-09-18 01:10:48,76,0.426,4.45,-20.0
2020-09-18 01:10:48,77,0.42,4.5,-20.0
2020-09-18 01:10:48,78,0.409,4.47,-20.0
2020-09-18 01:10:48,79,0.413,4.49,-20.0
2020-09-18 01:10:48,80,0.429,4.51,-20.0
2020-09-18 01:10:48,81,0.425,4.51,-20.0
2020-09-18 01:10:48,82,0.419,4.51,-20.0
2020-09-18 01:10:48,83,0.427,4.5,-20.0
2020-09-18 01:10:48,84,0.422,4.49,-20.0
2020-09-18 01:10:48,85,0.416,4.48,23.2
2020-09-18 01:10:48,86,0.415,4.47,-20.0
2020-09-18 01:10:48,87,0.442,4.46,-20.0
2020-09-18 01:10:48,88,0.406,4.47,-20.0
2020-09-18 01:10:48,89,0.409,4.5,-20.0
2020-09-18 01:10:48,90,0.409,4.48,-20.0
2020-09-18 01:10:48,91,0.42,4.48,-20.0
2020-09-18 01:10:48,92,0.403,4.5,-20.0
2020-09-18 01:10:48,93,0.417,4.5,-20.0
2020-09-18 01:10:48,94,0.42,4.48,-20.0
2020-09-18 01:10:48,95,0.416,4.46,-20.0
2020-09-18 01:10:48,96,0.412,4.49,-20.0
2020-09-18 13:10:28,1,0.414,4.5,25.5
2020-09-18 13:10:28,2,0.41,4.51,-20.0
2020-09-18 13:10:28,3,0.419,4.52,-20.0
2020-09-18 13:10:28,4,0.416,4.48,-20.0
2020-09-18 13:10:28,5,0.406,4.52,-20.0
2020-09-18 13:10:28,6,0.416,4.5,-20.0
2020-09-18 13:10:28,7,0.406,4.47,-20.0
2020-09-18 13:10:28,8,0.402,4.5,-20.0
2020-09-18 13:10:28,9,0.41,4.48,-20.0
2020-09-18 13:10:28,10,0.416,4.51,-20.0
2020-09-18 13:10:28,11,0.411,4.46,-20.0
2020-09-18 13:10:28,12,0.411,4.47,-20.0
2020-09-18 13:10:28,13,0.409,4.47,24.6
2020-09-18 13:10:28,14,0.413,4.49,-20.0
2020-09-18 13:10:28,15,0.413,4.51,-20.0
2020-09-18 13:10:28,16,0.426,4.51,-20.0
2020-09-18 13:10:28,17,0.416,4.49,-20.0
2020-09-18 13:10:28,18,0.421,4.49,-20.0
2020-09-18 13:10:28,19,0.437,4.47,-20.0
2020-09-18 13:10:28,20,0.411,4.48,-20.0
2020-09-18 13:10:28,21,0.409,4.48,-20.0
2020-09-18 13:10:28,22,0.413,4.47,-20.0
2020-09-18 13:10:28,23,0.445,4.49,-20.0
2020-09-18 13:10:28,24,0.412,4.49,-20.0
2020-09-18 13:10:28,25,0.413,4.51,22.2
2020-09-18 13:10:28,26,0.422,4.48,-20.0
2020-09-18 13:10:28,27,0.414,4.47,-20.0
2020-09-18 13:10:28,28,0.422,4.47,-20.0
2020-09-18 13:10:28,29,0.417,4.46,-20.0
2020-09-18 13:10:28,30,0.41,4.47,-20.0
2020-09-18 13:10:28,31,0.415,4.47,-20.0
2020-09-18 13:10:28,32,0.408,4.48,-20.0
2020-09-18 13:10:28,33,0.409,4.49,-20.0
2020-09-18 13:10:28,34,0.414,4.48,-20.0
2020-09-18 13:10:28,35,0.412,4.49,-20.0
2020-09-18 13:10:28,36,0.409,4.5,-20.0
2020-09-18 13:10:28,37,0.413,4.49,22.6
2020-09-18 13:10:28,38,0.415,4.49,-20.0
2020-09-18 13:10:28,39,0.42,4.47,-20.0
2020-09-18 13:10:28,40,0.41,4.47,-20.0
2020-09-18 13:10:28,41,0.409,4.5,-20.0
2020-09-18 13:10:28,42,0.407,4.47,-20.0
2020-09-18 13:10:28,43,0.402,4.47,-20.0
2020-09-18 13:10:28,44,0.419,4.49,-20.0
2020-09-18 13:10:28,45,0.413,4.49,-20.0
2020-09-18 13:10:28,46,0.418,4.48,-20.0
2020-09-18 13:10:28,47,0.397,4.48,-20.0
2020-09-18 13:10:28,48,0.405,4.48,-20.0
2020-09-18 13:10:28,49,0.482,4.47,24.8
2020-09-18 13:10:28,50,0.427,4.47,-20.0
2020-09-18 13:10:28,51,0.413,4.48,-20.0
2020-09-18 13:10:28,52,0.413,4.47,-20.0
2020-09-18 13:10:28,53,0.414,4.45,-20.0
2020-09-18 13:10:28,54,0.412,4.46,-20.0
2020-09-18 13:10:28,55,0.411,4.44,-20.0
2020-09-18 13:10:28,56,0.406,4.43,-20.0
2020-09-18 13:10:28,57,0.419,4.43,-20.0
2020-09-18 13:10:28,58,0.409,4.43,-20.0
2020-09-18 13:10:28,59,0.393,4.44,-20.0
2020-09-18 13:10:28,60,0.414,4.46,-20.0
2020-09-18 13:10:28,61,0.418,4.5,22.1
2020-09-18 13:10:28,62,0.41,4.49,-20.0
2020-09-18 13:10:28,63,0.404,4.48,-20.0
2020-09-18 13:10:28,64,0.403,4.46,-20.0
2020-09-18 13:10:28,65,0.405,4.45,-20.0
2020-09-18 13:10:28,66,0.417,4.46,-20.0
2020-09-18 13:10:28,67,0.413,4.43,-20.0
2020-09-18 13:10:28,68,0.42,4.46,-20.0
2020-09-18 13:10:28,69,0.413,4.46,-20.0
2020-09-18 13:10:28,70,0.405,4.47,-20.0
2020-09-18 13:10:28,71,0.414,4.49,-20.0
2020-09-18 13:10:28,72,0.418,4.49,-20.0
2020-09-18 13:10:28,73,0.411,4.52,22.4
2020-09-18 13:10:28,74,0.409,4.49,-20.0
2020-09-18 13:10:28,75,0.427,4.47,-20.0
2020-09-18 13:10:28,76,0.425,4.44,-20.0
2020-09-18 13:10:28,77,0.419,4.51,-20.0
2020-09-18 13:10:28,78,0.408,4.47,-20.0
2020-09-18 13:10:28,79,0.411,4.49,-20.0
2020-09-18 13:10:28,80,0.426,4.52,-20.0
2020-09-18 13:10:28,81,0.426,4.52,-20.0
2020-09-18 13:10:28,82,0.421,4.52,-20.0
2020-09-18 13:10:28,83,0.424,4.51,-20.0
2020-09-18 13:10:28,84,0.421,4.5,-20.0
2020-09-18 13:10:28,85,0.415,4.48,23.3
2020-09-18 13:10:28,86,0.416,4.47,-20.0
2020-09-18 13:10:28,87,0.44,4.47,-20.0
2020-09-18 13:10:28,88,0.405,4.48,-20.0
2020-09-18 13:10:28,89,0.41,4.51,-20.0
2020-09-18 13:10:28,90,0.41,4.48,-20.0
2020-09-18 13:10:28,91,0.421,4.49,-20.0
2020-09-18 13:10:28,92,0.402,4.5,-20.0
2020-09-18 13:10:28,93,0.416,4.5,-20.0
2020-09-18 13:10:28,94,0.421,4.48,-20.0
2020-09-18 13:10:28,95,0.415,4.46,-20.0
2020-09-18 13:10:28,96,0.413,4.49,-20.0
2020-09-19 01:10:00,1,0.413,4.51,25.5
2020-09-19 01:10:00,2,0.409,4.51,-20.0
2020-09-19 01:10:00,3,0.415,4.53,-20.0
2020-09-19 01:10:00,4,0.414,4.48,-20.0
2020-09-19 01:10:00,5,0.404,4.51,-20.0
2020-09-19 01:10:00,6,0.416,4.5,-20.0
2020-09-19 01:10:00,7,0.404,4.48,-20.0
2020-09-19 01:10:00,8,0.402,4.49,-20.0
2020-09-19 01:10:00,9,0.411,4.47,-20.0
2020-09-19 01:10:00,10,0.417,4.5,-20.0
2020-09-19 01:10:00,11,0.415,4.46,-20.0
2020-09-19 01:10:00,12,0.412,4.46,-20.0
2020-09-19 01:10:00,13,0.412,4.48,24.6
2020-09-19 01:10:00,14,0.415,4.49,-20.0
2020-09-19 01:10:00,15,0.414,4.53,-20.0
2020-09-19 01:10:00,16,0.427,4.52,-20.0
2020-09-19 01:10:00,17,0.411,4.5,-20.0
2020-09-19 01:10:00,18,0.425,4.49,-20.0
2020-09-19 01:10:00,19,0.437,4.47,-20.0
2020-09-19 01:10:00,20,0.41,4.47,-20.0
2020-09-19 01:10:00,21,0.412,4.48,-20.0
2020-09-19 01:10:00,22,0.414,4.46,-20.0
2020-09-19 01:10:00,23,0.447,4.48,-20.0
2020-09-19 01:10:00,24,0.411,4.49,-20.0
2020-09-19 01:10:00,25,0.415,4.51,22.1
2020-09-19 01:10:00,26,0.424,4.49,-20.0
2020-09-19 01:10:00,27,0.41,4.46,-20.0
2020-09-19 01:10:00,28,0.421,4.47,-20.0
2020-09-19 01:10:00,29,0.42,4.46,-20.0
2020-09-19 01:10:00,30,0.414,4.49,-20.0
2020-09-19 01:10:00,31,0.414,4.46,-20.0
2020-09-19 01:10:00,32,0.408,4.47,-20.0
2020-09-19 01:10:00,33,0.41,4.49,-20.0
2020-09-19 01:10:00,34,0.415,4.49,-20.0
2020-09-19 01:10:00,35,0.414,4.48,-20.0
2020-09-19 01:10:00,36,0.406,4.5,-20.0
2020-09-19 01:10:00,37,0.412,4.49,22.6
2020-09-19 01:10:00,38,0.413,4.5,-20.0
2020-09-19 01:10:00,39,0.421,4.46,-20.0
2020-09-19 01:10:00,40,0.41,4.48,-20.0
2020-09-19 01:10:00,41,0.409,4.5,-20.0
2020-09-19 01:10:00,42,0.406,4.48,-20.0
2020-09-19 01:10:00,43,0.406,4.48,-20.0
2020-09-19 01:10:00,44,0.423,4.49,-20.0
2020-09-19 01:10:00,45,0.413,4.5,-20.0
2020-09-19 01:10:00,46,0.418,4.48,-20.0
2020-09-19 01:10:00,47,0.401,4.49,-20.0
2020-09-19 01:10:00,48,0.408,4.48,-20.0
2020-09-19 01:10:00,49,0.48,4.46,24.7
2020-09-19 01:10:00,50,0.429,4.47,-20.0
2020-09-19 01:10:00,51,0.412,4.48,-20.0
2020-09-19 01:10:00,52,0.412,4.47,-20.0
2020-09-19 01:10:00,53,0.417,4.46,-20.0
2020-09-19 01:10:00,54,0.415,4.47,-20.0
2020-09-19 01:10:00,55,0.413,4.43,-20.0
2020-09-19 01:10:00,56,0.408,4.43,-20.0
2020-09-19 01:10:00,57,0.419,4.43,-20.0
2020-09-19 01:10:00,58,0.411,4.43,-20.0
2020-09-19 01:10:00,59,0.396,4.45,-20.0
2020-09-19 01:10:00,60,0.416,4.46,-20.0
2020-09-19 01:10:00,61,0.417,4.5,22.0
2020-09-19 01:10:00,62,0.407,4.49,-20.0
2020-09-19 01:10:00,63,0.404,4.48,-20.0
2020-09-19 01:10:00,64,0.403,4.46,-20.0
2020-09-19 01:10:00,65,0.404,4.45,-20.0
2020-09-19 01:10:00,66,0.418,4.46,-20.0
2020-09-19 01:10:00,67,0.417,4.42,-20.0
2020-09-19 01:10:00,68,0.415,4.46,-20.0
2020-09-19 01:10:00,69,0.415,4.45,-20.0
2020-09-19 01:10:00,70,0.399,4.47,-20.0
2020-09-19 01:10:00,71,0.411,4.49,-20.0
2020-09-19 01:10:00,72,0.422,4.49,-20.0
2020-09-19 01:10:00,73,0.414,4.52,22.3
2020-09-19 01:10:00,74,0.41,4.5,-20.0
2020-09-19 01:10:00,75,0.428,4.47,-20.0
2020-09-19 01:10:00,76,0.428,4.44,-20.0
2020-09-19 01:10:00,77,0.421,4.51,-20.0
2020-09-19 01:10:00,78,0.409,4.48,-20.0
2020-09-19 01:10:00,79,0.412,4.49,-20.0
2020-09-19 01:10:00,80,0.426,4.51,-20.0
2020-09-19 01:10:00,81,0.424,4.51,-20.0
2020-09-19 01:10:00,82,0.423,4.52,-20.0
2020-09-19 01:10:00,83,0.424,4.5,-20.0
2020-09-19 01:10:00,84,0.42,4.5,-20.0
2020-09-19 01:10:00,85,0.411,4.48,23.2
2020-09-19 01:10:00,86,0.417,4.47,-20.0
2020-09-19 01:10:00,87,0.44,4.47,-20.0
2020-09-19 01:10:00,88,0.406,4.47,-20.0
2020-09-19 01:10:00,89,0.407,4.5,-20.0
2020-09-19 01:10:00,90,0.404,4.47,-20.0
2020-09-19 01:10:00,91,0.42,4.49,-20.0
2020-09-19 01:10:00,92,0.4,4.5,-20.0
2020-09-19 01:10:00,93,0.418,4.5,-20.0
2020-09-19 01:10:00,94,0.422,4.47,-20.0
2020-09-19 01:10:00,95,0.414,4.46,-20.0
2020-09-19 01:10:00,96,0.411,4.49,-20.0
2020-09-19 13:09:29,1,0.413,4.5,25.5
2020-09-19 13:09:29,2,0.412,4.51,-20.0
2020-09-19 13:09:29,3,0.415,4.52,-20.0
2020-09-19 13:09:29,4,0.413,4.48,-20.0
2020-09-19 13:09:29,5,0.404,4.52,-20.0
2020-09-19 13:09:29,6,0.416,4.5,-20.0
2020-09-19 13:09:29,7,0.407,4.49,-20.0
2020-09-19 13:09:29,8,0.405,4.5,-20.0
2020-09-19 13:09:29,9,0.414,4.48,-20.0
2020-09-19 13:09:29,10,0.419,4.49,-20.0
2020-09-19 13:09:29,11,0.415,4.46,-20.0
2020-09-19 13:09:29,12,0.412,4.47,-20.0
2020-09-19 13:09:29,13,0.411,4.48,24.5
2020-09-19 13:09:29,14,0.416,4.49,-20.0
2020-09-19 13:09:29,15,0.414,4.52,-20.0
2020-09-19 13:09:29,16,0.425,4.52,-20.0
2020-09-19 13:09:29,17,0.412,4.49,-20.0
2020-09-19 13:09:29,18,0.426,4.5,-20.0
2020-09-19 13:09:29,19,0.437,4.48,-20.0
2020-09-19 13:09:29,20,0.408,4.47,-20.0
2020-09-19 13:09:29,21,0.411,4.48,-20.0
2020-09-19 13:09:29,22,0.416,4.47,-20.0
2020-09-19 13:09:29,23,0.445,4.47,-20.0
2020-09-19 13:09:29,24,0.413,4.49,-20.0
2020-09-19 13:09:29,25,0.414,4.5,22.0
2020-09-19 13:09:29,26,0.425,4.49,-20.0
2020-09-19 13:09:29,27,0.414,4.47,-20.0
2020-09-19 13:09:29,28,0.422,4.46,-20.0
2020-09-19 13:09:29,29,0.421,4.46,-20.0
2020-09-19 13:09:29,30,0.416,4.47,-20.0
2020-09-19 13:09:29,31,0.417,4.46,-20.0
2020-09-19 13:09:29,32,0.411,4.48,-20.0
2020-09-19 13:09:29,33,0.411,4.49,-20.0
2020-09-19 13:09:29,34,0.413,4.49,-20.0
2020-09-19 13:09:29,35,0.41,4.49,-20.0
2020-09-19 13:09:29,36,0.401,4.51,-20.0
2020-09-19 13:09:29,37,0.402,4.48,22.4
2020-09-19 13:09:29,38,0.392,4.49,-20.0
2020-09-19 13:09:29,39,0.413,4.46,-20.0
2020-09-19 13:09:29,40,0.41,4.48,-20.0
2020-09-19 13:09:29,41,0.409,4.5,-20.0
2020-09-19 13:09:29,42,0.394,4.48,-20.0
2020-09-19 13:09:29,43,0.386,4.48,-20.0
2020-09-19 13:09:29,44,0.407,4.49,-20.0
2020-09-19 13:09:29,45,0.417,4.49,-20.0
2020-09-19 13:09:29,46,0.418,4.48,-20.0
2020-09-19 13:09:29,47,0.407,4.48,-20.0
2020-09-19 13:09:29,48,0.413,4.47,-20.0
2020-09-19 13:09:29,49,0.48,4.46,24.6
2020-09-19 13:09:29,50,0.428,4.47,-20.0
2020-09-19 13:09:29,51,0.413,4.47,-20.0
2020-09-19 13:09:29,52,0.416,4.47,-20.0
2020-09-19 13:09:29,53,0.415,4.45,-20.0
2020-09-19 13:09:29,54,0.412,4.46,-20.0
2020-09-19 13:09:29,55,0.416,4.43,-20.0
2020-09-19 13:09:29,56,0.409,4.44,-20.0
2020-09-19 13:09:29,57,0.422,4.43,-20.0
2020-09-19 13:09:29,58,0.415,4.42,-20.0
2020-09-19 13:09:29,59,0.402,4.45,-20.0
2020-09-19 13:09:29,60,0.419,4.46,-20.0
2020-09-19 13:09:29,61,0.419,4.49,21.8
2020-09-19 13:09:29,62,0.407,4.5,-20.0
2020-09-19 13:09:29,63,0.407,4.48,-20.0
2020-09-19 13:09:29,64,0.404,4.46,-20.0
2020-09-19 13:09:29,65,0.409,4.46,-20.0
2020-09-19 13:09:29,66,0.417,4.46,-20.0
2020-09-19 13:09:29,67,0.414,4.44,-20.0
2020-09-19 13:09:29,68,0.415,4.45,-20.0
2020-09-19 13:09:29,69,0.414,4.46,-20.0
2020-09-19 13:09:29,70,0.396,4.47,-20.0
2020-09-19 13:09:29,71,0.412,4.49,-20.0
2020-09-19 13:09:29,72,0.425,4.49,-20.0
2020-09-19 13:09:29,73,0.414,4.52,21.9
2020-09-19 13:09:29,74,0.407,4.5,-20.0
2020-09-19 13:09:29,75,0.425,4.47,-20.0
2020-09-19 13:09:29,76,0.428,4.44,-20.0
2020-09-19 13:09:29,77,0.421,4.52,-20.0
2020-09-19 13:09:29,78,0.409,4.48,-20.0
2020-09-19 13:09:29,79,0.413,4.49,-20.0
2020-09-19 13:09:29,80,0.425,4.52,-20.0
2020-09-19 13:09:29,81,0.427,4.52,-20.0
2020-09-19 13:09:29,82,0.422,4.51,-20.0
2020-09-19 13:09:29,83,0.426,4.51,-20.0
2020-09-19 13:09:29,84,0.419,4.5,-20.0
2020-09-19 13:09:29,85,0.413,4.47,22.8
2020-09-19 13:09:29,86,0.419,4.47,-20.0
2020-09-19 13:09:29,87,0.439,4.47,-20.0
2020-09-19 13:09:29,88,0.406,4.48,-20.0
2020-09-19 13:09:29,89,0.407,4.5,-20.0
2020-09-19 13:09:29,90,0.405,4.47,-20.0
2020-09-19 13:09:29,91,0.421,4.48,-20.0
2020-09-19 13:09:29,92,0.401,4.5,-20.0
2020-09-19 13:09:29,93,0.418,4.5,-20.0
2020-09-19 13:09:29,94,0.421,4.47,-20.0
2020-09-19 13:09:29,95,0.415,4.47,-20.0
2020-09-19 13:09:29,96,0.412,4.49,-20.0
2020-09-20 01:08:59,1,0.415,4.51,25.5
2020-09-20 01:08:59,2,0.411,4.51,-20.0
2020-09-20 01:08:59,3,0.417,4.52,-20.0
2020-09-20 01:08:59,4,0.417,4.48,-20.0
2020-09-20 01:08:59,5,0.405,4.51,-20.0
2020-09-20 01:08:59,6,0.417,4.49,-20.0
2020-09-20 01:08:59,7,0.408,4.48,-20.0
2020-09-20 01:08:59,8,0.405,4.49,-20.0
2020-09-20 01:08:59,9,0.413,4.48,-20.0
2020-09-20 01:08:59,10,0.419,4.49,-20.0
2020-09-20 01:08:59,11,0.417,4.45,-20.0
2020-09-20 01:08:59,12,0.415,4.46,-20.0
2020-09-20 01:08:59,13,0.412,4.48,24.7
2020-09-20 01:08:59,14,0.415,4.48,-20.0
2020-09-20 01:08:59,15,0.412,4.52,-20.0
2020-09-20 01:08:59,16,0.427,4.52,-20.0
2020-09-20 01:08:59,17,0.417,4.49,-20.0
2020-09-20 01:08:59,18,0.429,4.49,-20.0
2020-09-20 01:08:59,19,0.442,4.47,-20.0
2020-09-20 01:08:59,20,0.411,4.48,-20.0
2020-09-20 01:08:59,21,0.414,4.49,-20.0
2020-09-20 01:08:59,22,0.417,4.48,-20.0
2020-09-20 01:08:59,23,0.443,4.48,-20.0
2020-09-20 01:08:59,24,0.414,4.49,-20.0
2020-09-20 01:08:59,25,0.415,4.5,22.1
2020-09-20 01:08:59,26,0.42,4.48,-20.0
2020-09-20 01:08:59,27,0.415,4.46,-20.0
2020-09-20 01:08:59,28,0.42,4.46,-20.0
2020-09-20 01:08:59,29,0.42,4.46,-20.0
2020-09-20 01:08:59,30,0.417,4.48,-20.0
2020-09-20 01:08:59,31,0.416,4.47,-20.0
2020-09-20 01:08:59,32,0.41,4.48,-20.0
2020-09-20 01:08:59,33,0.41,4.48,-20.0
2020-09-20 01:08:59,34,0.414,4.49,-20.0
2020-09-20 01:08:59,35,0.411,4.49,-20.0
2020-09-20 01:08:59,36,0.402,4.5,-20.0
2020-09-20 01:08:59,37,0.403,4.47,22.6
2020-09-20 01:08:59,38,0.398,4.49,-20.0
2020-09-20 01:08:59,39,0.416,4.48,-20.0
2020-09-20 01:08:59,40,0.412,4.47,-20.0
2020-09-20 01:08:59,41,0.408,4.49,-20.0
2020-09-20 01:08:59,42,0.399,4.48,-20.0
2020-09-20 01:08:59,43,0.398,4.47,-20.0
2020-09-20 01:08:59,44,0.413,4.49,-20.0
2020-09-20 01:08:59,45,0.414,4.5,-20.0
2020-09-20 01:08:59,46,0.418,4.5,-20.0
2020-09-20 01:08:59,47,0.411,4.48,-20.0
2020-09-20 01:08:59,48,0.413,4.47,-20.0
2020-09-20 01:08:59,49,0.484,4.46,24.7
2020-09-20 01:08:59,50,0.428,4.47,-20.0
2020-09-20 01:08:59,51,0.411,4.47,-20.0
2020-09-20 01:08:59,52,0.417,4.47,-20.0
2020-09-20 01:08:59,53,0.416,4.46,-20.0
2020-09-20 01:08:59,54,0.413,4.47,-20.0
2020-09-20 01:08:59,55,0.42,4.44,-20.0
2020-09-20 01:08:59,56,0.411,4.43,-20.0
2020-09-20 01:08:59,57,0.423,4.43,-20.0
2020-09-20 01:08:59,58,0.416,4.42,-20.0
2020-09-20 01:08:59,59,0.41,4.44,-20.0
2020-09-20 01:08:59,60,0.421,4.46,-20.0
2020-09-20 01:08:59,61,0.419,4.5,22.0
2020-09-20 01:08:59,62,0.409,4.49,-20.0
2020-09-20 01:08:59,63,0.408,4.48,-20.0
2020-09-20 01:08:59,64,0.407,4.46,-20.0
2020-09-20 01:08:59,65,0.411,4.45,-20.0
2020-09-20 01:08:59,66,0.419,4.46,-20.0
2020-09-20 01:08:59,67,0.414,4.43,-20.0
2020-09-20 01:08:59,68,0.418,4.46,-20.0
2020-09-20 01:08:59,69,0.412,4.45,-20.0
2020-09-20 01:08:59,70,0.399,4.47,-20.0
2020-09-20 01:08:59,71,0.412,4.49,-20.0
2020-09-20 01:08:59,72,0.421,4.49,-20.0
2020-09-20 01:08:59,73,0.403,4.52,22.5
2020-09-20 01:08:59,74,0.391,4.5,-20.0
2020-09-20 01:08:59,75,0.426,4.48,-20.0
2020-09-20 01:08:59,76,0.427,4.46,-20.0
2020-09-20 01:08:59,77,0.42,4.5,-20.0
2020-09-20 01:08:59,78,0.404,4.49,-20.0
2020-09-20 01:08:59,79,0.407,4.49,-20.0
2020-09-20 01:08:59,80,0.421,4.51,-20.0
2020-09-20 01:08:59,81,0.426,4.5,-20.0
2020-09-20 01:08:59,82,0.419,4.52,-20.0
2020-09-20 01:08:59,83,0.425,4.5,-20.0
2020-09-20 01:08:59,84,0.418,4.49,-20.0
2020-09-20 01:08:59,85,0.413,4.47,23.7
2020-09-20 01:08:59,86,0.417,4.46,-20.0
2020-09-20 01:08:59,87,0.44,4.47,-20.0
2020-09-20 01:08:59,88,0.404,4.48,-20.0
2020-09-20 01:08:59,89,0.412,4.5,-20.0
2020-09-20 01:08:59,90,0.407,4.48,-20.0
2020-09-20 01:08:59,91,0.418,4.48,-20.0
2020-09-20 01:08:59,92,0.399,4.5,-20.0
2020-09-20 01:08:59,93,0.417,4.5,-20.0
2020-09-20 01:08:59,94,0.422,4.48,-20.0
2020-09-20 01:08:59,95,0.414,4.46,-20.0
2020-09-20 01:08:59,96,0.411,4.49,-20.0
2020-09-20 13:08:31,1,0.415,4.5,25.5
2020-09-20 13:08:31,2,0.411,4.51,-20.0
2020-09-20 13:08:31,3,0.417,4.52,-20.0
2020-09-20 13:08:31,4,0.416,4.48,-20.0
2020-09-20 13:08:31,5,0.407,4.51,-20.0
2020-09-20 13:08:31,6,0.421,4.5,-20.0
2020-09-20 13:08:31,7,0.409,4.48,-20.0
2020-09-20 13:08:31,8,0.405,4.49,-20.0
2020-09-20 13:08:31,9,0.41,4.48,-20.0
2020-09-20 13:08:31,10,0.417,4.51,-20.0
2020-09-20 13:08:31,11,0.418,4.45,-20.0
2020-09-20 13:08:31,12,0.417,4.46,-20.0
2020-09-20 13:08:31,13,0.41,4.47,24.5
2020-09-20 13:08:31,14,0.417,4.49,-20.0
2020-09-20 13:08:31,15,0.412,4.52,-20.0
2020-09-20 13:08:31,16,0.426,4.52,-20.0
2020-09-20 13:08:31,17,0.414,4.48,-20.0
2020-09-20 13:08:31,18,0.425,4.5,-20.0
2020-09-20 13:08:31,19,0.437,4.46,-20.0
2020-09-20 13:08:31,20,0.411,4.48,-20.0
2020-09-20 13:08:31,21,0.411,4.49,-20.0
2020-09-20 13:08:31,22,0.418,4.47,-20.0
2020-09-20 13:08:31,23,0.434,4.49,-20.0
2020-09-20 13:08:31,24,0.405,4.49,-20.0
2020-09-20 13:08:31,25,0.413,4.5,21.9
2020-09-20 13:08:31,26,0.419,4.49,-20.0
2020-09-20 13:08:31,27,0.407,4.46,-20.0
2020-09-20 13:08:31,28,0.413,4.46,-20.0
2020-09-20 13:08:31,29,0.404,4.46,-20.0
2020-09-20 13:08:31,30,0.41,4.47,-20.0
2020-09-20 13:08:31,31,0.415,4.46,-20.0
2020-09-20 13:08:31,32,0.409,4.48,-20.0
2020-09-20 13:08:31,33,0.412,4.49,-20.0
2020-09-20 13:08:31,34,0.413,4.49,-20.0
2020-09-20 13:08:31,35,0.412,4.49,-20.0
2020-09-20 13:08:31,36,0.406,4.5,-20.0
2020-09-20 13:08:31,37,0.403,4.48,22.4
2020-09-20 13:08:31,38,0.403,4.49,-20.0
2020-09-20 13:08:31,39,0.414,4.47,-20.0
2020-09-20 13:08:31,40,0.411,4.48,-20.0
2020-09-20 13:08:31,41,0.407,4.49,-20.0
2020-09-20 13:08:31,42,0.401,4.48,-20.0
2020-09-20 13:08:31,43,0.402,4.49,-20.0
2020-09-20 13:08:31,44,0.415,4.49,-20.0
2020-09-20 13:08:31,45,0.414,4.5,-20.0
2020-09-20 13:08:31,46,0.416,4.49,-20.0
2020-09-20 13:08:31,47,0.411,4.48,-20.0
2020-09-20 13:08:31,48,0.415,4.48,-20.0
2020-09-20 13:08:31,49,0.482,4.46,24.6
2020-09-20 13:08:31,50,0.425,4.47,-20.0
2020-09-20 13:08:31,51,0.411,4.47,-20.0
2020-09-20 13:08:31,52,0.419,4.47,-20.0
2020-09-20 13:08:31,53,0.418,4.46,-20.0
2020-09-20 13:08:31,54,0.415,4.46,-20.0
2020-09-20 13:08:31,55,0.42,4.44,-20.0
2020-09-20 13:08:31,56,0.41,4.43,-20.0
2020-09-20 13:08:31,57,0.424,4.43,-20.0
2020-09-20 13:08:31,58,0.416,4.43,-20.0
2020-09-20 13:08:31,59,0.41,4.45,-20.0
2020-09-20 13:08:31,60,0.416,4.46,-20.0
2020-09-20 13:08:31,61,0.419,4.5,21.8
2020-09-20 13:08:31,62,0.411,4.49,-20.0
2020-09-20 13:08:31,63,0.409,4.48,-20.0
2020-09-20 13:08:31,64,0.407,4.46,-20.0
2020-09-20 13:08:31,65,0.412,4.45,-20.0
2020-09-20 13:08:31,66,0.419,4.45,-20.0
2020-09-20 13:08:31,67,0.414,4.43,-20.0
2020-09-20 13:08:31,68,0.417,4.47,-20.0
2020-09-20 13:08:31,69,0.414,4.45,-20.0
2020-09-20 13:08:31,70,0.404,4.47,-20.0
2020-09-20 13:08:31,71,0.411,4.49,-20.0
2020-09-20 13:08:31,72,0.416,4.49,-20.0
2020-09-20 13:08:31,73,0.404,4.52,21.8
2020-09-20 13:08:31,74,0.394,4.49,-20.0
2020-09-20 13:08:31,75,0.427,4.47,-20.0
2020-09-20 13:08:31,76,0.426,4.44,-20.0
2020-09-20 13:08:31,77,0.419,4.51,-20.0
2020-09-20 13:08:31,78,0.406,4.47,-20.0
2020-09-20 13:08:31,79,0.411,4.5,-20.0
2020-09-20 13:08:31,80,0.422,4.51,-20.0
2020-09-20 13:08:31,81,0.424,4.51,-20.0
2020-09-20 13:08:31,82,0.421,4.51,-20.0
2020-09-20 13:08:31,83,0.425,4.51,-20.0
2020-09-20 13:08:31,84,0.418,4.49,-20.0
2020-09-20 13:08:31,85,0.414,4.48,22.7
2020-09-20 13:08:31,86,0.417,4.47,-20.0
2020-09-20 13:08:31,87,0.438,4.47,-20.0
2020-09-20 13:08:31,88,0.403,4.48,-20.0
2020-09-20 13:08:31,89,0.413,4.5,-20.0
2020-09-20 13:08:31,90,0.41,4.47,-20.0
2020-09-20 13:08:31,91,0.419,4.49,-20.0
2020-09-20 13:08:31,92,0.402,4.5,-20.0
2020-09-20 13:08:31,93,0.414,4.49,-20.0
2020-09-20 13:08:31,94,0.422,4.47,-20.0
2020-09-20 13:08:31,95,0.415,4.47,-20.0
2020-09-20 13:08:31,96,0.412,4.48,-20.0
2020-09-21 01:08:04,1,0.414,4.5,25.5
2020-09-21 01:08:04,2,0.41,4.51,-20.0
2020-09-21 01:08:04,3,0.418,4.52,-20.0
2020-09-21 01:08:04,4,0.419,4.49,-20.0
2020-09-21 01:08:04,5,0.407,4.51,-20.0
2020-09-21 01:08:04,6,0.419,4.49,-20.0
2020-09-21 01:08:04,7,0.411,4.48,-20.0
2020-09-21 01:08:04,8,0.407,4.51,-20.0
2020-09-21 01:08:04,9,0.411,4.47,-20.0
2020-09-21 01:08:04,10,0.418,4.49,-20.0
2020-09-21 01:08:04,11,0.419,4.46,-20.0
2020-09-21 01:08:04,12,0.419,4.47,-20.0
2020-09-21 01:08:04,13,0.411,4.47,24.6
2020-09-21 01:08:04,14,0.421,4.48,-20.0
2020-09-21 01:08:04,15,0.413,4.52,-20.0
2020-09-21 01:08:04,16,0.428,4.51,-20.0
2020-09-21 01:08:04,17,0.416,4.49,-20.0
2020-09-21 01:08:04,18,0.429,4.49,-20.0
2020-09-21 01:08:04,19,0.438,4.47,-20.0
2020-09-21 01:08:04,20,0.412,4.48,-20.0
2020-09-21 01:08:04,21,0.412,4.48,-20.0
2020-09-21 01:08:04,22,0.42,4.48,-20.0
2020-09-21 01:08:04,23,0.438,4.49,-20.0
2020-09-21 01:08:04,24,0.406,4.49,-20.0
2020-09-21 01:08:04,25,0.414,4.49,22.1
2020-09-21 01:08:04,26,0.417,4.48,-20.0
2020-09-21 01:08:04,27,0.411,4.48,-20.0
2020-09-21 01:08:04,28,0.418,4.46,-20.0
2020-09-21 01:08:04,29,0.407,4.47,-20.0
2020-09-21 01:08:04,30,0.415,4.48,-20.0
2020-09-21 01:08:04,31,0.414,4.46,-20.0
2020-09-21 01:08:04,32,0.409,4.47,-20.0
2020-09-21 01:08:04,33,0.412,4.49,-20.0
2020-09-21 01:08:04,34,0.415,4.48,-20.0
2020-09-21 01:08:04,35,0.411,4.48,-20.0
2020-09-21 01:08:04,36,0.408,4.5,-20.0
2020-09-21 01:08:04,37,0.402,4.48,22.6
2020-09-21 01:08:04,38,0.408,4.48,-20.0
2020-09-21 01:08:04,39,0.416,4.47,-20.0
2020-09-21 01:08:04,40,0.414,4.47,-20.0
2020-09-21 01:08:04,41,0.412,4.49,-20.0
2020-09-21 01:08:04,42,0.405,4.48,-20.0
2020-09-21 01:08:04,43,0.407,4.48,-20.0
2020-09-21 01:08:04,44,0.417,4.49,-20.0
2020-09-21 01:08:04,45,0.412,4.49,-20.0
2020-09-21 01:08:04,46,0.418,4.49,-20.0
2020-09-21 01:08:04,47,0.416,4.49,-20.0
2020-09-21 01:08:04,48,0.417,4.49,-20.0
2020-09-21 01:08:04,49,0.483,4.46,24.5
2020-09-21 01:08:04,50,0.43,4.46,-20.0
2020-09-21 01:08:04,51,0.416,4.47,-20.0
2020-09-21 01:08:04,52,0.419,4.47,-20.0
2020-09-21 01:08:04,53,0.417,4.45,-20.0
2020-09-21 01:08:04,54,0.416,4.47,-20.0
2020-09-21 01:08:04,55,0.422,4.43,-20.0
2020-09-21 01:08:04,56,0.41,4.43,-20.0
2020-09-21 01:08:04,57,0.423,4.42,-20.0
2020-09-21 01:08:04,58,0.418,4.43,-20.0
2020-09-21 01:08:04,59,0.413,4.45,-20.0
2020-09-21 01:08:04,60,0.418,4.46,-20.0
2020-09-21 01:08:04,61,0.418,4.5,22.0
2020-09-21 01:08:04,62,0.412,4.49,-20.0
2020-09-21 01:08:04,63,0.413,4.48,-20.0
2020-09-21 01:08:04,64,0.405,4.45,-20.0
2020-09-21 01:08:04,65,0.398,4.45,-20.0
2020-09-21 01:08:04,66,0.416,4.46,-20.0
2020-09-21 01:08:04,67,0.41,4.43,-20.0
2020-09-21 01:08:04,68,0.407,4.47,-20.0
2020-09-21 01:08:04,69,0.411,4.46,-20.0
2020-09-21 01:08:04,70,0.401,4.46,-20.0
2020-09-21 01:08:04,71,0.41,4.49,-20.0
2020-09-21 01:08:04,72,0.416,4.48,-20.0
2020-09-21 01:08:04,73,0.395,4.52,22.3
2020-09-21 01:08:04,74,0.392,4.49,-20.0
2020-09-21 01:08:04,75,0.427,4.47,-20.0
2020-09-21 01:08:04,76,0.425,4.45,-20.0
2020-09-21 01:08:04,77,0.422,4.51,-20.0
2020-09-21 01:08:04,78,0.408,4.48,-20.0
2020-09-21 01:08:04,79,0.411,4.5,-20.0
2020-09-21 01:08:04,80,0.422,4.51,-20.0
2020-09-21 01:08:04,81,0.424,4.51,-20.0
2020-09-21 01:08:04,82,0.425,4.52,-20.0
2020-09-21 01:08:04,83,0.425,4.51,-20.0
2020-09-21 01:08:04,84,0.422,4.5,-20.0
2020-09-21 01:08:04,85,0.413,4.48,23.4
2020-09-21 01:08:04,86,0.419,4.46,-20.0
2020-09-21 01:08:04,87,0.438,4.47,-20.0
2020-09-21 01:08:04,88,0.404,4.48,-20.0
2020-09-21 01:08:04,89,0.415,4.5,-20.0
2020-09-21 01:08:04,90,0.409,4.48,-20.0
2020-09-21 01:08:04,91,0.418,4.48,-20.0
2020-09-21 01:08:04,92,0.401,4.51,-20.0
2020-09-21 01:08:04,93,0.415,4.5,-20.0
2020-09-21 01:08:04,94,0.422,4.47,-20.0
2020-09-21 01:08:04,95,0.415,4.46,-20.0
2020-09-21 01:08:04,96,0.417,4.48,-20.0
2020-09-21 13:07:41,1,0.416,4.5,25.4
2020-09-21 13:07:41,2,0.411,4.51,-20.0
2020-09-21 13:07:41,3,0.42,4.51,-20.0
2020-09-21 13:07:41,4,0.418,4.49,-20.0
2020-09-21 13:07:41,5,0.408,4.5,-20.0
2020-09-21 13:07:41,6,0.418,4.49,-20.0
2020-09-21 13:07:41,7,0.412,4.48,-20.0
2020-09-21 13:07:41,8,0.407,4.49,-20.0
2020-09-21 13:07:41,9,0.412,4.47,-20.0
2020-09-21 13:07:41,10,0.418,4.49,-20.0
2020-09-21 13:07:41,11,0.418,4.45,-20.0
2020-09-21 13:07:41,12,0.413,4.46,-20.0
2020-09-21 13:07:41,13,0.409,4.48,24.6
2020-09-21 13:07:41,14,0.418,4.48,-20.0
2020-09-21 13:07:41,15,0.411,4.52,-20.0
2020-09-21 13:07:41,16,0.427,4.52,-20.0
2020-09-21 13:07:41,17,0.414,4.47,-20.0
2020-09-21 13:07:41,18,0.428,4.49,-20.0
2020-09-21 13:07:41,19,0.434,4.48,-20.0
2020-09-21 13:07:41,20,0.411,4.48,-20.0
2020-09-21 13:07:41,21,0.413,4.48,-20.0
2020-09-21 13:07:41,22,0.419,4.48,-20.0
2020-09-21 13:07:41,23,0.437,4.48,-20.0
2020-09-21 13:07:41,24,0.409,4.49,-20.0
2020-09-21 13:07:41,25,0.414,4.51,22.2
2020-09-21 13:07:41,26,0.417,4.48,-20.0
2020-09-21 13:07:41,27,0.41,4.46,-20.0
2020-09-21 13:07:41,28,0.42,4.46,-20.0
2020-09-21 13:07:41,29,0.411,4.46,-20.0
2020-09-21 13:07:41,30,0.414,4.48,-20.0
2020-09-21 13:07:41,31,0.416,4.46,-20.0
2020-09-21 13:07:41,32,0.41,4.47,-20.0
2020-09-21 13:07:41,33,0.415,4.48,-20.0
2020-09-21 13:07:41,34,0.412,4.49,-20.0
2020-09-21 13:07:41,35,0.408,4.49,-20.0
2020-09-21 13:07:41,36,0.406,4.5,-20.0
2020-09-21 13:07:41,37,0.412,4.49,22.6
2020-09-21 13:07:41,38,0.409,4.49,-20.0
2020-09-21 13:07:41,39,0.418,4.47,-20.0
2020-09-21 13:07:41,40,0.413,4.48,-20.0
2020-09-21 13:07:41,41,0.415,4.5,-20.0
2020-09-21 13:07:41,42,0.403,4.48,-20.0
2020-09-21 13:07:41,43,0.411,4.49,-20.0
2020-09-21 13:07:41,44,0.419,4.49,-20.0
2020-09-21 13:07:41,45,0.413,4.5,-20.0
2020-09-21 13:07:41,46,0.419,4.48,-20.0
2020-09-21 13:07:41,47,0.418,4.48,-20.0
2020-09-21 13:07:41,48,0.416,4.47,-20.0
2020-09-21 13:07:41,49,0.484,4.46,24.6
2020-09-21 13:07:41,50,0.432,4.47,-20.0
2020-09-21 13:07:41,51,0.417,4.47,-20.0
2020-09-21 13:07:41,52,0.42,4.47,-20.0
2020-09-21 13:07:41,53,0.418,4.45,-20.0
2020-09-21 13:07:41,54,0.417,4.47,-20.0
2020-09-21 13:07:41,55,0.42,4.44,-20.0
2020-09-21 13:07:41,56,0.412,4.44,-20.0
2020-09-21 13:07:41,57,0.424,4.43,-20.0
2020-09-21 13:07:41,58,0.418,4.43,-20.0
2020-09-21 13:07:41,59,0.413,4.45,-20.0
2020-09-21 13:07:41,60,0.414,4.46,-20.0
2020-09-21 13:07:41,61,0.417,4.5,22.1
2020-09-21 13:07:41,62,0.414,4.5,-20.0
2020-09-21 13:07:41,63,0.412,4.48,-20.0
2020-09-21 13:07:41,64,0.406,4.46,-20.0
2020-09-21 13:07:41,65,0.402,4.44,-20.0
2020-09-21 13:07:41,66,0.42,4.45,-20.0
2020-09-21 13:07:41,67,0.411,4.43,-20.0
2020-09-21 13:07:41,68,0.407,4.46,-20.0
2020-09-21 13:07:41,69,0.413,4.46,-20.0
2020-09-21 13:07:41,70,0.401,4.47,-20.0
2020-09-21 13:07:41,71,0.408,4.49,-20.0
2020-09-21 13:07:41,72,0.416,4.48,-20.0
2020-09-21 13:07:41,73,0.404,4.52,22.4
2020-09-21 13:07:41,74,0.396,4.5,-20.0
2020-09-21 13:07:41,75,0.428,4.47,-20.0
2020-09-21 13:07:41,76,0.425,4.45,-20.0
2020-09-21 13:07:41,77,0.422,4.51,-20.0
2020-09-21 13:07:41,78,0.408,4.48,-20.0
2020-09-21 13:07:41,79,0.41,4.49,-20.0
2020-09-21 13:07:41,80,0.424,4.51,-20.0
2020-09-21 13:07:41,81,0.427,4.51,-20.0
2020-09-21 13:07:41,82,0.421,4.52,-20.0
2020-09-21 13:07:41,83,0.425,4.5,-20.0
2020-09-21 13:07:41,84,0.42,4.5,-20.0
2020-09-21 13:07:41,85,0.413,4.48,23.2
2020-09-21 13:07:41,86,0.418,4.46,-20.0
2020-09-21 13:07:41,87,0.44,4.46,-20.0
2020-09-21 13:07:41,88,0.406,4.47,-20.0
2020-09-21 13:07:41,89,0.413,4.5,-20.0
2020-09-21 13:07:41,90,0.407,4.48,-20.0
2020-09-21 13:07:41,91,0.416,4.48,-20.0
2020-09-21 13:07:41,92,0.4,4.5,-20.0
2020-09-21 13:07:41,93,0.414,4.5,-20.0
2020-09-21 13:07:41,94,0.42,4.47,-20.0
2020-09-21 13:07:41,95,0.416,4.46,-20.0
2020-09-21 13:07:41,96,0.413,4.49,-20.0
2020-09-22 01:07:14,1,0.416,4.5,25.5
2020-09-22 01:07:14,2,0.41,4.5,-20.0
2020-09-22 01:07:14,3,0.421,4.51,-20.0
2020-09-22 01:07:14,4,0.417,4.48,-20.0
2020-09-22 01:07:14,5,0.408,4.51,-20.0
2020-09-22 01:07:14,6,0.416,4.5,-20.0
2020-09-22 01:07:14,7,0.412,4.49,-20.0
2020-09-22 01:07:14,8,0.406,4.5,-20.0
2020-09-22 01:07:14,9,0.414,4.48,-20.0
2020-09-22 01:07:14,10,0.417,4.49,-20.0
2020-09-22 01:07:14,11,0.418,4.46,-20.0
2020-09-22 01:07:14,12,0.415,4.47,-20.0
2020-09-22 01:07:14,13,0.411,4.48,24.8
2020-09-22 01:07:14,14,0.418,4.5,-20.0
2020-09-22 01:07:14,15,0.414,4.52,-20.0
2020-09-22 01:07:14,16,0.426,4.52,-20.0
2020-09-22 01:07:14,17,0.415,4.48,-20.0
2020-09-22 01:07:14,18,0.427,4.49,-20.0
2020-09-22 01:07:14,19,0.435,4.48,-20.0
2020-09-22 01:07:14,20,0.411,4.47,-20.0
2020-09-22 01:07:14,21,0.413,4.49,-20.0
2020-09-22 01:07:14,22,0.414,4.48,-20.0
2020-09-22 01:07:14,23,0.437,4.48,-20.0
2020-09-22 01:07:14,24,0.407,4.48,-20.0
2020-09-22 01:07:14,25,0.414,4.49,22.3
2020-09-22 01:07:14,26,0.42,4.49,-20.0
2020-09-22 01:07:14,27,0.411,4.46,-20.0
2020-09-22 01:07:14,28,0.421,4.46,-20.0
2020-09-22 01:07:14,29,0.414,4.47,-20.0
2020-09-22 01:07:14,30,0.413,4.47,-20.0
2020-09-22 01:07:14,31,0.416,4.47,-20.0
2020-09-22 01:07:14,32,0.41,4.48,-20.0
2020-09-22 01:07:14,33,0.416,4.48,-20.0
2020-09-22 01:07:14,34,0.414,4.48,-20.0
2020-09-22 01:07:14,35,0.411,4.49,-20.0
2020-09-22 01:07:14,36,0.404,4.5,-20.0
2020-09-22 01:07:14,37,0.411,4.48,22.7
2020-09-22 01:07:14,38,0.409,4.49,-20.0
2020-09-22 01:07:14,39,0.419,4.47,-20.0
2020-09-22 01:07:14,40,0.414,4.48,-20.0
2020-09-22 01:07:14,41,0.411,4.49,-20.0
2020-09-22 01:07:14,42,0.408,4.47,-20.0
2020-09-22 01:07:14,43,0.414,4.47,-20.0
2020-09-22 01:07:14,44,0.421,4.49,-20.0
2020-09-22 01:07:14,45,0.413,4.5,-20.0
2020-09-22 01:07:14,46,0.417,4.49,-20.0
2020-09-22 01:07:14,47,0.418,4.48,-20.0
2020-09-22 01:07:14,48,0.419,4.48,-20.0
2020-09-22 01:07:14,49,0.487,4.46,24.8
2020-09-22 01:07:14,50,0.431,4.47,-20.0
2020-09-22 01:07:14,51,0.415,4.48,-20.0
2020-09-22 01:07:14,52,0.417,4.47,-20.0
2020-09-22 01:07:14,53,0.415,4.46,-20.0
2020-09-22 01:07:14,54,0.414,4.46,-20.0
2020-09-22 01:07:14,55,0.401,4.43,-20.0
2020-09-22 01:07:14,56,0.411,4.43,-20.0
2020-09-22 01:07:14,57,0.422,4.43,-20.0
2020-09-22 01:07:14,58,0.407,4.43,-20.0
2020-09-22 01:07:14,59,0.405,4.45,-20.0
2020-09-22 01:07:14,60,0.416,4.46,-20.0
2020-09-22 01:07:14,61,0.415,4.5,22.2
2020-09-22 01:07:14,62,0.413,4.5,-20.0
2020-09-22 01:07:14,63,0.412,4.48,-20.0
2020-09-22 01:07:14,64,0.407,4.47,-20.0
2020-09-22 01:07:14,65,0.404,4.45,-20.0
2020-09-22 01:07:14,66,0.42,4.46,-20.0
2020-09-22 01:07:14,67,0.412,4.43,-20.0
2020-09-22 01:07:14,68,0.41,4.46,-20.0
2020-09-22 01:07:14,69,0.413,4.46,-20.0
2020-09-22 01:07:14,70,0.406,4.47,-20.0
2020-09-22 01:07:14,71,0.409,4.48,-20.0
2020-09-22 01:07:14,72,0.411,4.49,-20.0
2020-09-22 01:07:14,73,0.408,4.52,22.6
2020-09-22 01:07:14,74,0.399,4.49,-20.0
2020-09-22 01:07:14,75,0.426,4.47,-20.0
2020-09-22 01:07:14,76,0.427,4.45,-20.0
2020-09-22 01:07:14,77,0.42,4.51,-20.0
2020-09-22 01:07:14,78,0.408,4.48,-20.0
2020-09-22 01:07:14,79,0.412,4.49,-20.0
2020-09-22 01:07:14,80,0.426,4.51,-20.0
2020-09-22 01:07:14,81,0.428,4.51,-20.0
2020-09-22 01:07:14,82,0.423,4.52,-20.0
2020-09-22 01:07:14,83,0.427,4.5,-20.0
2020-09-22 01:07:14,84,0.419,4.5,-20.0
2020-09-22 01:07:14,85,0.416,4.47,23.7
2020-09-22 01:07:14,86,0.416,4.47,-20.0
2020-09-22 01:07:14,87,0.44,4.46,-20.0
2020-09-22 01:07:14,88,0.405,4.47,-20.0
2020-09-22 01:07:14,89,0.409,4.5,-20.0
2020-09-22 01:07:14,90,0.405,4.47,-20.0
2020-09-22 01:07:14,91,0.419,4.48,-20.0
2020-09-22 01:07:14,92,0.403,4.5,-20.0
2020-09-22 01:07:14,93,0.415,4.5,-20.0
2020-09-22 01:07:14,94,0.419,4.47,-20.0
2020-09-22 01:07:14,95,0.416,4.46,-20.0
2020-09-22 01:07:14,96,0.413,4.49,-20.0
2020-09-22 13:06:38,1,0.416,4.5,25.4
2020-09-22 13:06:38,2,0.412,4.5,-20.0
2020-09-22 13:06:38,3,0.42,4.53,-20.0
2020-09-22 13:06:38,4,0.414,4.49,-20.0
2020-09-22 13:06:38,5,0.405,4.51,-20.0
2020-09-22 13:06:38,6,0.414,4.49,-20.0
2020-09-22 13:06:38,7,0.411,4.48,-20.0
2020-09-22 13:06:38,8,0.397,4.5,-20.0
2020-09-22 13:06:38,9,0.414,4.47,-20.0
2020-09-22 13:06:38,10,0.417,4.51,-20.0
2020-09-22 13:06:38,11,0.415,4.45,-20.0
2020-09-22 13:06:38,12,0.412,4.47,-20.0
2020-09-22 13:06:38,13,0.409,4.48,24.5
2020-09-22 13:06:38,14,0.418,4.49,-20.0
2020-09-22 13:06:38,15,0.413,4.52,-20.0
2020-09-22 13:06:38,16,0.426,4.53,-20.0
2020-09-22 13:06:38,17,0.417,4.49,-20.0
2020-09-22 13:06:38,18,0.429,4.5,-20.0
2020-09-22 13:06:38,19,0.434,4.48,-20.0
2020-09-22 13:06:38,20,0.411,4.48,-20.0
2020-09-22 13:06:38,21,0.412,4.48,-20.0
2020-09-22 13:06:38,22,0.414,4.47,-20.0
2020-09-22 13:06:38,23,0.44,4.48,-20.0
2020-09-22 13:06:38,24,0.407,4.49,-20.0
2020-09-22 13:06:38,25,0.415,4.51,22.1
2020-09-22 13:06:38,26,0.418,4.48,-20.0
2020-09-22 13:06:38,27,0.415,4.46,-20.0
2020-09-22 13:06:38,28,0.424,4.48,-20.0
2020-09-22 13:06:38,29,0.412,4.46,-20.0
2020-09-22 13:06:38,30,0.415,4.47,-20.0
2020-09-22 13:06:38,31,0.42,4.46,-20.0
2020-09-22 13:06:38,32,0.411,4.47,-20.0
2020-09-22 13:06:38,33,0.416,4.48,-20.0
2020-09-22 13:06:38,34,0.414,4.48,-20.0
2020-09-22 13:06:38,35,0.411,4.49,-20.0
2020-09-22 13:06:38,36,0.406,4.49,-20.0
2020-09-22 13:06:38,37,0.411,4.48,22.6
2020-09-22 13:06:38,38,0.412,4.49,-20.0
2020-09-22 13:06:38,39,0.421,4.46,-20.0
2020-09-22 13:06:38,40,0.417,4.47,-20.0
2020-09-22 13:06:38,41,0.412,4.49,-20.0
2020-09-22 13:06:38,42,0.408,4.48,-20.0
2020-09-22 13:06:38,43,0.419,4.48,-20.0
2020-09-22 13:06:38,44,0.421,4.49,-20.0
2020-09-22 13:06:38,45,0.413,4.49,-20.0
2020-09-22 13:06:38,46,0.418,4.49,-20.0
2020-09-22 13:06:38,47,0.417,4.48,-20.0
2020-09-22 13:06:38,48,0.422,4.48,-20.0
2020-09-22 13:06:38,49,0.489,4.47,24.5
2020-09-22 13:06:38,50,0.434,4.47,-20.0
2020-09-22 13:06:38,51,0.416,4.47,-20.0
2020-09-22 13:06:38,52,0.417,4.47,-20.0
2020-09-22 13:06:38,53,0.415,4.45,-20.0
2020-09-22 13:06:38,54,0.416,4.47,-20.0
2020-09-22 13:06:38,55,0.406,4.44,-20.0
2020-09-22 13:06:38,56,0.413,4.44,-20.0
2020-09-22 13:06:38,57,0.421,4.43,-20.0
2020-09-22 13:06:38,58,0.408,4.43,-20.0
2020-09-22 13:06:38,59,0.41,4.45,-20.0
2020-09-22 13:06:38,60,0.42,4.46,-20.0
2020-09-22 13:06:38,61,0.416,4.49,21.9
2020-09-22 13:06:38,62,0.409,4.49,-20.0
2020-09-22 13:06:38,63,0.415,4.48,-20.0
2020-09-22 13:06:38,64,0.409,4.46,-20.0
2020-09-22 13:06:38,65,0.408,4.45,-20.0
2020-09-22 13:06:38,66,0.419,4.45,-20.0
2020-09-22 13:06:38,67,0.413,4.43,-20.0
2020-09-22 13:06:38,68,0.414,4.46,-20.0
2020-09-22 13:06:38,69,0.414,4.45,-20.0
2020-09-22 13:06:38,70,0.402,4.47,-20.0
2020-09-22 13:06:38,71,0.409,4.48,-20.0
2020-09-22 13:06:38,72,0.414,4.49,-20.0
2020-09-22 13:06:38,73,0.412,4.52,22.0
2020-09-22 13:06:38,74,0.402,4.5,-20.0
2020-09-22 13:06:38,75,0.426,4.47,-20.0
2020-09-22 13:06:38,76,0.427,4.45,-20.0
2020-09-22 13:06:38,77,0.421,4.5,-20.0
2020-09-22 13:06:38,78,0.406,4.47,-20.0
2020-09-22 13:06:38,79,0.413,4.5,-20.0
2020-09-22 13:06:38,80,0.42,4.51,-20.0
2020-09-22 13:06:38,81,0.424,4.51,-20.0
2020-09-22 13:06:38,82,0.422,4.52,-20.0
2020-09-22 13:06:38,83,0.426,4.5,-20.0
2020-09-22 13:06:38,84,0.416,4.49,-20.0
2020-09-22 13:06:38,85,0.411,4.48,23.2
2020-09-22 13:06:38,86,0.417,4.46,-20.0
2020-09-22 13:06:38,87,0.435,4.46,-20.0
2020-09-22 13:06:38,88,0.404,4.48,-20.0
2020-09-22 13:06:38,89,0.404,4.49,-20.0
2020-09-22 13:06:38,90,0.399,4.47,-20.0
2020-09-22 13:06:38,91,0.414,4.48,-20.0
2020-09-22 13:06:38,92,0.401,4.5,-20.0
2020-09-22 13:06:38,93,0.415,4.5,-20.0
2020-09-22 13:06:38,94,0.42,4.47,-20.0
2020-09-22 13:06:38,95,0.417,4.46,-20.0
2020-09-22 13:06:38,96,0.413,4.49,-20.0
2020-09-23 01:06:13,1,0.417,4.5,25.5
2020-09-23 01:06:13,2,0.413,4.51,-20.0
2020-09-23 01:06:13,3,0.419,4.53,-20.0
2020-09-23 01:06:13,4,0.414,4.49,-20.0
2020-09-23 01:06:13,5,0.408,4.51,-20.0
2020-09-23 01:06:13,6,0.417,4.49,-20.0
2020-09-23 01:06:13,7,0.411,4.48,-20.0
2020-09-23 01:06:13,8,0.397,4.5,-20.0
2020-09-23 01:06:13,9,0.414,4.47,-20.0
2020-09-23 01:06:13,10,0.419,4.51,-20.0
2020-09-23 01:06:13,11,0.418,4.45,-20.0
2020-09-23 01:06:13,12,0.414,4.46,-20.0
2020-09-23 01:06:13,13,0.409,4.48,24.6
2020-09-23 01:06:13,14,0.419,4.49,-20.0
2020-09-23 01:06:13,15,0.411,4.51,-20.0
2020-09-23 01:06:13,16,0.426,4.53,-20.0
2020-09-23 01:06:13,17,0.416,4.48,-20.0
2020-09-23 01:06:13,18,0.428,4.49,-20.0
2020-09-23 01:06:13,19,0.433,4.47,-20.0
2020-09-23 01:06:13,20,0.408,4.47,-20.0
2020-09-23 01:06:13,21,0.413,4.48,-20.0
2020-09-23 01:06:13,22,0.413,4.48,-20.0
2020-09-23 01:06:13,23,0.44,4.48,-20.0
2020-09-23 01:06:13,24,0.41,4.49,-20.0
2020-09-23 01:06:13,25,0.415,4.51,22.2
2020-09-23 01:06:13,26,0.42,4.48,-20.0
2020-09-23 01:06:13,27,0.414,4.46,-20.0
2020-09-23 01:06:13,28,0.42,4.47,-20.0
2020-09-23 01:06:13,29,0.413,4.46,-20.0
2020-09-23 01:06:13,30,0.416,4.48,-20.0
2020-09-23 01:06:13,31,0.418,4.46,-20.0
2020-09-23 01:06:13,32,0.41,4.47,-20.0
2020-09-23 01:06:13,33,0.416,4.48,-20.0
2020-09-23 01:06:13,34,0.414,4.48,-20.0
2020-09-23 01:06:13,35,0.409,4.48,-20.0
2020-09-23 01:06:13,36,0.408,4.5,-20.0
2020-09-23 01:06:13,37,0.412,4.49,22.7
2020-09-23 01:06:13,38,0.413,4.49,-20.0
2020-09-23 01:06:13,39,0.421,4.47,-20.0
2020-09-23 01:06:13,40,0.417,4.47,-20.0
2020-09-23 01:06:13,41,0.413,4.49,-20.0
2020-09-23 01:06:13,42,0.408,4.48,-20.0
2020-09-23 01:06:13,43,0.4,4.47,-20.0
2020-09-23 01:06:13,44,0.412,4.49,-20.0
2020-09-23 01:06:13,45,0.415,4.5,-20.0
2020-09-23 01:06:13,46,0.419,4.48,-20.0
2020-09-23 01:06:13,47,0.403,4.48,-20.0
2020-09-23 01:06:13,48,0.397,4.48,-20.0
2020-09-23 01:06:13,49,0.486,4.46,24.6
2020-09-23 01:06:13,50,0.43,4.47,-20.0
2020-09-23 01:06:13,51,0.414,4.47,-20.0
2020-09-23 01:06:13,52,0.415,4.47,-20.0
2020-09-23 01:06:13,53,0.415,4.45,-20.0
2020-09-23 01:06:13,54,0.417,4.47,-20.0
2020-09-23 01:06:13,55,0.412,4.43,-20.0
2020-09-23 01:06:13,56,0.413,4.43,-20.0
2020-09-23 01:06:13,57,0.423,4.43,-20.0
2020-09-23 01:06:13,58,0.411,4.43,-20.0
2020-09-23 01:06:13,59,0.412,4.44,-20.0
2020-09-23 01:06:13,60,0.423,4.46,-20.0
2020-09-23 01:06:13,61,0.417,4.5,22.0
2020-09-23 01:06:13,62,0.41,4.5,-20.0
2020-09-23 01:06:13,63,0.414,4.48,-20.0
2020-09-23 01:06:13,64,0.408,4.46,-20.0
2020-09-23 01:06:13,65,0.412,4.45,-20.0
2020-09-23 01:06:13,66,0.418,4.45,-20.0
2020-09-23 01:06:13,67,0.411,4.43,-20.0
2020-09-23 01:06:13,68,0.415,4.46,-20.0
2020-09-23 01:06:13,69,0.414,4.46,-20.0
2020-09-23 01:06:13,70,0.402,4.47,-20.0
2020-09-23 01:06:13,71,0.41,4.49,-20.0
2020-09-23 01:06:13,72,0.415,4.49,-20.0
2020-09-23 01:06:13,73,0.416,4.51,22.0
2020-09-23 01:06:13,74,0.405,4.5,-20.0
2020-09-23 01:06:13,75,0.423,4.47,-20.0
2020-09-23 01:06:13,76,0.429,4.44,-20.0
2020-09-23 01:06:13,77,0.422,4.51,-20.0
2020-09-23 01:06:13,78,0.406,4.48,-20.0
2020-09-23 01:06:13,79,0.411,4.5,-20.0
2020-09-23 01:06:13,80,0.42,4.51,-20.0
2020-09-23 01:06:13,81,0.425,4.51,-20.0
2020-09-23 01:06:13,82,0.423,4.52,-20.0
2020-09-23 01:06:13,83,0.427,4.51,-20.0
2020-09-23 01:06:13,84,0.417,4.49,-20.0
2020-09-23 01:06:13,85,0.414,4.47,23.2
2020-09-23 01:06:13,86,0.416,4.47,-20.0
2020-09-23 01:06:13,87,0.436,4.47,-20.0
2020-09-23 01:06:13,88,0.402,4.47,-20.0
2020-09-23 01:06:13,89,0.403,4.5,-20.0
2020-09-23 01:06:13,90,0.401,4.48,-20.0
2020-09-23 01:06:13,91,0.417,4.49,-20.0
2020-09-23 01:06:13,92,0.403,4.5,-20.0
2020-09-23 01:06:13,93,0.416,4.51,-20.0
2020-09-23 01:06:13,94,0.423,4.48,-20.0
2020-09-23 01:06:13,95,0.417,4.46,-20.0
2020-09-23 01:06:13,96,0.413,4.49,-20.0
2020-09-23 13:05:41,1,0.414,4.51,25.5
2020-09-23 13:05:41,2,0.409,4.5,-20.0
2020-09-23 13:05:41,3,0.416,4.52,-20.0
2020-09-23 13:05:41,4,0.412,4.48,-20.0
2020-09-23 13:05:41,5,0.405,4.5,-20.0
2020-09-23 13:05:41,6,0.417,4.49,-20.0
2020-09-23 13:05:41,7,0.411,4.49,-20.0
2020-09-23 13:05:41,8,0.399,4.51,-20.0
2020-09-23 13:05:41,9,0.412,4.47,-20.0
2020-09-23 13:05:41,10,0.418,4.5,-20.0
2020-09-23 13:05:41,11,0.416,4.45,-20.0
2020-09-23 13:05:41,12,0.413,4.47,-20.0
2020-09-23 13:05:41,13,0.409,4.49,24.7
2020-09-23 13:05:41,14,0.418,4.49,-20.0
2020-09-23 13:05:41,15,0.411,4.52,-20.0
2020-09-23 13:05:41,16,0.425,4.52,-20.0
2020-09-23 13:05:41,17,0.415,4.49,-20.0
2020-09-23 13:05:41,18,0.427,4.49,-20.0
2020-09-23 13:05:41,19,0.434,4.47,-20.0
2020-09-23 13:05:41,20,0.407,4.48,-20.0
2020-09-23 13:05:41,21,0.413,4.49,-20.0
2020-09-23 13:05:41,22,0.413,4.48,-20.0
2020-09-23 13:05:41,23,0.442,4.48,-20.0
2020-09-23 13:05:41,24,0.405,4.49,-20.0
2020-09-23 13:05:41,25,0.413,4.49,22.4
2020-09-23 13:05:41,26,0.424,4.47,-20.0
2020-09-23 13:05:41,27,0.413,4.47,-20.0
2020-09-23 13:05:41,28,0.422,4.47,-20.0
2020-09-23 13:05:41,29,0.416,4.47,-20.0
2020-09-23 13:05:41,30,0.415,4.47,-20.0
2020-09-23 13:05:41,31,0.419,4.47,-20.0
2020-09-23 13:05:41,32,0.412,4.48,-20.0
2020-09-23 13:05:41,33,0.418,4.49,-20.0
2020-09-23 13:05:41,34,0.415,4.49,-20.0
2020-09-23 13:05:41,35,0.409,4.49,-20.0
2020-09-23 13:05:41,36,0.406,4.5,-20.0
2020-09-23 13:05:41,37,0.412,4.49,22.9
2020-09-23 13:05:41,38,0.415,4.49,-20.0
2020-09-23 13:05:41,39,0.42,4.47,-20.0
2020-09-23 13:05:41,40,0.415,4.47,-20.0
2020-09-23 13:05:41,41,0.412,4.5,-20.0
2020-09-23 13:05:41,42,0.408,4.47,-20.0
2020-09-23 13:05:41,43,0.407,4.47,-20.0
2020-09-23 13:05:41,44,0.418,4.49,-20.0
2020-09-23 13:05:41,45,0.415,4.49,-20.0
2020-09-23 13:05:41,46,0.415,4.49,-20.0
2020-09-23 13:05:41,47,0.405,4.48,-20.0
2020-09-23 13:05:41,48,0.404,4.48,-20.0
2020-09-23 13:05:41,49,0.487,4.46,24.6
2020-09-23 13:05:41,50,0.429,4.47,-20.0
2020-09-23 13:05:41,51,0.414,4.48,-20.0
2020-09-23 13:05:41,52,0.418,4.47,-20.0
2020-09-23 13:05:41,53,0.415,4.46,-20.0
2020-09-23 13:05:41,54,0.414,4.47,-20.0
2020-09-23 13:05:41,55,0.418,4.44,-20.0
2020-09-23 13:05:41,56,0.413,4.43,-20.0
2020-09-23 13:05:41,57,0.421,4.43,-20.0
2020-09-23 13:05:41,58,0.413,4.42,-20.0
2020-09-23 13:05:41,59,0.414,4.45,-20.0
2020-09-23 13:05:41,60,0.425,4.46,-20.0
2020-09-23 13:05:41,61,0.42,4.49,22.3
2020-09-23 13:05:41,62,0.409,4.49,-20.0
2020-09-23 13:05:41,63,0.416,4.47,-20.0
2020-09-23 13:05:41,64,0.41,4.46,-20.0
2020-09-23 13:05:41,65,0.412,4.45,-20.0
2020-09-23 13:05:41,66,0.418,4.45,-20.0
2020-09-23 13:05:41,67,0.413,4.43,-20.0
2020-09-23 13:05:41,68,0.416,4.46,-20.0
2020-09-23 13:05:41,69,0.413,4.45,-20.0
2020-09-23 13:05:41,70,0.404,4.47,-20.0
2020-09-23 13:05:41,71,0.411,4.49,-20.0
2020-09-23 13:05:41,72,0.418,4.49,-20.0
2020-09-23 13:05:41,73,0.416,4.52,22.3
2020-09-23 13:05:41,74,0.408,4.51,-20.0
2020-09-23 13:05:41,75,0.424,4.47,-20.0
2020-09-23 13:05:41,76,0.428,4.45,-20.0
2020-09-23 13:05:41,77,0.422,4.51,-20.0
2020-09-23 13:05:41,78,0.401,4.48,-20.0
2020-09-23 13:05:41,79,0.407,4.5,-20.0
2020-09-23 13:05:41,80,0.421,4.51,-20.0
2020-09-23 13:05:41,81,0.425,4.51,-20.0
2020-09-23 13:05:41,82,0.421,4.52,-20.0
2020-09-23 13:05:41,83,0.425,4.5,-20.0
2020-09-23 13:05:41,84,0.418,4.5,-20.0
2020-09-23 13:05:41,85,0.412,4.48,23.3
2020-09-23 13:05:41,86,0.418,4.47,-20.0
2020-09-23 13:05:41,87,0.439,4.47,-20.0
2020-09-23 13:05:41,88,0.4,4.48,-20.0
2020-09-23 13:05:41,89,0.406,4.49,-20.0
2020-09-23 13:05:41,90,0.403,4.47,-20.0
2020-09-23 13:05:41,91,0.416,4.49,-20.0
2020-09-23 13:05:41,92,0.403,4.5,-20.0
2020-09-23 13:05:41,93,0.414,4.5,-20.0
2020-09-23 13:05:41,94,0.421,4.47,-20.0
2020-09-23 13:05:41,95,0.418,4.47,-20.0
2020-09-23 13:05:41,96,0.414,4.49,-20.0
2020-09-24 01:05:12,1,0.415,4.51,25.5
2020-09-24 01:05:12,2,0.407,4.51,-20.0
2020-09-24 01:05:12,3,0.416,4.52,-20.0
2020-09-24 01:05:12,4,0.413,4.49,-20.0
2020-09-24 01:05:12,5,0.408,4.51,-20.0
2020-09-24 01:05:12,6,0.418,4.49,-20.0
2020-09-24 01:05:12,7,0.411,4.48,-20.0
2020-09-24 01:05:12,8,0.4,4.51,-20.0
2020-09-24 01:05:12,9,0.41,4.48,-20.0
2020-09-24 01:05:12,10,0.419,4.5,-20.0
2020-09-24 01:05:12,11,0.415,4.46,-20.0
2020-09-24 01:05:12,12,0.414,4.46,-20.0
2020-09-24 01:05:12,13,0.41,4.48,24.9
2020-09-24 01:05:12,14,0.419,4.49,-20.0
2020-09-24 01:05:12,15,0.409,4.52,-20.0
2020-09-24 01:05:12,16,0.424,4.52,-20.0
2020-09-24 01:05:12,17,0.414,4.49,-20.0
2020-09-24 01:05:12,18,0.427,4.49,-20.0
2020-09-24 01:05:12,19,0.437,4.48,-20.0
2020-09-24 01:05:12,20,0.408,4.47,-20.0
2020-09-24 01:05:12,21,0.411,4.48,-20.0
2020-09-24 01:05:12,22,0.412,4.47,-20.0
2020-09-24 01:05:12,23,0.442,4.48,-20.0
2020-09-24 01:05:12,24,0.406,4.49,-20.0
2020-09-24 01:05:12,25,0.413,4.5,22.7
2020-09-24 01:05:12,26,0.424,4.48,-20.0
2020-09-24 01:05:12,27,0.411,4.46,-20.0
2020-09-24 01:05:12,28,0.423,4.47,-20.0
2020-09-24 01:05:12,29,0.419,4.47,-20.0
2020-09-24 01:05:12,30,0.415,4.48,-20.0
2020-09-24 01:05:12,31,0.419,4.46,-20.0
2020-09-24 01:05:12,32,0.41,4.48,-20.0
2020-09-24 01:05:12,33,0.418,4.49,-20.0
2020-09-24 01:05:12,34,0.417,4.49,-20.0
2020-09-24 01:05:12,35,0.405,4.49,-20.0
2020-09-24 01:05:12,36,0.403,4.49,-20.0
2020-09-24 01:05:12,37,0.402,4.48,23.1
2020-09-24 01:05:12,38,0.391,4.48,-20.0
2020-09-24 01:05:12,39,0.414,4.48,-20.0
2020-09-24 01:05:12,40,0.413,4.47,-20.0
2020-09-24 01:05:12,41,0.408,4.49,-20.0
2020-09-24 01:05:12,42,0.395,4.48,-20.0
2020-09-24 01:05:12,43,0.394,4.47,-20.0
2020-09-24 01:05:12,44,0.409,4.49,-20.0
2020-09-24 01:05:12,45,0.414,4.49,-20.0
2020-09-24 01:05:12,46,0.416,4.48,-20.0
2020-09-24 01:05:12,47,0.406,4.48,-20.0
2020-09-24 01:05:12,48,0.412,4.48,-20.0
2020-09-24 01:05:12,49,0.487,4.45,24.9
2020-09-24 01:05:12,50,0.427,4.47,-20.0
2020-09-24 01:05:12,51,0.414,4.47,-20.0
2020-09-24 01:05:12,52,0.419,4.47,-20.0
2020-09-24 01:05:12,53,0.416,4.46,-20.0
2020-09-24 01:05:12,54,0.414,4.47,-20.0
2020-09-24 01:05:12,55,0.421,4.44,-20.0
2020-09-24 01:05:12,56,0.409,4.44,-20.0
2020-09-24 01:05:12,57,0.418,4.43,-20.0
2020-09-24 01:05:12,58,0.415,4.43,-20.0
2020-09-24 01:05:12,59,0.418,4.45,-20.0
2020-09-24 01:05:12,60,0.427,4.46,-20.0
2020-09-24 01:05:12,61,0.422,4.49,22.7
2020-09-24 01:05:12,62,0.41,4.49,-20.0
2020-09-24 01:05:12,63,0.416,4.47,-20.0
2020-09-24 01:05:12,64,0.409,4.46,-20.0
2020-09-24 01:05:12,65,0.413,4.45,-20.0
2020-09-24 01:05:12,66,0.419,4.46,-20.0
2020-09-24 01:05:12,67,0.414,4.43,-20.0
2020-09-24 01:05:12,68,0.415,4.46,-20.0
2020-09-24 01:05:12,69,0.413,4.45,-20.0
2020-09-24 01:05:12,70,0.405,4.47,-20.0
2020-09-24 01:05:12,71,0.412,4.49,-20.0
2020-09-24 01:05:12,72,0.419,4.49,-20.0
2020-09-24 01:05:12,73,0.414,4.52,22.8
2020-09-24 01:05:12,74,0.405,4.49,-20.0
2020-09-24 01:05:12,75,0.423,4.47,-20.0
2020-09-24 01:05:12,76,0.426,4.45,-20.0
2020-09-24 01:05:12,77,0.425,4.52,-20.0
2020-09-24 01:05:12,78,0.404,4.47,-20.0
2020-09-24 01:05:12,79,0.408,4.5,-20.0
2020-09-24 01:05:12,80,0.419,4.5,-20.0
2020-09-24 01:05:12,81,0.425,4.52,-20.0
2020-09-24 01:05:12,82,0.422,4.51,-20.0
2020-09-24 01:05:12,83,0.425,4.5,-20.0
2020-09-24 01:05:12,84,0.42,4.5,-20.0
2020-09-24 01:05:12,85,0.411,4.48,24.0
2020-09-24 01:05:12,86,0.417,4.46,-20.0
2020-09-24 01:05:12,87,0.44,4.47,-20.0
2020-09-24 01:05:12,88,0.401,4.48,-20.0
2020-09-24 01:05:12,89,0.408,4.5,-20.0
2020-09-24 01:05:12,90,0.399,4.47,-20.0
2020-09-24 01:05:12,91,0.418,4.48,-20.0
2020-09-24 01:05:12,92,0.402,4.5,-20.0
2020-09-24 01:05:12,93,0.416,4.5,-20.0
2020-09-24 01:05:12,94,0.422,4.47,-20.0
2020-09-24 01:05:12,95,0.418,4.46,-20.0
2020-09-24 01:05:12,96,0.41,4.5,-20.0
2020-09-24 13:04:46,1,0.415,4.5,25.5
2020-09-24 13:04:46,2,0.408,4.52,-20.0
2020-09-24 13:04:46,3,0.416,4.52,-20.0
2020-09-24 13:04:46,4,0.414,4.48,-20.0
2020-09-24 13:04:46,5,0.406,4.51,-20.0
2020-09-24 13:04:46,6,0.418,4.49,-20.0
2020-09-24 13:04:46,7,0.41,4.48,-20.0
2020-09-24 13:04:46,8,0.403,4.5,-20.0
2020-09-24 13:04:46,9,0.411,4.47,-20.0
2020-09-24 13:04:46,10,0.419,4.5,-20.0
2020-09-24 13:04:46,11,0.416,4.46,-20.0
2020-09-24 13:04:46,12,0.414,4.47,-20.0
2020-09-24 13:04:46,13,0.409,4.47,24.8
2020-09-24 13:04:46,14,0.418,4.49,-20.0
2020-09-24 13:04:46,15,0.409,4.5,-20.0
2020-09-24 13:04:46,16,0.423,4.51,-20.0
2020-09-24 13:04:46,17,0.416,4.48,-20.0
2020-09-24 13:04:46,18,0.43,4.5,-20.0
2020-09-24 13:04:46,19,0.438,4.47,-20.0
2020-09-24 13:04:46,20,0.408,4.47,-20.0
2020-09-24 13:04:46,21,0.412,4.48,-20.0
2020-09-24 13:04:46,22,0.414,4.47,-20.0
2020-09-24 13:04:46,23,0.444,4.49,-20.0
2020-09-24 13:04:46,24,0.406,4.5,-20.0
2020-09-24 13:04:46,25,0.415,4.5,22.5
2020-09-24 13:04:46,26,0.423,4.48,-20.0
2020-09-24 13:04:46,27,0.416,4.47,-20.0
2020-09-24 13:04:46,28,0.423,4.46,-20.0
2020-09-24 13:04:46,29,0.42,4.46,-20.0
2020-09-24 13:04:46,30,0.416,4.48,-20.0
2020-09-24 13:04:46,31,0.419,4.46,-20.0
2020-09-24 13:04:46,32,0.409,4.47,-20.0
2020-09-24 13:04:46,33,0.416,4.49,-20.0
2020-09-24 13:04:46,34,0.417,4.48,-20.0
2020-09-24 13:04:46,35,0.405,4.48,-20.0
2020-09-24 13:04:46,36,0.406,4.5,-20.0
2020-09-24 13:04:46,37,0.406,4.48,22.9
2020-09-24 13:04:46,38,0.398,4.49,-20.0
2020-09-24 13:04:46,39,0.416,4.47,-20.0
2020-09-24 13:04:46,40,0.414,4.48,-20.0
2020-09-24 13:04:46,41,0.411,4.5,-20.0
2020-09-24 13:04:46,42,0.399,4.48,-20.0
2020-09-24 13:04:46,43,0.401,4.47,-20.0
2020-09-24 13:04:46,44,0.413,4.49,-20.0
2020-09-24 13:04:46,45,0.418,4.49,-20.0
2020-09-24 13:04:46,46,0.417,4.49,-20.0
2020-09-24 13:04:46,47,0.409,4.49,-20.0
2020-09-24 13:04:46,48,0.41,4.49,-20.0
2020-09-24 13:04:46,49,0.487,4.46,24.8
2020-09-24 13:04:46,50,0.426,4.48,-20.0
2020-09-24 13:04:46,51,0.414,4.47,-20.0
2020-09-24 13:04:46,52,0.421,4.47,-20.0
2020-09-24 13:04:46,53,0.416,4.45,-20.0
2020-09-24 13:04:46,54,0.414,4.48,-20.0
2020-09-24 13:04:46,55,0.419,4.44,-20.0
2020-09-24 13:04:46,56,0.413,4.43,-20.0
2020-09-24 13:04:46,57,0.419,4.43,-20.0
2020-09-24 13:04:46,58,0.416,4.43,-20.0
2020-09-24 13:04:46,59,0.419,4.44,-20.0
2020-09-24 13:04:46,60,0.425,4.46,-20.0
2020-09-24 13:04:46,61,0.418,4.5,22.4
2020-09-24 13:04:46,62,0.413,4.49,-20.0
2020-09-24 13:04:46,63,0.414,4.48,-20.0
2020-09-24 13:04:46,64,0.41,4.46,-20.0
2020-09-24 13:04:46,65,0.413,4.45,-20.0
2020-09-24 13:04:46,66,0.419,4.45,-20.0
2020-09-24 13:04:46,67,0.408,4.43,-20.0
2020-09-24 13:04:46,68,0.4,4.46,-20.0
2020-09-24 13:04:46,69,0.41,4.45,-20.0
2020-09-24 13:04:46,70,0.394,4.47,-20.0
2020-09-24 13:04:46,71,0.41,4.49,-20.0
2020-09-24 13:04:46,72,0.414,4.48,-20.0
2020-09-24 13:04:46,73,0.402,4.52,22.4
2020-09-24 13:04:46,74,0.397,4.49,-20.0
2020-09-24 13:04:46,75,0.425,4.47,-20.0
2020-09-24 13:04:46,76,0.427,4.45,-20.0
2020-09-24 13:04:46,77,0.424,4.51,-20.0
2020-09-24 13:04:46,78,0.408,4.48,-20.0
2020-09-24 13:04:46,79,0.41,4.5,-20.0
2020-09-24 13:04:46,80,0.422,4.51,-20.0
2020-09-24 13:04:46,81,0.426,4.51,-20.0
2020-09-24 13:04:46,82,0.423,4.51,-20.0
2020-09-24 13:04:46,83,0.425,4.51,-20.0
2020-09-24 13:04:46,84,0.421,4.49,-20.0
2020-09-24 13:04:46,85,0.413,4.48,23.2
2020-09-24 13:04:46,86,0.417,4.47,-20.0
2020-09-24 13:04:46,87,0.441,4.47,-20.0
2020-09-24 13:04:46,88,0.402,4.48,-20.0
2020-09-24 13:04:46,89,0.406,4.49,-20.0
2020-09-24 13:04:46,90,0.401,4.47,-20.0
2020-09-24 13:04:46,91,0.418,4.49,-20.0
2020-09-24 13:04:46,92,0.402,4.5,-20.0
2020-09-24 13:04:46,93,0.415,4.5,-20.0
2020-09-24 13:04:46,94,0.423,4.47,-20.0
2020-09-24 13:04:46,95,0.418,4.46,-20.0
2020-09-24 13:04:46,96,0.41,4.49,-20.0
2020-09-25 01:04:24,1,0.415,4.5,25.5
2020-09-25 01:04:24,2,0.408,4.51,-20.0
2020-09-25 01:04:24,3,0.418,4.52,-20.0
2020-09-25 01:04:24,4,0.414,4.48,-20.0
2020-09-25 01:04:24,5,0.408,4.51,-20.0
2020-09-25 01:04:24,6,0.418,4.49,-20.0
2020-09-25 01:04:24,7,0.41,4.48,-20.0
2020-09-25 01:04:24,8,0.403,4.5,-20.0
2020-09-25 01:04:24,9,0.412,4.47,-20.0
2020-09-25 01:04:24,10,0.42,4.5,-20.0
2020-09-25 01:04:24,11,0.418,4.44,-20.0
2020-09-25 01:04:24,12,0.416,4.47,-20.0
2020-09-25 01:04:24,13,0.409,4.48,24.8
2020-09-25 01:04:24,14,0.418,4.49,-20.0
2020-09-25 01:04:24,15,0.408,4.52,-20.0
2020-09-25 01:04:24,16,0.424,4.51,-20.0
2020-09-25 01:04:24,17,0.416,4.48,-20.0
2020-09-25 01:04:24,18,0.427,4.5,-20.0
2020-09-25 01:04:24,19,0.44,4.47,-20.0
2020-09-25 01:04:24,20,0.406,4.48,-20.0
2020-09-25 01:04:24,21,0.413,4.49,-20.0
2020-09-25 01:04:24,22,0.418,4.47,-20.0
2020-09-25 01:04:24,23,0.436,4.48,-20.0
2020-09-25 01:04:24,24,0.394,4.49,-20.0
2020-09-25 01:04:24,25,0.414,4.5,22.4
2020-09-25 01:04:24,26,0.423,4.48,-20.0
2020-09-25 01:04:24,27,0.404,4.46,-20.0
2020-09-25 01:04:24,28,0.416,4.47,-20.0
2020-09-25 01:04:24,29,0.41,4.45,-20.0
2020-09-25 01:04:24,30,0.413,4.48,-20.0
2020-09-25 01:04:24,31,0.417,4.46,-20.0
2020-09-25 01:04:24,32,0.39,4.48,-20.0
2020-09-25 01:04:24,33,0.412,4.48,-20.0
2020-09-25 01:04:24,34,0.416,4.48,-20.0
2020-09-25 01:04:24,35,0.406,4.48,-20.0
2020-09-25 01:04:24,36,0.403,4.51,-20.0
2020-09-25 01:04:24,37,0.406,4.48,22.9
2020-09-25 01:04:24,38,0.397,4.5,-20.0
2020-09-25 01:04:24,39,0.42,4.46,-20.0
2020-09-25 01:04:24,40,0.416,4.48,-20.0
2020-09-25 01:04:24,41,0.409,4.5,-20.0
2020-09-25 01:04:24,42,0.402,4.47,-20.0
2020-09-25 01:04:24,43,0.406,4.48,-20.0
2020-09-25 01:04:24,44,0.419,4.5,-20.0
2020-09-25 01:04:24,45,0.418,4.5,-20.0
2020-09-25 01:04:24,46,0.419,4.48,-20.0
2020-09-25 01:04:24,47,0.41,4.49,-20.0
2020-09-25 01:04:24,48,0.419,4.48,-20.0
2020-09-25 01:04:24,49,0.491,4.46,24.7
2020-09-25 01:04:24,50,0.429,4.46,-20.0
2020-09-25 01:04:24,51,0.412,4.47,-20.0
2020-09-25 01:04:24,52,0.416,4.46,-20.0
2020-09-25 01:04:24,53,0.416,4.46,-20.0
2020-09-25 01:04:24,54,0.415,4.47,-20.0
2020-09-25 01:04:24,55,0.418,4.44,-20.0
2020-09-25 01:04:24,56,0.413,4.44,-20.0
2020-09-25 01:04:24,57,0.421,4.43,-20.0
2020-09-25 01:04:24,58,0.415,4.43,-20.0
2020-09-25 01:04:24,59,0.421,4.44,-20.0
2020-09-25 01:04:24,60,0.423,4.46,-20.0
2020-09-25 01:04:24,61,0.416,4.5,22.3
2020-09-25 01:04:24,62,0.412,4.49,-20.0
2020-09-25 01:04:24,63,0.415,4.48,-20.0
2020-09-25 01:04:24,64,0.408,4.46,-20.0
2020-09-25 01:04:24,65,0.408,4.45,-20.0
2020-09-25 01:04:24,66,0.417,4.46,-20.0
2020-09-25 01:04:24,67,0.41,4.43,-20.0
2020-09-25 01:04:24,68,0.406,4.46,-20.0
2020-09-25 01:04:24,69,0.415,4.45,-20.0
2020-09-25 01:04:24,70,0.399,4.47,-20.0
2020-09-25 01:04:24,71,0.411,4.49,-20.0
2020-09-25 01:04:24,72,0.413,4.49,-20.0
2020-09-25 01:04:24,73,0.406,4.52,22.4
2020-09-25 01:04:24,74,0.4,4.49,-20.0
2020-09-25 01:04:24,75,0.424,4.47,-20.0
2020-09-25 01:04:24,76,0.428,4.45,-20.0
2020-09-25 01:04:24,77,0.424,4.51,-20.0
2020-09-25 01:04:24,78,0.411,4.47,-20.0
2020-09-25 01:04:24,79,0.41,4.49,-20.0
2020-09-25 01:04:24,80,0.42,4.51,-20.0
2020-09-25 01:04:24,81,0.426,4.51,-20.0
2020-09-25 01:04:24,82,0.423,4.52,-20.0
2020-09-25 01:04:24,83,0.425,4.51,-20.0
2020-09-25 01:04:24,84,0.423,4.5,-20.0
2020-09-25 01:04:24,85,0.415,4.48,23.3
2020-09-25 01:04:24,86,0.418,4.47,-20.0
2020-09-25 01:04:24,87,0.44,4.47,-20.0
2020-09-25 01:04:24,88,0.4,4.48,-20.0
2020-09-25 01:04:24,89,0.408,4.5,-20.0
2020-09-25 01:04:24,90,0.403,4.47,-20.0
2020-09-25 01:04:24,91,0.417,4.48,-20.0
2020-09-25 01:04:24,92,0.402,4.5,-20.0
2020-09-25 01:04:24,93,0.414,4.5,-20.0
2020-09-25 01:04:24,94,0.421,4.47,-20.0
2020-09-25 01:04:24,95,0.418,4.46,-20.0
2020-09-25 01:04:24,96,0.411,4.49,-20.0
2020-09-25 13:04:04,1,0.414,4.5,25.5
2020-09-25 13:04:04,2,0.41,4.5,-20.0
2020-09-25 13:04:04,3,0.418,4.52,-20.0
2020-09-25 13:04:04,4,0.415,4.48,-20.0
2020-09-25 13:04:04,5,0.408,4.52,-20.0
2020-09-25 13:04:04,6,0.419,4.49,-20.0
2020-09-25 13:04:04,7,0.411,4.49,-20.0
2020-09-25 13:04:04,8,0.405,4.51,-20.0
2020-09-25 13:04:04,9,0.41,4.48,-20.0
2020-09-25 13:04:04,10,0.419,4.5,-20.0
2020-09-25 13:04:04,11,0.418,4.45,-20.0
2020-09-25 13:04:04,12,0.418,4.47,-20.0
2020-09-25 13:04:04,13,0.409,4.49,24.6
2020-09-25 13:04:04,14,0.419,4.48,-20.0
2020-09-25 13:04:04,15,0.41,4.52,-20.0
2020-09-25 13:04:04,16,0.425,4.51,-20.0
2020-09-25 13:04:04,17,0.414,4.49,-20.0
2020-09-25 13:04:04,18,0.425,4.5,-20.0
2020-09-25 13:04:04,19,0.439,4.48,-20.0
2020-09-25 13:04:04,20,0.408,4.48,-20.0
2020-09-25 13:04:04,21,0.414,4.48,-20.0
2020-09-25 13:04:04,22,0.419,4.48,-20.0
2020-09-25 13:04:04,23,0.439,4.49,-20.0
2020-09-25 13:04:04,24,0.398,4.49,-20.0
2020-09-25 13:04:04,25,0.414,4.5,22.2
2020-09-25 13:04:04,26,0.419,4.48,-20.0
2020-09-25 13:04:04,27,0.407,4.47,-20.0
2020-09-25 13:04:04,28,0.419,4.46,-20.0
2020-09-25 13:04:04,29,0.411,4.46,-20.0
2020-09-25 13:04:04,30,0.414,4.47,-20.0
2020-09-25 13:04:04,31,0.415,4.45,-20.0
2020-09-25 13:04:04,32,0.399,4.47,-20.0
2020-09-25 13:04:04,33,0.414,4.49,-20.0
2020-09-25 13:04:04,34,0.416,4.49,-20.0
2020-09-25 13:04:04,35,0.409,4.48,-20.0
2020-09-25 13:04:04,36,0.406,4.51,-20.0
2020-09-25 13:04:04,37,0.406,4.47,22.6
2020-09-25 13:04:04,38,0.404,4.5,-20.0
2020-09-25 13:04:04,39,0.422,4.46,-20.0
2020-09-25 13:04:04,40,0.42,4.47,-20.0
2020-09-25 13:04:04,41,0.412,4.5,-20.0
2020-09-25 13:04:04,42,0.401,4.47,-20.0
2020-09-25 13:04:04,43,0.409,4.47,-20.0
2020-09-25 13:04:04,44,0.419,4.49,-20.0
2020-09-25 13:04:04,45,0.42,4.5,-20.0
2020-09-25 13:04:04,46,0.417,4.49,-20.0
2020-09-25 13:04:04,47,0.411,4.48,-20.0
2020-09-25 13:04:04,48,0.417,4.48,-20.0
2020-09-25 13:04:04,49,0.488,4.46,24.6
2020-09-25 13:04:04,50,0.429,4.47,-20.0
2020-09-25 13:04:04,51,0.41,4.47,-20.0
2020-09-25 13:04:04,52,0.415,4.46,-20.0
2020-09-25 13:04:04,53,0.416,4.46,-20.0
2020-09-25 13:04:04,54,0.415,4.47,-20.0
2020-09-25 13:04:04,55,0.419,4.44,-20.0
2020-09-25 13:04:04,56,0.413,4.44,-20.0
2020-09-25 13:04:04,57,0.42,4.43,-20.0
2020-09-25 13:04:04,58,0.415,4.43,-20.0
2020-09-25 13:04:04,59,0.407,4.44,-20.0
2020-09-25 13:04:04,60,0.41,4.46,-20.0
2020-09-25 13:04:04,61,0.419,4.5,22.0
2020-09-25 13:04:04,62,0.407,4.49,-20.0
2020-09-25 13:04:04,63,0.399,4.48,-20.0
2020-09-25 13:04:04,64,0.401,4.46,-20.0
2020-09-25 13:04:04,65,0.394,4.45,-20.0
2020-09-25 13:04:04,66,0.417,4.46,-20.0
2020-09-25 13:04:04,67,0.409,4.43,-20.0
2020-09-25 13:04:04,68,0.399,4.46,-20.0
2020-09-25 13:04:04,69,0.411,4.45,-20.0
2020-09-25 13:04:04,70,0.404,4.47,-20.0
2020-09-25 13:04:04,71,0.411,4.49,-20.0
2020-09-25 13:04:04,72,0.413,4.48,-20.0
2020-09-25 13:04:04,73,0.408,4.52,22.0
2020-09-25 13:04:04,74,0.403,4.49,-20.0
2020-09-25 13:04:04,75,0.424,4.47,-20.0
2020-09-25 13:04:04,76,0.426,4.45,-20.0
2020-09-25 13:04:04,77,0.422,4.5,-20.0
2020-09-25 13:04:04,78,0.41,4.48,-20.0
2020-09-25 13:04:04,79,0.409,4.49,-20.0
2020-09-25 13:04:04,80,0.42,4.5,-20.0
2020-09-25 13:04:04,81,0.426,4.51,-20.0
2020-09-25 13:04:04,82,0.423,4.52,-20.0
2020-09-25 13:04:04,83,0.424,4.51,-20.0
2020-09-25 13:04:04,84,0.423,4.49,-20.0
2020-09-25 13:04:04,85,0.416,4.48,23.2
2020-09-25 13:04:04,86,0.418,4.47,-20.0
2020-09-25 13:04:04,87,0.439,4.47,-20.0
2020-09-25 13:04:04,88,0.401,4.48,-20.0
2020-09-25 13:04:04,89,0.411,4.5,-20.0
2020-09-25 13:04:04,90,0.404,4.47,-20.0
2020-09-25 13:04:04,91,0.418,4.49,-20.0
2020-09-25 13:04:04,92,0.403,4.5,-20.0
2020-09-25 13:04:04,93,0.413,4.49,-20.0
2020-09-25 13:04:04,94,0.42,4.47,-20.0
2020-09-25 13:04:04,95,0.419,4.46,-20.0
2020-09-25 13:04:04,96,0.411,4.49,-20.0
2020-09-26 01:03:40,1,0.415,4.5,25.5
2020-09-26 01:03:40,2,0.411,4.5,-20.0
2020-09-26 01:03:40,3,0.418,4.52,-20.0
2020-09-26 01:03:40,4,0.417,4.48,-20.0
2020-09-26 01:03:40,5,0.408,4.51,-20.0
2020-09-26 01:03:40,6,0.42,4.5,-20.0
2020-09-26 01:03:40,7,0.409,4.48,-20.0
2020-09-26 01:03:40,8,0.406,4.5,-20.0
2020-09-26 01:03:40,9,0.412,4.48,-20.0
2020-09-26 01:03:40,10,0.418,4.49,-20.0
2020-09-26 01:03:40,11,0.418,4.46,-20.0
2020-09-26 01:03:40,12,0.42,4.47,-20.0
2020-09-26 01:03:40,13,0.411,4.48,24.8
2020-09-26 01:03:40,14,0.418,4.49,-20.0
2020-09-26 01:03:40,15,0.41,4.51,-20.0
2020-09-26 01:03:40,16,0.423,4.52,-20.0
2020-09-26 01:03:40,17,0.414,4.48,-20.0
2020-09-26 01:03:40,18,0.418,4.5,-20.0
2020-09-26 01:03:40,19,0.432,4.48,-20.0
2020-09-26 01:03:40,20,0.407,4.46,-20.0
2020-09-26 01:03:40,21,0.415,4.48,-20.0
2020-09-26 01:03:40,22,0.419,4.48,-20.0
2020-09-26 01:03:40,23,0.43,4.47,-20.0
2020-09-26 01:03:40,24,0.39,4.48,-20.0
2020-09-26 01:03:40,25,0.413,4.51,22.2
2020-09-26 01:03:40,26,0.42,4.48,-20.0
2020-09-26 01:03:40,27,0.407,4.46,-20.0
2020-09-26 01:03:40,28,0.413,4.46,-20.0
2020-09-26 01:03:40,29,0.411,4.47,-20.0
2020-09-26 01:03:40,30,0.417,4.49,-20.0
2020-09-26 01:03:40,31,0.418,4.46,-20.0
2020-09-26 01:03:40,32,0.405,4.48,-20.0
2020-09-26 01:03:40,33,0.414,4.49,-20.0
2020-09-26 01:03:40,34,0.415,4.48,-20.0
2020-09-26 01:03:40,35,0.408,4.49,-20.0
2020-09-26 01:03:40,36,0.405,4.5,-20.0
2020-09-26 01:03:40,37,0.408,4.48,22.7
2020-09-26 01:03:40,38,0.408,4.49,-20.0
2020-09-26 01:03:40,39,0.423,4.48,-20.0
2020-09-26 01:03:40,40,0.417,4.48,-20.0
2020-09-26 01:03:40,41,0.411,4.5,-20.0
2020-09-26 01:03:40,42,0.405,4.47,-20.0
2020-09-26 01:03:40,43,0.413,4.47,-20.0
2020-09-26 01:03:40,44,0.423,4.49,-20.0
2020-09-26 01:03:40,45,0.421,4.49,-20.0
2020-09-26 01:03:40,46,0.417,4.48,-20.0
2020-09-26 01:03:40,47,0.414,4.48,-20.0
2020-09-26 01:03:40,48,0.415,4.48,-20.0
2020-09-26 01:03:40,49,0.487,4.46,24.7
2020-09-26 01:03:40,50,0.428,4.47,-20.0
2020-09-26 01:03:40,51,0.413,4.47,-20.0
2020-09-26 01:03:40,52,0.414,4.46,-20.0
2020-09-26 01:03:40,53,0.418,4.46,-20.0
2020-09-26 01:03:40,54,0.415,4.46,-20.0
2020-09-26 01:03:40,55,0.42,4.44,-20.0
2020-09-26 01:03:40,56,0.413,4.43,-20.0
2020-09-26 01:03:40,57,0.418,4.43,-20.0
2020-09-26 01:03:40,58,0.417,4.43,-20.0
2020-09-26 01:03:40,59,0.41,4.44,-20.0
2020-09-26 01:03:40,60,0.407,4.46,-20.0
2020-09-26 01:03:40,61,0.417,4.5,22.2
2020-09-26 01:03:40,62,0.408,4.5,-20.0
2020-09-26 01:03:40,63,0.399,4.48,-20.0
2020-09-26 01:03:40,64,0.4,4.46,-20.0
2020-09-26 01:03:40,65,0.399,4.45,-20.0
2020-09-26 01:03:40,66,0.414,4.45,-20.0
2020-09-26 01:03:40,67,0.407,4.43,-20.0
2020-09-26 01:03:40,68,0.405,4.46,-20.0
2020-09-26 01:03:40,69,0.412,4.45,-20.0
2020-09-26 01:03:40,70,0.41,4.47,-20.0
2020-09-26 01:03:40,71,0.412,4.49,-20.0
2020-09-26 01:03:40,72,0.414,4.48,-20.0
2020-09-26 01:03:40,73,0.408,4.52,22.5
2020-09-26 01:03:40,74,0.404,4.5,-20.0
2020-09-26 01:03:40,75,0.423,4.47,-20.0
2020-09-26 01:03:40,76,0.426,4.45,-20.0
2020-09-26 01:03:40,77,0.42,4.51,-20.0
2020-09-26 01:03:40,78,0.411,4.47,-20.0
2020-09-26 01:03:40,79,0.411,4.49,-20.0
2020-09-26 01:03:40,80,0.419,4.51,-20.0
2020-09-26 01:03:40,81,0.427,4.51,-20.0
2020-09-26 01:03:40,82,0.424,4.51,-20.0
2020-09-26 01:03:40,83,0.424,4.5,-20.0
2020-09-26 01:03:40,84,0.422,4.49,-20.0
2020-09-26 01:03:40,85,0.416,4.47,23.5
2020-09-26 01:03:40,86,0.415,4.47,-20.0
2020-09-26 01:03:40,87,0.439,4.46,-20.0
2020-09-26 01:03:40,88,0.401,4.47,-20.0
2020-09-26 01:03:40,89,0.412,4.49,-20.0
2020-09-26 01:03:40,90,0.403,4.48,-20.0
2020-09-26 01:03:40,91,0.417,4.49,-20.0
2020-09-26 01:03:40,92,0.401,4.5,-20.0
2020-09-26 01:03:40,93,0.413,4.5,-20.0
2020-09-26 01:03:40,94,0.419,4.47,-20.0
2020-09-26 01:03:40,95,0.419,4.47,-20.0
2020-09-26 01:03:40,96,0.41,4.49,-20.0
2020-09-26 13:03:10,1,0.414,4.5,25.5
2020-09-26 13:03:10,2,0.409,4.51,-20.0
2020-09-26 13:03:10,3,0.418,4.52,-20.0
2020-09-26 13:03:10,4,0.417,4.48,-20.0
2020-09-26 13:03:10,5,0.408,4.52,-20.0
2020-09-26 13:03:10,6,0.421,4.5,-20.0
2020-09-26 13:03:10,7,0.409,4.47,-20.0
2020-09-26 13:03:10,8,0.405,4.49,-20.0
2020-09-26 13:03:10,9,0.411,4.48,-20.0
2020-09-26 13:03:10,10,0.416,4.5,-20.0
2020-09-26 13:03:10,11,0.415,4.45,-20.0
2020-09-26 13:03:10,12,0.419,4.47,-20.0
2020-09-26 13:03:10,13,0.41,4.49,24.6
2020-09-26 13:03:10,14,0.418,4.5,-20.0
2020-09-26 13:03:10,15,0.414,4.51,-20.0
2020-09-26 13:03:10,16,0.425,4.52,-20.0
2020-09-26 13:03:10,17,0.415,4.49,-20.0
2020-09-26 13:03:10,18,0.418,4.5,-20.0
2020-09-26 13:03:10,19,0.431,4.47,-20.0
2020-09-26 13:03:10,20,0.408,4.47,-20.0
2020-09-26 13:03:10,21,0.413,4.48,-20.0
2020-09-26 13:03:10,22,0.419,4.48,-20.0
2020-09-26 13:03:10,23,0.434,4.48,-20.0
2020-09-26 13:03:10,24,0.393,4.49,-20.0
2020-09-26 13:03:10,25,0.414,4.51,22.2
2020-09-26 13:03:10,26,0.421,4.49,-20.0
2020-09-26 13:03:10,27,0.408,4.47,-20.0
2020-09-26 13:03:10,28,0.415,4.48,-20.0
2020-09-26 13:03:10,29,0.413,4.46,-20.0
2020-09-26 13:03:10,30,0.419,4.48,-20.0
2020-09-26 13:03:10,31,0.416,4.47,-20.0
2020-09-26 13:03:10,32,0.409,4.47,-20.0
2020-09-26 13:03:10,33,0.414,4.48,-20.0
2020-09-26 13:03:10,34,0.417,4.49,-20.0
2020-09-26 13:03:10,35,0.406,4.49,-20.0
2020-09-26 13:03:10,36,0.406,4.52,-20.0
2020-09-26 13:03:10,37,0.408,4.48,22.7
2020-09-26 13:03:10,38,0.409,4.49,-20.0
2020-09-26 13:03:10,39,0.421,4.47,-20.0
2020-09-26 13:03:10,40,0.417,4.48,-20.0
2020-09-26 13:03:10,41,0.411,4.5,-20.0
2020-09-26 13:03:10,42,0.408,4.47,-20.0
2020-09-26 13:03:10,43,0.415,4.48,-20.0
2020-09-26 13:03:10,44,0.425,4.49,-20.0
2020-09-26 13:03:10,45,0.421,4.49,-20.0
2020-09-26 13:03:10,46,0.415,4.49,-20.0
2020-09-26 13:03:10,47,0.416,4.49,-20.0
2020-09-26 13:03:10,48,0.415,4.47,-20.0
2020-09-26 13:03:10,49,0.489,4.47,24.5
2020-09-26 13:03:10,50,0.43,4.47,-20.0
2020-09-26 13:03:10,51,0.411,4.47,-20.0
2020-09-26 13:03:10,52,0.408,4.46,-20.0
2020-09-26 13:03:10,53,0.417,4.46,-20.0
2020-09-26 13:03:10,54,0.414,4.46,-20.0
2020-09-26 13:03:10,55,0.411,4.43,-20.0
2020-09-26 13:03:10,56,0.413,4.43,-20.0
2020-09-26 13:03:10,57,0.419,4.43,-20.0
2020-09-26 13:03:10,58,0.403,4.42,-20.0
2020-09-26 13:03:10,59,0.39,4.45,-20.0
2020-09-26 13:03:10,60,0.4,4.46,-20.0
2020-09-26 13:03:10,61,0.419,4.5,22.1
2020-09-26 13:03:10,62,0.41,4.5,-20.0
2020-09-26 13:03:10,63,0.401,4.48,-20.0
2020-09-26 13:03:10,64,0.402,4.46,-20.0
2020-09-26 13:03:10,65,0.401,4.45,-20.0
2020-09-26 13:03:10,66,0.413,4.45,-20.0
2020-09-26 13:03:10,67,0.405,4.43,-20.0
2020-09-26 13:03:10,68,0.411,4.46,-20.0
2020-09-26 13:03:10,69,0.409,4.46,-20.0
2020-09-26 13:03:10,70,0.412,4.47,-20.0
2020-09-26 13:03:10,71,0.412,4.49,-20.0
2020-09-26 13:03:10,72,0.417,4.49,-20.0
2020-09-26 13:03:10,73,0.411,4.52,22.3
2020-09-26 13:03:10,74,0.403,4.49,-20.0
2020-09-26 13:03:10,75,0.424,4.47,-20.0
2020-09-26 13:03:10,76,0.424,4.45,-20.0
2020-09-26 13:03:10,77,0.422,4.51,-20.0
2020-09-26 13:03:10,78,0.409,4.48,-20.0
2020-09-26 13:03:10,79,0.41,4.49,-20.0
2020-09-26 13:03:10,80,0.418,4.5,-20.0
2020-09-26 13:03:10,81,0.427,4.51,-20.0
2020-09-26 13:03:10,82,0.426,4.52,-20.0
2020-09-26 13:03:10,83,0.425,4.51,-20.0
2020-09-26 13:03:10,84,0.422,4.5,-20.0
2020-09-26 13:03:10,85,0.417,4.48,23.4
2020-09-26 13:03:10,86,0.415,4.47,-20.0
2020-09-26 13:03:10,87,0.441,4.47,-20.0
2020-09-26 13:03:10,88,0.406,4.48,-20.0
2020-09-26 13:03:10,89,0.413,4.5,-20.0
2020-09-26 13:03:10,90,0.406,4.48,-20.0
2020-09-26 13:03:10,91,0.419,4.49,-20.0
2020-09-26 13:03:10,92,0.402,4.5,-20.0
2020-09-26 13:03:10,93,0.415,4.49,-20.0
2020-09-26 13:03:10,94,0.419,4.47,-20.0
2020-09-26 13:03:10,95,0.418,4.46,-20.0
2020-09-26 13:03:10,96,0.409,4.49,-20.0
2020-09-27 01:02:39,1,0.413,4.5,25.5
2020-09-27 01:02:39,2,0.411,4.51,-20.0
2020-09-27 01:02:39,3,0.419,4.52,-20.0
2020-09-27 01:02:39,4,0.414,4.49,-20.0
2020-09-27 01:02:39,5,0.404,4.51,-20.0
2020-09-27 01:02:39,6,0.418,4.49,-20.0
2020-09-27 01:02:39,7,0.406,4.48,-20.0
2020-09-27 01:02:39,8,0.404,4.51,-20.0
2020-09-27 01:02:39,9,0.413,4.48,-20.0
2020-09-27 01:02:39,10,0.416,4.49,-20.0
2020-09-27 01:02:39,11,0.412,4.46,-20.0
2020-09-27 01:02:39,12,0.414,4.45,-20.0
2020-09-27 01:02:39,13,0.409,4.48,24.6
2020-09-27 01:02:39,14,0.419,4.48,-20.0
2020-09-27 01:02:39,15,0.413,4.51,-20.0
2020-09-27 01:02:39,16,0.425,4.53,-20.0
2020-09-27 01:02:39,17,0.417,4.49,-20.0
2020-09-27 01:02:39,18,0.419,4.49,-20.0
2020-09-27 01:02:39,19,0.434,4.48,-20.0
2020-09-27 01:02:39,20,0.41,4.48,-20.0
2020-09-27 01:02:39,21,0.412,4.48,-20.0
2020-09-27 01:02:39,22,0.417,4.46,-20.0
2020-09-27 01:02:39,23,0.436,4.48,-20.0
2020-09-27 01:02:39,24,0.396,4.49,-20.0
2020-09-27 01:02:39,25,0.413,4.51,22.1
2020-09-27 01:02:39,26,0.42,4.49,-20.0
2020-09-27 01:02:39,27,0.407,4.46,-20.0
2020-09-27 01:02:39,28,0.417,4.47,-20.0
2020-09-27 01:02:39,29,0.415,4.46,-20.0
2020-09-27 01:02:39,30,0.418,4.48,-20.0
2020-09-27 01:02:39,31,0.414,4.46,-20.0
2020-09-27 01:02:39,32,0.412,4.48,-20.0
2020-09-27 01:02:39,33,0.415,4.48,-20.0
2020-09-27 01:02:39,34,0.417,4.48,-20.0
2020-09-27 01:02:39,35,0.408,4.49,-20.0
2020-09-27 01:02:39,36,0.406,4.5,-20.0
2020-09-27 01:02:39,37,0.412,4.48,22.6
2020-09-27 01:02:39,38,0.412,4.48,-20.0
2020-09-27 01:02:39,39,0.421,4.47,-20.0
2020-09-27 01:02:39,40,0.416,4.48,-20.0
2020-09-27 01:02:39,41,0.413,4.49,-20.0
2020-09-27 01:02:39,42,0.408,4.48,-20.0
2020-09-27 01:02:39,43,0.418,4.48,-20.0
2020-09-27 01:02:39,44,0.426,4.49,-20.0
2020-09-27 01:02:39,45,0.421,4.49,-20.0
2020-09-27 01:02:39,46,0.416,4.49,-20.0
2020-09-27 01:02:39,47,0.42,4.48,-20.0
2020-09-27 01:02:39,48,0.416,4.49,-20.0
2020-09-27 01:02:39,49,0.487,4.47,24.5
2020-09-27 01:02:39,50,0.431,4.47,-20.0
2020-09-27 01:02:39,51,0.414,4.47,-20.0
2020-09-27 01:02:39,52,0.41,4.47,-20.0
2020-09-27 01:02:39,53,0.418,4.45,-20.0
2020-09-27 01:02:39,54,0.414,4.46,-20.0
2020-09-27 01:02:39,55,0.413,4.43,-20.0
2020-09-27 01:02:39,56,0.412,4.43,-20.0
2020-09-27 01:02:39,57,0.421,4.43,-20.0
2020-09-27 01:02:39,58,0.409,4.42,-20.0
2020-09-27 01:02:39,59,0.4,4.45,-20.0
2020-09-27 01:02:39,60,0.409,4.46,-20.0
2020-09-27 01:02:39,61,0.418,4.49,21.9
2020-09-27 01:02:39,62,0.411,4.49,-20.0
2020-09-27 01:02:39,63,0.408,4.48,-20.0
2020-09-27 01:02:39,64,0.404,4.46,-20.0
2020-09-27 01:02:39,65,0.403,4.45,-20.0
2020-09-27 01:02:39,66,0.417,4.45,-20.0
2020-09-27 01:02:39,67,0.412,4.43,-20.0
2020-09-27 01:02:39,68,0.416,4.46,-20.0
2020-09-27 01:02:39,69,0.411,4.45,-20.0
2020-09-27 01:02:39,70,0.416,4.46,-20.0
2020-09-27 01:02:39,71,0.414,4.49,-20.0
2020-09-27 01:02:39,72,0.415,4.48,-20.0
2020-09-27 01:02:39,73,0.412,4.52,22.0
2020-09-27 01:02:39,74,0.405,4.49,-20.0
2020-09-27 01:02:39,75,0.424,4.48,-20.0
2020-09-27 01:02:39,76,0.428,4.46,-20.0
2020-09-27 01:02:39,77,0.421,4.5,-20.0
2020-09-27 01:02:39,78,0.413,4.47,-20.0
2020-09-27 01:02:39,79,0.408,4.5,-20.0
2020-09-27 01:02:39,80,0.419,4.51,-20.0
2020-09-27 01:02:39,81,0.428,4.51,-20.0
2020-09-27 01:02:39,82,0.428,4.52,-20.0
2020-09-27 01:02:39,83,0.424,4.51,-20.0
2020-09-27 01:02:39,84,0.423,4.49,-20.0
2020-09-27 01:02:39,85,0.417,4.48,23.3
2020-09-27 01:02:39,86,0.414,4.47,-20.0
2020-09-27 01:02:39,87,0.441,4.46,-20.0
2020-09-27 01:02:39,88,0.404,4.48,-20.0
2020-09-27 01:02:39,89,0.406,4.49,-20.0
2020-09-27 01:02:39,90,0.402,4.47,-20.0
2020-09-27 01:02:39,91,0.413,4.49,-20.0
2020-09-27 01:02:39,92,0.396,4.51,-20.0
2020-09-27 01:02:39,93,0.414,4.49,-20.0
2020-09-27 01:02:39,94,0.414,4.47,-20.0
2020-09-27 01:02:39,95,0.413,4.46,-20.0
2020-09-27 01:02:39,96,0.407,4.49,-20.0
2020-09-27 13:02:05,1,0.412,4.5,25.5
2020-09-27 13:02:05,2,0.411,4.51,-20.0
2020-09-27 13:02:05,3,0.419,4.52,-20.0
2020-09-27 13:02:05,4,0.416,4.49,-20.0
2020-09-27 13:02:05,5,0.405,4.51,-20.0
2020-09-27 13:02:05,6,0.416,4.5,-20.0
2020-09-27 13:02:05,7,0.407,4.49,-20.0
2020-09-27 13:02:05,8,0.405,4.5,-20.0
2020-09-27 13:02:05,9,0.413,4.48,-20.0
2020-09-27 13:02:05,10,0.415,4.5,-20.0
2020-09-27 13:02:05,11,0.414,4.46,-20.0
2020-09-27 13:02:05,12,0.415,4.47,-20.0
2020-09-27 13:02:05,13,0.41,4.48,24.8
2020-09-27 13:02:05,14,0.419,4.49,-20.0
2020-09-27 13:02:05,15,0.413,4.51,-20.0
2020-09-27 13:02:05,16,0.424,4.52,-20.0
2020-09-27 13:02:05,17,0.422,4.49,-20.0
2020-09-27 13:02:05,18,0.421,4.49,-20.0
2020-09-27 13:02:05,19,0.437,4.47,-20.0
2020-09-27 13:02:05,20,0.412,4.47,-20.0
2020-09-27 13:02:05,21,0.411,4.48,-20.0
2020-09-27 13:02:05,22,0.417,4.46,-20.0
2020-09-27 13:02:05,23,0.439,4.48,-20.0
2020-09-27 13:02:05,24,0.399,4.49,-20.0
2020-09-27 13:02:05,25,0.412,4.51,22.3
2020-09-27 13:02:05,26,0.42,4.48,-20.0
2020-09-27 13:02:05,27,0.41,4.46,-20.0
2020-09-27 13:02:05,28,0.42,4.46,-20.0
2020-09-27 13:02:05,29,0.417,4.46,-20.0
2020-09-27 13:02:05,30,0.417,4.47,-20.0
2020-09-27 13:02:05,31,0.416,4.46,-20.0
2020-09-27 13:02:05,32,0.412,4.47,-20.0
2020-09-27 13:02:05,33,0.414,4.49,-20.0
2020-09-27 13:02:05,34,0.415,4.49,-20.0
2020-09-27 13:02:05,35,0.409,4.49,-20.0
2020-09-27 13:02:05,36,0.407,4.51,-20.0
2020-09-27 13:02:05,37,0.412,4.47,22.7
2020-09-27 13:02:05,38,0.41,4.5,-20.0
2020-09-27 13:02:05,39,0.407,4.48,-20.0
2020-09-27 13:02:05,40,0.413,4.47,-20.0
2020-09-27 13:02:05,41,0.413,4.51,-20.0
2020-09-27 13:02:05,42,0.388,4.47,-20.0
2020-09-27 13:02:05,43,0.404,4.48,-20.0
2020-09-27 13:02:05,44,0.417,4.49,-20.0
2020-09-27 13:02:05,45,0.421,4.49,-20.0
2020-09-27 13:02:05,46,0.414,4.49,-20.0
2020-09-27 13:02:05,47,0.401,4.49,-20.0
2020-09-27 13:02:05,48,0.392,4.49,-20.0
2020-09-27 13:02:05,49,0.485,4.47,24.8
2020-09-27 13:02:05,50,0.431,4.47,-20.0
2020-09-27 13:02:05,51,0.412,4.47,-20.0
2020-09-27 13:02:05,52,0.412,4.46,-20.0
2020-09-27 13:02:05,53,0.418,4.45,-20.0
2020-09-27 13:02:05,54,0.412,4.47,-20.0
2020-09-27 13:02:05,55,0.419,4.44,-20.0
2020-09-27 13:02:05,56,0.412,4.43,-20.0
2020-09-27 13:02:05,57,0.42,4.43,-20.0
2020-09-27 13:02:05,58,0.411,4.42,-20.0
2020-09-27 13:02:05,59,0.407,4.45,-20.0
2020-09-27 13:02:05,60,0.414,4.46,-20.0
2020-09-27 13:02:05,61,0.418,4.5,22.2
2020-09-27 13:02:05,62,0.412,4.49,-20.0
2020-09-27 13:02:05,63,0.411,4.48,-20.0
2020-09-27 13:02:05,64,0.404,4.46,-20.0
2020-09-27 13:02:05,65,0.407,4.45,-20.0
2020-09-27 13:02:05,66,0.418,4.46,-20.0
2020-09-27 13:02:05,67,0.413,4.43,-20.0
2020-09-27 13:02:05,68,0.415,4.46,-20.0
2020-09-27 13:02:05,69,0.413,4.45,-20.0
2020-09-27 13:02:05,70,0.414,4.47,-20.0
2020-09-27 13:02:05,71,0.415,4.48,-20.0
2020-09-27 13:02:05,72,0.417,4.49,-20.0
2020-09-27 13:02:05,73,0.413,4.52,22.6
2020-09-27 13:02:05,74,0.405,4.49,-20.0
2020-09-27 13:02:05,75,0.423,4.48,-20.0
2020-09-27 13:02:05,76,0.429,4.45,-20.0
2020-09-27 13:02:05,77,0.421,4.51,-20.0
2020-09-27 13:02:05,78,0.413,4.47,-20.0
2020-09-27 13:02:05,79,0.41,4.5,-20.0
2020-09-27 13:02:05,80,0.421,4.51,-20.0
2020-09-27 13:02:05,81,0.428,4.51,-20.0
2020-09-27 13:02:05,82,0.428,4.52,-20.0
2020-09-27 13:02:05,83,0.423,4.51,-20.0
2020-09-27 13:02:05,84,0.423,4.5,-20.0
2020-09-27 13:02:05,85,0.418,4.48,23.5
2020-09-27 13:02:05,86,0.413,4.47,-20.0
2020-09-27 13:02:05,87,0.44,4.47,-20.0
2020-09-27 13:02:05,88,0.405,4.48,-20.0
2020-09-27 13:02:05,89,0.408,4.5,-20.0
2020-09-27 13:02:05,90,0.401,4.47,-20.0
2020-09-27 13:02:05,91,0.414,4.48,-20.0
2020-09-27 13:02:05,92,0.394,4.5,-20.0
2020-09-27 13:02:05,93,0.414,4.49,-20.0
2020-09-27 13:02:05,94,0.415,4.48,-20.0
2020-09-27 13:02:05,95,0.416,4.47,-20.0
2020-09-27 13:02:05,96,0.41,4.49,-20.0
2020-09-28 01:01:39,1,0.414,4.5,25.5
2020-09-28 01:01:39,2,0.412,4.51,-20.0
2020-09-28 01:01:39,3,0.42,4.52,-20.0
2020-09-28 01:01:39,4,0.418,4.48,-20.0
2020-09-28 01:01:39,5,0.404,4.51,-20.0
2020-09-28 01:01:39,6,0.414,4.48,-20.0
2020-09-28 01:01:39,7,0.409,4.48,-20.0
2020-09-28 01:01:39,8,0.405,4.51,-20.0
2020-09-28 01:01:39,9,0.416,4.48,-20.0
2020-09-28 01:01:39,10,0.415,4.49,-20.0
2020-09-28 01:01:39,11,0.414,4.46,-20.0
2020-09-28 01:01:39,12,0.415,4.46,-20.0
2020-09-28 01:01:39,13,0.412,4.48,24.6
2020-09-28 01:01:39,14,0.417,4.49,-20.0
2020-09-28 01:01:39,15,0.413,4.51,-20.0
2020-09-28 01:01:39,16,0.422,4.52,-20.0
2020-09-28 01:01:39,17,0.42,4.49,-20.0
2020-09-28 01:01:39,18,0.423,4.5,-20.0
2020-09-28 01:01:39,19,0.438,4.47,-20.0
2020-09-28 01:01:39,20,0.411,4.48,-20.0
2020-09-28 01:01:39,21,0.411,4.48,-20.0
2020-09-28 01:01:39,22,0.418,4.48,-20.0
2020-09-28 01:01:39,23,0.44,4.48,-20.0
2020-09-28 01:01:39,24,0.402,4.49,-20.0
2020-09-28 01:01:39,25,0.414,4.5,22.1
2020-09-28 01:01:39,26,0.421,4.48,-20.0
2020-09-28 01:01:39,27,0.41,4.47,-20.0
2020-09-28 01:01:39,28,0.42,4.47,-20.0
2020-09-28 01:01:39,29,0.42,4.46,-20.0
2020-09-28 01:01:39,30,0.416,4.48,-20.0
2020-09-28 01:01:39,31,0.414,4.46,-20.0
2020-09-28 01:01:39,32,0.41,4.48,-20.0
2020-09-28 01:01:39,33,0.415,4.5,-20.0
2020-09-28 01:01:39,34,0.416,4.48,-20.0
2020-09-28 01:01:39,35,0.407,4.48,-20.0
2020-09-28 01:01:39,36,0.405,4.5,-20.0
2020-09-28 01:01:39,37,0.414,4.48,22.5
2020-09-28 01:01:39,38,0.413,4.48,-20.0
2020-09-28 01:01:39,39,0.412,4.47,-20.0
2020-09-28 01:01:39,40,0.411,4.47,-20.0
2020-09-28 01:01:39,41,0.414,4.5,-20.0
2020-09-28 01:01:39,42,0.393,4.48,-20.0
2020-09-28 01:01:39,43,0.408,4.49,-20.0
2020-09-28 01:01:39,44,0.42,4.49,-20.0
2020-09-28 01:01:39,45,0.421,4.49,-20.0
2020-09-28 01:01:39,46,0.418,4.49,-20.0
2020-09-28 01:01:39,47,0.405,4.49,-20.0
2020-09-28 01:01:39,48,0.399,4.47,-20.0
2020-09-28 01:01:39,49,0.485,4.46,24.5
2020-09-28 01:01:39,50,0.434,4.47,-20.0
2020-09-28 01:01:39,51,0.412,4.48,-20.0
2020-09-28 01:01:39,52,0.413,4.47,-20.0
2020-09-28 01:01:39,53,0.418,4.46,-20.0
2020-09-28 01:01:39,54,0.412,4.47,-20.0
2020-09-28 01:01:39,55,0.422,4.44,-20.0
2020-09-28 01:01:39,56,0.414,4.44,-20.0
2020-09-28 01:01:39,57,0.42,4.43,-20.0
2020-09-28 01:01:39,58,0.416,4.43,-20.0
2020-09-28 01:01:39,59,0.408,4.44,-20.0
2020-09-28 01:01:39,60,0.421,4.46,-20.0
2020-09-28 01:01:39,61,0.42,4.5,22.0
2020-09-28 01:01:39,62,0.413,4.49,-20.0
2020-09-28 01:01:39,63,0.413,4.48,-20.0
2020-09-28 01:01:39,64,0.404,4.46,-20.0
2020-09-28 01:01:39,65,0.409,4.45,-20.0
2020-09-28 01:01:39,66,0.419,4.45,-20.0
2020-09-28 01:01:39,67,0.409,4.42,-20.0
2020-09-28 01:01:39,68,0.419,4.46,-20.0
2020-09-28 01:01:39,69,0.414,4.45,-20.0
2020-09-28 01:01:39,70,0.415,4.47,-20.0
2020-09-28 01:01:39,71,0.414,4.49,-20.0
2020-09-28 01:01:39,72,0.416,4.49,-20.0
2020-09-28 01:01:39,73,0.415,4.52,22.1
2020-09-28 01:01:39,74,0.405,4.49,-20.0
2020-09-28 01:01:39,75,0.42,4.47,-20.0
2020-09-28 01:01:39,76,0.427,4.44,-20.0
2020-09-28 01:01:39,77,0.423,4.52,-20.0
2020-09-28 01:01:39,78,0.414,4.47,-20.0
2020-09-28 01:01:39,79,0.409,4.49,-20.0
2020-09-28 01:01:39,80,0.423,4.51,-20.0
2020-09-28 01:01:39,81,0.428,4.52,-20.0
2020-09-28 01:01:39,82,0.427,4.53,-20.0
2020-09-28 01:01:39,83,0.421,4.51,-20.0
2020-09-28 01:01:39,84,0.423,4.5,-20.0
2020-09-28 01:01:39,85,0.421,4.48,23.1
2020-09-28 01:01:39,86,0.415,4.47,-20.0
2020-09-28 01:01:39,87,0.441,4.46,-20.0
2020-09-28 01:01:39,88,0.404,4.47,-20.0
2020-09-28 01:01:39,89,0.405,4.5,-20.0
2020-09-28 01:01:39,90,0.399,4.48,-20.0
2020-09-28 01:01:39,91,0.412,4.49,-20.0
2020-09-28 01:01:39,92,0.393,4.5,-20.0
2020-09-28 01:01:39,93,0.41,4.49,-20.0
2020-09-28 01:01:39,94,0.412,4.47,-20.0
2020-09-28 01:01:39,95,0.412,4.46,-20.0
2020-09-28 01:01:39,96,0.407,4.49,-20.0
2020-09-28 13:01:08,1,0.412,4.5,25.4
2020-09-28 13:01:08,2,0.415,4.5,-20.0
2020-09-28 13:01:08,3,0.42,4.52,-20.0
2020-09-28 13:01:08,4,0.418,4.48,-20.0
2020-09-28 13:01:08,5,0.403,4.51,-20.0
2020-09-28 13:01:08,6,0.415,4.49,-20.0
2020-09-28 13:01:08,7,0.41,4.48,-20.0
2020-09-28 13:01:08,8,0.407,4.5,-20.0
2020-09-28 13:01:08,9,0.417,4.48,-20.0
2020-09-28 13:01:08,10,0.416,4.51,-20.0
2020-09-28 13:01:08,11,0.415,4.45,-20.0
2020-09-28 13:01:08,12,0.414,4.46,-20.0
2020-09-28 13:01:08,13,0.41,4.47,24.7
2020-09-28 13:01:08,14,0.418,4.49,-20.0
2020-09-28 13:01:08,15,0.412,4.52,-20.0
2020-09-28 13:01:08,16,0.422,4.5,-20.0
2020-09-28 13:01:08,17,0.422,4.49,-20.0
2020-09-28 13:01:08,18,0.425,4.49,-20.0
2020-09-28 13:01:08,19,0.44,4.47,-20.0
2020-09-28 13:01:08,20,0.408,4.48,-20.0
2020-09-28 13:01:08,21,0.408,4.48,-20.0
2020-09-28 13:01:08,22,0.418,4.48,-20.0
2020-09-28 13:01:08,23,0.443,4.48,-20.0
2020-09-28 13:01:08,24,0.403,4.5,-20.0
2020-09-28 13:01:08,25,0.416,4.51,22.2
2020-09-28 13:01:08,26,0.421,4.49,-20.0
2020-09-28 13:01:08,27,0.414,4.47,-20.0
2020-09-28 13:01:08,28,0.414,4.46,-20.0
2020-09-28 13:01:08,29,0.407,4.46,-20.0
2020-09-28 13:01:08,30,0.407,4.48,-20.0
2020-09-28 13:01:08,31,0.408,4.47,-20.0
2020-09-28 13:01:08,32,0.398,4.48,-20.0
2020-09-28 13:01:08,33,0.408,4.49,-20.0
2020-09-28 13:01:08,34,0.405,4.48,-20.0
2020-09-28 13:01:08,35,0.406,4.49,-20.0
2020-09-28 13:01:08,36,0.404,4.5,-20.0
2020-09-28 13:01:08,37,0.404,4.47,22.7
2020-09-28 13:01:08,38,0.397,4.49,-20.0
2020-09-28 13:01:08,39,0.416,4.46,-20.0
2020-09-28 13:01:08,40,0.412,4.47,-20.0
2020-09-28 13:01:08,41,0.411,4.5,-20.0
2020-09-28 13:01:08,42,0.393,4.47,-20.0
2020-09-28 13:01:08,43,0.412,4.47,-20.0
2020-09-28 13:01:08,44,0.419,4.49,-20.0
2020-09-28 13:01:08,45,0.42,4.49,-20.0
2020-09-28 13:01:08,46,0.419,4.48,-20.0
2020-09-28 13:01:08,47,0.412,4.49,-20.0
2020-09-28 13:01:08,48,0.405,4.49,-20.0
2020-09-28 13:01:08,49,0.484,4.46,24.6
2020-09-28 13:01:08,50,0.435,4.47,-20.0
2020-09-28 13:01:08,51,0.413,4.47,-20.0
2020-09-28 13:01:08,52,0.409,4.47,-20.0
2020-09-28 13:01:08,53,0.418,4.46,-20.0
2020-09-28 13:01:08,54,0.412,4.47,-20.0
2020-09-28 13:01:08,55,0.425,4.43,-20.0
2020-09-28 13:01:08,56,0.414,4.43,-20.0
2020-09-28 13:01:08,57,0.418,4.43,-20.0
2020-09-28 13:01:08,58,0.418,4.42,-20.0
2020-09-28 13:01:08,59,0.416,4.45,-20.0
2020-09-28 13:01:08,60,0.422,4.46,-20.0
2020-09-28 13:01:08,61,0.417,4.49,22.1
2020-09-28 13:01:08,62,0.412,4.49,-20.0
2020-09-28 13:01:08,63,0.416,4.48,-20.0
2020-09-28 13:01:08,64,0.407,4.46,-20.0
2020-09-28 13:01:08,65,0.413,4.45,-20.0
2020-09-28 13:01:08,66,0.419,4.45,-20.0
2020-09-28 13:01:08,67,0.412,4.43,-20.0
2020-09-28 13:01:08,68,0.418,4.46,-20.0
2020-09-28 13:01:08,69,0.415,4.46,-20.0
2020-09-28 13:01:08,70,0.416,4.47,-20.0
2020-09-28 13:01:08,71,0.415,4.49,-20.0
2020-09-28 13:01:08,72,0.418,4.49,-20.0
2020-09-28 13:01:08,73,0.415,4.51,22.4
2020-09-28 13:01:08,74,0.406,4.5,-20.0
2020-09-28 13:01:08,75,0.422,4.47,-20.0
2020-09-28 13:01:08,76,0.427,4.45,-20.0
2020-09-28 13:01:08,77,0.423,4.5,-20.0
2020-09-28 13:01:08,78,0.413,4.47,-20.0
2020-09-28 13:01:08,79,0.412,4.49,-20.0
2020-09-28 13:01:08,80,0.425,4.5,-20.0
2020-09-28 13:01:08,81,0.425,4.51,-20.0
2020-09-28 13:01:08,82,0.423,4.52,-20.0
2020-09-28 13:01:08,83,0.425,4.5,-20.0
2020-09-28 13:01:08,84,0.423,4.5,-20.0
2020-09-28 13:01:08,85,0.421,4.48,23.5
2020-09-28 13:01:08,86,0.417,4.47,-20.0
2020-09-28 13:01:08,87,0.44,4.46,-20.0
2020-09-28 13:01:08,88,0.406,4.48,-20.0
2020-09-28 13:01:08,89,0.408,4.49,-20.0
2020-09-28 13:01:08,90,0.4,4.47,-20.0
2020-09-28 13:01:08,91,0.414,4.49,-20.0
2020-09-28 13:01:08,92,0.395,4.5,-20.0
2020-09-28 13:01:08,93,0.411,4.49,-20.0
2020-09-28 13:01:08,94,0.411,4.47,-20.0
2020-09-28 13:01:08,95,0.414,4.47,-20.0
2020-09-28 13:01:08,96,0.407,4.49,-20.0
2020-09-29 01:00:21,1,0.413,4.5,25.5
2020-09-29 01:00:21,2,0.416,4.51,-20.0
2020-09-29 01:00:21,3,0.42,4.53,-20.0
2020-09-29 01:00:21,4,0.418,4.48,-20.0
2020-09-29 01:00:21,5,0.403,4.52,-20.0
2020-09-29 01:00:21,6,0.416,4.5,-20.0
2020-09-29 01:00:21,7,0.41,4.48,-20.0
2020-09-29 01:00:21,8,0.407,4.51,-20.0
2020-09-29 01:00:21,9,0.414,4.48,-20.0
2020-09-29 01:00:21,10,0.417,4.5,-20.0
2020-09-29 01:00:21,11,0.415,4.46,-20.0
2020-09-29 01:00:21,12,0.415,4.47,-20.0
2020-09-29 01:00:21,13,0.407,4.47,24.6
2020-09-29 01:00:21,14,0.418,4.49,-20.0
2020-09-29 01:00:21,15,0.411,4.52,-20.0
2020-09-29 01:00:21,16,0.424,4.52,-20.0
2020-09-29 01:00:21,17,0.422,4.49,-20.0
2020-09-29 01:00:21,18,0.423,4.49,-20.0
2020-09-29 01:00:21,19,0.443,4.47,-20.0
2020-09-29 01:00:21,20,0.41,4.47,-20.0
2020-09-29 01:00:21,21,0.414,4.48,-20.0
2020-09-29 01:00:21,22,0.417,4.47,-20.0
2020-09-29 01:00:21,23,0.443,4.49,-20.0
2020-09-29 01:00:21,24,0.403,4.49,-20.0
2020-09-29 01:00:21,25,0.418,4.51,22.1
2020-09-29 01:00:21,26,0.419,4.48,-20.0
2020-09-29 01:00:21,27,0.415,4.46,-20.0
2020-09-29 01:00:21,28,0.414,4.46,-20.0
2020-09-29 01:00:21,29,0.41,4.46,-20.0
2020-09-29 01:00:21,30,0.407,4.47,-20.0
2020-09-29 01:00:21,31,0.41,4.46,-20.0
2020-09-29 01:00:21,32,0.403,4.47,-20.0
2020-09-29 01:00:21,33,0.41,4.48,-20.0
2020-09-29 01:00:21,34,0.41,4.48,-20.0
2020-09-29 01:00:21,35,0.409,4.49,-20.0
2020-09-29 01:00:21,36,0.405,4.5,-20.0
2020-09-29 01:00:21,37,0.407,4.49,22.6
2020-09-29 01:00:21,38,0.402,4.49,-20.0
2020-09-29 01:00:21,39,0.419,4.48,-20.0
2020-09-29 01:00:21,40,0.412,4.47,-20.0
2020-09-29 01:00:21,41,0.409,4.49,-20.0
2020-09-29 01:00:21,42,0.397,4.47,-20.0
2020-09-29 01:00:21,43,0.415,4.47,-20.0
2020-09-29 01:00:21,44,0.42,4.49,-20.0
2020-09-29 01:00:21,45,0.421,4.5,-20.0
2020-09-29 01:00:21,46,0.419,4.48,-20.0
2020-09-29 01:00:21,47,0.415,4.48,-20.0
2020-09-29 01:00:21,48,0.407,4.48,-20.0
2020-09-29 01:00:21,49,0.49,4.46,24.7
2020-09-29 01:00:21,50,0.433,4.46,-20.0
2020-09-29 01:00:21,51,0.414,4.47,-20.0
2020-09-29 01:00:21,52,0.412,4.47,-20.0
2020-09-29 01:00:21,53,0.42,4.45,-20.0
2020-09-29 01:00:21,54,0.412,4.47,-20.0
2020-09-29 01:00:21,55,0.423,4.44,-20.0
2020-09-29 01:00:21,56,0.414,4.43,-20.0
2020-09-29 01:00:21,57,0.415,4.43,-20.0
2020-09-29 01:00:21,58,0.417,4.43,-20.0
2020-09-29 01:00:21,59,0.416,4.44,-20.0
2020-09-29 01:00:21,60,0.421,4.46,-20.0
2020-09-29 01:00:21,61,0.417,4.49,22.0
2020-09-29 01:00:21,62,0.415,4.48,-20.0
2020-09-29 01:00:21,63,0.416,4.47,-20.0
2020-09-29 01:00:21,64,0.408,4.46,-20.0
2020-09-29 01:00:21,65,0.412,4.45,-20.0
2020-09-29 01:00:21,66,0.418,4.45,-20.0
2020-09-29 01:00:21,67,0.412,4.43,-20.0
2020-09-29 01:00:21,68,0.421,4.45,-20.0
2020-09-29 01:00:21,69,0.415,4.45,-20.0
2020-09-29 01:00:21,70,0.418,4.46,-20.0
2020-09-29 01:00:21,71,0.415,4.48,-20.0
2020-09-29 01:00:21,72,0.417,4.49,-20.0
2020-09-29 01:00:21,73,0.414,4.51,22.1
2020-09-29 01:00:21,74,0.406,4.49,-20.0
2020-09-29 01:00:21,75,0.422,4.47,-20.0
2020-09-29 01:00:21,76,0.426,4.45,-20.0
2020-09-29 01:00:21,77,0.422,4.52,-20.0
2020-09-29 01:00:21,78,0.406,4.48,-20.0
2020-09-29 01:00:21,79,0.41,4.48,-20.0
2020-09-29 01:00:21,80,0.424,4.5,-20.0
2020-09-29 01:00:21,81,0.422,4.51,-20.0
2020-09-29 01:00:21,82,0.42,4.51,-20.0
2020-09-29 01:00:21,83,0.423,4.5,-20.0
2020-09-29 01:00:21,84,0.423,4.49,-20.0
2020-09-29 01:00:21,85,0.416,4.48,22.8
2020-09-29 01:00:21,86,0.414,4.46,-20.0
2020-09-29 01:00:21,87,0.439,4.46,-20.0
2020-09-29 01:00:21,88,0.407,4.47,-20.0
2020-09-29 01:00:21,89,0.409,4.49,-20.0
2020-09-29 01:00:21,90,0.401,4.48,-20.0
2020-09-29 01:00:21,91,0.413,4.49,-20.0
2020-09-29 01:00:21,92,0.395,4.5,-20.0
2020-09-29 01:00:21,93,0.41,4.49,-20.0
2020-09-29 01:00:21,94,0.411,4.47,-20.0
2020-09-29 01:00:21,95,0.418,4.46,-20.0
2020-09-29 01:00:21,96,0.409,4.49,-20.0
2020-09-29 11:04:02,1,0.415,4.5,25.5
2020-09-29 11:04:02,2,0.419,4.5,-20.0
2020-09-29 11:04:02,4,0.412,4.47,-20.0
2020-09-29 11:04:02,5,0.403,4.51,-20.0
2020-09-29 11:04:02,6,0.41,4.49,-20.0
2020-09-29 11:04:02,7,0.4,4.47,-20.0
2020-09-29 11:04:02,8,0.39,4.51,-20.0
2020-09-29 11:04:02,9,0.409,4.47,-20.0
2020-09-29 11:04:02,10,0.42,4.51,-20.0
2020-09-29 11:04:02,11,0.405,4.46,-20.0
2020-09-29 11:04:02,12,0.373,4.46,-20.0
2020-09-29 11:04:02,13,0.373,4.48,24.6
2020-09-29 11:04:02,14,0.383,4.5,-20.0
2020-09-29 11:04:02,15,0.403,4.52,-20.0
2020-09-29 11:04:02,16,0.419,4.52,-20.0
2020-09-29 11:04:02,17,0.406,4.48,-20.0
2020-09-29 11:04:02,18,0.369,4.5,-20.0
2020-09-29 11:04:02,19,0.404,4.48,-20.0
2020-09-29 11:04:02,20,0.412,4.48,-20.0
2020-09-29 11:04:02,21,0.42,4.49,-20.0
2020-09-29 11:04:02,22,0.475,4.48,-20.0
2020-09-29 11:04:02,23,0.426,4.48,-20.0
2020-09-29 11:04:02,24,0.344,4.49,-20.0
2020-09-29 11:04:02,25,0.417,4.5,22.3
2020-09-29 11:04:02,26,0.418,4.47,-20.0
2020-09-29 11:04:02,27,0.462,4.47,-20.0
2020-09-29 11:04:02,28,0.484,4.46,-20.0
2020-09-29 11:04:02,29,0.408,4.46,-20.0
2020-09-29 11:04:02,30,0.414,4.48,-20.0
2020-09-29 11:04:02,31,0.42,4.46,-20.0
2020-09-29 11:04:02,32,0.424,4.47,-20.0
2020-09-29 11:04:02,33,0.425,4.48,-20.0
2020-09-29 11:04:02,34,0.435,4.48,-20.0
2020-09-29 11:04:02,35,0.413,4.48,-20.0
2020-09-29 11:04:02,36,0.418,4.5,-20.0
2020-09-29 11:04:02,37,0.41,4.47,22.7
2020-09-29 11:04:02,38,0.415,4.49,-20.0
2020-09-29 11:04:02,39,0.418,4.47,-20.0
2020-09-29 11:04:02,40,0.425,4.48,-20.0
2020-09-29 11:04:02,41,0.421,4.5,-20.0
2020-09-29 11:04:02,42,0.401,4.48,-20.0
2020-09-29 11:04:02,43,0.427,4.48,-20.0
2020-09-29 11:04:02,44,0.43,4.5,-20.0
2020-09-29 11:04:02,45,0.411,4.49,-20.0
2020-09-29 11:04:02,46,0.411,4.49,-20.0
2020-09-29 11:04:02,47,0.415,4.49,-20.0
2020-09-29 11:04:02,48,0.413,4.47,-20.0
2020-09-29 11:04:02,49,0.484,4.46,24.7
2020-09-29 11:04:02,50,0.434,4.48,-20.0
2020-09-29 11:04:02,51,0.417,4.48,-20.0
2020-09-29 11:04:02,52,0.412,4.47,-20.0
2020-09-29 11:04:02,53,0.414,4.45,-20.0
2020-09-29 11:04:02,54,0.423,4.46,-20.0
2020-09-29 11:04:02,55,0.421,4.44,-20.0
2020-09-29 11:04:02,56,0.411,4.43,-20.0
2020-09-29 11:04:02,57,0.426,4.43,-20.0
2020-09-29 11:04:02,58,0.414,4.43,-20.0
2020-09-29 11:04:02,59,0.429,4.45,-20.0
2020-09-29 11:04:02,60,0.41,4.45,-20.0
2020-09-29 11:04:02,61,0.418,4.5,22.2
2020-09-29 11:04:02,62,0.423,4.49,-20.0
2020-09-29 11:04:02,63,0.42,4.48,-20.0
2020-09-29 11:04:02,64,0.414,4.45,-20.0
2020-09-29 11:04:02,65,0.433,4.45,-20.0
2020-09-29 11:04:02,66,0.426,4.45,-20.0
2020-09-29 11:04:02,67,0.42,4.43,-20.0
2020-09-29 11:04:02,68,0.426,4.46,-20.0
2020-09-29 11:04:02,69,0.433,4.45,-20.0
2020-09-29 11:04:02,70,0.417,4.47,-20.0
2020-09-29 11:04:02,71,0.417,4.49,-20.0
2020-09-29 11:04:02,72,0.419,4.49,-20.0
2020-09-29 11:04:02,73,0.421,4.51,22.6
2020-09-29 11:04:02,74,0.411,4.49,-20.0
2020-09-29 11:04:02,75,0.428,4.47,-20.0
2020-09-29 11:04:02,76,0.429,4.45,-20.0
2020-09-29 11:04:02,77,0.427,4.51,-20.0
2020-09-29 11:04:02,78,0.409,4.47,-20.0
2020-09-29 11:04:02,79,0.407,4.49,-20.0
2020-09-29 11:04:02,80,0.422,4.5,-20.0
2020-09-29 11:04:02,81,0.417,4.51,-20.0
2020-09-29 11:04:02,82,0.418,4.52,-20.0
2020-09-29 11:04:02,83,0.421,4.51,-20.0
2020-09-29 11:04:02,84,0.424,4.5,-20.0
2020-09-29 11:04:02,85,0.417,4.48,23.3
2020-09-29 11:04:02,86,0.415,4.46,-20.0
2020-09-29 11:04:02,87,0.45,4.46,-20.0
2020-09-29 11:04:02,88,0.404,4.47,-20.0
2020-09-29 11:04:02,89,0.424,4.5,-20.0
2020-09-29 11:04:02,90,0.416,4.48,-20.0
2020-09-29 11:04:02,91,0.415,4.49,-20.0
2020-09-29 11:04:02,92,0.395,4.5,-20.0
2020-09-29 11:04:02,93,0.403,4.5,-20.0
2020-09-29 11:04:02,94,0.41,4.47,-20.0
2020-09-29 11:04:02,95,0.408,4.46,-20.0
2020-09-29 11:04:02,96,0.415,4.49,-20.0
2020-09-29 23:03:33,1,0.417,4.5,25.5
2020-09-29 23:03:33,2,0.417,4.51,-20.0
2020-09-29 23:03:33,3,0.413,4.52,-20.0
2020-09-29 23:03:33,4,0.411,4.48,-20.0
2020-09-29 23:03:33,5,0.403,4.51,-20.0
2020-09-29 23:03:33,6,0.413,4.49,-20.0
2020-09-29 23:03:33,7,0.406,4.48,-20.0
2020-09-29 23:03:33,8,0.397,4.5,-20.0
2020-09-29 23:03:33,9,0.41,4.47,-20.0
2020-09-29 23:03:33,10,0.42,4.49,-20.0
2020-09-29 23:03:33,11,0.407,4.45,-20.0
2020-09-29 23:03:33,12,0.393,4.46,-20.0
2020-09-29 23:03:33,13,0.395,4.47,24.8
2020-09-29 23:03:33,14,0.39,4.48,-20.0
2020-09-29 23:03:33,15,0.406,4.52,-20.0
2020-09-29 23:03:33,16,0.423,4.51,-20.0
2020-09-29 23:03:33,17,0.42,4.48,-20.0
2020-09-29 23:03:33,18,0.389,4.5,-20.0
2020-09-29 23:03:33,19,0.416,4.47,-20.0
2020-09-29 23:03:33,20,0.412,4.46,-20.0
2020-09-29 23:03:33,21,0.417,4.48,-20.0
2020-09-29 23:03:33,22,0.407,4.47,-20.0
2020-09-29 23:03:33,23,0.433,4.48,-20.0
2020-09-29 23:03:33,24,0.354,4.49,-20.0
2020-09-29 23:03:33,25,0.415,4.51,22.2
2020-09-29 23:03:33,26,0.414,4.49,-20.0
2020-09-29 23:03:33,27,0.437,4.47,-20.0
2020-09-29 23:03:33,28,0.465,4.47,-20.0
2020-09-29 23:03:33,29,0.398,4.47,-20.0
2020-09-29 23:03:33,30,0.408,4.48,-20.0
2020-09-29 23:03:33,31,0.416,4.47,-20.0
2020-09-29 23:03:33,32,0.4,4.47,-20.0
2020-09-29 23:03:33,33,0.416,4.48,-20.0
2020-09-29 23:03:33,34,0.411,4.48,-20.0
2020-09-29 23:03:33,35,0.41,4.49,-20.0
2020-09-29 23:03:33,36,0.412,4.5,-20.0
2020-09-29 23:03:33,37,0.411,4.49,22.8
2020-09-29 23:03:33,38,0.418,4.48,-20.0
2020-09-29 23:03:33,39,0.42,4.48,-20.0
2020-09-29 23:03:33,40,0.42,4.47,-20.0
2020-09-29 23:03:33,41,0.417,4.49,-20.0
2020-09-29 23:03:33,42,0.401,4.48,-20.0
2020-09-29 23:03:33,43,0.423,4.47,-20.0
2020-09-29 23:03:33,44,0.429,4.49,-20.0
2020-09-29 23:03:33,45,0.411,4.49,-20.0
2020-09-29 23:03:33,46,0.411,4.49,-20.0
2020-09-29 23:03:33,47,0.417,4.48,-20.0
2020-09-29 23:03:33,48,0.414,4.47,-20.0
2020-09-29 23:03:33,49,0.487,4.46,24.9
2020-09-29 23:03:33,50,0.432,4.48,-20.0
2020-09-29 23:03:33,51,0.417,4.48,-20.0
2020-09-29 23:03:33,52,0.413,4.47,-20.0
2020-09-29 23:03:33,53,0.415,4.45,-20.0
2020-09-29 23:03:33,54,0.421,4.46,-20.0
2020-09-29 23:03:33,55,0.427,4.43,-20.0
2020-09-29 23:03:33,56,0.411,4.44,-20.0
2020-09-29 23:03:33,57,0.425,4.43,-20.0
2020-09-29 23:03:33,58,0.418,4.43,-20.0
2020-09-29 23:03:33,59,0.43,4.45,-20.0
2020-09-29 23:03:33,60,0.416,4.46,-20.0
2020-09-29 23:03:33,61,0.419,4.5,22.2
2020-09-29 23:03:33,62,0.421,4.49,-20.0
2020-09-29 23:03:33,63,0.419,4.49,-20.0
2020-09-29 23:03:33,64,0.414,4.47,-20.0
2020-09-29 23:03:33,65,0.43,4.45,-20.0
2020-09-29 23:03:33,66,0.426,4.45,-20.0
2020-09-29 23:03:33,67,0.421,4.43,-20.0
2020-09-29 23:03:33,68,0.422,4.46,-20.0
2020-09-29 23:03:33,69,0.429,4.45,-20.0
2020-09-29 23:03:33,70,0.414,4.47,-20.0
2020-09-29 23:03:33,71,0.417,4.49,-20.0
2020-09-29 23:03:33,72,0.417,4.49,-20.0
2020-09-29 23:03:33,73,0.415,4.52,22.6
2020-09-29 23:03:33,74,0.408,4.49,-20.0
2020-09-29 23:03:33,75,0.427,4.47,-20.0
2020-09-29 23:03:33,76,0.429,4.44,-20.0
2020-09-29 23:03:33,77,0.427,4.51,-20.0
2020-09-29 23:03:33,78,0.408,4.47,-20.0
2020-09-29 23:03:33,79,0.407,4.5,-20.0
2020-09-29 23:03:33,80,0.422,4.51,-20.0
2020-09-29 23:03:33,81,0.42,4.51,-20.0
2020-09-29 23:03:33,82,0.419,4.52,-20.0
2020-09-29 23:03:33,83,0.422,4.51,-20.0
2020-09-29 23:03:33,84,0.424,4.49,-20.0
2020-09-29 23:03:33,85,0.417,4.48,24.0
2020-09-29 23:03:33,86,0.417,4.47,-20.0
2020-09-29 23:03:33,87,0.447,4.46,-20.0
2020-09-29 23:03:33,88,0.404,4.48,-20.0
2020-09-29 23:03:33,89,0.422,4.5,-20.0
2020-09-29 23:03:33,90,0.415,4.48,-20.0
2020-09-29 23:03:33,91,0.415,4.49,-20.0
2020-09-29 23:03:33,92,0.397,4.5,-20.0
2020-09-29 23:03:33,93,0.406,4.5,-20.0
2020-09-29 23:03:33,94,0.414,4.48,-20.0
2020-09-29 23:03:33,95,0.41,4.47,-20.0
2020-09-29 23:03:33,96,0.415,4.49,-20.0
2020-09-30 11:02:59,1,0.415,4.5,25.4
2020-09-30 11:02:59,2,0.414,4.51,-20.0
2020-09-30 11:02:59,3,0.414,4.52,-20.0
2020-09-30 11:02:59,4,0.412,4.49,-20.0
2020-09-30 11:02:59,5,0.404,4.52,-20.0
2020-09-30 11:02:59,6,0.415,4.49,-20.0
2020-09-30 11:02:59,7,0.408,4.48,-20.0
2020-09-30 11:02:59,8,0.402,4.51,-20.0
2020-09-30 11:02:59,9,0.411,4.48,-20.0
2020-09-30 11:02:59,10,0.42,4.5,-20.0
2020-09-30 11:02:59,11,0.413,4.46,-20.0
2020-09-30 11:02:59,12,0.408,4.46,-20.0
2020-09-30 11:02:59,13,0.403,4.48,24.7
2020-09-30 11:02:59,14,0.396,4.49,-20.0
2020-09-30 11:02:59,15,0.409,4.53,-20.0
2020-09-30 11:02:59,16,0.423,4.52,-20.0
2020-09-30 11:02:59,17,0.409,4.49,-20.0
2020-09-30 11:02:59,18,0.4,4.5,-20.0
2020-09-30 11:02:59,19,0.425,4.48,-20.0
2020-09-30 11:02:59,20,0.414,4.48,-20.0
2020-09-30 11:02:59,21,0.415,4.48,-20.0
2020-09-30 11:02:59,22,0.345,4.48,-20.0
2020-09-30 11:02:59,23,0.437,4.48,-20.0
2020-09-30 11:02:59,24,0.372,4.49,-20.0
2020-09-30 11:02:59,25,0.418,4.51,22.2
2020-09-30 11:02:59,26,0.416,4.48,-20.0
2020-09-30 11:02:59,27,0.435,4.46,-20.0
2020-09-30 11:02:59,28,0.457,4.47,-20.0
2020-09-30 11:02:59,29,0.404,4.46,-20.0
2020-09-30 11:02:59,30,0.408,4.48,-20.0
2020-09-30 11:02:59,31,0.418,4.46,-20.0
2020-09-30 11:02:59,32,0.404,4.48,-20.0
2020-09-30 11:02:59,33,0.414,4.47,-20.0
2020-09-30 11:02:59,34,0.409,4.5,-20.0
2020-09-30 11:02:59,35,0.407,4.49,-20.0
2020-09-30 11:02:59,36,0.411,4.5,-20.0
2020-09-30 11:02:59,37,0.413,4.48,22.8
2020-09-30 11:02:59,38,0.419,4.49,-20.0
2020-09-30 11:02:59,39,0.423,4.48,-20.0
2020-09-30 11:02:59,40,0.419,4.47,-20.0
2020-09-30 11:02:59,41,0.412,4.51,-20.0
2020-09-30 11:02:59,42,0.404,4.47,-20.0
2020-09-30 11:02:59,43,0.421,4.48,-20.0
2020-09-30 11:02:59,44,0.43,4.49,-20.0
2020-09-30 11:02:59,45,0.412,4.5,-20.0
2020-09-30 11:02:59,46,0.412,4.48,-20.0
2020-09-30 11:02:59,47,0.418,4.48,-20.0
2020-09-30 11:02:59,48,0.418,4.49,-20.0
2020-09-30 11:02:59,49,0.485,4.46,24.7
2020-09-30 11:02:59,50,0.431,4.47,-20.0
2020-09-30 11:02:59,51,0.417,4.47,-20.0
2020-09-30 11:02:59,52,0.414,4.47,-20.0
2020-09-30 11:02:59,53,0.414,4.45,-20.0
2020-09-30 11:02:59,54,0.42,4.47,-20.0
2020-09-30 11:02:59,55,0.423,4.44,-20.0
2020-09-30 11:02:59,56,0.413,4.44,-20.0
2020-09-30 11:02:59,57,0.421,4.43,-20.0
2020-09-30 11:02:59,58,0.417,4.43,-20.0
2020-09-30 11:02:59,59,0.427,4.45,-20.0
2020-09-30 11:02:59,60,0.416,4.46,-20.0
2020-09-30 11:02:59,61,0.42,4.5,22.2
2020-09-30 11:02:59,62,0.423,4.49,-20.0
2020-09-30 11:02:59,63,0.423,4.48,-20.0
2020-09-30 11:02:59,64,0.415,4.46,-20.0
2020-09-30 11:02:59,65,0.424,4.45,-20.0
2020-09-30 11:02:59,66,0.422,4.45,-20.0
2020-09-30 11:02:59,67,0.418,4.43,-20.0
2020-09-30 11:02:59,68,0.428,4.46,-20.0
2020-09-30 11:02:59,69,0.437,4.45,-20.0
2020-09-30 11:02:59,70,0.423,4.47,-20.0
2020-09-30 11:02:59,71,0.415,4.49,-20.0
2020-09-30 11:02:59,72,0.415,4.49,-20.0
2020-09-30 11:02:59,73,0.427,4.52,22.6
2020-09-30 11:02:59,74,0.426,4.49,-20.0
2020-09-30 11:02:59,75,0.44,4.47,-20.0
2020-09-30 11:02:59,76,0.428,4.45,-20.0
2020-09-30 11:02:59,77,0.425,4.5,-20.0
2020-09-30 11:02:59,78,0.399,4.47,-20.0
2020-09-30 11:02:59,79,0.408,4.5,-20.0
2020-09-30 11:02:59,80,0.428,4.51,-20.0
2020-09-30 11:02:59,81,0.421,4.51,-20.0
2020-09-30 11:02:59,82,0.417,4.52,-20.0
2020-09-30 11:02:59,83,0.413,4.5,-20.0
2020-09-30 11:02:59,84,0.418,4.5,-20.0
2020-09-30 11:02:59,85,0.415,4.47,23.7
2020-09-30 11:02:59,86,0.415,4.47,-20.0
2020-09-30 11:02:59,87,0.446,4.46,-20.0
2020-09-30 11:02:59,88,0.404,4.48,-20.0
2020-09-30 11:02:59,89,0.419,4.5,-20.0
2020-09-30 11:02:59,90,0.413,4.47,-20.0
2020-09-30 11:02:59,91,0.417,4.48,-20.0
2020-09-30 11:02:59,92,0.398,4.5,-20.0
2020-09-30 11:02:59,93,0.409,4.5,-20.0
2020-09-30 11:02:59,94,0.417,4.47,-20.0
2020-09-30 11:02:59,95,0.411,4.47,-20.0
2020-09-30 11:02:59,96,0.413,4.49,-20.0
2020-09-30 23:02:24,1,0.416,4.5,25.4
2020-09-30 23:02:24,2,0.411,4.5,-20.0
2020-09-30 23:02:24,3,0.415,4.52,-20.0
2020-09-30 23:02:24,4,0.413,4.48,-20.0
2020-09-30 23:02:24,5,0.406,4.51,-20.0
2020-09-30 23:02:24,6,0.416,4.49,-20.0
2020-09-30 23:02:24,7,0.407,4.47,-20.0
2020-09-30 23:02:24,8,0.405,4.49,-20.0
2020-09-30 23:02:24,9,0.411,4.47,-20.0
2020-09-30 23:02:24,10,0.42,4.49,-20.0
2020-09-30 23:02:24,11,0.416,4.46,-20.0
2020-09-30 23:02:24,12,0.412,4.46,-20.0
2020-09-30 23:02:24,13,0.407,4.48,24.6
2020-09-30 23:02:24,14,0.403,4.48,-20.0
2020-09-30 23:02:24,15,0.407,4.52,-20.0
2020-09-30 23:02:24,16,0.42,4.52,-20.0
2020-09-30 23:02:24,17,0.409,4.49,-20.0
2020-09-30 23:02:24,18,0.404,4.49,-20.0
2020-09-30 23:02:24,19,0.433,4.48,-20.0
2020-09-30 23:02:24,20,0.413,4.48,-20.0
2020-09-30 23:02:24,21,0.411,4.48,-20.0
2020-09-30 23:02:24,22,0.396,4.48,-20.0
2020-09-30 23:02:24,23,0.426,4.49,-20.0
2020-09-30 23:02:24,24,0.384,4.5,-20.0
2020-09-30 23:02:24,25,0.417,4.51,22.1
2020-09-30 23:02:24,26,0.419,4.47,-20.0
2020-09-30 23:02:24,27,0.432,4.48,-20.0
2020-09-30 23:02:24,29,0.407,4.47,-20.0
2020-09-30 23:02:24,30,0.409,4.49,-20.0
2020-09-30 23:02:24,31,0.415,4.46,-20.0
2020-09-30 23:02:24,32,0.397,4.49,-20.0
2020-09-30 23:02:24,33,0.41,4.48,-20.0
2020-09-30 23:02:24,34,0.386,4.48,-20.0
2020-09-30 23:02:24,35,0.409,4.49,-20.0
2020-09-30 23:02:24,36,0.413,4.5,-20.0
2020-09-30 23:02:24,37,0.413,4.49,22.6
2020-09-30 23:02:24,38,0.43,4.48,-20.0
2020-09-30 23:02:24,39,0.41,4.47,-20.0
2020-09-30 23:02:24,40,0.417,4.48,-20.0
2020-09-30 23:02:24,41,0.412,4.5,-20.0
2020-09-30 23:02:24,42,0.4,4.47,-20.0
2020-09-30 23:02:24,43,0.412,4.47,-20.0
2020-09-30 23:02:24,44,0.417,4.5,-20.0
2020-09-30 23:02:24,45,0.413,4.5,-20.0
2020-09-30 23:02:24,46,0.412,4.49,-20.0
2020-09-30 23:02:24,47,0.417,4.49,-20.0
2020-09-30 23:02:24,48,0.419,4.48,-20.0
2020-09-30 23:02:24,49,0.487,4.45,24.6
2020-09-30 23:02:24,50,0.426,4.47,-20.0
2020-09-30 23:02:24,51,0.416,4.47,-20.0
2020-09-30 23:02:24,52,0.415,4.47,-20.0
2020-09-30 23:02:24,53,0.416,4.46,-20.0
2020-09-30 23:02:24,54,0.421,4.46,-20.0
2020-09-30 23:02:24,55,0.424,4.44,-20.0
2020-09-30 23:02:24,56,0.416,4.43,-20.0
2020-09-30 23:02:24,57,0.425,4.42,-20.0
2020-09-30 23:02:24,58,0.428,4.43,-20.0
2020-09-30 23:02:24,59,0.416,4.45,-20.0
2020-09-30 23:02:24,60,0.4,4.46,-20.0
2020-09-30 23:02:24,61,0.418,4.5,22.0
2020-09-30 23:02:24,62,0.42,4.49,-20.0
2020-09-30 23:02:24,63,0.435,4.48,-20.0
2020-09-30 23:02:24,64,0.397,4.46,-20.0
2020-09-30 23:02:24,65,0.409,4.45,-20.0
2020-09-30 23:02:24,66,0.418,4.45,-20.0
2020-09-30 23:02:24,67,0.416,4.43,-20.0
2020-09-30 23:02:24,68,0.432,4.46,-20.0
2020-09-30 23:02:24,69,0.444,4.46,-20.0
2020-09-30 23:02:24,70,0.41,4.48,-20.0
2020-09-30 23:02:24,71,0.416,4.49,-20.0
2020-09-30 23:02:24,72,0.416,4.48,-20.0
2020-09-30 23:02:24,73,0.432,4.52,22.3
2020-09-30 23:02:24,74,0.431,4.49,-20.0
2020-09-30 23:02:24,75,0.449,4.46,-20.0
2020-09-30 23:02:24,76,0.429,4.45,-20.0
2020-09-30 23:02:24,77,0.425,4.51,-20.0
2020-09-30 23:02:24,78,0.405,4.47,-20.0
2020-09-30 23:02:24,79,0.413,4.48,-20.0
2020-09-30 23:02:24,80,0.428,4.51,-20.0
2020-09-30 23:02:24,81,0.422,4.51,-20.0
2020-09-30 23:02:24,82,0.419,4.52,-20.0
2020-09-30 23:02:24,83,0.416,4.5,-20.0
2020-09-30 23:02:24,84,0.419,4.5,-20.0
2020-09-30 23:02:24,85,0.415,4.48,23.5
2020-09-30 23:02:24,86,0.418,4.46,-20.0
2020-09-30 23:02:24,87,0.446,4.46,-20.0
2020-09-30 23:02:24,88,0.403,4.47,-20.0
2020-09-30 23:02:24,89,0.418,4.5,-20.0
2020-09-30 23:02:24,90,0.413,4.48,-20.0
2020-09-30 23:02:24,91,0.419,4.49,-20.0
2020-09-30 23:02:24,92,0.4,4.5,-20.0
2020-09-30 23:02:24,93,0.411,4.49,-20.0
2020-09-30 23:02:24,94,0.416,4.47,-20.0
2020-09-30 23:02:24,95,0.411,4.47,-20.0
2020-09-30 23:02:24,96,0.413,4.49,-20.0
2020-10-01 11:01:50,1,0.417,4.5,25.5
2020-10-01 11:01:50,2,0.412,4.51,-20.0
2020-10-01 11:01:50,3,0.415,4.52,-20.0
2020-10-01 11:01:50,4,0.413,4.48,-20.0
2020-10-01 11:01:50,5,0.406,4.52,-20.0
2020-10-01 11:01:50,6,0.418,4.49,-20.0
2020-10-01 11:01:50,7,0.41,4.48,-20.0
2020-10-01 11:01:50,8,0.408,4.5,-20.0
2020-10-01 11:01:50,9,0.41,4.48,-20.0
2020-10-01 11:01:50,10,0.42,4.51,-20.0
2020-10-01 11:01:50,11,0.417,4.46,-20.0
2020-10-01 11:01:50,12,0.412,4.47,-20.0
2020-10-01 11:01:50,13,0.409,4.48,24.5
2020-10-01 11:01:50,14,0.408,4.49,-20.0
2020-10-01 11:01:50,15,0.408,4.5,-20.0
2020-10-01 11:01:50,16,0.42,4.52,-20.0
2020-10-01 11:01:50,17,0.401,4.49,-20.0
2020-10-01 11:01:50,18,0.412,4.49,-20.0
2020-10-01 11:01:50,19,0.436,4.47,-20.0
2020-10-01 11:01:50,20,0.415,4.48,-20.0
2020-10-01 11:01:50,21,0.414,4.48,-20.0
2020-10-01 11:01:50,22,0.397,4.47,-20.0
2020-10-01 11:01:50,23,0.442,4.48,-20.0
2020-10-01 11:01:50,24,0.38,4.49,-20.0
2020-10-01 11:01:50,25,0.416,4.5,22.1
2020-10-01 11:01:50,26,0.417,4.49,-20.0
2020-10-01 11:01:50,27,0.438,4.47,-20.0
2020-10-01 11:01:50,28,0.407,4.47,-20.0
2020-10-01 11:01:50,29,0.403,4.47,-20.0
2020-10-01 11:01:50,30,0.41,4.47,-20.0
2020-10-01 11:01:50,31,0.416,4.46,-20.0
2020-10-01 11:01:50,32,0.403,4.48,-20.0
2020-10-01 11:01:50,33,0.403,4.49,-20.0
2020-10-01 11:01:50,34,0.386,4.5,-20.0
2020-10-01 11:01:50,35,0.41,4.48,-20.0
2020-10-01 11:01:50,36,0.409,4.5,-20.0
2020-10-01 11:01:50,37,0.411,4.48,22.5
2020-10-01 11:01:50,38,0.424,4.48,-20.0
2020-10-01 11:01:50,39,0.415,4.48,-20.0
2020-10-01 11:01:50,40,0.413,4.48,-20.0
2020-10-01 11:01:50,41,0.413,4.49,-20.0
2020-10-01 11:01:50,42,0.405,4.47,-20.0
2020-10-01 11:01:50,43,0.416,4.48,-20.0
2020-10-01 11:01:50,44,0.418,4.49,-20.0
2020-10-01 11:01:50,45,0.413,4.49,-20.0
2020-10-01 11:01:50,46,0.413,4.48,-20.0
2020-10-01 11:01:50,47,0.418,4.49,-20.0
2020-10-01 11:01:50,48,0.414,4.48,-20.0
2020-10-01 11:01:50,49,0.487,4.46,24.4
2020-10-01 11:01:50,50,0.424,4.46,-20.0
2020-10-01 11:01:50,51,0.415,4.48,-20.0
2020-10-01 11:01:50,52,0.414,4.46,-20.0
2020-10-01 11:01:50,53,0.416,4.45,-20.0
2020-10-01 11:01:50,54,0.418,4.46,-20.0
2020-10-01 11:01:50,55,0.419,4.43,-20.0
2020-10-01 11:01:50,56,0.418,4.44,-20.0
2020-10-01 11:01:50,57,0.424,4.42,-20.0
2020-10-01 11:01:50,58,0.427,4.43,-20.0
2020-10-01 11:01:50,59,0.418,4.44,-20.0
2020-10-01 11:01:50,60,0.404,4.46,-20.0
2020-10-01 11:01:50,61,0.416,4.5,21.9
2020-10-01 11:01:50,62,0.417,4.49,-20.0
2020-10-01 11:01:50,63,0.433,4.48,-20.0
2020-10-01 11:01:50,64,0.394,4.46,-20.0
2020-10-01 11:01:50,65,0.397,4.45,-20.0
2020-10-01 11:01:50,66,0.413,4.45,-20.0
2020-10-01 11:01:50,67,0.41,4.43,-20.0
2020-10-01 11:01:50,68,0.422,4.46,-20.0
2020-10-01 11:01:50,69,0.431,4.45,-20.0
2020-10-01 11:01:50,70,0.402,4.48,-20.0
2020-10-01 11:01:50,71,0.414,4.49,-20.0
2020-10-01 11:01:50,72,0.413,4.48,-20.0
2020-10-01 11:01:50,73,0.418,4.51,22.0
2020-10-01 11:01:50,74,0.424,4.5,-20.0
2020-10-01 11:01:50,75,0.443,4.47,-20.0
2020-10-01 11:01:50,76,0.429,4.45,-20.0
2020-10-01 11:01:50,77,0.421,4.5,-20.0
2020-10-01 11:01:50,78,0.405,4.48,-20.0
2020-10-01 11:01:50,79,0.414,4.49,-20.0
2020-10-01 11:01:50,80,0.425,4.51,-20.0
2020-10-01 11:01:50,81,0.424,4.52,-20.0
2020-10-01 11:01:50,82,0.424,4.52,-20.0
2020-10-01 11:01:50,83,0.42,4.51,-20.0
2020-10-01 11:01:50,84,0.424,4.49,-20.0
2020-10-01 11:01:50,85,0.418,4.48,23.2
2020-10-01 11:01:50,86,0.417,4.47,-20.0
2020-10-01 11:01:50,87,0.444,4.46,-20.0
2020-10-01 11:01:50,88,0.404,4.47,-20.0
2020-10-01 11:01:50,89,0.417,4.5,-20.0
2020-10-01 11:01:50,90,0.411,4.48,-20.0
2020-10-01 11:01:50,91,0.421,4.49,-20.0
2020-10-01 11:01:50,92,0.403,4.51,-20.0
2020-10-01 11:01:50,93,0.414,4.51,-20.0
2020-10-01 11:01:50,94,0.416,4.48,-20.0
2020-10-01 11:01:50,95,0.414,4.46,-20.0
2020-10-01 11:01:50,96,0.412,4.48,-20.0
2020-10-01 23:01:25,1,0.419,4.5,25.5
2020-10-01 23:01:25,2,0.412,4.49,-20.0
2020-10-01 23:01:25,3,0.417,4.51,-20.0
2020-10-01 23:01:25,4,0.415,4.48,-20.0
2020-10-01 23:01:25,5,0.407,4.51,-20.0
2020-10-01 23:01:25,6,0.416,4.49,-20.0
2020-10-01 23:01:25,7,0.405,4.48,-20.0
2020-10-01 23:01:25,8,0.406,4.49,-20.0
2020-10-01 23:01:25,9,0.41,4.48,-20.0
2020-10-01 23:01:25,10,0.418,4.49,-20.0
2020-10-01 23:01:25,11,0.415,4.46,-20.0
2020-10-01 23:01:25,12,0.41,4.46,-20.0
2020-10-01 23:01:25,13,0.412,4.49,24.8
2020-10-01 23:01:25,14,0.413,4.5,-20.0
2020-10-01 23:01:25,15,0.407,4.52,-20.0
2020-10-01 23:01:25,16,0.421,4.51,-20.0
2020-10-01 23:01:25,17,0.403,4.48,-20.0
2020-10-01 23:01:25,18,0.415,4.5,-20.0
2020-10-01 23:01:25,19,0.438,4.47,-20.0
2020-10-01 23:01:25,20,0.413,4.48,-20.0
2020-10-01 23:01:25,21,0.413,4.49,-20.0
2020-10-01 23:01:25,22,0.397,4.47,-20.0
2020-10-01 23:01:25,23,0.441,4.48,-20.0
2020-10-01 23:01:25,24,0.383,4.5,-20.0
2020-10-01 23:01:25,25,0.414,4.51,22.2
2020-10-01 23:01:25,26,0.415,4.47,-20.0
2020-10-01 23:01:25,27,0.427,4.47,-20.0
2020-10-01 23:01:25,28,0.405,4.46,-20.0
2020-10-01 23:01:25,29,0.39,4.47,-20.0
2020-10-01 23:01:25,30,0.413,4.48,-20.0
2020-10-01 23:01:25,31,0.415,4.47,-20.0
2020-10-01 23:01:25,32,0.399,4.48,-20.0
2020-10-01 23:01:25,33,0.399,4.49,-20.0
2020-10-01 23:01:25,34,0.385,4.48,-20.0
2020-10-01 23:01:25,35,0.407,4.49,-20.0
2020-10-01 23:01:25,36,0.409,4.51,-20.0
2020-10-01 23:01:25,37,0.413,4.48,22.7
2020-10-01 23:01:25,38,0.421,4.5,-20.0
2020-10-01 23:01:25,39,0.415,4.46,-20.0
2020-10-01 23:01:25,40,0.412,4.48,-20.0
2020-10-01 23:01:25,41,0.416,4.49,-20.0
2020-10-01 23:01:25,42,0.405,4.47,-20.0
2020-10-01 23:01:25,43,0.415,4.48,-20.0
2020-10-01 23:01:25,44,0.418,4.49,-20.0
2020-10-01 23:01:25,45,0.416,4.49,-20.0
2020-10-01 23:01:25,46,0.413,4.49,-20.0
2020-10-01 23:01:25,47,0.417,4.48,-20.0
2020-10-01 23:01:25,48,0.417,4.48,-20.0
2020-10-01 23:01:25,49,0.492,4.46,24.7
2020-10-01 23:01:25,50,0.42,4.47,-20.0
2020-10-01 23:01:25,51,0.412,4.47,-20.0
2020-10-01 23:01:25,52,0.417,4.46,-20.0
2020-10-01 23:01:25,53,0.415,4.45,-20.0
2020-10-01 23:01:25,54,0.416,4.46,-20.0
2020-10-01 23:01:25,55,0.419,4.44,-20.0
2020-10-01 23:01:25,56,0.414,4.44,-20.0
2020-10-01 23:01:25,57,0.422,4.43,-20.0
2020-10-01 23:01:25,58,0.427,4.42,-20.0
2020-10-01 23:01:25,59,0.421,4.44,-20.0
2020-10-01 23:01:25,60,0.406,4.46,-20.0
2020-10-01 23:01:25,61,0.415,4.5,22.2
2020-10-01 23:01:25,62,0.418,4.49,-20.0
2020-10-01 23:01:25,63,0.43,4.48,-20.0
2020-10-01 23:01:25,64,0.397,4.47,-20.0
2020-10-01 23:01:25,65,0.404,4.44,-20.0
2020-10-01 23:01:25,66,0.414,4.45,-20.0
2020-10-01 23:01:25,67,0.409,4.43,-20.0
2020-10-01 23:01:25,68,0.419,4.46,-20.0
2020-10-01 23:01:25,69,0.429,4.45,-20.0
2020-10-01 23:01:25,70,0.407,4.47,-20.0
2020-10-01 23:01:25,71,0.417,4.49,-20.0
2020-10-01 23:01:25,72,0.409,4.48,-20.0
2020-10-01 23:01:25,73,0.417,4.51,22.6
2020-10-01 23:01:25,74,0.421,4.49,-20.0
2020-10-01 23:01:25,75,0.439,4.47,-20.0
2020-10-01 23:01:25,76,0.428,4.45,-20.0
2020-10-01 23:01:25,77,0.421,4.5,-20.0
2020-10-01 23:01:25,78,0.406,4.47,-20.0
2020-10-01 23:01:25,79,0.41,4.5,-20.0
2020-10-01 23:01:25,80,0.421,4.51,-20.0
2020-10-01 23:01:25,81,0.425,4.51,-20.0
2020-10-01 23:01:25,82,0.422,4.52,-20.0
2020-10-01 23:01:25,83,0.421,4.5,-20.0
2020-10-01 23:01:25,84,0.424,4.5,-20.0
2020-10-01 23:01:25,85,0.416,4.48,23.5
2020-10-01 23:01:25,86,0.419,4.46,-20.0
2020-10-01 23:01:25,87,0.442,4.47,-20.0
2020-10-01 23:01:25,88,0.401,4.48,-20.0
2020-10-01 23:01:25,89,0.415,4.5,-20.0
2020-10-01 23:01:25,90,0.408,4.47,-20.0
2020-10-01 23:01:25,91,0.42,4.49,-20.0
2020-10-01 23:01:25,92,0.402,4.51,-20.0
2020-10-01 23:01:25,93,0.412,4.5,-20.0
2020-10-01 23:01:25,94,0.416,4.48,-20.0
2020-10-01 23:01:25,95,0.418,4.46,-20.0
2020-10-01 23:01:25,96,0.411,4.49,-20.0
2020-10-02 11:00:53,1,0.418,4.5,25.5
2020-10-02 11:00:53,2,0.414,4.51,-20.0
2020-10-02 11:00:53,3,0.417,4.53,-20.0
2020-10-02 11:00:53,4,0.414,4.48,-20.0
2020-10-02 11:00:53,5,0.407,4.51,-20.0
2020-10-02 11:00:53,6,0.415,4.5,-20.0
2020-10-02 11:00:53,7,0.407,4.48,-20.0
2020-10-02 11:00:53,8,0.409,4.5,-20.0
2020-10-02 11:00:53,9,0.409,4.48,-20.0
2020-10-02 11:00:53,10,0.415,4.51,-20.0
2020-10-02 11:00:53,11,0.414,4.45,-20.0
2020-10-02 11:00:53,12,0.409,4.46,-20.0
2020-10-02 11:00:53,13,0.413,4.49,24.6
2020-10-02 11:00:53,14,0.414,4.5,-20.0
2020-10-02 11:00:53,15,0.407,4.52,-20.0
2020-10-02 11:00:53,16,0.419,4.52,-20.0
2020-10-02 11:00:53,17,0.408,4.48,-20.0
2020-10-02 11:00:53,18,0.423,4.49,-20.0
2020-10-02 11:00:53,19,0.439,4.47,-20.0
2020-10-02 11:00:53,20,0.412,4.46,-20.0
2020-10-02 11:00:53,21,0.412,4.48,-20.0
2020-10-02 11:00:53,22,0.403,4.46,-20.0
2020-10-02 11:00:53,23,0.448,4.48,-20.0
2020-10-02 11:00:53,24,0.392,4.49,-20.0
2020-10-02 11:00:53,25,0.415,4.51,22.1
2020-10-02 11:00:53,26,0.417,4.49,-20.0
2020-10-02 11:00:53,27,0.421,4.47,-20.0
2020-10-02 11:00:53,28,0.416,4.46,-20.0
2020-10-02 11:00:53,29,0.402,4.47,-20.0
2020-10-02 11:00:53,30,0.413,4.47,-20.0
2020-10-02 11:00:53,31,0.416,4.47,-20.0
2020-10-02 11:00:53,32,0.407,4.47,-20.0
2020-10-02 11:00:53,33,0.405,4.49,-20.0
2020-10-02 11:00:53,34,0.397,4.48,-20.0
2020-10-02 11:00:53,35,0.408,4.49,-20.0
2020-10-02 11:00:53,36,0.408,4.51,-20.0
2020-10-02 11:00:53,37,0.409,4.48,22.6
2020-10-02 11:00:53,38,0.428,4.5,-20.0
2020-10-02 11:00:53,39,0.411,4.47,-20.0
2020-10-02 11:00:53,40,0.415,4.47,-20.0
2020-10-02 11:00:53,41,0.413,4.5,-20.0
2020-10-02 11:00:53,42,0.405,4.47,-20.0
2020-10-02 11:00:53,43,0.417,4.48,-20.0
2020-10-02 11:00:53,44,0.404,4.49,-20.0
2020-10-02 11:00:53,45,0.416,4.5,-20.0
2020-10-02 11:00:53,46,0.413,4.48,-20.0
2020-10-02 11:00:53,47,0.407,4.48,-20.0
2020-10-02 11:00:53,48,0.4,4.48,-20.0
2020-10-02 11:00:53,49,0.492,4.46,24.7
2020-10-02 11:00:53,50,0.424,4.47,-20.0
2020-10-02 11:00:53,51,0.413,4.47,-20.0
2020-10-02 11:00:53,52,0.417,4.46,-20.0
2020-10-02 11:00:53,53,0.419,4.45,-20.0
2020-10-02 11:00:53,54,0.42,4.46,-20.0
2020-10-02 11:00:53,55,0.42,4.44,-20.0
2020-10-02 11:00:53,56,0.413,4.44,-20.0
2020-10-02 11:00:53,57,0.422,4.43,-20.0
2020-10-02 11:00:53,58,0.426,4.42,-20.0
2020-10-02 11:00:53,59,0.413,4.45,-20.0
2020-10-02 11:00:53,60,0.401,4.46,-20.0
2020-10-02 11:00:53,61,0.416,4.5,22.0
2020-10-02 11:00:53,62,0.413,4.5,-20.0
2020-10-02 11:00:53,63,0.421,4.48,-20.0
2020-10-02 11:00:53,64,0.401,4.46,-20.0
2020-10-02 11:00:53,65,0.374,4.45,-20.0
2020-10-02 11:00:53,66,0.41,4.45,-20.0
2020-10-02 11:00:53,67,0.409,4.43,-20.0
2020-10-02 11:00:53,68,0.418,4.47,-20.0
2020-10-02 11:00:53,69,0.454,4.45,-20.0
2020-10-02 11:00:53,70,0.412,4.48,-20.0
2020-10-02 11:00:53,71,0.414,4.49,-20.0
2020-10-02 11:00:53,72,0.406,4.49,-20.0
2020-10-02 11:00:53,73,0.44,4.52,22.1
2020-10-02 11:00:53,74,0.454,4.49,-20.0
2020-10-02 11:00:53,75,0.558,4.47,-20.0
2020-10-02 11:00:53,76,0.424,4.45,-20.0
2020-10-02 11:00:53,77,0.416,4.51,-20.0
2020-10-02 11:00:53,78,0.425,4.47,-20.0
2020-10-02 11:00:53,79,0.438,4.49,-20.0
2020-10-02 11:00:53,80,0.438,4.51,-20.0
2020-10-02 11:00:53,81,0.424,4.51,-20.0
2020-10-02 11:00:53,82,0.42,4.52,-20.0
2020-10-02 11:00:53,83,0.432,4.5,-20.0
2020-10-02 11:00:53,84,0.425,4.5,-20.0
2020-10-02 11:00:53,85,0.417,4.48,23.1
2020-10-02 11:00:53,86,0.419,4.46,-20.0
2020-10-02 11:00:53,87,0.441,4.47,-20.0
2020-10-02 11:00:53,88,0.401,4.47,-20.0
2020-10-02 11:00:53,89,0.413,4.5,-20.0
2020-10-02 11:00:53,90,0.407,4.48,-20.0
2020-10-02 11:00:53,91,0.418,4.48,-20.0
2020-10-02 11:00:53,92,0.4,4.5,-20.0
2020-10-02 11:00:53,93,0.412,4.49,-20.0
2020-10-02 11:00:53,94,0.418,4.47,-20.0
2020-10-02 11:00:53,95,0.417,4.47,-20.0
2020-10-02 11:00:53,96,0.413,4.49,-20.0
2020-10-02 23:00:19,1,0.413,4.5,25.5
2020-10-02 23:00:19,2,0.412,4.5,-20.0
2020-10-02 23:00:19,3,0.417,4.52,-20.0
2020-10-02 23:00:19,4,0.412,4.48,-20.0
2020-10-02 23:00:19,5,0.402,4.51,-20.0
2020-10-02 23:00:19,6,0.412,4.49,-20.0
2020-10-02 23:00:19,7,0.406,4.49,-20.0
2020-10-02 23:00:19,8,0.408,4.51,-20.0
2020-10-02 23:00:19,9,0.409,4.48,-20.0
2020-10-02 23:00:19,10,0.415,4.49,-20.0
2020-10-02 23:00:19,11,0.416,4.45,-20.0
2020-10-02 23:00:19,12,0.411,4.46,-20.0
2020-10-02 23:00:19,13,0.412,4.48,24.7
2020-10-02 23:00:19,14,0.417,4.49,-20.0
2020-10-02 23:00:19,15,0.409,4.52,-20.0
2020-10-02 23:00:19,16,0.423,4.52,-20.0
2020-10-02 23:00:19,17,0.407,4.5,-20.0
2020-10-02 23:00:19,18,0.422,4.49,-20.0
2020-10-02 23:00:19,19,0.444,4.47,-20.0
2020-10-02 23:00:19,20,0.413,4.47,-20.0
2020-10-02 23:00:19,21,0.412,4.48,-20.0
2020-10-02 23:00:19,22,0.404,4.48,-20.0
2020-10-02 23:00:19,23,0.445,4.49,-20.0
2020-10-02 23:00:19,24,0.403,4.49,-20.0
2020-10-02 23:00:19,25,0.414,4.51,22.3
2020-10-02 23:00:19,26,0.415,4.48,-20.0
2020-10-02 23:00:19,27,0.42,4.47,-20.0
2020-10-02 23:00:19,28,0.407,4.47,-20.0
2020-10-02 23:00:19,29,0.414,4.45,-20.0
2020-10-02 23:00:19,30,0.414,4.48,-20.0
2020-10-02 23:00:19,31,0.417,4.46,-20.0
2020-10-02 23:00:19,32,0.406,4.47,-20.0
2020-10-02 23:00:19,33,0.397,4.49,-20.0
2020-10-02 23:00:19,34,0.389,4.5,-20.0
2020-10-02 23:00:19,35,0.409,4.48,-20.0
2020-10-02 23:00:19,36,0.41,4.5,-20.0
2020-10-02 23:00:19,37,0.401,4.48,22.8
2020-10-02 23:00:19,38,0.419,4.49,-20.0
2020-10-02 23:00:19,39,0.419,4.47,-20.0
2020-10-02 23:00:19,40,0.417,4.49,-20.0
2020-10-02 23:00:19,41,0.416,4.49,-20.0
2020-10-02 23:00:19,42,0.407,4.47,-20.0
2020-10-02 23:00:19,43,0.419,4.48,-20.0
2020-10-02 23:00:19,44,0.408,4.49,-20.0
2020-10-02 23:00:19,45,0.416,4.49,-20.0
2020-10-02 23:00:19,46,0.414,4.49,-20.0
2020-10-02 23:00:19,47,0.413,4.48,-20.0
2020-10-02 23:00:19,48,0.405,4.48,-20.0
2020-10-02 23:00:19,49,0.49,4.46,24.7
2020-10-02 23:00:19,50,0.424,4.47,-20.0
2020-10-02 23:00:19,51,0.411,4.47,-20.0
2020-10-02 23:00:19,52,0.415,4.46,-20.0
2020-10-02 23:00:19,53,0.417,4.46,-20.0
2020-10-02 23:00:19,54,0.418,4.47,-20.0
2020-10-02 23:00:19,55,0.416,4.44,-20.0
2020-10-02 23:00:19,56,0.41,4.43,-20.0
2020-10-02 23:00:19,57,0.423,4.43,-20.0
2020-10-02 23:00:19,58,0.416,4.42,-20.0
2020-10-02 23:00:19,59,0.401,4.45,-20.0
2020-10-02 23:00:19,60,0.405,4.46,-20.0
2020-10-02 23:00:19,61,0.418,4.49,22.3
2020-10-02 23:00:19,62,0.413,4.49,-20.0
2020-10-02 23:00:19,63,0.422,4.48,-20.0
2020-10-02 23:00:19,64,0.393,4.46,-20.0
2020-10-02 23:00:19,65,0.383,4.45,-20.0
2020-10-02 23:00:19,66,0.412,4.45,-20.0
2020-10-02 23:00:19,67,0.409,4.44,-20.0
2020-10-02 23:00:19,68,0.417,4.46,-20.0
2020-10-02 23:00:19,69,0.437,4.46,-20.0
2020-10-02 23:00:19,70,0.415,4.47,-20.0
2020-10-02 23:00:19,71,0.415,4.48,-20.0
2020-10-02 23:00:19,72,0.408,4.48,-20.0
2020-10-02 23:00:19,73,0.428,4.51,22.7
2020-10-02 23:00:19,74,0.442,4.49,-20.0
2020-10-02 23:00:19,75,0.436,4.47,-20.0
2020-10-02 23:00:19,76,0.423,4.45,-20.0
2020-10-02 23:00:19,77,0.416,4.51,-20.0
2020-10-02 23:00:19,78,0.419,4.47,-20.0
2020-10-02 23:00:19,79,0.434,4.49,-20.0
2020-10-02 23:00:19,80,0.429,4.51,-20.0
2020-10-02 23:00:19,81,0.423,4.51,-20.0
2020-10-02 23:00:19,82,0.419,4.52,-20.0
2020-10-02 23:00:19,83,0.429,4.5,-20.0
2020-10-02 23:00:19,84,0.425,4.49,-20.0
2020-10-02 23:00:19,85,0.421,4.47,23.6
2020-10-02 23:00:19,86,0.42,4.47,-20.0
2020-10-02 23:00:19,87,0.443,4.46,-20.0
2020-10-02 23:00:19,88,0.402,4.47,-20.0
2020-10-02 23:00:19,89,0.417,4.49,-20.0
2020-10-02 23:00:19,90,0.409,4.47,-20.0
2020-10-02 23:00:19,91,0.42,4.49,-20.0
2020-10-02 23:00:19,92,0.401,4.5,-20.0
2020-10-02 23:00:19,93,0.414,4.5,-20.0
2020-10-02 23:00:19,94,0.42,4.47,-20.0
2020-10-02 23:00:19,95,0.419,4.46,-20.0
2020-10-02 23:00:19,96,0.412,4.49,-20.0
2020-10-03 10:59:39,1,0.415,4.5,25.5
2020-10-03 10:59:39,2,0.412,4.51,-20.0
2020-10-03 10:59:39,3,0.42,4.52,-20.0
2020-10-03 10:59:39,4,0.413,4.49,-20.0
2020-10-03 10:59:39,5,0.399,4.51,-20.0
2020-10-03 10:59:39,6,0.414,4.49,-20.0
2020-10-03 10:59:39,7,0.406,4.48,-20.0
2020-10-03 10:59:39,8,0.408,4.5,-20.0
2020-10-03 10:59:39,9,0.409,4.48,-20.0
2020-10-03 10:59:39,10,0.417,4.5,-20.0
2020-10-03 10:59:39,11,0.417,4.46,-20.0
2020-10-03 10:59:39,12,0.412,4.47,-20.0
2020-10-03 10:59:39,13,0.411,4.48,24.6
2020-10-03 10:59:39,14,0.417,4.49,-20.0
2020-10-03 10:59:39,15,0.412,4.52,-20.0
2020-10-03 10:59:39,16,0.423,4.51,-20.0
2020-10-03 10:59:39,17,0.411,4.48,-20.0
2020-10-03 10:59:39,18,0.424,4.49,-20.0
2020-10-03 10:59:39,19,0.445,4.48,-20.0
2020-10-03 10:59:39,20,0.412,4.48,-20.0
2020-10-03 10:59:39,21,0.414,4.49,-20.0
2020-10-03 10:59:39,22,0.41,4.47,-20.0
2020-10-03 10:59:39,23,0.447,4.48,-20.0
2020-10-03 10:59:39,24,0.402,4.49,-20.0
2020-10-03 10:59:39,25,0.415,4.51,22.1
2020-10-03 10:59:39,26,0.419,4.49,-20.0
2020-10-03 10:59:39,27,0.411,4.46,-20.0
2020-10-03 10:59:39,28,0.412,4.47,-20.0
2020-10-03 10:59:39,29,0.417,4.47,-20.0
2020-10-03 10:59:39,30,0.414,4.48,-20.0
2020-10-03 10:59:39,31,0.42,4.46,-20.0
2020-10-03 10:59:39,32,0.407,4.47,-20.0
2020-10-03 10:59:39,33,0.405,4.49,-20.0
2020-10-03 10:59:39,34,0.396,4.48,-20.0
2020-10-03 10:59:39,35,0.405,4.48,-20.0
2020-10-03 10:59:39,36,0.409,4.5,-20.0
2020-10-03 10:59:39,37,0.397,4.47,22.5
2020-10-03 10:59:39,38,0.398,4.49,-20.0
2020-10-03 10:59:39,39,0.414,4.47,-20.0
2020-10-03 10:59:39,40,0.413,4.48,-20.0
2020-10-03 10:59:39,41,0.412,4.49,-20.0
2020-10-03 10:59:39,42,0.396,4.48,-20.0
2020-10-03 10:59:39,43,0.395,4.47,-20.0
2020-10-03 10:59:39,44,0.416,4.49,-20.0
2020-10-03 10:59:39,45,0.416,4.5,-20.0
2020-10-03 10:59:39,46,0.413,4.48,-20.0
2020-10-03 10:59:39,47,0.414,4.48,-20.0
2020-10-03 10:59:39,48,0.411,4.47,-20.0
2020-10-03 10:59:39,49,0.489,4.46,24.6
2020-10-03 10:59:39,50,0.425,4.47,-20.0
2020-10-03 10:59:39,51,0.408,4.47,-20.0
2020-10-03 10:59:39,52,0.418,4.47,-20.0
2020-10-03 10:59:39,53,0.416,4.45,-20.0
2020-10-03 10:59:39,54,0.416,4.47,-20.0
2020-10-03 10:59:39,55,0.4,4.44,-20.0
2020-10-03 10:59:39,56,0.41,4.44,-20.0
2020-10-03 10:59:39,57,0.421,4.43,-20.0
2020-10-03 10:59:39,58,0.41,4.43,-20.0
2020-10-03 10:59:39,59,0.394,4.44,-20.0
2020-10-03 10:59:39,60,0.391,4.46,-20.0
2020-10-03 10:59:39,61,0.417,4.5,22.0
2020-10-03 10:59:39,62,0.409,4.49,-20.0
2020-10-03 10:59:39,63,0.419,4.48,-20.0
2020-10-03 10:59:39,64,0.397,4.46,-20.0
2020-10-03 10:59:39,65,0.39,4.45,-20.0
2020-10-03 10:59:39,66,0.415,4.45,-20.0
2020-10-03 10:59:39,67,0.408,4.43,-20.0
2020-10-03 10:59:39,68,0.418,4.46,-20.0
2020-10-03 10:59:39,69,0.432,4.45,-20.0
2020-10-03 10:59:39,70,0.415,4.47,-20.0
2020-10-03 10:59:39,71,0.416,4.48,-20.0
2020-10-03 10:59:39,72,0.41,4.49,-20.0
2020-10-03 10:59:39,73,0.426,4.52,22.2
2020-10-03 10:59:39,74,0.439,4.49,-20.0
2020-10-03 10:59:39,75,0.431,4.47,-20.0
2020-10-03 10:59:39,76,0.421,4.45,-20.0
2020-10-03 10:59:39,77,0.415,4.51,-20.0
2020-10-03 10:59:39,78,0.414,4.48,-20.0
2020-10-03 10:59:39,79,0.429,4.48,-20.0
2020-10-03 10:59:39,80,0.43,4.51,-20.0
2020-10-03 10:59:39,81,0.425,4.51,-20.0
2020-10-03 10:59:39,82,0.419,4.52,-20.0
2020-10-03 10:59:39,83,0.427,4.5,-20.0
2020-10-03 10:59:39,84,0.424,4.5,-20.0
2020-10-03 10:59:39,85,0.42,4.48,23.2
2020-10-03 10:59:39,86,0.42,4.47,-20.0
2020-10-03 10:59:39,87,0.44,4.47,-20.0
2020-10-03 10:59:39,88,0.399,4.47,-20.0
2020-10-03 10:59:39,89,0.415,4.49,-20.0
2020-10-03 10:59:39,90,0.409,4.47,-20.0
2020-10-03 10:59:39,91,0.42,4.49,-20.0
2020-10-03 10:59:39,92,0.4,4.51,-20.0
2020-10-03 10:59:39,93,0.415,4.49,-20.0
2020-10-03 10:59:39,94,0.42,4.47,-20.0
2020-10-03 10:59:39,95,0.416,4.46,-20.0
2020-10-03 10:59:39,96,0.412,4.49,-20.0
2020-10-03 22:59:11,1,0.414,4.5,25.5
2020-10-03 22:59:11,2,0.414,4.51,-20.0
2020-10-03 22:59:11,3,0.421,4.51,-20.0
2020-10-03 22:59:11,4,0.414,4.48,-20.0
2020-10-03 22:59:11,5,0.4,4.51,-20.0
2020-10-03 22:59:11,6,0.416,4.49,-20.0
2020-10-03 22:59:11,7,0.41,4.48,-20.0
2020-10-03 22:59:11,8,0.41,4.49,-20.0
2020-10-03 22:59:11,9,0.41,4.48,-20.0
2020-10-03 22:59:11,10,0.417,4.51,-20.0
2020-10-03 22:59:11,11,0.418,4.46,-20.0
2020-10-03 22:59:11,12,0.411,4.46,-20.0
2020-10-03 22:59:11,13,0.41,4.48,24.6
2020-10-03 22:59:11,14,0.417,4.48,-20.0
2020-10-03 22:59:11,15,0.411,4.52,-20.0
2020-10-03 22:59:11,16,0.424,4.5,-20.0
2020-10-03 22:59:11,17,0.412,4.48,-20.0
2020-10-03 22:59:11,18,0.428,4.5,-20.0
2020-10-03 22:59:11,19,0.443,4.46,-20.0
2020-10-03 22:59:11,20,0.413,4.46,-20.0
2020-10-03 22:59:11,21,0.414,4.48,-20.0
2020-10-03 22:59:11,22,0.413,4.47,-20.0
2020-10-03 22:59:11,23,0.449,4.47,-20.0
2020-10-03 22:59:11,24,0.402,4.5,-20.0
2020-10-03 22:59:11,25,0.414,4.5,22.1
2020-10-03 22:59:11,26,0.421,4.48,-20.0
2020-10-03 22:59:11,27,0.413,4.46,-20.0
2020-10-03 22:59:11,28,0.417,4.46,-20.0
2020-10-03 22:59:11,29,0.405,4.46,-20.0
2020-10-03 22:59:11,30,0.412,4.47,-20.0
2020-10-03 22:59:11,31,0.416,4.47,-20.0
2020-10-03 22:59:11,32,0.412,4.47,-20.0
2020-10-03 22:59:11,33,0.409,4.49,-20.0
2020-10-03 22:59:11,34,0.397,4.49,-20.0
2020-10-03 22:59:11,35,0.405,4.49,-20.0
2020-10-03 22:59:11,36,0.41,4.5,-20.0
2020-10-03 22:59:11,37,0.402,4.47,22.6
2020-10-03 22:59:11,38,0.406,4.48,-20.0
2020-10-03 22:59:11,39,0.417,4.48,-20.0
2020-10-03 22:59:11,40,0.414,4.48,-20.0
2020-10-03 22:59:11,41,0.41,4.49,-20.0
2020-10-03 22:59:11,42,0.4,4.47,-20.0
2020-10-03 22:59:11,43,0.403,4.48,-20.0
2020-10-03 22:59:11,44,0.419,4.49,-20.0
2020-10-03 22:59:11,45,0.418,4.5,-20.0
2020-10-03 22:59:11,46,0.414,4.49,-20.0
2020-10-03 22:59:11,47,0.418,4.49,-20.0
2020-10-03 22:59:11,48,0.411,4.49,-20.0
2020-10-03 22:59:11,49,0.484,4.46,24.6
2020-10-03 22:59:11,50,0.421,4.47,-20.0
2020-10-03 22:59:11,51,0.407,4.47,-20.0
2020-10-03 22:59:11,52,0.417,4.46,-20.0
2020-10-03 22:59:11,53,0.417,4.45,-20.0
2020-10-03 22:59:11,54,0.419,4.47,-20.0
2020-10-03 22:59:11,55,0.403,4.44,-20.0
2020-10-03 22:59:11,56,0.412,4.43,-20.0
2020-10-03 22:59:11,57,0.419,4.43,-20.0
2020-10-03 22:59:11,58,0.413,4.42,-20.0
2020-10-03 22:59:11,59,0.402,4.44,-20.0
2020-10-03 22:59:11,60,0.397,4.46,-20.0
2020-10-03 22:59:11,61,0.416,4.5,22.0
2020-10-03 22:59:11,62,0.409,4.49,-20.0
2020-10-03 22:59:11,63,0.421,4.48,-20.0
2020-10-03 22:59:11,64,0.403,4.46,-20.0
2020-10-03 22:59:11,65,0.396,4.45,-20.0
2020-10-03 22:59:11,66,0.416,4.45,-20.0
2020-10-03 22:59:11,67,0.41,4.43,-20.0
2020-10-03 22:59:11,68,0.421,4.45,-20.0
2020-10-03 22:59:11,69,0.428,4.46,-20.0
2020-10-03 22:59:11,70,0.417,4.47,-20.0
2020-10-03 22:59:11,71,0.417,4.49,-20.0
2020-10-03 22:59:11,72,0.412,4.49,-20.0
2020-10-03 22:59:11,73,0.424,4.52,22.2
2020-10-03 22:59:11,74,0.43,4.49,-20.0
2020-10-03 22:59:11,75,0.43,4.47,-20.0
2020-10-03 22:59:11,76,0.422,4.45,-20.0
2020-10-03 22:59:11,77,0.42,4.5,-20.0
2020-10-03 22:59:11,78,0.412,4.47,-20.0
2020-10-03 22:59:11,79,0.424,4.48,-20.0
2020-10-03 22:59:11,80,0.427,4.51,-20.0
2020-10-03 22:59:11,81,0.425,4.51,-20.0
2020-10-03 22:59:11,82,0.419,4.52,-20.0
2020-10-03 22:59:11,83,0.426,4.5,-20.0
2020-10-03 22:59:11,84,0.426,4.49,-20.0
2020-10-03 22:59:11,85,0.416,4.47,23.2
2020-10-03 22:59:11,86,0.421,4.47,-20.0
2020-10-03 22:59:11,87,0.44,4.46,-20.0
2020-10-03 22:59:11,88,0.4,4.47,-20.0
2020-10-03 22:59:11,89,0.414,4.49,-20.0
2020-10-03 22:59:11,90,0.405,4.48,-20.0
2020-10-03 22:59:11,91,0.418,4.49,-20.0
2020-10-03 22:59:11,92,0.399,4.5,-20.0
2020-10-03 22:59:11,93,0.415,4.5,-20.0
2020-10-03 22:59:11,94,0.419,4.48,-20.0
2020-10-03 22:59:11,95,0.413,4.46,-20.0
2020-10-03 22:59:11,96,0.41,4.49,-20.0
2020-10-04 10:58:39,1,0.414,4.5,25.5
2020-10-04 10:58:39,2,0.413,4.51,-20.0
2020-10-04 10:58:39,3,0.419,4.52,-20.0
2020-10-04 10:58:39,4,0.416,4.49,-20.0
2020-10-04 10:58:39,5,0.404,4.51,-20.0
2020-10-04 10:58:39,6,0.418,4.5,-20.0
2020-10-04 10:58:39,7,0.409,4.48,-20.0
2020-10-04 10:58:39,8,0.407,4.49,-20.0
2020-10-04 10:58:39,9,0.408,4.48,-20.0
2020-10-04 10:58:39,10,0.419,4.5,-20.0
2020-10-04 10:58:39,11,0.418,4.46,-20.0
2020-10-04 10:58:39,12,0.414,4.46,-20.0
2020-10-04 10:58:39,13,0.41,4.48,24.6
2020-10-04 10:58:39,14,0.418,4.49,-20.0
2020-10-04 10:58:39,15,0.409,4.52,-20.0
2020-10-04 10:58:39,16,0.427,4.52,-20.0
2020-10-04 10:58:39,17,0.415,4.48,-20.0
2020-10-04 10:58:39,18,0.429,4.49,-20.0
2020-10-04 10:58:39,19,0.441,4.47,-20.0
2020-10-04 10:58:39,20,0.412,4.47,-20.0
2020-10-04 10:58:39,21,0.414,4.48,-20.0
2020-10-04 10:58:39,22,0.411,4.47,-20.0
2020-10-04 10:58:39,23,0.446,4.48,-20.0
2020-10-04 10:58:39,24,0.405,4.49,-20.0
2020-10-04 10:58:39,25,0.414,4.49,22.2
2020-10-04 10:58:39,26,0.42,4.48,-20.0
2020-10-04 10:58:39,27,0.405,4.47,-20.0
2020-10-04 10:58:39,28,0.416,4.46,-20.0
2020-10-04 10:58:39,29,0.391,4.45,-20.0
2020-10-04 10:58:39,30,0.41,4.48,-20.0
2020-10-04 10:58:39,31,0.416,4.46,-20.0
2020-10-04 10:58:39,32,0.398,4.48,-20.0
2020-10-04 10:58:39,33,0.407,4.48,-20.0
2020-10-04 10:58:39,34,0.39,4.48,-20.0
2020-10-04 10:58:39,35,0.407,4.49,-20.0
2020-10-04 10:58:39,36,0.412,4.51,-20.0
2020-10-04 10:58:39,37,0.406,4.48,22.6
2020-10-04 10:58:39,38,0.408,4.48,-20.0
2020-10-04 10:58:39,39,0.417,4.48,-20.0
2020-10-04 10:58:39,40,0.415,4.49,-20.0
2020-10-04 10:58:39,41,0.412,4.49,-20.0
2020-10-04 10:58:39,42,0.405,4.47,-20.0
2020-10-04 10:58:39,43,0.406,4.47,-20.0
2020-10-04 10:58:39,44,0.424,4.49,-20.0
2020-10-04 10:58:39,45,0.419,4.49,-20.0
2020-10-04 10:58:39,46,0.416,4.49,-20.0
2020-10-04 10:58:39,47,0.419,4.48,-20.0
2020-10-04 10:58:39,48,0.417,4.47,-20.0
2020-10-04 10:58:39,49,0.482,4.46,24.6
2020-10-04 10:58:39,50,0.422,4.48,-20.0
2020-10-04 10:58:39,51,0.406,4.47,-20.0
2020-10-04 10:58:39,52,0.418,4.47,-20.0
2020-10-04 10:58:39,53,0.422,4.46,-20.0
2020-10-04 10:58:39,54,0.421,4.47,-20.0
2020-10-04 10:58:39,55,0.407,4.43,-20.0
2020-10-04 10:58:39,56,0.413,4.44,-20.0
2020-10-04 10:58:39,57,0.419,4.43,-20.0
2020-10-04 10:58:39,58,0.417,4.43,-20.0
2020-10-04 10:58:39,59,0.401,4.45,-20.0
2020-10-04 10:58:39,60,0.399,4.46,-20.0
2020-10-04 10:58:39,61,0.415,4.5,22.1
2020-10-04 10:58:39,62,0.408,4.49,-20.0
2020-10-04 10:58:39,63,0.427,4.48,-20.0
2020-10-04 10:58:39,64,0.39,4.46,-20.0
2020-10-04 10:58:39,65,0.391,4.46,-20.0
2020-10-04 10:58:39,66,0.416,4.45,-20.0
2020-10-04 10:58:39,67,0.408,4.43,-20.0
2020-10-04 10:58:39,68,0.431,4.46,-20.0
2020-10-04 10:58:39,69,0.436,4.45,-20.0
2020-10-04 10:58:39,70,0.4,4.47,-20.0
2020-10-04 10:58:39,71,0.419,4.49,-20.0
2020-10-04 10:58:39,72,0.413,4.49,-20.0
2020-10-04 10:58:39,73,0.438,4.51,22.4
2020-10-04 10:58:39,74,0.441,4.5,-20.0
2020-10-04 10:58:39,75,0.439,4.48,-20.0
2020-10-04 10:58:39,76,0.424,4.45,-20.0
2020-10-04 10:58:39,77,0.421,4.51,-20.0
2020-10-04 10:58:39,78,0.422,4.47,-20.0
2020-10-04 10:58:39,79,0.434,4.49,-20.0
2020-10-04 10:58:39,80,0.414,4.52,-20.0
2020-10-04 10:58:39,81,0.424,4.51,-20.0
2020-10-04 10:58:39,82,0.422,4.52,-20.0
2020-10-04 10:58:39,83,0.432,4.5,-20.0
2020-10-04 10:58:39,84,0.421,4.5,-20.0
2020-10-04 10:58:39,85,0.414,4.48,23.3
2020-10-04 10:58:39,86,0.419,4.47,-20.0
2020-10-04 10:58:39,87,0.442,4.47,-20.0
2020-10-04 10:58:39,88,0.403,4.47,-20.0
2020-10-04 10:58:39,89,0.415,4.5,-20.0
2020-10-04 10:58:39,90,0.408,4.47,-20.0
2020-10-04 10:58:39,91,0.418,4.48,-20.0
2020-10-04 10:58:39,92,0.401,4.5,-20.0
2020-10-04 10:58:39,93,0.413,4.5,-20.0
2020-10-04 10:58:39,94,0.422,4.47,-20.0
2020-10-04 10:58:39,95,0.415,4.47,-20.0
2020-10-04 10:58:39,96,0.412,4.49,-20.0
2020-10-04 22:58:10,1,0.413,4.5,25.5
2020-10-04 22:58:10,2,0.413,4.51,-20.0
2020-10-04 22:58:10,3,0.417,4.52,-20.0
2020-10-04 22:58:10,4,0.414,4.49,-20.0
2020-10-04 22:58:10,5,0.403,4.52,-20.0
2020-10-04 22:58:10,6,0.419,4.49,-20.0
2020-10-04 22:58:10,7,0.41,4.48,-20.0
2020-10-04 22:58:10,8,0.411,4.5,-20.0
2020-10-04 22:58:10,9,0.408,4.47,-20.0
2020-10-04 22:58:10,10,0.417,4.49,-20.0
2020-10-04 22:58:10,11,0.416,4.45,-20.0
2020-10-04 22:58:10,12,0.416,4.47,-20.0
2020-10-04 22:58:10,13,0.409,4.48,24.7
2020-10-04 22:58:10,14,0.417,4.48,-20.0
2020-10-04 22:58:10,15,0.408,4.51,-20.0
2020-10-04 22:58:10,16,0.429,4.52,-20.0
2020-10-04 22:58:10,17,0.416,4.48,-20.0
2020-10-04 22:58:10,18,0.427,4.49,-20.0
2020-10-04 22:58:10,19,0.438,4.47,-20.0
2020-10-04 22:58:10,20,0.413,4.47,-20.0
2020-10-04 22:58:10,21,0.416,4.49,-20.0
2020-10-04 22:58:10,22,0.412,4.47,-20.0
2020-10-04 22:58:10,23,0.443,4.48,-20.0
2020-10-04 22:58:10,24,0.403,4.49,-20.0
2020-10-04 22:58:10,25,0.414,4.51,22.3
2020-10-04 22:58:10,26,0.423,4.49,-20.0
2020-10-04 22:58:10,27,0.416,4.47,-20.0
2020-10-04 22:58:10,28,0.424,4.46,-20.0
2020-10-04 22:58:10,29,0.402,4.47,-20.0
2020-10-04 22:58:10,30,0.411,4.47,-20.0
2020-10-04 22:58:10,31,0.416,4.45,-20.0
2020-10-04 22:58:10,32,0.405,4.47,-20.0
2020-10-04 22:58:10,33,0.404,4.48,-20.0
2020-10-04 22:58:10,34,0.391,4.49,-20.0
2020-10-04 22:58:10,35,0.407,4.49,-20.0
2020-10-04 22:58:10,36,0.408,4.51,-20.0
2020-10-04 22:58:10,37,0.41,4.49,22.9
2020-10-04 22:58:10,38,0.417,4.49,-20.0
2020-10-04 22:58:10,39,0.417,4.46,-20.0
2020-10-04 22:58:10,40,0.416,4.46,-20.0
2020-10-04 22:58:10,41,0.41,4.5,-20.0
2020-10-04 22:58:10,42,0.406,4.47,-20.0
2020-10-04 22:58:10,43,0.409,4.47,-20.0
2020-10-04 22:58:10,44,0.427,4.49,-20.0
2020-10-04 22:58:10,45,0.416,4.49,-20.0
2020-10-04 22:58:10,46,0.413,4.49,-20.0
2020-10-04 22:58:10,47,0.419,4.49,-20.0
2020-10-04 22:58:10,48,0.418,4.47,-20.0
2020-10-04 22:58:10,49,0.48,4.46,24.8
2020-10-04 22:58:10,50,0.426,4.47,-20.0
2020-10-04 22:58:10,51,0.408,4.47,-20.0
2020-10-04 22:58:10,52,0.417,4.46,-20.0
2020-10-04 22:58:10,53,0.414,4.46,-20.0
2020-10-04 22:58:10,54,0.41,4.47,-20.0
2020-10-04 22:58:10,55,0.402,4.44,-20.0
2020-10-04 22:58:10,56,0.411,4.43,-20.0
2020-10-04 22:58:10,57,0.419,4.43,-20.0
2020-10-04 22:58:10,58,0.427,4.43,-20.0
2020-10-04 22:58:10,59,0.397,4.44,-20.0
2020-10-04 22:58:10,60,0.395,4.46,-20.0
2020-10-04 22:58:10,61,0.413,4.5,22.3
2020-10-04 22:58:10,62,0.407,4.49,-20.0
2020-10-04 22:58:10,63,0.42,4.47,-20.0
2020-10-04 22:58:10,64,0.386,4.46,-20.0
2020-10-04 22:58:10,65,0.387,4.45,-20.0
2020-10-04 22:58:10,66,0.416,4.45,-20.0
2020-10-04 22:58:10,67,0.411,4.43,-20.0
2020-10-04 22:58:10,68,0.433,4.46,-20.0
2020-10-04 22:58:10,69,0.434,4.46,-20.0
2020-10-04 22:58:10,70,0.399,4.47,-20.0
2020-10-04 22:58:10,71,0.418,4.49,-20.0
2020-10-04 22:58:10,72,0.411,4.48,-20.0
2020-10-04 22:58:10,73,0.423,4.52,22.7
2020-10-04 22:58:10,74,0.433,4.49,-20.0
2020-10-04 22:58:10,75,0.435,4.48,-20.0
2020-10-04 22:58:10,76,0.425,4.46,-20.0
2020-10-04 22:58:10,77,0.42,4.51,-20.0
2020-10-04 22:58:10,78,0.415,4.48,-20.0
2020-10-04 22:58:10,79,0.426,4.49,-20.0
2020-10-04 22:58:10,80,0.417,4.51,-20.0
2020-10-04 22:58:10,81,0.422,4.51,-20.0
2020-10-04 22:58:10,82,0.418,4.51,-20.0
2020-10-04 22:58:10,83,0.428,4.5,-20.0
2020-10-04 22:58:10,84,0.421,4.49,-20.0
2020-10-04 22:58:10,85,0.411,4.49,23.8
2020-10-04 22:58:10,86,0.417,4.47,-20.0
2020-10-04 22:58:10,87,0.44,4.46,-20.0
2020-10-04 22:58:10,88,0.404,4.47,-20.0
2020-10-04 22:58:10,89,0.416,4.49,-20.0
2020-10-04 22:58:10,90,0.408,4.48,-20.0
2020-10-04 22:58:10,91,0.416,4.48,-20.0
2020-10-04 22:58:10,92,0.398,4.5,-20.0
2020-10-04 22:58:10,93,0.411,4.5,-20.0
2020-10-04 22:58:10,94,0.424,4.48,-20.0
2020-10-04 22:58:10,95,0.418,4.47,-20.0
2020-10-04 22:58:10,96,0.413,4.49,-20.0
2020-10-05 10:57:38,1,0.415,4.5,25.4
2020-10-05 10:57:38,2,0.416,4.51,-20.0
2020-10-05 10:57:38,3,0.419,4.51,-20.0
2020-10-05 10:57:38,4,0.416,4.48,-20.0
2020-10-05 10:57:38,5,0.403,4.5,-20.0
2020-10-05 10:57:38,6,0.419,4.49,-20.0
2020-10-05 10:57:38,7,0.409,4.46,-20.0
2020-10-05 10:57:38,8,0.41,4.5,-20.0
2020-10-05 10:57:38,9,0.411,4.47,-20.0
2020-10-05 10:57:38,10,0.419,4.5,-20.0
2020-10-05 10:57:38,11,0.417,4.46,-20.0
2020-10-05 10:57:38,12,0.417,4.46,-20.0
2020-10-05 10:57:38,13,0.409,4.48,24.7
2020-10-05 10:57:38,14,0.418,4.49,-20.0
2020-10-05 10:57:38,15,0.408,4.51,-20.0
2020-10-05 10:57:38,16,0.423,4.51,-20.0
2020-10-05 10:57:38,17,0.413,4.49,-20.0
2020-10-05 10:57:38,18,0.425,4.5,-20.0
2020-10-05 10:57:38,19,0.433,4.46,-20.0
2020-10-05 10:57:38,20,0.411,4.48,-20.0
2020-10-05 10:57:38,21,0.412,4.47,-20.0
2020-10-05 10:57:38,22,0.416,4.48,-20.0
2020-10-05 10:57:38,23,0.43,4.48,-20.0
2020-10-05 10:57:38,24,0.397,4.5,-20.0
2020-10-05 10:57:38,25,0.415,4.5,22.2
2020-10-05 10:57:38,26,0.42,4.47,-20.0
2020-10-05 10:57:38,27,0.416,4.47,-20.0
2020-10-05 10:57:38,28,0.423,4.46,-20.0
2020-10-05 10:57:38,29,0.409,4.45,-20.0
2020-10-05 10:57:38,30,0.412,4.47,-20.0
2020-10-05 10:57:38,31,0.416,4.46,-20.0
2020-10-05 10:57:38,32,0.409,4.48,-20.0
2020-10-05 10:57:38,33,0.408,4.49,-20.0
2020-10-05 10:57:38,34,0.399,4.48,-20.0
2020-10-05 10:57:38,35,0.407,4.48,-20.0
2020-10-05 10:57:38,36,0.409,4.5,-20.0
2020-10-05 10:57:38,37,0.412,4.48,22.7
2020-10-05 10:57:38,38,0.415,4.49,-20.0
2020-10-05 10:57:38,39,0.417,4.48,-20.0
2020-10-05 10:57:38,40,0.415,4.47,-20.0
2020-10-05 10:57:38,41,0.409,4.5,-20.0
2020-10-05 10:57:38,42,0.408,4.47,-20.0
2020-10-05 10:57:38,43,0.411,4.48,-20.0
2020-10-05 10:57:38,44,0.427,4.49,-20.0
2020-10-05 10:57:38,45,0.412,4.49,-20.0
2020-10-05 10:57:38,46,0.411,4.48,-20.0
2020-10-05 10:57:38,47,0.422,4.49,-20.0
2020-10-05 10:57:38,48,0.419,4.47,-20.0
2020-10-05 10:57:38,49,0.484,4.46,24.7
2020-10-05 10:57:38,50,0.424,4.47,-20.0
2020-10-05 10:57:38,51,0.409,4.47,-20.0
2020-10-05 10:57:38,52,0.418,4.47,-20.0
2020-10-05 10:57:38,53,0.417,4.46,-20.0
2020-10-05 10:57:38,54,0.414,4.47,-20.0
2020-10-05 10:57:38,55,0.409,4.44,-20.0
2020-10-05 10:57:38,56,0.413,4.44,-20.0
2020-10-05 10:57:38,57,0.418,4.43,-20.0
2020-10-05 10:57:38,58,0.425,4.42,-20.0
2020-10-05 10:57:38,59,0.404,4.44,-20.0
2020-10-05 10:57:38,60,0.401,4.46,-20.0
2020-10-05 10:57:38,61,0.413,4.5,22.2
2020-10-05 10:57:38,62,0.408,4.49,-20.0
2020-10-05 10:57:38,63,0.419,4.48,-20.0
2020-10-05 10:57:38,64,0.388,4.46,-20.0
2020-10-05 10:57:38,65,0.392,4.45,-20.0
2020-10-05 10:57:38,66,0.415,4.45,-20.0
2020-10-05 10:57:38,67,0.413,4.44,-20.0
2020-10-05 10:57:38,68,0.422,4.46,-20.0
2020-10-05 10:57:38,69,0.424,4.45,-20.0
2020-10-05 10:57:38,70,0.4,4.47,-20.0
2020-10-05 10:57:38,71,0.415,4.49,-20.0
2020-10-05 10:57:38,72,0.415,4.48,-20.0
2020-10-05 10:57:38,73,0.421,4.52,22.6
2020-10-05 10:57:38,74,0.427,4.5,-20.0
2020-10-05 10:57:38,75,0.43,4.47,-20.0
2020-10-05 10:57:38,76,0.423,4.45,-20.0
2020-10-05 10:57:38,77,0.415,4.52,-20.0
2020-10-05 10:57:38,78,0.413,4.47,-20.0
2020-10-05 10:57:38,79,0.423,4.49,-20.0
2020-10-05 10:57:38,80,0.42,4.51,-20.0
2020-10-05 10:57:38,81,0.422,4.51,-20.0
2020-10-05 10:57:38,82,0.417,4.51,-20.0
2020-10-05 10:57:38,83,0.426,4.5,-20.0
2020-10-05 10:57:38,84,0.421,4.49,-20.0
2020-10-05 10:57:38,85,0.412,4.48,23.7
2020-10-05 10:57:38,86,0.415,4.47,-20.0
2020-10-05 10:57:38,87,0.44,4.47,-20.0
2020-10-05 10:57:38,88,0.404,4.47,-20.0
2020-10-05 10:57:38,89,0.416,4.49,-20.0
2020-10-05 10:57:38,90,0.407,4.48,-20.0
2020-10-05 10:57:38,91,0.417,4.48,-20.0
2020-10-05 10:57:38,92,0.397,4.5,-20.0
2020-10-05 10:57:38,93,0.41,4.5,-20.0
2020-10-05 10:57:38,94,0.423,4.48,-20.0
2020-10-05 10:57:38,95,0.417,4.47,-20.0
2020-10-05 10:57:38,96,0.415,4.49,-20.0
2020-10-05 22:57:05,1,0.416,4.5,25.5
2020-10-05 22:57:05,2,0.415,4.51,-20.0
2020-10-05 22:57:05,3,0.421,4.53,-20.0
2020-10-05 22:57:05,4,0.416,4.48,-20.0
2020-10-05 22:57:05,5,0.405,4.51,-20.0
2020-10-05 22:57:05,6,0.417,4.49,-20.0
2020-10-05 22:57:05,7,0.409,4.48,-20.0
2020-10-05 22:57:05,8,0.41,4.5,-20.0
2020-10-05 22:57:05,9,0.412,4.48,-20.0
2020-10-05 22:57:05,10,0.419,4.5,-20.0
2020-10-05 22:57:05,11,0.416,4.45,-20.0
2020-10-05 22:57:05,12,0.419,4.47,-20.0
2020-10-05 22:57:05,13,0.411,4.47,24.6
2020-10-05 22:57:05,14,0.421,4.48,-20.0
2020-10-05 22:57:05,15,0.41,4.51,-20.0
2020-10-05 22:57:05,16,0.427,4.51,-20.0
2020-10-05 22:57:05,17,0.416,4.49,-20.0
2020-10-05 22:57:05,18,0.426,4.49,-20.0
2020-10-05 22:57:05,19,0.438,4.47,-20.0
2020-10-05 22:57:05,20,0.41,4.47,-20.0
2020-10-05 22:57:05,21,0.414,4.49,-20.0
2020-10-05 22:57:05,22,0.415,4.46,-20.0
2020-10-05 22:57:05,23,0.435,4.47,-20.0
2020-10-05 22:57:05,24,0.398,4.5,-20.0
2020-10-05 22:57:05,25,0.418,4.51,22.1
2020-10-05 22:57:05,26,0.422,4.49,-20.0
2020-10-05 22:57:05,27,0.415,4.47,-20.0
2020-10-05 22:57:05,28,0.422,4.47,-20.0
2020-10-05 22:57:05,29,0.412,4.47,-20.0
2020-10-05 22:57:05,30,0.411,4.47,-20.0
2020-10-05 22:57:05,31,0.418,4.47,-20.0
2020-10-05 22:57:05,32,0.408,4.48,-20.0
2020-10-05 22:57:05,33,0.41,4.48,-20.0
2020-10-05 22:57:05,34,0.403,4.48,-20.0
2020-10-05 22:57:05,35,0.408,4.49,-20.0
2020-10-05 22:57:05,36,0.409,4.5,-20.0
2020-10-05 22:57:05,37,0.416,4.48,22.6
2020-10-05 22:57:05,38,0.416,4.5,-20.0
2020-10-05 22:57:05,39,0.419,4.47,-20.0
2020-10-05 22:57:05,40,0.417,4.48,-20.0
2020-10-05 22:57:05,41,0.41,4.49,-20.0
2020-10-05 22:57:05,42,0.406,4.48,-20.0
2020-10-05 22:57:05,43,0.415,4.47,-20.0
2020-10-05 22:57:05,44,0.429,4.49,-20.0
2020-10-05 22:57:05,45,0.414,4.49,-20.0
2020-10-05 22:57:05,46,0.412,4.48,-20.0
2020-10-05 22:57:05,47,0.417,4.48,-20.0
2020-10-05 22:57:05,48,0.418,4.48,-20.0
2020-10-05 22:57:05,49,0.486,4.46,24.6
2020-10-05 22:57:05,50,0.425,4.47,-20.0
2020-10-05 22:57:05,51,0.412,4.47,-20.0
2020-10-05 22:57:05,52,0.417,4.47,-20.0
2020-10-05 22:57:05,53,0.416,4.45,-20.0
2020-10-05 22:57:05,54,0.412,4.46,-20.0
2020-10-05 22:57:05,55,0.412,4.43,-20.0
2020-10-05 22:57:05,56,0.414,4.43,-20.0
2020-10-05 22:57:05,57,0.417,4.43,-20.0
2020-10-05 22:57:05,58,0.422,4.42,-20.0
2020-10-05 22:57:05,59,0.409,4.45,-20.0
2020-10-05 22:57:05,60,0.405,4.46,-20.0
2020-10-05 22:57:05,61,0.414,4.49,22.0
2020-10-05 22:57:05,62,0.41,4.49,-20.0
2020-10-05 22:57:05,63,0.418,4.48,-20.0
2020-10-05 22:57:05,64,0.394,4.46,-20.0
2020-10-05 22:57:05,65,0.401,4.45,-20.0
2020-10-05 22:57:05,66,0.417,4.45,-20.0
2020-10-05 22:57:05,67,0.411,4.44,-20.0
2020-10-05 22:57:05,68,0.413,4.46,-20.0
2020-10-05 22:57:05,69,0.418,4.45,-20.0
2020-10-05 22:57:05,70,0.393,4.47,-20.0
2020-10-05 22:57:05,71,0.414,4.49,-20.0
2020-10-05 22:57:05,72,0.415,4.49,-20.0
2020-10-05 22:57:05,73,0.409,4.51,22.2
2020-10-05 22:57:05,74,0.409,4.49,-20.0
2020-10-05 22:57:05,75,0.431,4.47,-20.0
2020-10-05 22:57:05,76,0.42,4.45,-20.0
2020-10-05 22:57:05,77,0.419,4.51,-20.0
2020-10-05 22:57:05,78,0.409,4.48,-20.0
2020-10-05 22:57:05,79,0.418,4.48,-20.0
2020-10-05 22:57:05,80,0.419,4.5,-20.0
2020-10-05 22:57:05,81,0.422,4.5,-20.0
2020-10-05 22:57:05,82,0.42,4.52,-20.0
2020-10-05 22:57:05,83,0.426,4.5,-20.0
2020-10-05 22:57:05,84,0.422,4.49,-20.0
2020-10-05 22:57:05,85,0.414,4.48,23.2
2020-10-05 22:57:05,86,0.415,4.47,-20.0
2020-10-05 22:57:05,87,0.442,4.47,-20.0
2020-10-05 22:57:05,88,0.402,4.47,-20.0
2020-10-05 22:57:05,89,0.416,4.49,-20.0
2020-10-05 22:57:05,90,0.406,4.48,-20.0
2020-10-05 22:57:05,91,0.417,4.49,-20.0
2020-10-05 22:57:05,92,0.397,4.5,-20.0
2020-10-05 22:57:05,93,0.411,4.5,-20.0
2020-10-05 22:57:05,94,0.421,4.47,-20.0
2020-10-05 22:57:05,95,0.418,4.46,-20.0
2020-10-05 22:57:05,96,0.414,4.49,-20.0
2020-10-06 10:56:41,1,0.417,4.5,25.4
2020-10-06 10:56:41,2,0.414,4.51,-20.0
2020-10-06 10:56:41,3,0.421,4.52,-20.0
2020-10-06 10:56:41,4,0.417,4.47,-20.0
2020-10-06 10:56:41,5,0.406,4.51,-20.0
2020-10-06 10:56:41,6,0.415,4.5,-20.0
2020-10-06 10:56:41,7,0.404,4.49,-20.0
2020-10-06 10:56:41,8,0.407,4.5,-20.0
2020-10-06 10:56:41,9,0.412,4.48,-20.0
2020-10-06 10:56:41,10,0.419,4.49,-20.0
2020-10-06 10:56:41,11,0.415,4.45,-20.0
2020-10-06 10:56:41,12,0.416,4.47,-20.0
2020-10-06 10:56:41,13,0.415,4.49,24.5
2020-10-06 10:56:41,14,0.42,4.5,-20.0
2020-10-06 10:56:41,15,0.406,4.53,-20.0
2020-10-06 10:56:41,16,0.425,4.5,-20.0
2020-10-06 10:56:41,17,0.415,4.49,-20.0
2020-10-06 10:56:41,18,0.433,4.49,-20.0
2020-10-06 10:56:41,19,0.444,4.47,-20.0
2020-10-06 10:56:41,20,0.409,4.47,-20.0
2020-10-06 10:56:41,21,0.413,4.48,-20.0
2020-10-06 10:56:41,22,0.411,4.48,-20.0
2020-10-06 10:56:41,23,0.43,4.49,-20.0
2020-10-06 10:56:41,24,0.402,4.5,-20.0
2020-10-06 10:56:41,25,0.415,4.51,22.1
2020-10-06 10:56:41,26,0.419,4.5,-20.0
2020-10-06 10:56:41,27,0.407,4.47,-20.0
2020-10-06 10:56:41,28,0.418,4.47,-20.0
2020-10-06 10:56:41,29,0.408,4.46,-20.0
2020-10-06 10:56:41,30,0.411,4.47,-20.0
2020-10-06 10:56:41,31,0.416,4.47,-20.0
2020-10-06 10:56:41,32,0.404,4.47,-20.0
2020-10-06 10:56:41,33,0.406,4.48,-20.0
2020-10-06 10:56:41,34,0.404,4.49,-20.0
2020-10-06 10:56:41,35,0.408,4.49,-20.0
2020-10-06 10:56:41,36,0.41,4.5,-20.0
2020-10-06 10:56:41,37,0.414,4.49,22.6
2020-10-06 10:56:41,38,0.416,4.5,-20.0
2020-10-06 10:56:41,39,0.423,4.47,-20.0
2020-10-06 10:56:41,40,0.417,4.48,-20.0
2020-10-06 10:56:41,41,0.409,4.49,-20.0
2020-10-06 10:56:41,42,0.406,4.48,-20.0
2020-10-06 10:56:41,43,0.415,4.48,-20.0
2020-10-06 10:56:41,44,0.428,4.5,-20.0
2020-10-06 10:56:41,45,0.416,4.5,-20.0
2020-10-06 10:56:41,46,0.412,4.49,-20.0
2020-10-06 10:56:41,47,0.414,4.49,-20.0
2020-10-06 10:56:41,48,0.419,4.47,-20.0
2020-10-06 10:56:41,49,0.493,4.46,24.5
2020-10-06 10:56:41,50,0.439,4.46,-20.0
2020-10-06 10:56:41,51,0.41,4.47,-20.0
2020-10-06 10:56:41,52,0.416,4.47,-20.0
2020-10-06 10:56:41,53,0.407,4.46,-20.0
2020-10-06 10:56:41,54,0.422,4.46,-20.0
2020-10-06 10:56:41,55,0.427,4.43,-20.0
2020-10-06 10:56:41,56,0.413,4.43,-20.0
2020-10-06 10:56:41,57,0.417,4.43,-20.0
2020-10-06 10:56:41,58,0.433,4.43,-20.0
2020-10-06 10:56:41,59,0.406,4.45,-20.0
2020-10-06 10:56:41,60,0.404,4.46,-20.0
2020-10-06 10:56:41,61,0.414,4.49,21.9
2020-10-06 10:56:41,62,0.414,4.49,-20.0
2020-10-06 10:56:41,63,0.422,4.48,-20.0
2020-10-06 10:56:41,64,0.401,4.46,-20.0
2020-10-06 10:56:41,65,0.405,4.45,-20.0
2020-10-06 10:56:41,66,0.416,4.45,-20.0
2020-10-06 10:56:41,67,0.409,4.43,-20.0
2020-10-06 10:56:41,68,0.424,4.45,-20.0
2020-10-06 10:56:41,69,0.429,4.46,-20.0
2020-10-06 10:56:41,70,0.411,4.47,-20.0
2020-10-06 10:56:41,71,0.412,4.48,-20.0
2020-10-06 10:56:41,72,0.417,4.49,-20.0
2020-10-06 10:56:41,73,0.421,4.51,22.1
2020-10-06 10:56:41,74,0.426,4.5,-20.0
2020-10-06 10:56:41,75,0.442,4.47,-20.0
2020-10-06 10:56:41,76,0.421,4.44,-20.0
2020-10-06 10:56:41,77,0.421,4.51,-20.0
2020-10-06 10:56:41,78,0.412,4.47,-20.0
2020-10-06 10:56:41,79,0.426,4.49,-20.0
2020-10-06 10:56:41,80,0.426,4.51,-20.0
2020-10-06 10:56:41,81,0.424,4.51,-20.0
2020-10-06 10:56:41,82,0.42,4.52,-20.0
2020-10-06 10:56:41,83,0.418,4.51,-20.0
2020-10-06 10:56:41,84,0.422,4.49,-20.0
2020-10-06 10:56:41,85,0.416,4.47,23.3
2020-10-06 10:56:41,86,0.416,4.47,-20.0
2020-10-06 10:56:41,87,0.438,4.47,-20.0
2020-10-06 10:56:41,88,0.403,4.48,-20.0
2020-10-06 10:56:41,89,0.416,4.5,-20.0
2020-10-06 10:56:41,90,0.41,4.48,-20.0
2020-10-06 10:56:41,91,0.42,4.49,-20.0
2020-10-06 10:56:41,92,0.397,4.5,-20.0
2020-10-06 10:56:41,93,0.412,4.5,-20.0
2020-10-06 10:56:41,94,0.421,4.48,-20.0
2020-10-06 10:56:41,95,0.418,4.46,-20.0
2020-10-06 10:56:41,96,0.412,4.49,-20.0
2020-10-06 22:56:04,1,0.419,4.5,25.4
2020-10-06 22:56:04,2,0.414,4.51,-20.0
2020-10-06 22:56:04,3,0.421,4.51,-20.0
2020-10-06 22:56:04,4,0.419,4.48,-20.0
2020-10-06 22:56:04,5,0.407,4.52,-20.0
2020-10-06 22:56:04,6,0.416,4.5,-20.0
2020-10-06 22:56:04,7,0.405,4.48,-20.0
2020-10-06 22:56:04,8,0.407,4.51,-20.0
2020-10-06 22:56:04,9,0.41,4.48,-20.0
2020-10-06 22:56:04,10,0.419,4.49,-20.0
2020-10-06 22:56:04,11,0.416,4.46,-20.0
2020-10-06 22:56:04,12,0.418,4.46,-20.0
2020-10-06 22:56:04,13,0.417,4.48,24.6
2020-10-06 22:56:04,14,0.419,4.48,-20.0
2020-10-06 22:56:04,15,0.408,4.51,-20.0
2020-10-06 22:56:04,16,0.424,4.51,-20.0
2020-10-06 22:56:04,17,0.418,4.48,-20.0
2020-10-06 22:56:04,18,0.435,4.5,-20.0
2020-10-06 22:56:04,19,0.441,4.46,-20.0
2020-10-06 22:56:04,20,0.408,4.47,-20.0
2020-10-06 22:56:04,21,0.412,4.48,-20.0
2020-10-06 22:56:04,22,0.414,4.48,-20.0
2020-10-06 22:56:04,23,0.435,4.47,-20.0
2020-10-06 22:56:04,24,0.406,4.49,-20.0
2020-10-06 22:56:04,25,0.415,4.5,22.0
2020-10-06 22:56:04,26,0.418,4.49,-20.0
2020-10-06 22:56:04,27,0.406,4.47,-20.0
2020-10-06 22:56:04,28,0.416,4.47,-20.0
2020-10-06 22:56:04,29,0.408,4.46,-20.0
2020-10-06 22:56:04,30,0.412,4.48,-20.0
2020-10-06 22:56:04,31,0.417,4.46,-20.0
2020-10-06 22:56:04,32,0.405,4.47,-20.0
2020-10-06 22:56:04,33,0.409,4.49,-20.0
2020-10-06 22:56:04,34,0.408,4.48,-20.0
2020-10-06 22:56:04,35,0.409,4.49,-20.0
2020-10-06 22:56:04,36,0.412,4.51,-20.0
2020-10-06 22:56:04,37,0.419,4.49,22.5
2020-10-06 22:56:04,38,0.421,4.49,-20.0
2020-10-06 22:56:04,39,0.423,4.47,-20.0
2020-10-06 22:56:04,40,0.415,4.48,-20.0
2020-10-06 22:56:04,41,0.408,4.49,-20.0
2020-10-06 22:56:04,42,0.405,4.48,-20.0
2020-10-06 22:56:04,43,0.4,4.48,-20.0
2020-10-06 22:56:04,44,0.409,4.49,-20.0
2020-10-06 22:56:04,45,0.416,4.49,-20.0
2020-10-06 22:56:04,46,0.412,4.49,-20.0
2020-10-06 22:56:04,47,0.401,4.48,-20.0
2020-10-06 22:56:04,48,0.401,4.48,-20.0
2020-10-06 22:56:04,49,0.49,4.46,24.6
2020-10-06 22:56:04,50,0.436,4.47,-20.0
2020-10-06 22:56:04,51,0.412,4.47,-20.0
2020-10-06 22:56:04,52,0.419,4.47,-20.0
2020-10-06 22:56:04,53,0.408,4.46,-20.0
2020-10-06 22:56:04,54,0.419,4.47,-20.0
2020-10-06 22:56:04,55,0.422,4.44,-20.0
2020-10-06 22:56:04,56,0.412,4.44,-20.0
2020-10-06 22:56:04,57,0.414,4.43,-20.0
2020-10-06 22:56:04,58,0.419,4.43,-20.0
2020-10-06 22:56:04,59,0.393,4.45,-20.0
2020-10-06 22:56:04,60,0.393,4.46,-20.0
2020-10-06 22:56:04,61,0.416,4.5,21.9
2020-10-06 22:56:04,62,0.412,4.49,-20.0
2020-10-06 22:56:04,63,0.4,4.48,-20.0
2020-10-06 22:56:04,64,0.397,4.46,-20.0
2020-10-06 22:56:04,65,0.395,4.45,-20.0
2020-10-06 22:56:04,66,0.415,4.45,-20.0
2020-10-06 22:56:04,67,0.406,4.44,-20.0
2020-10-06 22:56:04,68,0.42,4.46,-20.0
2020-10-06 22:56:04,69,0.423,4.45,-20.0
2020-10-06 22:56:04,70,0.412,4.47,-20.0
2020-10-06 22:56:04,71,0.411,4.49,-20.0
2020-10-06 22:56:04,72,0.413,4.49,-20.0
2020-10-06 22:56:04,73,0.418,4.52,22.0
2020-10-06 22:56:04,74,0.422,4.49,-20.0
2020-10-06 22:56:04,75,0.438,4.47,-20.0
2020-10-06 22:56:04,76,0.422,4.45,-20.0
2020-10-06 22:56:04,77,0.423,4.52,-20.0
2020-10-06 22:56:04,78,0.411,4.48,-20.0
2020-10-06 22:56:04,79,0.425,4.49,-20.0
2020-10-06 22:56:04,80,0.426,4.5,-20.0
2020-10-06 22:56:04,81,0.423,4.51,-20.0
2020-10-06 22:56:04,82,0.421,4.52,-20.0
2020-10-06 22:56:04,83,0.421,4.5,-20.0
2020-10-06 22:56:04,84,0.424,4.49,-20.0
2020-10-06 22:56:04,85,0.416,4.48,23.0
2020-10-06 22:56:04,86,0.416,4.46,-20.0
2020-10-06 22:56:04,87,0.437,4.46,-20.0
2020-10-06 22:56:04,88,0.403,4.48,-20.0
2020-10-06 22:56:04,89,0.414,4.5,-20.0
2020-10-06 22:56:04,90,0.411,4.48,-20.0
2020-10-06 22:56:04,91,0.421,4.49,-20.0
2020-10-06 22:56:04,92,0.398,4.51,-20.0
2020-10-06 22:56:04,93,0.416,4.5,-20.0
2020-10-06 22:56:04,94,0.421,4.47,-20.0
2020-10-06 22:56:04,95,0.415,4.46,-20.0
2020-10-06 22:56:04,96,0.409,4.49,-20.0
2020-10-07 10:55:37,1,0.416,4.5,25.5
2020-10-07 10:55:37,2,0.411,4.5,-20.0
2020-10-07 10:55:37,3,0.417,4.51,-20.0
2020-10-07 10:55:37,4,0.416,4.48,-20.0
2020-10-07 10:55:37,5,0.407,4.51,-20.0
2020-10-07 10:55:37,6,0.413,4.5,-20.0
2020-10-07 10:55:37,7,0.403,4.48,-20.0
2020-10-07 10:55:37,8,0.406,4.5,-20.0
2020-10-07 10:55:37,9,0.409,4.48,-20.0
2020-10-07 10:55:37,10,0.418,4.49,-20.0
2020-10-07 10:55:37,11,0.417,4.45,-20.0
2020-10-07 10:55:37,12,0.416,4.47,-20.0
2020-10-07 10:55:37,13,0.415,4.48,24.7
2020-10-07 10:55:37,14,0.418,4.48,-20.0
2020-10-07 10:55:37,15,0.41,4.52,-20.0
2020-10-07 10:55:37,16,0.425,4.52,-20.0
2020-10-07 10:55:37,17,0.419,4.49,-20.0
2020-10-07 10:55:37,18,0.432,4.5,-20.0
2020-10-07 10:55:37,19,0.441,4.47,-20.0
2020-10-07 10:55:37,20,0.41,4.47,-20.0
2020-10-07 10:55:37,21,0.411,4.49,-20.0
2020-10-07 10:55:37,22,0.415,4.47,-20.0
2020-10-07 10:55:37,23,0.436,4.48,-20.0
2020-10-07 10:55:37,24,0.404,4.49,-20.0
2020-10-07 10:55:37,25,0.415,4.51,22.2
2020-10-07 10:55:37,26,0.418,4.48,-20.0
2020-10-07 10:55:37,27,0.407,4.46,-20.0
2020-10-07 10:55:37,28,0.417,4.46,-20.0
2020-10-07 10:55:37,29,0.408,4.46,-20.0
2020-10-07 10:55:37,30,0.411,4.48,-20.0
2020-10-07 10:55:37,31,0.414,4.46,-20.0
2020-10-07 10:55:37,32,0.405,4.48,-20.0
2020-10-07 10:55:37,33,0.41,4.48,-20.0
2020-10-07 10:55:37,34,0.408,4.48,-20.0
2020-10-07 10:55:37,35,0.412,4.49,-20.0
2020-10-07 10:55:37,36,0.411,4.5,-20.0
2020-10-07 10:55:37,37,0.417,4.48,22.7
2020-10-07 10:55:37,38,0.42,4.49,-20.0
2020-10-07 10:55:37,39,0.421,4.48,-20.0
2020-10-07 10:55:37,40,0.415,4.48,-20.0
2020-10-07 10:55:37,41,0.407,4.5,-20.0
2020-10-07 10:55:37,42,0.404,4.47,-20.0
2020-10-07 10:55:37,43,0.406,4.48,-20.0
2020-10-07 10:55:37,44,0.412,4.49,-20.0
2020-10-07 10:55:37,45,0.419,4.49,-20.0
2020-10-07 10:55:37,46,0.412,4.48,-20.0
2020-10-07 10:55:37,47,0.402,4.48,-20.0
2020-10-07 10:55:37,48,0.402,4.49,-20.0
2020-10-07 10:55:37,49,0.489,4.46,24.7
2020-10-07 10:55:37,50,0.434,4.47,-20.0
2020-10-07 10:55:37,51,0.409,4.47,-20.0
2020-10-07 10:55:37,52,0.418,4.46,-20.0
2020-10-07 10:55:37,53,0.409,4.45,-20.0
2020-10-07 10:55:37,54,0.417,4.47,-20.0
2020-10-07 10:55:37,55,0.421,4.44,-20.0
2020-10-07 10:55:37,56,0.413,4.44,-20.0
2020-10-07 10:55:37,57,0.416,4.43,-20.0
2020-10-07 10:55:37,58,0.42,4.42,-20.0
2020-10-07 10:55:37,59,0.399,4.45,-20.0
2020-10-07 10:55:37,60,0.397,4.46,-20.0
2020-10-07 10:55:37,61,0.416,4.5,22.2
2020-10-07 10:55:37,62,0.415,4.49,-20.0
2020-10-07 10:55:37,63,0.405,4.48,-20.0
2020-10-07 10:55:37,64,0.399,4.46,-20.0
2020-10-07 10:55:37,65,0.398,4.45,-20.0
2020-10-07 10:55:37,66,0.419,4.44,-20.0
2020-10-07 10:55:37,67,0.405,4.42,-20.0
2020-10-07 10:55:37,68,0.42,4.46,-20.0
2020-10-07 10:55:37,69,0.419,4.45,-20.0
2020-10-07 10:55:37,70,0.408,4.47,-20.0
2020-10-07 10:55:37,71,0.408,4.49,-20.0
2020-10-07 10:55:37,72,0.409,4.48,-20.0
2020-10-07 10:55:37,73,0.419,4.51,22.5
2020-10-07 10:55:37,74,0.419,4.49,-20.0
2020-10-07 10:55:37,75,0.431,4.47,-20.0
2020-10-07 10:55:37,76,0.423,4.44,-20.0
2020-10-07 10:55:37,77,0.421,4.51,-20.0
2020-10-07 10:55:37,78,0.408,4.47,-20.0
2020-10-07 10:55:37,79,0.419,4.49,-20.0
2020-10-07 10:55:37,80,0.426,4.51,-20.0
2020-10-07 10:55:37,81,0.425,4.51,-20.0
2020-10-07 10:55:37,82,0.418,4.52,-20.0
2020-10-07 10:55:37,83,0.423,4.5,-20.0
2020-10-07 10:55:37,84,0.424,4.49,-20.0
2020-10-07 10:55:37,85,0.418,4.47,23.5
2020-10-07 10:55:37,86,0.414,4.46,-20.0
2020-10-07 10:55:37,87,0.436,4.46,-20.0
2020-10-07 10:55:37,88,0.401,4.47,-20.0
2020-10-07 10:55:37,89,0.413,4.49,-20.0
2020-10-07 10:55:37,90,0.409,4.47,-20.0
2020-10-07 10:55:37,91,0.419,4.49,-20.0
2020-10-07 10:55:37,92,0.396,4.51,-20.0
2020-10-07 10:55:37,93,0.414,4.5,-20.0
2020-10-07 10:55:37,94,0.422,4.47,-20.0
2020-10-07 10:55:37,95,0.414,4.46,-20.0
2020-10-07 10:55:37,96,0.408,4.49,-20.0
2020-10-07 22:54:58,1,0.417,4.5,25.4
2020-10-07 22:54:58,2,0.414,4.51,-20.0
2020-10-07 22:54:58,3,0.416,4.52,-20.0
2020-10-07 22:54:58,4,0.416,4.49,-20.0
2020-10-07 22:54:58,5,0.405,4.51,-20.0
2020-10-07 22:54:58,6,0.411,4.49,-20.0
2020-10-07 22:54:58,7,0.4,4.48,-20.0
2020-10-07 22:54:58,8,0.406,4.5,-20.0
2020-10-07 22:54:58,9,0.412,4.48,-20.0
2020-10-07 22:54:58,10,0.416,4.51,-20.0
2020-10-07 22:54:58,11,0.415,4.45,-20.0
2020-10-07 22:54:58,12,0.419,4.46,-20.0
2020-10-07 22:54:58,13,0.413,4.48,24.5
2020-10-07 22:54:58,14,0.417,4.48,-20.0
2020-10-07 22:54:58,15,0.411,4.51,-20.0
2020-10-07 22:54:58,16,0.427,4.52,-20.0
2020-10-07 22:54:58,17,0.418,4.49,-20.0
2020-10-07 22:54:58,18,0.435,4.49,-20.0
2020-10-07 22:54:58,19,0.443,4.48,-20.0
2020-10-07 22:54:58,20,0.413,4.47,-20.0
2020-10-07 22:54:58,21,0.411,4.48,-20.0
2020-10-07 22:54:58,22,0.416,4.47,-20.0
2020-10-07 22:54:58,23,0.439,4.48,-20.0
2020-10-07 22:54:58,24,0.403,4.5,-20.0
2020-10-07 22:54:58,25,0.414,4.5,22.0
2020-10-07 22:54:58,26,0.419,4.48,-20.0
2020-10-07 22:54:58,27,0.411,4.47,-20.0
2020-10-07 22:54:58,28,0.416,4.46,-20.0
2020-10-07 22:54:58,29,0.413,4.46,-20.0
2020-10-07 22:54:58,30,0.414,4.48,-20.0
2020-10-07 22:54:58,31,0.415,4.46,-20.0
2020-10-07 22:54:58,32,0.407,4.48,-20.0
2020-10-07 22:54:58,33,0.41,4.49,-20.0
2020-10-07 22:54:58,34,0.41,4.48,-20.0
2020-10-07 22:54:58,35,0.411,4.48,-20.0
2020-10-07 22:54:58,36,0.41,4.5,-20.0
2020-10-07 22:54:58,37,0.4,4.48,22.5
2020-10-07 22:54:58,38,0.402,4.49,-20.0
2020-10-07 22:54:58,39,0.409,4.47,-20.0
2020-10-07 22:54:58,40,0.415,4.47,-20.0
2020-10-07 22:54:58,41,0.406,4.5,-20.0
2020-10-07 22:54:58,42,0.393,4.48,-20.0
2020-10-07 22:54:58,43,0.383,4.47,-20.0
2020-10-07 22:54:58,44,0.399,4.49,-20.0
2020-10-07 22:54:58,45,0.418,4.49,-20.0
2020-10-07 22:54:58,46,0.415,4.49,-20.0
2020-10-07 22:54:58,47,0.413,4.49,-20.0
2020-10-07 22:54:58,48,0.408,4.48,-20.0
2020-10-07 22:54:58,49,0.487,4.46,24.5
2020-10-07 22:54:58,50,0.429,4.47,-20.0
2020-10-07 22:54:58,51,0.408,4.48,-20.0
2020-10-07 22:54:58,52,0.419,4.47,-20.0
2020-10-07 22:54:58,53,0.409,4.46,-20.0
2020-10-07 22:54:58,54,0.419,4.46,-20.0
2020-10-07 22:54:58,55,0.405,4.43,-20.0
2020-10-07 22:54:58,56,0.412,4.43,-20.0
2020-10-07 22:54:58,57,0.414,4.43,-20.0
2020-10-07 22:54:58,58,0.416,4.43,-20.0
2020-10-07 22:54:58,59,0.393,4.45,-20.0
2020-10-07 22:54:58,60,0.405,4.45,-20.0
2020-10-07 22:54:58,61,0.416,4.5,21.9
2020-10-07 22:54:58,62,0.415,4.49,-20.0
2020-10-07 22:54:58,63,0.394,4.48,-20.0
2020-10-07 22:54:58,64,0.388,4.46,-20.0
2020-10-07 22:54:58,65,0.392,4.45,-20.0
2020-10-07 22:54:58,66,0.417,4.45,-20.0
2020-10-07 22:54:58,67,0.407,4.43,-20.0
2020-10-07 22:54:58,68,0.403,4.46,-20.0
2020-10-07 22:54:58,69,0.396,4.46,-20.0
2020-10-07 22:54:58,70,0.406,4.47,-20.0
2020-10-07 22:54:58,71,0.404,4.48,-20.0
2020-10-07 22:54:58,72,0.41,4.48,-20.0
2020-10-07 22:54:58,73,0.406,4.52,22.1
2020-10-07 22:54:58,74,0.4,4.5,-20.0
2020-10-07 22:54:58,75,0.428,4.47,-20.0
2020-10-07 22:54:58,76,0.423,4.46,-20.0
2020-10-07 22:54:58,77,0.421,4.5,-20.0
2020-10-07 22:54:58,78,0.418,4.47,-20.0
2020-10-07 22:54:58,79,0.427,4.5,-20.0
2020-10-07 22:54:58,80,0.417,4.51,-20.0
2020-10-07 22:54:58,81,0.423,4.51,-20.0
2020-10-07 22:54:58,82,0.421,4.52,-20.0
2020-10-07 22:54:58,83,0.428,4.5,-20.0
2020-10-07 22:54:58,84,0.429,4.5,-20.0
2020-10-07 22:54:58,85,0.422,4.48,23.2
2020-10-07 22:54:58,86,0.415,4.47,-20.0
2020-10-07 22:54:58,87,0.438,4.46,-20.0
2020-10-07 22:54:58,88,0.401,4.48,-20.0
2020-10-07 22:54:58,89,0.418,4.5,-20.0
2020-10-07 22:54:58,90,0.411,4.48,-20.0
2020-10-07 22:54:58,91,0.42,4.49,-20.0
2020-10-07 22:54:58,92,0.403,4.51,-20.0
2020-10-07 22:54:58,93,0.413,4.5,-20.0
2020-10-07 22:54:58,94,0.423,4.48,-20.0
2020-10-07 22:54:58,95,0.418,4.46,-20.0
2020-10-07 22:54:58,96,0.413,4.48,-20.0
2020-10-08 10:54:33,1,0.419,4.5,25.5
2020-10-08 10:54:33,2,0.414,4.51,-20.0
2020-10-08 10:54:33,3,0.414,4.52,-20.0
2020-10-08 10:54:33,4,0.415,4.48,-20.0
2020-10-08 10:54:33,5,0.408,4.51,-20.0
2020-10-08 10:54:33,6,0.413,4.49,-20.0
2020-10-08 10:54:33,7,0.403,4.47,-20.0
2020-10-08 10:54:33,8,0.407,4.5,-20.0
2020-10-08 10:54:33,9,0.413,4.48,-20.0
2020-10-08 10:54:33,10,0.416,4.51,-20.0
2020-10-08 10:54:33,11,0.416,4.46,-20.0
2020-10-08 10:54:33,12,0.421,4.46,-20.0
2020-10-08 10:54:33,13,0.417,4.49,24.8
2020-10-08 10:54:33,14,0.42,4.49,-20.0
2020-10-08 10:54:33,15,0.411,4.52,-20.0
2020-10-08 10:54:33,16,0.425,4.52,-20.0
2020-10-08 10:54:33,17,0.41,4.49,-20.0
2020-10-08 10:54:33,18,0.439,4.49,-20.0
2020-10-08 10:54:33,19,0.449,4.47,-20.0
2020-10-08 10:54:33,20,0.411,4.47,-20.0
2020-10-08 10:54:33,21,0.414,4.48,-20.0
2020-10-08 10:54:33,22,0.376,4.48,-20.0
2020-10-08 10:54:33,23,0.428,4.49,-20.0
2020-10-08 10:54:33,24,0.399,4.5,-20.0
2020-10-08 10:54:33,25,0.412,4.5,22.4
2020-10-08 10:54:33,26,0.416,4.48,-20.0
2020-10-08 10:54:33,27,0.397,4.46,-20.0
2020-10-08 10:54:33,28,0.406,4.48,-20.0
2020-10-08 10:54:33,29,0.402,4.47,-20.0
2020-10-08 10:54:33,30,0.414,4.48,-20.0
2020-10-08 10:54:33,31,0.416,4.45,-20.0
2020-10-08 10:54:33,32,0.401,4.48,-20.0
2020-10-08 10:54:33,33,0.402,4.48,-20.0
2020-10-08 10:54:33,34,0.401,4.49,-20.0
2020-10-08 10:54:33,35,0.41,4.48,-20.0
2020-10-08 10:54:33,36,0.407,4.51,-20.0
2020-10-08 10:54:33,37,0.401,4.48,22.9
2020-10-08 10:54:33,38,0.408,4.5,-20.0
2020-10-08 10:54:33,39,0.412,4.48,-20.0
2020-10-08 10:54:33,40,0.416,4.48,-20.0
2020-10-08 10:54:33,41,0.406,4.49,-20.0
2020-10-08 10:54:33,42,0.396,4.47,-20.0
2020-10-08 10:54:33,43,0.393,4.48,-20.0
2020-10-08 10:54:33,44,0.406,4.49,-20.0
2020-10-08 10:54:33,45,0.42,4.49,-20.0
2020-10-08 10:54:33,46,0.415,4.48,-20.0
2020-10-08 10:54:33,47,0.415,4.49,-20.0
2020-10-08 10:54:33,48,0.406,4.49,-20.0
2020-10-08 10:54:33,49,0.499,4.47,24.7
2020-10-08 10:54:33,50,0.43,4.47,-20.0
2020-10-08 10:54:33,51,0.41,4.47,-20.0
2020-10-08 10:54:33,52,0.419,4.47,-20.0
2020-10-08 10:54:33,53,0.396,4.45,-20.0
2020-10-08 10:54:33,54,0.438,4.47,-20.0
2020-10-08 10:54:33,55,0.422,4.44,-20.0
2020-10-08 10:54:33,56,0.411,4.43,-20.0
2020-10-08 10:54:33,57,0.415,4.42,-20.0
2020-10-08 10:54:33,58,0.432,4.43,-20.0
2020-10-08 10:54:33,59,0.38,4.45,-20.0
2020-10-08 10:54:33,60,0.41,4.46,-20.0
2020-10-08 10:54:33,61,0.413,4.5,22.4
2020-10-08 10:54:33,62,0.413,4.49,-20.0
2020-10-08 10:54:33,63,0.388,4.48,-20.0
2020-10-08 10:54:33,64,0.377,4.46,-20.0
2020-10-08 10:54:33,65,0.384,4.46,-20.0
2020-10-08 10:54:33,66,0.414,4.45,-20.0
2020-10-08 10:54:33,67,0.408,4.43,-20.0
2020-10-08 10:54:33,68,0.405,4.46,-20.0
2020-10-08 10:54:33,69,0.394,4.45,-20.0
2020-10-08 10:54:33,70,0.397,4.47,-20.0
2020-10-08 10:54:33,71,0.405,4.49,-20.0
2020-10-08 10:54:33,72,0.41,4.49,-20.0
2020-10-08 10:54:33,73,0.408,4.52,22.7
2020-10-08 10:54:33,74,0.402,4.49,-20.0
2020-10-08 10:54:33,75,0.426,4.47,-20.0
2020-10-08 10:54:33,76,0.424,4.46,-20.0
2020-10-08 10:54:33,77,0.422,4.5,-20.0
2020-10-08 10:54:33,78,0.417,4.49,-20.0
2020-10-08 10:54:33,79,0.423,4.49,-20.0
2020-10-08 10:54:33,80,0.42,4.51,-20.0
2020-10-08 10:54:33,81,0.423,4.51,-20.0
2020-10-08 10:54:33,82,0.42,4.52,-20.0
2020-10-08 10:54:33,83,0.426,4.5,-20.0
2020-10-08 10:54:33,84,0.429,4.49,-20.0
2020-10-08 10:54:33,85,0.42,4.48,23.9
2020-10-08 10:54:33,86,0.414,4.47,-20.0
2020-10-08 10:54:33,87,0.438,4.47,-20.0
2020-10-08 10:54:33,88,0.402,4.48,-20.0
2020-10-08 10:54:33,89,0.415,4.49,-20.0
2020-10-08 10:54:33,90,0.41,4.48,-20.0
2020-10-08 10:54:33,91,0.419,4.48,-20.0
2020-10-08 10:54:33,92,0.399,4.5,-20.0
2020-10-08 10:54:33,93,0.409,4.5,-20.0
2020-10-08 10:54:33,94,0.421,4.48,-20.0
2020-10-08 10:54:33,95,0.417,4.47,-20.0
2020-10-08 10:54:33,96,0.41,4.49,-20.0
2020-10-08 22:53:56,1,0.419,4.5,25.4
2020-10-08 22:53:56,2,0.413,4.5,-20.0
2020-10-08 22:53:56,3,0.415,4.52,-20.0
2020-10-08 22:53:56,4,0.418,4.47,-20.0
2020-10-08 22:53:56,5,0.407,4.51,-20.0
2020-10-08 22:53:56,6,0.413,4.49,-20.0
2020-10-08 22:53:56,7,0.406,4.48,-20.0
2020-10-08 22:53:56,8,0.407,4.51,-20.0
2020-10-08 22:53:56,9,0.412,4.48,-20.0
2020-10-08 22:53:56,10,0.416,4.51,-20.0
2020-10-08 22:53:56,11,0.416,4.46,-20.0
2020-10-08 22:53:56,12,0.417,4.47,-20.0
2020-10-08 22:53:56,13,0.417,4.48,24.6
2020-10-08 22:53:56,14,0.416,4.5,-20.0
2020-10-08 22:53:56,15,0.415,4.51,-20.0
2020-10-08 22:53:56,16,0.423,4.5,-20.0
2020-10-08 22:53:56,17,0.413,4.48,-20.0
2020-10-08 22:53:56,18,0.44,4.49,-20.0
2020-10-08 22:53:56,19,0.443,4.47,-20.0
2020-10-08 22:53:56,20,0.413,4.48,-20.0
2020-10-08 22:53:56,21,0.414,4.49,-20.0
2020-10-08 22:53:56,22,0.384,4.48,-20.0
2020-10-08 22:53:56,23,0.434,4.49,-20.0
2020-10-08 22:53:56,24,0.404,4.49,-20.0
2020-10-08 22:53:56,25,0.415,4.5,22.2
2020-10-08 22:53:56,26,0.419,4.47,-20.0
2020-10-08 22:53:56,27,0.4,4.47,-20.0
2020-10-08 22:53:56,28,0.409,4.47,-20.0
2020-10-08 22:53:56,29,0.404,4.46,-20.0
2020-10-08 22:53:56,30,0.418,4.47,-20.0
2020-10-08 22:53:56,31,0.411,4.46,-20.0
2020-10-08 22:53:56,32,0.389,4.47,-20.0
2020-10-08 22:53:56,33,0.4,4.48,-20.0
2020-10-08 22:53:56,34,0.388,4.49,-20.0
2020-10-08 22:53:56,35,0.405,4.49,-20.0
2020-10-08 22:53:56,36,0.404,4.5,-20.0
2020-10-08 22:53:56,37,0.393,4.48,22.7
2020-10-08 22:53:56,38,0.394,4.49,-20.0
2020-10-08 22:53:56,39,0.399,4.48,-20.0
2020-10-08 22:53:56,40,0.416,4.47,-20.0
2020-10-08 22:53:56,41,0.407,4.49,-20.0
2020-10-08 22:53:56,42,0.381,4.47,-20.0
2020-10-08 22:53:56,43,0.403,4.48,-20.0
2020-10-08 22:53:56,44,0.41,4.49,-20.0
2020-10-08 22:53:56,45,0.421,4.49,-20.0
2020-10-08 22:53:56,46,0.418,4.48,-20.0
2020-10-08 22:53:56,47,0.42,4.48,-20.0
2020-10-08 22:53:56,48,0.406,4.48,-20.0
2020-10-08 22:53:56,49,0.49,4.46,24.5
2020-10-08 22:53:56,50,0.43,4.47,-20.0
2020-10-08 22:53:56,51,0.41,4.47,-20.0
2020-10-08 22:53:56,52,0.417,4.47,-20.0
2020-10-08 22:53:56,53,0.402,4.45,-20.0
2020-10-08 22:53:56,54,0.432,4.47,-20.0
2020-10-08 22:53:56,55,0.425,4.44,-20.0
2020-10-08 22:53:56,56,0.414,4.43,-20.0
2020-10-08 22:53:56,57,0.417,4.43,-20.0
2020-10-08 22:53:56,58,0.43,4.43,-20.0
2020-10-08 22:53:56,59,0.392,4.44,-20.0
2020-10-08 22:53:56,60,0.417,4.46,-20.0
2020-10-08 22:53:56,61,0.413,4.49,22.1
2020-10-08 22:53:56,62,0.411,4.49,-20.0
2020-10-08 22:53:56,63,0.392,4.48,-20.0
2020-10-08 22:53:56,64,0.386,4.46,-20.0
2020-10-08 22:53:56,65,0.391,4.45,-20.0
2020-10-08 22:53:56,66,0.415,4.45,-20.0
2020-10-08 22:53:56,67,0.405,4.43,-20.0
2020-10-08 22:53:56,68,0.408,4.46,-20.0
2020-10-08 22:53:56,69,0.399,4.45,-20.0
2020-10-08 22:53:56,70,0.402,4.47,-20.0
2020-10-08 22:53:56,71,0.407,4.48,-20.0
2020-10-08 22:53:56,72,0.414,4.48,-20.0
2020-10-08 22:53:56,73,0.409,4.52,22.1
2020-10-08 22:53:56,74,0.404,4.51,-20.0
2020-10-08 22:53:56,75,0.425,4.47,-20.0
2020-10-08 22:53:56,76,0.421,4.44,-20.0
2020-10-08 22:53:56,77,0.423,4.51,-20.0
2020-10-08 22:53:56,78,0.415,4.47,-20.0
2020-10-08 22:53:56,79,0.418,4.49,-20.0
2020-10-08 22:53:56,80,0.417,4.51,-20.0
2020-10-08 22:53:56,81,0.426,4.52,-20.0
2020-10-08 22:53:56,82,0.421,4.51,-20.0
2020-10-08 22:53:56,83,0.426,4.5,-20.0
2020-10-08 22:53:56,84,0.427,4.49,-20.0
2020-10-08 22:53:56,85,0.417,4.47,23.3
2020-10-08 22:53:56,86,0.418,4.47,-20.0
2020-10-08 22:53:56,87,0.44,4.47,-20.0
2020-10-08 22:53:56,88,0.403,4.48,-20.0
2020-10-08 22:53:56,89,0.417,4.49,-20.0
2020-10-08 22:53:56,90,0.41,4.47,-20.0
2020-10-08 22:53:56,91,0.418,4.49,-20.0
2020-10-08 22:53:56,92,0.399,4.5,-20.0
2020-10-08 22:53:56,93,0.41,4.49,-20.0
2020-10-08 22:53:56,94,0.422,4.47,-20.0
2020-10-08 22:53:56,95,0.416,4.47,-20.0
2020-10-08 22:53:56,96,0.411,4.49,-20.0
2020-10-09 10:53:30,1,0.417,4.5,25.4
2020-10-09 10:53:30,2,0.415,4.51,-20.0
2020-10-09 10:53:30,3,0.416,4.52,-20.0
2020-10-09 10:53:30,4,0.418,4.47,-20.0
2020-10-09 10:53:30,5,0.408,4.51,-20.0
2020-10-09 10:53:30,6,0.413,4.5,-20.0
2020-10-09 10:53:30,7,0.405,4.48,-20.0
2020-10-09 10:53:30,8,0.408,4.51,-20.0
2020-10-09 10:53:30,9,0.41,4.48,-20.0
2020-10-09 10:53:30,10,0.416,4.49,-20.0
2020-10-09 10:53:30,11,0.416,4.46,-20.0
2020-10-09 10:53:30,12,0.42,4.47,-20.0
2020-10-09 10:53:30,13,0.415,4.47,24.7
2020-10-09 10:53:30,14,0.416,4.48,-20.0
2020-10-09 10:53:30,15,0.412,4.52,-20.0
2020-10-09 10:53:30,16,0.425,4.51,-20.0
2020-10-09 10:53:30,17,0.416,4.49,-20.0
2020-10-09 10:53:30,18,0.439,4.49,-20.0
2020-10-09 10:53:30,19,0.445,4.48,-20.0
2020-10-09 10:53:30,20,0.412,4.48,-20.0
2020-10-09 10:53:30,21,0.413,4.49,-20.0
2020-10-09 10:53:30,22,0.389,4.48,-20.0
2020-10-09 10:53:30,23,0.433,4.48,-20.0
2020-10-09 10:53:30,24,0.404,4.5,-20.0
2020-10-09 10:53:30,25,0.415,4.51,22.2
2020-10-09 10:53:30,26,0.42,4.48,-20.0
2020-10-09 10:53:30,27,0.4,4.46,-20.0
2020-10-09 10:53:30,28,0.413,4.47,-20.0
2020-10-09 10:53:30,29,0.408,4.46,-20.0
2020-10-09 10:53:30,30,0.418,4.48,-20.0
2020-10-09 10:53:30,31,0.412,4.47,-20.0
2020-10-09 10:53:30,32,0.395,4.47,-20.0
2020-10-09 10:53:30,33,0.403,4.48,-20.0
2020-10-09 10:53:30,34,0.397,4.49,-20.0
2020-10-09 10:53:30,35,0.407,4.48,-20.0
2020-10-09 10:53:30,36,0.405,4.51,-20.0
2020-10-09 10:53:30,37,0.399,4.49,22.7
2020-10-09 10:53:30,38,0.399,4.49,-20.0
2020-10-09 10:53:30,39,0.405,4.47,-20.0
2020-10-09 10:53:30,40,0.417,4.47,-20.0
2020-10-09 10:53:30,41,0.41,4.51,-20.0
2020-10-09 10:53:30,42,0.391,4.47,-20.0
2020-10-09 10:53:30,43,0.409,4.48,-20.0
2020-10-09 10:53:30,44,0.415,4.48,-20.0
2020-10-09 10:53:30,45,0.42,4.49,-20.0
2020-10-09 10:53:30,46,0.416,4.48,-20.0
2020-10-09 10:53:30,47,0.426,4.49,-20.0
2020-10-09 10:53:30,48,0.413,4.48,-20.0
2020-10-09 10:53:30,49,0.488,4.46,24.6
2020-10-09 10:53:30,50,0.432,4.47,-20.0
2020-10-09 10:53:30,51,0.411,4.47,-20.0
2020-10-09 10:53:30,52,0.418,4.47,-20.0
2020-10-09 10:53:30,53,0.406,4.45,-20.0
2020-10-09 10:53:30,54,0.427,4.47,-20.0
2020-10-09 10:53:30,55,0.421,4.43,-20.0
2020-10-09 10:53:30,56,0.414,4.44,-20.0
2020-10-09 10:53:30,57,0.419,4.43,-20.0
2020-10-09 10:53:30,58,0.427,4.43,-20.0
2020-10-09 10:53:30,59,0.399,4.44,-20.0
2020-10-09 10:53:30,60,0.418,4.46,-20.0
2020-10-09 10:53:30,61,0.413,4.5,22.1
2020-10-09 10:53:30,62,0.411,4.49,-20.0
2020-10-09 10:53:30,63,0.393,4.48,-20.0
2020-10-09 10:53:30,64,0.376,4.46,-20.0
2020-10-09 10:53:30,65,0.413,4.45,-20.0
2020-10-09 10:53:30,66,0.417,4.46,-20.0
2020-10-09 10:53:30,67,0.409,4.43,-20.0
2020-10-09 10:53:30,68,0.403,4.46,-20.0
2020-10-09 10:53:30,69,0.399,4.45,-20.0
2020-10-09 10:53:30,70,0.405,4.48,-20.0
2020-10-09 10:53:30,71,0.408,4.49,-20.0
2020-10-09 10:53:30,72,0.413,4.49,-20.0
2020-10-09 10:53:30,73,0.406,4.51,22.2
2020-10-09 10:53:30,74,0.406,4.5,-20.0
2020-10-09 10:53:30,75,0.427,4.47,-20.0
2020-10-09 10:53:30,76,0.425,4.44,-20.0
2020-10-09 10:53:30,77,0.423,4.52,-20.0
2020-10-09 10:53:30,78,0.412,4.48,-20.0
2020-10-09 10:53:30,79,0.418,4.49,-20.0
2020-10-09 10:53:30,80,0.416,4.5,-20.0
2020-10-09 10:53:30,81,0.425,4.51,-20.0
2020-10-09 10:53:30,82,0.42,4.52,-20.0
2020-10-09 10:53:30,83,0.425,4.5,-20.0
2020-10-09 10:53:30,84,0.424,4.5,-20.0
2020-10-09 10:53:30,85,0.413,4.48,23.0
2020-10-09 10:53:30,86,0.415,4.47,-20.0
2020-10-09 10:53:30,87,0.441,4.46,-20.0
2020-10-09 10:53:30,88,0.405,4.47,-20.0
2020-10-09 10:53:30,89,0.41,4.49,-20.0
2020-10-09 10:53:30,90,0.405,4.48,-20.0
2020-10-09 10:53:30,91,0.416,4.49,-20.0
2020-10-09 10:53:30,92,0.399,4.5,-20.0
2020-10-09 10:53:30,93,0.411,4.49,-20.0
2020-10-09 10:53:30,94,0.423,4.47,-20.0
2020-10-09 10:53:30,95,0.418,4.46,-20.0
2020-10-09 10:53:30,96,0.411,4.49,-20.0
2020-10-09 22:52:56,1,0.416,4.5,25.5
2020-10-09 22:52:56,2,0.415,4.51,-20.0
2020-10-09 22:52:56,3,0.417,4.51,-20.0
2020-10-09 22:52:56,4,0.418,4.48,-20.0
2020-10-09 22:52:56,5,0.405,4.51,-20.0
2020-10-09 22:52:56,6,0.413,4.49,-20.0
2020-10-09 22:52:56,7,0.407,4.48,-20.0
2020-10-09 22:52:56,8,0.407,4.5,-20.0
2020-10-09 22:52:56,9,0.412,4.48,-20.0
2020-10-09 22:52:56,10,0.418,4.5,-20.0
2020-10-09 22:52:56,11,0.414,4.46,-20.0
2020-10-09 22:52:56,12,0.42,4.46,-20.0
2020-10-09 22:52:56,13,0.415,4.48,24.9
2020-10-09 22:52:56,14,0.417,4.49,-20.0
2020-10-09 22:52:56,15,0.41,4.53,-20.0
2020-10-09 22:52:56,16,0.423,4.52,-20.0
2020-10-09 22:52:56,17,0.418,4.48,-20.0
2020-10-09 22:52:56,18,0.437,4.5,-20.0
2020-10-09 22:52:56,19,0.447,4.47,-20.0
2020-10-09 22:52:56,20,0.41,4.48,-20.0
2020-10-09 22:52:56,21,0.412,4.48,-20.0
2020-10-09 22:52:56,22,0.396,4.48,-20.0
2020-10-09 22:52:56,23,0.438,4.49,-20.0
2020-10-09 22:52:56,24,0.404,4.49,-20.0
2020-10-09 22:52:56,25,0.414,4.5,22.6
2020-10-09 22:52:56,26,0.419,4.48,-20.0
2020-10-09 22:52:56,27,0.393,4.46,-20.0
2020-10-09 22:52:56,28,0.413,4.47,-20.0
2020-10-09 22:52:56,29,0.395,4.46,-20.0
2020-10-09 22:52:56,30,0.414,4.49,-20.0
2020-10-09 22:52:56,31,0.41,4.47,-20.0
2020-10-09 22:52:56,32,0.389,4.47,-20.0
2020-10-09 22:52:56,33,0.4,4.48,-20.0
2020-10-09 22:52:56,34,0.402,4.49,-20.0
2020-10-09 22:52:56,35,0.409,4.48,-20.0
2020-10-09 22:52:56,36,0.405,4.5,-20.0
2020-10-09 22:52:56,37,0.407,4.48,23.1
2020-10-09 22:52:56,38,0.403,4.48,-20.0
2020-10-09 22:52:56,39,0.409,4.48,-20.0
2020-10-09 22:52:56,40,0.418,4.47,-20.0
2020-10-09 22:52:56,41,0.408,4.49,-20.0
2020-10-09 22:52:56,42,0.395,4.47,-20.0
2020-10-09 22:52:56,43,0.411,4.48,-20.0
2020-10-09 22:52:56,44,0.417,4.49,-20.0
2020-10-09 22:52:56,45,0.418,4.49,-20.0
2020-10-09 22:52:56,46,0.42,4.49,-20.0
2020-10-09 22:52:56,47,0.426,4.49,-20.0
2020-10-09 22:52:56,48,0.415,4.48,-20.0
2020-10-09 22:52:56,49,0.483,4.45,24.9
2020-10-09 22:52:56,50,0.435,4.47,-20.0
2020-10-09 22:52:56,51,0.411,4.47,-20.0
2020-10-09 22:52:56,52,0.414,4.46,-20.0
2020-10-09 22:52:56,53,0.411,4.45,-20.0
2020-10-09 22:52:56,54,0.427,4.47,-20.0
2020-10-09 22:52:56,55,0.417,4.44,-20.0
2020-10-09 22:52:56,56,0.416,4.44,-20.0
2020-10-09 22:52:56,57,0.421,4.43,-20.0
2020-10-09 22:52:56,58,0.429,4.43,-20.0
2020-10-09 22:52:56,59,0.398,4.45,-20.0
2020-10-09 22:52:56,60,0.41,4.46,-20.0
2020-10-09 22:52:56,61,0.413,4.5,22.7
2020-10-09 22:52:56,62,0.412,4.49,-20.0
2020-10-09 22:52:56,63,0.373,4.48,-20.0
2020-10-09 22:52:56,64,0.354,4.46,-20.0
2020-10-09 22:52:56,65,0.395,4.46,-20.0
2020-10-09 22:52:56,66,0.417,4.46,-20.0
2020-10-09 22:52:56,67,0.411,4.43,-20.0
2020-10-09 22:52:56,68,0.408,4.46,-20.0
2020-10-09 22:52:56,69,0.222,4.45,-20.0
2020-10-09 22:52:56,70,0.371,4.47,-20.0
2020-10-09 22:52:56,71,0.406,4.48,-20.0
2020-10-09 22:52:56,72,0.412,4.49,-20.0
2020-10-09 22:52:56,73,0.438,4.51,22.8
2020-10-09 22:52:56,74,0.443,4.49,-20.0
2020-10-09 22:52:56,75,0.302,4.47,-20.0
2020-10-09 22:52:56,76,0.423,4.45,-20.0
2020-10-09 22:52:56,77,0.42,4.51,-20.0
2020-10-09 22:52:56,78,0.422,4.48,-20.0
2020-10-09 22:52:56,79,0.438,4.49,-20.0
2020-10-09 22:52:56,80,0.43,4.51,-20.0
2020-10-09 22:52:56,81,0.426,4.51,-20.0
2020-10-09 22:52:56,82,0.419,4.51,-20.0
2020-10-09 22:52:56,83,0.436,4.51,-20.0
2020-10-09 22:52:56,84,0.435,4.5,-20.0
2020-10-09 22:52:56,85,0.419,4.48,24.1
2020-10-09 22:52:56,86,0.417,4.47,-20.0
2020-10-09 22:52:56,87,0.443,4.47,-20.0
2020-10-09 22:52:56,88,0.409,4.48,-20.0
2020-10-09 22:52:56,89,0.411,4.5,-20.0
2020-10-09 22:52:56,90,0.408,4.48,-20.0
2020-10-09 22:52:56,91,0.417,4.49,-20.0
2020-10-09 22:52:56,92,0.397,4.5,-20.0
2020-10-09 22:52:56,93,0.41,4.5,-20.0
2020-10-09 22:52:56,94,0.423,4.47,-20.0
2020-10-09 22:52:56,95,0.418,4.47,-20.0
2020-10-09 22:52:56,96,0.413,4.49,-20.0
2020-10-10 10:52:31,1,0.416,4.5,25.4
2020-10-10 10:52:31,2,0.415,4.51,-20.0
2020-10-10 10:52:31,3,0.419,4.53,-20.0
2020-10-10 10:52:31,4,0.417,4.48,-20.0
2020-10-10 10:52:31,5,0.406,4.51,-20.0
2020-10-10 10:52:31,6,0.411,4.49,-20.0
2020-10-10 10:52:31,7,0.405,4.49,-20.0
2020-10-10 10:52:31,8,0.409,4.51,-20.0
2020-10-10 10:52:31,9,0.411,4.48,-20.0
2020-10-10 10:52:31,10,0.417,4.5,-20.0
2020-10-10 10:52:31,11,0.417,4.46,-20.0
2020-10-10 10:52:31,12,0.418,4.47,-20.0
2020-10-10 10:52:31,13,0.415,4.48,24.6
2020-10-10 10:52:31,14,0.416,4.49,-20.0
2020-10-10 10:52:31,15,0.407,4.52,-20.0
2020-10-10 10:52:31,16,0.428,4.52,-20.0
2020-10-10 10:52:31,17,0.417,4.49,-20.0
2020-10-10 10:52:31,18,0.439,4.49,-20.0
2020-10-10 10:52:31,19,0.45,4.47,-20.0
2020-10-10 10:52:31,20,0.41,4.47,-20.0
2020-10-10 10:52:31,21,0.407,4.48,-20.0
2020-10-10 10:52:31,22,0.396,4.47,-20.0
2020-10-10 10:52:31,23,0.447,4.48,-20.0
2020-10-10 10:52:31,24,0.411,4.5,-20.0
2020-10-10 10:52:31,25,0.415,4.5,22.3
2020-10-10 10:52:31,26,0.418,4.48,-20.0
2020-10-10 10:52:31,27,0.39,4.47,-20.0
2020-10-10 10:52:31,28,0.41,4.48,-20.0
2020-10-10 10:52:31,29,0.408,4.46,-20.0
2020-10-10 10:52:31,30,0.413,4.48,-20.0
2020-10-10 10:52:31,31,0.408,4.46,-20.0
2020-10-10 10:52:31,32,0.384,4.48,-20.0
2020-10-10 10:52:31,33,0.395,4.48,-20.0
2020-10-10 10:52:31,34,0.399,4.49,-20.0
2020-10-10 10:52:31,35,0.408,4.48,-20.0
2020-10-10 10:52:31,36,0.404,4.5,-20.0
2020-10-10 10:52:31,37,0.411,4.49,22.8
2020-10-10 10:52:31,38,0.406,4.48,-20.0
2020-10-10 10:52:31,39,0.411,4.48,-20.0
2020-10-10 10:52:31,40,0.416,4.48,-20.0
2020-10-10 10:52:31,41,0.41,4.5,-20.0
2020-10-10 10:52:31,42,0.398,4.48,-20.0
2020-10-10 10:52:31,43,0.411,4.47,-20.0
2020-10-10 10:52:31,44,0.419,4.49,-20.0
2020-10-10 10:52:31,45,0.419,4.49,-20.0
2020-10-10 10:52:31,46,0.42,4.48,-20.0
2020-10-10 10:52:31,47,0.427,4.48,-20.0
2020-10-10 10:52:31,48,0.417,4.48,-20.0
2020-10-10 10:52:31,49,0.479,4.46,24.5
2020-10-10 10:52:31,50,0.428,4.46,-20.0
2020-10-10 10:52:31,51,0.412,4.47,-20.0
2020-10-10 10:52:31,52,0.412,4.47,-20.0
2020-10-10 10:52:31,53,0.41,4.46,-20.0
2020-10-10 10:52:31,54,0.422,4.47,-20.0
2020-10-10 10:52:31,55,0.416,4.44,-20.0
2020-10-10 10:52:31,56,0.416,4.44,-20.0
2020-10-10 10:52:31,57,0.424,4.43,-20.0
2020-10-10 10:52:31,58,0.438,4.43,-20.0
2020-10-10 10:52:31,59,0.412,4.45,-20.0
2020-10-10 10:52:31,60,0.416,4.46,-20.0
2020-10-10 10:52:31,61,0.415,4.5,22.2
2020-10-10 10:52:31,62,0.41,4.49,-20.0
2020-10-10 10:52:31,63,0.375,4.48,-20.0
2020-10-10 10:52:31,64,0.36,4.46,-20.0
2020-10-10 10:52:31,65,0.405,4.45,-20.0
2020-10-10 10:52:31,66,0.418,4.45,-20.0
2020-10-10 10:52:31,67,0.413,4.43,-20.0
2020-10-10 10:52:31,68,0.408,4.46,-20.0
2020-10-10 10:52:31,69,0.263,4.46,-20.0
2020-10-10 10:52:31,70,0.368,4.47,-20.0
2020-10-10 10:52:31,71,0.405,4.49,-20.0
2020-10-10 10:52:31,72,0.409,4.49,-20.0
2020-10-10 10:52:31,73,0.423,4.52,22.3
2020-10-10 10:52:31,74,0.423,4.5,-20.0
2020-10-10 10:52:31,75,0.439,4.47,-20.0
2020-10-10 10:52:31,76,0.423,4.46,-20.0
2020-10-10 10:52:31,77,0.423,4.52,-20.0
2020-10-10 10:52:31,78,0.419,4.47,-20.0
2020-10-10 10:52:31,79,0.428,4.49,-20.0
2020-10-10 10:52:31,80,0.431,4.51,-20.0
2020-10-10 10:52:31,81,0.427,4.51,-20.0
2020-10-10 10:52:31,82,0.42,4.51,-20.0
2020-10-10 10:52:31,83,0.434,4.51,-20.0
2020-10-10 10:52:31,84,0.431,4.5,-20.0
2020-10-10 10:52:31,85,0.419,4.47,23.5
2020-10-10 10:52:31,86,0.417,4.47,-20.0
2020-10-10 10:52:31,87,0.444,4.47,-20.0
2020-10-10 10:52:31,88,0.41,4.47,-20.0
2020-10-10 10:52:31,89,0.413,4.49,-20.0
2020-10-10 10:52:31,90,0.408,4.48,-20.0
2020-10-10 10:52:31,91,0.419,4.49,-20.0
2020-10-10 10:52:31,92,0.401,4.5,-20.0
2020-10-10 10:52:31,93,0.416,4.5,-20.0
2020-10-10 10:52:31,94,0.426,4.47,-20.0
2020-10-10 10:52:31,95,0.42,4.46,-20.0
2020-10-10 10:52:31,96,0.411,4.49,-20.0
2020-10-10 22:51:59,1,0.417,4.5,25.5
2020-10-10 22:51:59,2,0.415,4.51,-20.0
2020-10-10 22:51:59,3,0.42,4.51,-20.0
2020-10-10 22:51:59,4,0.417,4.48,-20.0
2020-10-10 22:51:59,5,0.408,4.51,-20.0
2020-10-10 22:51:59,6,0.411,4.49,-20.0
2020-10-10 22:51:59,7,0.407,4.47,-20.0
2020-10-10 22:51:59,8,0.411,4.49,-20.0
2020-10-10 22:51:59,9,0.412,4.47,-20.0
2020-10-10 22:51:59,10,0.416,4.49,-20.0
2020-10-10 22:51:59,11,0.415,4.45,-20.0
2020-10-10 22:51:59,12,0.417,4.47,-20.0
2020-10-10 22:51:59,13,0.416,4.48,24.8
2020-10-10 22:51:59,14,0.418,4.48,-20.0
2020-10-10 22:51:59,15,0.408,4.51,-20.0
2020-10-10 22:51:59,16,0.427,4.51,-20.0
2020-10-10 22:51:59,17,0.415,4.49,-20.0
2020-10-10 22:51:59,18,0.438,4.48,-20.0
2020-10-10 22:51:59,19,0.448,4.47,-20.0
2020-10-10 22:51:59,20,0.409,4.46,-20.0
2020-10-10 22:51:59,21,0.404,4.48,-20.0
2020-10-10 22:51:59,22,0.403,4.47,-20.0
2020-10-10 22:51:59,23,0.43,4.48,-20.0
2020-10-10 22:51:59,24,0.397,4.5,-20.0
2020-10-10 22:51:59,25,0.415,4.5,22.3
2020-10-10 22:51:59,26,0.416,4.49,-20.0
2020-10-10 22:51:59,27,0.382,4.47,-20.0
2020-10-10 22:51:59,28,0.406,4.47,-20.0
2020-10-10 22:51:59,29,0.411,4.45,-20.0
2020-10-10 22:51:59,30,0.414,4.48,-20.0
2020-10-10 22:51:59,31,0.41,4.46,-20.0
2020-10-10 22:51:59,32,0.389,4.47,-20.0
2020-10-10 22:51:59,33,0.399,4.49,-20.0
2020-10-10 22:51:59,34,0.403,4.49,-20.0
2020-10-10 22:51:59,35,0.409,4.49,-20.0
2020-10-10 22:51:59,36,0.406,4.5,-20.0
2020-10-10 22:51:59,37,0.414,4.48,22.8
2020-10-10 22:51:59,38,0.407,4.49,-20.0
2020-10-10 22:51:59,39,0.413,4.48,-20.0
2020-10-10 22:51:59,40,0.415,4.48,-20.0
2020-10-10 22:51:59,41,0.409,4.49,-20.0
2020-10-10 22:51:59,42,0.403,4.47,-20.0
2020-10-10 22:51:59,43,0.416,4.47,-20.0
2020-10-10 22:51:59,44,0.424,4.49,-20.0
2020-10-10 22:51:59,45,0.418,4.49,-20.0
2020-10-10 22:51:59,46,0.42,4.48,-20.0
2020-10-10 22:51:59,47,0.425,4.49,-20.0
2020-10-10 22:51:59,48,0.42,4.48,-20.0
2020-10-10 22:51:59,49,0.484,4.46,24.8
2020-10-10 22:51:59,50,0.428,4.47,-20.0
2020-10-10 22:51:59,51,0.412,4.47,-20.0
2020-10-10 22:51:59,52,0.414,4.47,-20.0
2020-10-10 22:51:59,53,0.412,4.45,-20.0
2020-10-10 22:51:59,54,0.422,4.46,-20.0
2020-10-10 22:51:59,55,0.419,4.44,-20.0
2020-10-10 22:51:59,56,0.415,4.44,-20.0
2020-10-10 22:51:59,57,0.423,4.43,-20.0
2020-10-10 22:51:59,58,0.43,4.43,-20.0
2020-10-10 22:51:59,59,0.411,4.44,-20.0
2020-10-10 22:51:59,60,0.415,4.46,-20.0
2020-10-10 22:51:59,61,0.415,4.5,22.3
2020-10-10 22:51:59,62,0.41,4.49,-20.0
2020-10-10 22:51:59,63,0.387,4.48,-20.0
2020-10-10 22:51:59,64,0.371,4.46,-20.0
2020-10-10 22:51:59,65,0.407,4.45,-20.0
2020-10-10 22:51:59,66,0.42,4.45,-20.0
2020-10-10 22:51:59,67,0.414,4.43,-20.0
2020-10-10 22:51:59,68,0.411,4.46,-20.0
2020-10-10 22:51:59,69,0.304,4.45,-20.0
2020-10-10 22:51:59,70,0.376,4.47,-20.0
2020-10-10 22:51:59,71,0.406,4.49,-20.0
2020-10-10 22:51:59,72,0.407,4.49,-20.0
2020-10-10 22:51:59,73,0.421,4.52,22.6
2020-10-10 22:51:59,74,0.419,4.49,-20.0
2020-10-10 22:51:59,75,0.434,4.47,-20.0
2020-10-10 22:51:59,76,0.422,4.45,-20.0
2020-10-10 22:51:59,77,0.422,4.51,-20.0
2020-10-10 22:51:59,78,0.416,4.47,-20.0
2020-10-10 22:51:59,79,0.424,4.49,-20.0
2020-10-10 22:51:59,80,0.429,4.51,-20.0
2020-10-10 22:51:59,81,0.424,4.51,-20.0
2020-10-10 22:51:59,82,0.417,4.52,-20.0
2020-10-10 22:51:59,83,0.433,4.5,-20.0
2020-10-10 22:51:59,84,0.428,4.5,-20.0
2020-10-10 22:51:59,85,0.418,4.47,23.7
2020-10-10 22:51:59,86,0.418,4.46,-20.0
2020-10-10 22:51:59,87,0.442,4.46,-20.0
2020-10-10 22:51:59,88,0.407,4.48,-20.0
2020-10-10 22:51:59,89,0.414,4.5,-20.0
2020-10-10 22:51:59,90,0.406,4.47,-20.0
2020-10-10 22:51:59,91,0.419,4.49,-20.0
2020-10-10 22:51:59,92,0.4,4.5,-20.0
2020-10-10 22:51:59,93,0.416,4.5,-20.0
2020-10-10 22:51:59,94,0.427,4.47,-20.0
2020-10-10 22:51:59,95,0.421,4.46,-20.0
2020-10-10 22:51:59,96,0.407,4.49,-20.0
2020-10-11 10:51:27,1,0.415,4.5,25.4
2020-10-11 10:51:27,2,0.416,4.5,-20.0
2020-10-11 10:51:27,3,0.419,4.52,-20.0
2020-10-11 10:51:27,4,0.417,4.48,-20.0
2020-10-11 10:51:27,5,0.408,4.51,-20.0
2020-10-11 10:51:27,6,0.411,4.5,-20.0
2020-10-11 10:51:27,7,0.406,4.48,-20.0
2020-10-11 10:51:27,8,0.411,4.49,-20.0
2020-10-11 10:51:27,9,0.412,4.47,-20.0
2020-10-11 10:51:27,10,0.415,4.5,-20.0
2020-10-11 10:51:27,11,0.414,4.46,-20.0
2020-10-11 10:51:27,12,0.418,4.46,-20.0
2020-10-11 10:51:27,13,0.414,4.48,24.8
2020-10-11 10:51:27,14,0.415,4.5,-20.0
2020-10-11 10:51:27,15,0.407,4.52,-20.0
2020-10-11 10:51:27,16,0.425,4.52,-20.0
2020-10-11 10:51:27,17,0.412,4.48,-20.0
2020-10-11 10:51:27,18,0.434,4.5,-20.0
2020-10-11 10:51:27,19,0.445,4.48,-20.0
2020-10-11 10:51:27,20,0.41,4.48,-20.0
2020-10-11 10:51:27,21,0.41,4.49,-20.0
2020-10-11 10:51:27,22,0.408,4.48,-20.0
2020-10-11 10:51:27,23,0.434,4.48,-20.0
2020-10-11 10:51:27,24,0.4,4.49,-20.0
2020-10-11 10:51:27,25,0.416,4.5,22.4
2020-10-11 10:51:27,26,0.418,4.49,-20.0
2020-10-11 10:51:27,27,0.394,4.46,-20.0
2020-10-11 10:51:27,28,0.409,4.46,-20.0
2020-10-11 10:51:27,29,0.41,4.47,-20.0
2020-10-11 10:51:27,30,0.414,4.47,-20.0
2020-10-11 10:51:27,31,0.414,4.46,-20.0
2020-10-11 10:51:27,32,0.396,4.49,-20.0
2020-10-11 10:51:27,33,0.403,4.49,-20.0
2020-10-11 10:51:27,34,0.404,4.48,-20.0
2020-10-11 10:51:27,35,0.409,4.49,-20.0
2020-10-11 10:51:27,36,0.405,4.5,-20.0
2020-10-11 10:51:27,37,0.416,4.49,22.9
2020-10-11 10:51:27,38,0.411,4.49,-20.0
2020-10-11 10:51:27,39,0.417,4.47,-20.0
2020-10-11 10:51:27,40,0.412,4.47,-20.0
2020-10-11 10:51:27,41,0.409,4.49,-20.0
2020-10-11 10:51:27,42,0.403,4.47,-20.0
2020-10-11 10:51:27,43,0.417,4.49,-20.0
2020-10-11 10:51:27,44,0.424,4.49,-20.0
2020-10-11 10:51:27,45,0.418,4.5,-20.0
2020-10-11 10:51:27,46,0.416,4.49,-20.0
2020-10-11 10:51:27,47,0.427,4.49,-20.0
2020-10-11 10:51:27,48,0.421,4.47,-20.0
2020-10-11 10:51:27,49,0.486,4.47,24.7
2020-10-11 10:51:27,50,0.426,4.47,-20.0
2020-10-11 10:51:27,51,0.41,4.46,-20.0
2020-10-11 10:51:27,52,0.411,4.47,-20.0
2020-10-11 10:51:27,53,0.413,4.46,-20.0
2020-10-11 10:51:27,54,0.42,4.47,-20.0
2020-10-11 10:51:27,55,0.411,4.44,-20.0
2020-10-11 10:51:27,56,0.415,4.44,-20.0
2020-10-11 10:51:27,57,0.423,4.43,-20.0
2020-10-11 10:51:27,58,0.413,4.43,-20.0
2020-10-11 10:51:27,59,0.393,4.44,-20.0
2020-10-11 10:51:27,60,0.391,4.46,-20.0
2020-10-11 10:51:27,61,0.417,4.5,22.4
2020-10-11 10:51:27,62,0.408,4.49,-20.0
2020-10-11 10:51:27,63,0.376,4.48,-20.0
2020-10-11 10:51:27,64,0.376,4.46,-20.0
2020-10-11 10:51:27,65,0.405,4.45,-20.0
2020-10-11 10:51:27,66,0.419,4.45,-20.0
2020-10-11 10:51:27,67,0.416,4.43,-20.0
2020-10-11 10:51:27,68,0.414,4.46,-20.0
2020-10-11 10:51:27,69,0.33,4.45,-20.0
2020-10-11 10:51:27,70,0.385,4.47,-20.0
2020-10-11 10:51:27,71,0.406,4.49,-20.0
2020-10-11 10:51:27,72,0.411,4.49,-20.0
2020-10-11 10:51:27,73,0.419,4.52,22.6
2020-10-11 10:51:27,74,0.416,4.49,-20.0
2020-10-11 10:51:27,75,0.43,4.47,-20.0
2020-10-11 10:51:27,76,0.423,4.45,-20.0
2020-10-11 10:51:27,77,0.424,4.52,-20.0
2020-10-11 10:51:27,78,0.413,4.47,-20.0
2020-10-11 10:51:27,79,0.422,4.49,-20.0
2020-10-11 10:51:27,80,0.432,4.51,-20.0
2020-10-11 10:51:27,81,0.425,4.5,-20.0
2020-10-11 10:51:27,82,0.416,4.52,-20.0
2020-10-11 10:51:27,83,0.431,4.5,-20.0
2020-10-11 10:51:27,84,0.426,4.49,-20.0
2020-10-11 10:51:27,85,0.417,4.48,23.7
2020-10-11 10:51:27,86,0.416,4.47,-20.0
2020-10-11 10:51:27,87,0.442,4.47,-20.0
2020-10-11 10:51:27,88,0.407,4.48,-20.0
2020-10-11 10:51:27,89,0.414,4.49,-20.0
2020-10-11 10:51:27,90,0.409,4.47,-20.0
2020-10-11 10:51:27,91,0.418,4.48,-20.0
2020-10-11 10:51:27,92,0.398,4.5,-20.0
2020-10-11 10:51:27,93,0.412,4.5,-20.0
2020-10-11 10:51:27,94,0.421,4.47,-20.0
2020-10-11 10:51:27,95,0.419,4.46,-20.0
2020-10-11 10:51:27,96,0.408,4.49,-20.0
2020-10-11 22:50:57,1,0.417,4.5,25.4
2020-10-11 22:50:57,2,0.414,4.51,-20.0
2020-10-11 22:50:57,3,0.418,4.51,-20.0
2020-10-11 22:50:57,4,0.415,4.48,-20.0
2020-10-11 22:50:57,5,0.404,4.51,-20.0
2020-10-11 22:50:57,6,0.412,4.48,-20.0
2020-10-11 22:50:57,7,0.408,4.48,-20.0
2020-10-11 22:50:57,8,0.411,4.5,-20.0
2020-10-11 22:50:57,9,0.414,4.48,-20.0
2020-10-11 22:50:57,10,0.414,4.49,-20.0
2020-10-11 22:50:57,11,0.418,4.45,-20.0
2020-10-11 22:50:57,12,0.412,4.47,-20.0
2020-10-11 22:50:57,13,0.413,4.48,24.6
2020-10-11 22:50:57,14,0.415,4.49,-20.0
2020-10-11 22:50:57,15,0.404,4.52,-20.0
2020-10-11 22:50:57,16,0.425,4.52,-20.0
2020-10-11 22:50:57,17,0.414,4.49,-20.0
2020-10-11 22:50:57,18,0.429,4.49,-20.0
2020-10-11 22:50:57,19,0.44,4.47,-20.0
2020-10-11 22:50:57,20,0.407,4.46,-20.0
2020-10-11 22:50:57,21,0.408,4.48,-20.0
2020-10-11 22:50:57,22,0.414,4.47,-20.0
2020-10-11 22:50:57,23,0.438,4.49,-20.0
2020-10-11 22:50:57,24,0.403,4.5,-20.0
2020-10-11 22:50:57,25,0.417,4.5,22.0
2020-10-11 22:50:57,26,0.422,4.49,-20.0
2020-10-11 22:50:57,27,0.395,4.46,-20.0
2020-10-11 22:50:57,28,0.414,4.46,-20.0
2020-10-11 22:50:57,29,0.413,4.46,-20.0
2020-10-11 22:50:57,30,0.416,4.47,-20.0
2020-10-11 22:50:57,31,0.415,4.46,-20.0
2020-10-11 22:50:57,32,0.402,4.47,-20.0
2020-10-11 22:50:57,33,0.402,4.48,-20.0
2020-10-11 22:50:57,34,0.408,4.48,-20.0
2020-10-11 22:50:57,35,0.409,4.48,-20.0
2020-10-11 22:50:57,36,0.402,4.5,-20.0
2020-10-11 22:50:57,37,0.414,4.47,22.5
2020-10-11 22:50:57,38,0.41,4.5,-20.0
2020-10-11 22:50:57,39,0.415,4.46,-20.0
2020-10-11 22:50:57,40,0.412,4.47,-20.0
2020-10-11 22:50:57,41,0.409,4.49,-20.0
2020-10-11 22:50:57,42,0.404,4.47,-20.0
2020-10-11 22:50:57,43,0.418,4.47,-20.0
2020-10-11 22:50:57,44,0.425,4.5,-20.0
2020-10-11 22:50:57,45,0.418,4.5,-20.0
2020-10-11 22:50:57,46,0.418,4.5,-20.0
2020-10-11 22:50:57,47,0.425,4.48,-20.0
2020-10-11 22:50:57,48,0.42,4.47,-20.0
2020-10-11 22:50:57,49,0.486,4.46,24.4
2020-10-11 22:50:57,50,0.429,4.46,-20.0
2020-10-11 22:50:57,51,0.414,4.47,-20.0
2020-10-11 22:50:57,52,0.411,4.47,-20.0
2020-10-11 22:50:57,53,0.411,4.46,-20.0
2020-10-11 22:50:57,54,0.418,4.46,-20.0
2020-10-11 22:50:57,55,0.414,4.44,-20.0
2020-10-11 22:50:57,56,0.413,4.44,-20.0
2020-10-11 22:50:57,57,0.425,4.43,-20.0
2020-10-11 22:50:57,58,0.413,4.42,-20.0
2020-10-11 22:50:57,59,0.396,4.45,-20.0
2020-10-11 22:50:57,60,0.395,4.46,-20.0
2020-10-11 22:50:57,61,0.419,4.5,21.9
2020-10-11 22:50:57,62,0.408,4.49,-20.0
2020-10-11 22:50:57,63,0.391,4.48,-20.0
2020-10-11 22:50:57,64,0.392,4.46,-20.0
2020-10-11 22:50:57,65,0.412,4.45,-20.0
2020-10-11 22:50:57,66,0.418,4.45,-20.0
2020-10-11 22:50:57,67,0.415,4.44,-20.0
2020-10-11 22:50:57,68,0.432,4.45,-20.0
2020-10-11 22:50:57,69,0.378,4.45,-20.0
2020-10-11 22:50:57,70,0.421,4.46,-20.0
2020-10-11 22:50:57,71,0.411,4.49,-20.0
2020-10-11 22:50:57,72,0.413,4.49,-20.0
2020-10-11 22:50:57,73,0.447,4.52,21.9
2020-10-11 22:50:57,74,0.449,4.49,-20.0
2020-10-11 22:50:57,75,0.54,4.47,-20.0
2020-10-11 22:50:57,76,0.426,4.45,-20.0
2020-10-11 22:50:57,77,0.426,4.51,-20.0
2020-10-11 22:50:57,78,0.394,4.47,-20.0
2020-10-11 22:50:57,79,0.44,4.49,-20.0
2020-10-11 22:50:57,80,0.437,4.5,-20.0
2020-10-11 22:50:57,81,0.425,4.51,-20.0
2020-10-11 22:50:57,82,0.416,4.52,-20.0
2020-10-11 22:50:57,83,0.415,4.5,-20.0
2020-10-11 22:50:57,84,0.43,4.5,-20.0
2020-10-11 22:50:57,85,0.42,4.48,23.0
2020-10-11 22:50:57,86,0.417,4.47,-20.0
2020-10-11 22:50:57,87,0.444,4.47,-20.0
2020-10-11 22:50:57,88,0.405,4.48,-20.0
2020-10-11 22:50:57,89,0.411,4.49,-20.0
2020-10-11 22:50:57,90,0.409,4.47,-20.0
2020-10-11 22:50:57,91,0.418,4.48,-20.0
2020-10-11 22:50:57,92,0.397,4.5,-20.0
2020-10-11 22:50:57,93,0.413,4.5,-20.0
2020-10-11 22:50:57,94,0.421,4.47,-20.0
2020-10-11 22:50:57,95,0.415,4.47,-20.0
2020-10-11 22:50:57,96,0.407,4.49,-20.0
2020-10-12 10:50:22,1,0.418,4.49,25.4
2020-10-12 10:50:22,2,0.413,4.5,-20.0
2020-10-12 10:50:22,3,0.417,4.51,-20.0
2020-10-12 10:50:22,4,0.417,4.48,-20.0
2020-10-12 10:50:22,5,0.407,4.52,-20.0
2020-10-12 10:50:22,6,0.412,4.5,-20.0
2020-10-12 10:50:22,7,0.405,4.48,-20.0
2020-10-12 10:50:22,8,0.408,4.51,-20.0
2020-10-12 10:50:22,9,0.414,4.47,-20.0
2020-10-12 10:50:22,10,0.414,4.49,-20.0
2020-10-12 10:50:22,11,0.416,4.45,-20.0
2020-10-12 10:50:22,12,0.414,4.46,-20.0
2020-10-12 10:50:22,13,0.412,4.48,24.5
2020-10-12 10:50:22,14,0.416,4.48,-20.0
2020-10-12 10:50:22,15,0.405,4.51,-20.0
2020-10-12 10:50:22,16,0.424,4.52,-20.0
2020-10-12 10:50:22,17,0.414,4.48,-20.0
2020-10-12 10:50:22,18,0.428,4.49,-20.0
2020-10-12 10:50:22,19,0.441,4.47,-20.0
2020-10-12 10:50:22,20,0.41,4.47,-20.0
2020-10-12 10:50:22,21,0.413,4.48,-20.0
2020-10-12 10:50:22,22,0.412,4.48,-20.0
2020-10-12 10:50:22,23,0.443,4.49,-20.0
2020-10-12 10:50:22,24,0.401,4.5,-20.0
2020-10-12 10:50:22,25,0.413,4.5,22.0
2020-10-12 10:50:22,26,0.418,4.48,-20.0
2020-10-12 10:50:22,27,0.39,4.47,-20.0
2020-10-12 10:50:22,28,0.408,4.46,-20.0
2020-10-12 10:50:22,29,0.404,4.46,-20.0
2020-10-12 10:50:22,30,0.418,4.48,-20.0
2020-10-12 10:50:22,31,0.417,4.47,-20.0
2020-10-12 10:50:22,32,0.399,4.47,-20.0
2020-10-12 10:50:22,33,0.395,4.49,-20.0
2020-10-12 10:50:22,34,0.403,4.49,-20.0
2020-10-12 10:50:22,35,0.409,4.49,-20.0
2020-10-12 10:50:22,36,0.405,4.5,-20.0
2020-10-12 10:50:22,37,0.409,4.48,22.5
2020-10-12 10:50:22,38,0.401,4.49,-20.0
2020-10-12 10:50:22,39,0.424,4.48,-20.0
2020-10-12 10:50:22,40,0.413,4.48,-20.0
2020-10-12 10:50:22,41,0.408,4.49,-20.0
2020-10-12 10:50:22,42,0.41,4.47,-20.0
2020-10-12 10:50:22,43,0.42,4.47,-20.0
2020-10-12 10:50:22,44,0.428,4.49,-20.0
2020-10-12 10:50:22,45,0.42,4.49,-20.0
2020-10-12 10:50:22,46,0.417,4.49,-20.0
2020-10-12 10:50:22,47,0.422,4.48,-20.0
2020-10-12 10:50:22,48,0.418,4.48,-20.0
2020-10-12 10:50:22,49,0.481,4.46,24.4
2020-10-12 10:50:22,50,0.424,4.47,-20.0
2020-10-12 10:50:22,51,0.417,4.47,-20.0
2020-10-12 10:50:22,52,0.41,4.48,-20.0
2020-10-12 10:50:22,53,0.414,4.45,-20.0
2020-10-12 10:50:22,54,0.418,4.47,-20.0
2020-10-12 10:50:22,55,0.425,4.44,-20.0
2020-10-12 10:50:22,56,0.412,4.43,-20.0
2020-10-12 10:50:22,57,0.422,4.43,-20.0
2020-10-12 10:50:22,58,0.419,4.43,-20.0
2020-10-12 10:50:22,59,0.393,4.45,-20.0
2020-10-12 10:50:22,60,0.394,4.46,-20.0
2020-10-12 10:50:22,61,0.419,4.5,21.9
2020-10-12 10:50:22,62,0.407,4.49,-20.0
2020-10-12 10:50:22,63,0.388,4.48,-20.0
2020-10-12 10:50:22,64,0.388,4.46,-20.0
2020-10-12 10:50:22,65,0.402,4.45,-20.0
2020-10-12 10:50:22,66,0.419,4.45,-20.0
2020-10-12 10:50:22,67,0.415,4.43,-20.0
2020-10-12 10:50:22,68,0.416,4.45,-20.0
2020-10-12 10:50:22,69,0.38,4.45,-20.0
2020-10-12 10:50:22,70,0.413,4.47,-20.0
2020-10-12 10:50:22,71,0.412,4.49,-20.0
2020-10-12 10:50:22,72,0.413,4.49,-20.0
2020-10-12 10:50:22,73,0.436,4.52,22.1
2020-10-12 10:50:22,74,0.436,4.48,-20.0
2020-10-12 10:50:22,75,0.41,4.47,-20.0
2020-10-12 10:50:22,76,0.428,4.45,-20.0
2020-10-12 10:50:22,77,0.426,4.51,-20.0
2020-10-12 10:50:22,78,0.399,4.47,-20.0
2020-10-12 10:50:22,79,0.431,4.48,-20.0
2020-10-12 10:50:22,80,0.433,4.51,-20.0
2020-10-12 10:50:22,81,0.423,4.51,-20.0
2020-10-12 10:50:22,82,0.416,4.52,-20.0
2020-10-12 10:50:22,83,0.418,4.51,-20.0
2020-10-12 10:50:22,84,0.43,4.49,-20.0
2020-10-12 10:50:22,85,0.422,4.47,23.2
2020-10-12 10:50:22,86,0.415,4.46,-20.0
2020-10-12 10:50:22,87,0.446,4.46,-20.0
2020-10-12 10:50:22,88,0.404,4.48,-20.0
2020-10-12 10:50:22,89,0.409,4.5,-20.0
2020-10-12 10:50:22,90,0.409,4.48,-20.0
2020-10-12 10:50:22,91,0.417,4.49,-20.0
2020-10-12 10:50:22,92,0.398,4.51,-20.0
2020-10-12 10:50:22,93,0.413,4.5,-20.0
2020-10-12 10:50:22,94,0.42,4.47,-20.0
2020-10-12 10:50:22,95,0.417,4.46,-20.0
2020-10-12 10:50:22,96,0.407,4.49,-20.0
2020-10-12 22:49:56,1,0.418,4.5,25.5
2020-10-12 22:49:56,2,0.415,4.51,-20.0
2020-10-12 22:49:56,3,0.418,4.51,-20.0
2020-10-12 22:49:56,4,0.415,4.49,-20.0
2020-10-12 22:49:56,5,0.404,4.51,-20.0
2020-10-12 22:49:56,6,0.413,4.5,-20.0
2020-10-12 22:49:56,7,0.404,4.48,-20.0
2020-10-12 22:49:56,8,0.404,4.5,-20.0
2020-10-12 22:49:56,9,0.414,4.47,-20.0
2020-10-12 22:49:56,10,0.414,4.49,-20.0
2020-10-12 22:49:56,11,0.417,4.45,-20.0
2020-10-12 22:49:56,12,0.41,4.46,-20.0
2020-10-12 22:49:56,13,0.414,4.48,24.5
2020-10-12 22:49:56,14,0.416,4.48,-20.0
2020-10-12 22:49:56,15,0.41,4.51,-20.0
2020-10-12 22:49:56,16,0.426,4.52,-20.0
2020-10-12 22:49:56,17,0.413,4.49,-20.0
2020-10-12 22:49:56,18,0.428,4.5,-20.0
2020-10-12 22:49:56,19,0.44,4.47,-20.0
2020-10-12 22:49:56,20,0.408,4.48,-20.0
2020-10-12 22:49:56,21,0.414,4.47,-20.0
2020-10-12 22:49:56,22,0.409,4.47,-20.0
2020-10-12 22:49:56,23,0.444,4.47,-20.0
2020-10-12 22:49:56,24,0.403,4.49,-20.0
2020-10-12 22:49:56,25,0.414,4.5,21.9
2020-10-12 22:49:56,26,0.418,4.48,-20.0
2020-10-12 22:49:56,27,0.396,4.47,-20.0
2020-10-12 22:49:56,28,0.41,4.46,-20.0
2020-10-12 22:49:56,29,0.411,4.46,-20.0
2020-10-12 22:49:56,30,0.421,4.47,-20.0
2020-10-12 22:49:56,31,0.417,4.46,-20.0
2020-10-12 22:49:56,32,0.406,4.47,-20.0
2020-10-12 22:49:56,33,0.4,4.48,-20.0
2020-10-12 22:49:56,34,0.404,4.48,-20.0
2020-10-12 22:49:56,35,0.408,4.49,-20.0
2020-10-12 22:49:56,36,0.404,4.5,-20.0
2020-10-12 22:49:56,37,0.406,4.48,22.3
2020-10-12 22:49:56,38,0.404,4.48,-20.0
2020-10-12 22:49:56,39,0.422,4.48,-20.0
2020-10-12 22:49:56,40,0.414,4.47,-20.0
2020-10-12 22:49:56,41,0.405,4.49,-20.0
2020-10-12 22:49:56,42,0.408,4.48,-20.0
2020-10-12 22:49:56,43,0.419,4.47,-20.0
2020-10-12 22:49:56,44,0.427,4.49,-20.0
2020-10-12 22:49:56,45,0.417,4.51,-20.0
2020-10-12 22:49:56,46,0.415,4.49,-20.0
2020-10-12 22:49:56,47,0.423,4.49,-20.0
2020-10-12 22:49:56,48,0.418,4.47,-20.0
2020-10-12 22:49:56,49,0.483,4.47,24.5
2020-10-12 22:49:56,50,0.427,4.47,-20.0
2020-10-12 22:49:56,51,0.416,4.48,-20.0
2020-10-12 22:49:56,52,0.411,4.47,-20.0
2020-10-12 22:49:56,53,0.414,4.45,-20.0
2020-10-12 22:49:56,54,0.417,4.46,-20.0
2020-10-12 22:49:56,55,0.421,4.43,-20.0
2020-10-12 22:49:56,56,0.411,4.43,-20.0
2020-10-12 22:49:56,57,0.423,4.43,-20.0
2020-10-12 22:49:56,58,0.421,4.43,-20.0
2020-10-12 22:49:56,59,0.401,4.45,-20.0
2020-10-12 22:49:56,60,0.4,4.46,-20.0
2020-10-12 22:49:56,61,0.418,4.5,21.7
2020-10-12 22:49:56,62,0.41,4.49,-20.0
2020-10-12 22:49:56,63,0.395,4.48,-20.0
2020-10-12 22:49:56,64,0.394,4.46,-20.0
2020-10-12 22:49:56,65,0.403,4.45,-20.0
2020-10-12 22:49:56,66,0.418,4.45,-20.0
2020-10-12 22:49:56,67,0.414,4.43,-20.0
2020-10-12 22:49:56,68,0.417,4.46,-20.0
2020-10-12 22:49:56,69,0.389,4.45,-20.0
2020-10-12 22:49:56,70,0.41,4.46,-20.0
2020-10-12 22:49:56,71,0.412,4.49,-20.0
2020-10-12 22:49:56,72,0.414,4.49,-20.0
2020-10-12 22:49:56,73,0.429,4.52,21.8
2020-10-12 22:49:56,74,0.427,4.5,-20.0
2020-10-12 22:49:56,75,0.413,4.47,-20.0
2020-10-12 22:49:56,76,0.425,4.45,-20.0
2020-10-12 22:49:56,77,0.426,4.51,-20.0
2020-10-12 22:49:56,78,0.393,4.48,-20.0
2020-10-12 22:49:56,79,0.421,4.49,-20.0
2020-10-12 22:49:56,80,0.429,4.5,-20.0
2020-10-12 22:49:56,81,0.424,4.51,-20.0
2020-10-12 22:49:56,82,0.418,4.52,-20.0
2020-10-12 22:49:56,83,0.42,4.5,-20.0
2020-10-12 22:49:56,84,0.427,4.5,-20.0
2020-10-12 22:49:56,85,0.424,4.47,23.0
2020-10-12 22:49:56,86,0.418,4.47,-20.0
2020-10-12 22:49:56,87,0.447,4.46,-20.0
2020-10-12 22:49:56,88,0.404,4.48,-20.0
2020-10-12 22:49:56,89,0.41,4.49,-20.0
2020-10-12 22:49:56,90,0.41,4.48,-20.0
2020-10-12 22:49:56,91,0.418,4.49,-20.0
2020-10-12 22:49:56,92,0.399,4.5,-20.0
2020-10-12 22:49:56,93,0.412,4.5,-20.0
2020-10-12 22:49:56,94,0.418,4.47,-20.0
2020-10-12 22:49:56,95,0.419,4.47,-20.0
2020-10-12 22:49:56,96,0.41,4.49,-20.0
2020-10-13 10:49:19,1,0.419,4.5,25.5
2020-10-13 10:49:19,2,0.415,4.5,-20.0
2020-10-13 10:49:19,3,0.42,4.51,-20.0
2020-10-13 10:49:19,4,0.417,4.48,-20.0
2020-10-13 10:49:19,5,0.403,4.51,-20.0
2020-10-13 10:49:19,6,0.417,4.49,-20.0
2020-10-13 10:49:19,7,0.403,4.48,-20.0
2020-10-13 10:49:19,8,0.407,4.5,-20.0
2020-10-13 10:49:19,9,0.414,4.47,-20.0
2020-10-13 10:49:19,10,0.416,4.5,-20.0
2020-10-13 10:49:19,11,0.417,4.46,-20.0
2020-10-13 10:49:19,12,0.412,4.46,-20.0
2020-10-13 10:49:19,13,0.413,4.48,24.7
2020-10-13 10:49:19,14,0.418,4.49,-20.0
2020-10-13 10:49:19,15,0.409,4.52,-20.0
2020-10-13 10:49:19,16,0.429,4.52,-20.0
2020-10-13 10:49:19,17,0.416,4.48,-20.0
2020-10-13 10:49:19,18,0.429,4.5,-20.0
2020-10-13 10:49:19,19,0.44,4.47,-20.0
2020-10-13 10:49:19,20,0.409,4.48,-20.0
2020-10-13 10:49:19,21,0.416,4.48,-20.0
2020-10-13 10:49:19,22,0.41,4.47,-20.0
2020-10-13 10:49:19,23,0.443,4.48,-20.0
2020-10-13 10:49:19,24,0.403,4.49,-20.0
2020-10-13 10:49:19,25,0.414,4.51,22.2
2020-10-13 10:49:19,26,0.42,4.49,-20.0
2020-10-13 10:49:19,27,0.401,4.48,-20.0
2020-10-13 10:49:19,28,0.411,4.47,-20.0
2020-10-13 10:49:19,29,0.413,4.47,-20.0
2020-10-13 10:49:19,30,0.418,4.48,-20.0
2020-10-13 10:49:19,31,0.417,4.47,-20.0
2020-10-13 10:49:19,32,0.407,4.47,-20.0
2020-10-13 10:49:19,33,0.396,4.49,-20.0
2020-10-13 10:49:19,34,0.408,4.49,-20.0
2020-10-13 10:49:19,35,0.407,4.49,-20.0
2020-10-13 10:49:19,36,0.403,4.51,-20.0
2020-10-13 10:49:19,37,0.41,4.48,22.7
2020-10-13 10:49:19,38,0.404,4.49,-20.0
2020-10-13 10:49:19,39,0.423,4.47,-20.0
2020-10-13 10:49:19,40,0.41,4.48,-20.0
2020-10-13 10:49:19,41,0.409,4.49,-20.0
2020-10-13 10:49:19,42,0.406,4.47,-20.0
2020-10-13 10:49:19,43,0.418,4.48,-20.0
2020-10-13 10:49:19,44,0.425,4.49,-20.0
2020-10-13 10:49:19,45,0.417,4.49,-20.0
2020-10-13 10:49:19,46,0.413,4.49,-20.0
2020-10-13 10:49:19,47,0.411,4.48,-20.0
2020-10-13 10:49:19,48,0.402,4.48,-20.0
2020-10-13 10:49:19,49,0.485,4.46,24.7
2020-10-13 10:49:19,50,0.428,4.47,-20.0
2020-10-13 10:49:19,51,0.415,4.47,-20.0
2020-10-13 10:49:19,52,0.414,4.47,-20.0
2020-10-13 10:49:19,53,0.416,4.45,-20.0
2020-10-13 10:49:19,54,0.418,4.47,-20.0
2020-10-13 10:49:19,55,0.42,4.43,-20.0
2020-10-13 10:49:19,56,0.413,4.43,-20.0
2020-10-13 10:49:19,57,0.421,4.43,-20.0
2020-10-13 10:49:19,58,0.422,4.42,-20.0
2020-10-13 10:49:19,59,0.41,4.44,-20.0
2020-10-13 10:49:19,60,0.411,4.46,-20.0
2020-10-13 10:49:19,61,0.419,4.49,22.2
2020-10-13 10:49:19,62,0.412,4.49,-20.0
2020-10-13 10:49:19,63,0.4,4.48,-20.0
2020-10-13 10:49:19,64,0.397,4.46,-20.0
2020-10-13 10:49:19,65,0.405,4.45,-20.0
2020-10-13 10:49:19,66,0.421,4.45,-20.0
2020-10-13 10:49:19,67,0.415,4.43,-20.0
2020-10-13 10:49:19,68,0.42,4.46,-20.0
2020-10-13 10:49:19,69,0.393,4.46,-20.0
2020-10-13 10:49:19,70,0.413,4.47,-20.0
2020-10-13 10:49:19,71,0.414,4.48,-20.0
2020-10-13 10:49:19,72,0.415,4.49,-20.0
2020-10-13 10:49:19,73,0.424,4.52,22.5
2020-10-13 10:49:19,74,0.42,4.5,-20.0
2020-10-13 10:49:19,75,0.419,4.47,-20.0
2020-10-13 10:49:19,76,0.427,4.44,-20.0
2020-10-13 10:49:19,77,0.425,4.5,-20.0
2020-10-13 10:49:19,78,0.394,4.47,-20.0
2020-10-13 10:49:19,79,0.419,4.5,-20.0
2020-10-13 10:49:19,80,0.427,4.51,-20.0
2020-10-13 10:49:19,81,0.425,4.51,-20.0
2020-10-13 10:49:19,82,0.419,4.52,-20.0
2020-10-13 10:49:19,83,0.41,4.5,-20.0
2020-10-13 10:49:19,84,0.423,4.5,-20.0
2020-10-13 10:49:19,85,0.422,4.48,23.5
2020-10-13 10:49:19,86,0.417,4.47,-20.0
2020-10-13 10:49:19,87,0.446,4.47,-20.0
2020-10-13 10:49:19,88,0.404,4.48,-20.0
2020-10-13 10:49:19,89,0.412,4.5,-20.0
2020-10-13 10:49:19,90,0.413,4.47,-20.0
2020-10-13 10:49:19,91,0.417,4.49,-20.0
2020-10-13 10:49:19,92,0.401,4.5,-20.0
2020-10-13 10:49:19,93,0.412,4.5,-20.0
2020-10-13 10:49:19,94,0.419,4.48,-20.0
2020-10-13 10:49:19,95,0.419,4.46,-20.0
2020-10-13 10:49:19,96,0.41,4.5,-20.0
2020-10-13 22:48:46,1,0.417,4.49,25.4
2020-10-13 22:48:46,2,0.414,4.51,-20.0
2020-10-13 22:48:46,3,0.419,4.52,-20.0
2020-10-13 22:48:46,4,0.415,4.49,-20.0
2020-10-13 22:48:46,5,0.4,4.52,-20.0
2020-10-13 22:48:46,6,0.415,4.49,-20.0
2020-10-13 22:48:46,7,0.406,4.49,-20.0
2020-10-13 22:48:46,8,0.408,4.5,-20.0
2020-10-13 22:48:46,9,0.416,4.48,-20.0
2020-10-13 22:48:46,10,0.415,4.49,-20.0
2020-10-13 22:48:46,11,0.417,4.46,-20.0
2020-10-13 22:48:46,12,0.41,4.47,-20.0
2020-10-13 22:48:46,13,0.414,4.48,24.5
2020-10-13 22:48:46,14,0.417,4.49,-20.0
2020-10-13 22:48:46,15,0.409,4.51,-20.0
2020-10-13 22:48:46,16,0.426,4.52,-20.0
2020-10-13 22:48:46,17,0.42,4.49,-20.0
2020-10-13 22:48:46,18,0.429,4.5,-20.0
2020-10-13 22:48:46,19,0.438,4.48,-20.0
2020-10-13 22:48:46,20,0.408,4.47,-20.0
2020-10-13 22:48:46,21,0.418,4.48,-20.0
2020-10-13 22:48:46,22,0.412,4.48,-20.0
2020-10-13 22:48:46,23,0.442,4.49,-20.0
2020-10-13 22:48:46,24,0.404,4.5,-20.0
2020-10-13 22:48:46,25,0.413,4.5,21.8
2020-10-13 22:48:46,26,0.419,4.49,-20.0
2020-10-13 22:48:46,27,0.4,4.46,-20.0
2020-10-13 22:48:46,28,0.417,4.46,-20.0
2020-10-13 22:48:46,29,0.412,4.46,-20.0
2020-10-13 22:48:46,30,0.416,4.48,-20.0
2020-10-13 22:48:46,31,0.417,4.46,-20.0
2020-10-13 22:48:46,32,0.408,4.48,-20.0
2020-10-13 22:48:46,33,0.402,4.49,-20.0
2020-10-13 22:48:46,34,0.412,4.49,-20.0
2020-10-13 22:48:46,35,0.404,4.48,-20.0
2020-10-13 22:48:46,36,0.408,4.5,-20.0
2020-10-13 22:48:46,37,0.411,4.49,22.3
2020-10-13 22:48:46,38,0.406,4.48,-20.0
2020-10-13 22:48:46,39,0.422,4.48,-20.0
2020-10-13 22:48:46,40,0.407,4.48,-20.0
2020-10-13 22:48:46,41,0.412,4.5,-20.0
2020-10-13 22:48:46,42,0.41,4.47,-20.0
2020-10-13 22:48:46,43,0.419,4.49,-20.0
2020-10-13 22:48:46,44,0.429,4.5,-20.0
2020-10-13 22:48:46,45,0.418,4.5,-20.0
2020-10-13 22:48:46,46,0.416,4.48,-20.0
2020-10-13 22:48:46,47,0.414,4.48,-20.0
2020-10-13 22:48:46,48,0.405,4.48,-20.0
2020-10-13 22:48:46,49,0.487,4.46,24.4
2020-10-13 22:48:46,50,0.425,4.47,-20.0
2020-10-13 22:48:46,51,0.414,4.47,-20.0
2020-10-13 22:48:46,52,0.414,4.47,-20.0
2020-10-13 22:48:46,53,0.425,4.46,-20.0
2020-10-13 22:48:46,54,0.427,4.47,-20.0
2020-10-13 22:48:46,55,0.426,4.43,-20.0
2020-10-13 22:48:46,56,0.414,4.43,-20.0
2020-10-13 22:48:46,57,0.424,4.43,-20.0
2020-10-13 22:48:46,58,0.42,4.43,-20.0
2020-10-13 22:48:46,59,0.412,4.45,-20.0
2020-10-13 22:48:46,60,0.411,4.46,-20.0
2020-10-13 22:48:46,61,0.418,4.5,21.7
2020-10-13 22:48:46,62,0.414,4.5,-20.0
2020-10-13 22:48:46,63,0.406,4.48,-20.0
2020-10-13 22:48:46,64,0.39,4.46,-20.0
2020-10-13 22:48:46,65,0.399,4.45,-20.0
2020-10-13 22:48:46,66,0.418,4.45,-20.0
2020-10-13 22:48:46,67,0.404,4.43,-20.0
2020-10-13 22:48:46,68,0.413,4.46,-20.0
2020-10-13 22:48:46,69,0.401,4.46,-20.0
2020-10-13 22:48:46,70,0.403,4.47,-20.0
2020-10-13 22:48:46,71,0.413,4.49,-20.0
2020-10-13 22:48:46,72,0.411,4.49,-20.0
2020-10-13 22:48:46,73,0.425,4.52,21.7
2020-10-13 22:48:46,74,0.418,4.49,-20.0
2020-10-13 22:48:46,75,0.429,4.47,-20.0
2020-10-13 22:48:46,76,0.429,4.45,-20.0
2020-10-13 22:48:46,77,0.423,4.51,-20.0
2020-10-13 22:48:46,78,0.408,4.48,-20.0
2020-10-13 22:48:46,79,0.425,4.49,-20.0
2020-10-13 22:48:46,80,0.426,4.5,-20.0
2020-10-13 22:48:46,81,0.425,4.51,-20.0
2020-10-13 22:48:46,82,0.425,4.52,-20.0
2020-10-13 22:48:46,83,0.419,4.51,-20.0
2020-10-13 22:48:46,84,0.429,4.5,-20.0
2020-10-13 22:48:46,85,0.424,4.48,23.0
2020-10-13 22:48:46,86,0.415,4.47,-20.0
2020-10-13 22:48:46,87,0.444,4.46,-20.0
2020-10-13 22:48:46,88,0.402,4.48,-20.0
2020-10-13 22:48:46,89,0.413,4.5,-20.0
2020-10-13 22:48:46,90,0.413,4.48,-20.0
2020-10-13 22:48:46,91,0.415,4.49,-20.0
2020-10-13 22:48:46,92,0.401,4.5,-20.0
2020-10-13 22:48:46,93,0.413,4.5,-20.0
2020-10-13 22:48:46,94,0.42,4.47,-20.0
2020-10-13 22:48:46,95,0.421,4.46,-20.0
2020-10-13 22:48:46,96,0.408,4.48,-20.0
2020-10-14 10:48:20,1,0.419,4.49,25.4
2020-10-14 10:48:20,2,0.415,4.5,-20.0
2020-10-14 10:48:20,3,0.418,4.52,-20.0
2020-10-14 10:48:20,4,0.416,4.48,-20.0
2020-10-14 10:48:20,5,0.404,4.52,-20.0
2020-10-14 10:48:20,6,0.415,4.5,-20.0
2020-10-14 10:48:20,7,0.405,4.48,-20.0
2020-10-14 10:48:20,8,0.411,4.5,-20.0
2020-10-14 10:48:20,9,0.415,4.48,-20.0
2020-10-14 10:48:20,10,0.416,4.5,-20.0
2020-10-14 10:48:20,11,0.416,4.45,-20.0
2020-10-14 10:48:20,12,0.411,4.46,-20.0
2020-10-14 10:48:20,13,0.413,4.48,24.7
2020-10-14 10:48:20,14,0.417,4.49,-20.0
2020-10-14 10:48:20,15,0.41,4.52,-20.0
2020-10-14 10:48:20,16,0.426,4.52,-20.0
2020-10-14 10:48:20,17,0.423,4.48,-20.0
2020-10-14 10:48:20,18,0.433,4.49,-20.0
2020-10-14 10:48:20,19,0.443,4.47,-20.0
2020-10-14 10:48:20,20,0.412,4.47,-20.0
2020-10-14 10:48:20,21,0.418,4.48,-20.0
2020-10-14 10:48:20,22,0.413,4.46,-20.0
2020-10-14 10:48:20,23,0.442,4.49,-20.0
2020-10-14 10:48:20,24,0.404,4.5,-20.0
2020-10-14 10:48:20,25,0.411,4.5,22.1
2020-10-14 10:48:20,26,0.42,4.49,-20.0
2020-10-14 10:48:20,27,0.405,4.46,-20.0
2020-10-14 10:48:20,28,0.418,4.47,-20.0
2020-10-14 10:48:20,29,0.414,4.46,-20.0
2020-10-14 10:48:20,30,0.418,4.47,-20.0
2020-10-14 10:48:20,31,0.416,4.47,-20.0
2020-10-14 10:48:20,32,0.407,4.48,-20.0
2020-10-14 10:48:20,33,0.403,4.48,-20.0
2020-10-14 10:48:20,34,0.41,4.48,-20.0
2020-10-14 10:48:20,35,0.405,4.49,-20.0
2020-10-14 10:48:20,36,0.408,4.5,-20.0
2020-10-14 10:48:20,37,0.401,4.49,22.6
2020-10-14 10:48:20,38,0.39,4.49,-20.0
2020-10-14 10:48:20,39,0.413,4.48,-20.0
2020-10-14 10:48:20,40,0.407,4.47,-20.0
2020-10-14 10:48:20,41,0.409,4.49,-20.0
2020-10-14 10:48:20,42,0.396,4.48,-20.0
2020-10-14 10:48:20,43,0.4,4.47,-20.0
2020-10-14 10:48:20,44,0.417,4.49,-20.0
2020-10-14 10:48:20,45,0.417,4.51,-20.0
2020-10-14 10:48:20,46,0.417,4.49,-20.0
2020-10-14 10:48:20,47,0.417,4.48,-20.0
2020-10-14 10:48:20,48,0.407,4.48,-20.0
2020-10-14 10:48:20,49,0.487,4.45,24.7
2020-10-14 10:48:20,50,0.427,4.47,-20.0
2020-10-14 10:48:20,51,0.412,4.47,-20.0
2020-10-14 10:48:20,52,0.416,4.47,-20.0
2020-10-14 10:48:20,53,0.423,4.45,-20.0
2020-10-14 10:48:20,54,0.422,4.47,-20.0
2020-10-14 10:48:20,55,0.423,4.43,-20.0
2020-10-14 10:48:20,56,0.415,4.44,-20.0
2020-10-14 10:48:20,57,0.423,4.43,-20.0
2020-10-14 10:48:20,58,0.418,4.42,-20.0
2020-10-14 10:48:20,59,0.414,4.45,-20.0
2020-10-14 10:48:20,60,0.414,4.46,-20.0
2020-10-14 10:48:20,61,0.418,4.5,22.1
2020-10-14 10:48:20,62,0.412,4.49,-20.0
2020-10-14 10:48:20,63,0.408,4.48,-20.0
2020-10-14 10:48:20,64,0.396,4.46,-20.0
2020-10-14 10:48:20,65,0.405,4.45,-20.0
2020-10-14 10:48:20,66,0.416,4.45,-20.0
2020-10-14 10:48:20,67,0.408,4.44,-20.0
2020-10-14 10:48:20,68,0.418,4.46,-20.0
2020-10-14 10:48:20,69,0.406,4.45,-20.0
2020-10-14 10:48:20,70,0.403,4.47,-20.0
2020-10-14 10:48:20,71,0.412,4.49,-20.0
2020-10-14 10:48:20,72,0.413,4.48,-20.0
2020-10-14 10:48:20,73,0.422,4.52,22.3
2020-10-14 10:48:20,74,0.416,4.49,-20.0
2020-10-14 10:48:20,75,0.427,4.47,-20.0
2020-10-14 10:48:20,76,0.427,4.45,-20.0
2020-10-14 10:48:20,77,0.422,4.51,-20.0
2020-10-14 10:48:20,78,0.409,4.47,-20.0
2020-10-14 10:48:20,79,0.422,4.49,-20.0
2020-10-14 10:48:20,80,0.423,4.51,-20.0
2020-10-14 10:48:20,81,0.424,4.52,-20.0
2020-10-14 10:48:20,82,0.427,4.52,-20.0
2020-10-14 10:48:20,83,0.421,4.5,-20.0
2020-10-14 10:48:20,84,0.426,4.49,-20.0
2020-10-14 10:48:20,85,0.421,4.47,23.5
2020-10-14 10:48:20,86,0.412,4.47,-20.0
2020-10-14 10:48:20,87,0.445,4.47,-20.0
2020-10-14 10:48:20,88,0.404,4.47,-20.0
2020-10-14 10:48:20,89,0.416,4.5,-20.0
2020-10-14 10:48:20,90,0.411,4.48,-20.0
2020-10-14 10:48:20,91,0.411,4.5,-20.0
2020-10-14 10:48:20,92,0.401,4.51,-20.0
2020-10-14 10:48:20,93,0.414,4.5,-20.0
2020-10-14 10:48:20,94,0.421,4.48,-20.0
2020-10-14 10:48:20,95,0.423,4.46,-20.0
2020-10-14 10:48:20,96,0.41,4.49,-20.0
2020-10-14 22:47:52,1,0.416,4.49,25.4
2020-10-14 22:47:52,2,0.415,4.51,-20.0
2020-10-14 22:47:52,3,0.416,4.52,-20.0
2020-10-14 22:47:52,4,0.417,4.48,-20.0
2020-10-14 22:47:52,5,0.404,4.52,-20.0
2020-10-14 22:47:52,6,0.416,4.49,-20.0
2020-10-14 22:47:52,7,0.405,4.48,-20.0
2020-10-14 22:47:52,8,0.411,4.5,-20.0
2020-10-14 22:47:52,9,0.416,4.47,-20.0
2020-10-14 22:47:52,10,0.414,4.49,-20.0
2020-10-14 22:47:52,11,0.416,4.46,-20.0
2020-10-14 22:47:52,12,0.412,4.47,-20.0
2020-10-14 22:47:52,13,0.413,4.48,24.7
2020-10-14 22:47:52,14,0.417,4.5,-20.0
2020-10-14 22:47:52,15,0.411,4.52,-20.0
2020-10-14 22:47:52,16,0.423,4.53,-20.0
2020-10-14 22:47:52,17,0.421,4.48,-20.0
2020-10-14 22:47:52,18,0.431,4.49,-20.0
2020-10-14 22:47:52,19,0.444,4.48,-20.0
2020-10-14 22:47:52,20,0.414,4.47,-20.0
2020-10-14 22:47:52,21,0.419,4.49,-20.0
2020-10-14 22:47:52,22,0.414,4.47,-20.0
2020-10-14 22:47:52,23,0.445,4.48,-20.0
2020-10-14 22:47:52,24,0.408,4.5,-20.0
2020-10-14 22:47:52,25,0.414,4.5,22.1
2020-10-14 22:47:52,26,0.423,4.48,-20.0
2020-10-14 22:47:52,27,0.41,4.47,-20.0
2020-10-14 22:47:52,28,0.418,4.46,-20.0
2020-10-14 22:47:52,29,0.415,4.45,-20.0
2020-10-14 22:47:52,30,0.419,4.47,-20.0
2020-10-14 22:47:52,31,0.418,4.46,-20.0
2020-10-14 22:47:52,32,0.41,4.47,-20.0
2020-10-14 22:47:52,33,0.407,4.48,-20.0
2020-10-14 22:47:52,34,0.411,4.48,-20.0
2020-10-14 22:47:52,35,0.407,4.49,-20.0
2020-10-14 22:47:52,36,0.41,4.5,-20.0
2020-10-14 22:47:52,37,0.405,4.48,22.6
2020-10-14 22:47:52,38,0.393,4.5,-20.0
2020-10-14 22:47:52,39,0.416,4.47,-20.0
2020-10-14 22:47:52,40,0.41,4.48,-20.0
2020-10-14 22:47:52,41,0.411,4.49,-20.0
2020-10-14 22:47:52,42,0.4,4.47,-20.0
2020-10-14 22:47:52,44,0.419,4.49,-20.0
2020-10-14 22:47:52,45,0.415,4.5,-20.0
2020-10-14 22:47:52,46,0.42,4.48,-20.0
2020-10-14 22:47:52,47,0.416,4.48,-20.0
2020-10-14 22:47:52,48,0.413,4.48,-20.0
2020-10-14 22:47:52,49,0.483,4.46,24.7
2020-10-14 22:47:52,50,0.427,4.47,-20.0
2020-10-14 22:47:52,51,0.411,4.48,-20.0
2020-10-14 22:47:52,52,0.417,4.46,-20.0
2020-10-14 22:47:52,53,0.423,4.45,-20.0
2020-10-14 22:47:52,54,0.421,4.47,-20.0
2020-10-14 22:47:52,55,0.427,4.44,-20.0
2020-10-14 22:47:52,56,0.414,4.44,-20.0
2020-10-14 22:47:52,57,0.421,4.43,-20.0
2020-10-14 22:47:52,58,0.41,4.42,-20.0
2020-10-14 22:47:52,59,0.388,4.45,-20.0
2020-10-14 22:47:52,60,0.401,4.46,-20.0
2020-10-14 22:47:52,61,0.416,4.5,22.1
2020-10-14 22:47:52,62,0.412,4.49,-20.0
2020-10-14 22:47:52,63,0.389,4.48,-20.0
2020-10-14 22:47:52,64,0.394,4.46,-20.0
2020-10-14 22:47:52,65,0.397,4.45,-20.0
2020-10-14 22:47:52,66,0.415,4.45,-20.0
2020-10-14 22:47:52,67,0.408,4.43,-20.0
2020-10-14 22:47:52,68,0.421,4.47,-20.0
2020-10-14 22:47:52,69,0.409,4.46,-20.0
2020-10-14 22:47:52,70,0.4,4.47,-20.0
2020-10-14 22:47:52,71,0.411,4.49,-20.0
2020-10-14 22:47:52,72,0.414,4.49,-20.0
2020-10-14 22:47:52,73,0.423,4.52,22.4
2020-10-14 22:47:52,74,0.415,4.49,-20.0
2020-10-14 22:47:52,75,0.428,4.47,-20.0
2020-10-14 22:47:52,76,0.428,4.45,-20.0
2020-10-14 22:47:52,77,0.424,4.5,-20.0
2020-10-14 22:47:52,78,0.409,4.47,-20.0
2020-10-14 22:47:52,79,0.421,4.49,-20.0
2020-10-14 22:47:52,80,0.425,4.5,-20.0
2020-10-14 22:47:52,81,0.424,4.51,-20.0
2020-10-14 22:47:52,82,0.427,4.51,-20.0
2020-10-14 22:47:52,83,0.422,4.5,-20.0
2020-10-14 22:47:52,84,0.424,4.5,-20.0
2020-10-14 22:47:52,85,0.421,4.48,23.7
2020-10-14 22:47:52,86,0.412,4.46,-20.0
2020-10-14 22:47:52,87,0.442,4.47,-20.0
2020-10-14 22:47:52,88,0.404,4.48,-20.0
2020-10-14 22:47:52,89,0.416,4.49,-20.0
2020-10-14 22:47:52,90,0.414,4.48,-20.0
2020-10-14 22:47:52,91,0.415,4.49,-20.0
2020-10-14 22:47:52,92,0.401,4.51,-20.0
2020-10-14 22:47:52,93,0.414,4.5,-20.0
2020-10-14 22:47:52,94,0.422,4.47,-20.0
2020-10-14 22:47:52,95,0.422,4.47,-20.0
2020-10-14 22:47:52,96,0.408,4.48,-20.0
2020-10-15 10:47:24,1,0.415,4.5,25.4
2020-10-15 10:47:24,2,0.415,4.5,-20.0
2020-10-15 10:47:24,3,0.417,4.51,-20.0
2020-10-15 10:47:24,4,0.419,4.49,-20.0
2020-10-15 10:47:24,5,0.403,4.5,-20.0
2020-10-15 10:47:24,6,0.415,4.5,-20.0
2020-10-15 10:47:24,7,0.406,4.48,-20.0
2020-10-15 10:47:24,8,0.413,4.5,-20.0
2020-10-15 10:47:24,9,0.415,4.47,-20.0
2020-10-15 10:47:24,10,0.415,4.5,-20.0
2020-10-15 10:47:24,11,0.413,4.45,-20.0
2020-10-15 10:47:24,12,0.41,4.47,-20.0
2020-10-15 10:47:24,13,0.411,4.48,24.7
2020-10-15 10:47:24,14,0.416,4.49,-20.0
2020-10-15 10:47:24,15,0.414,4.52,-20.0
2020-10-15 10:47:24,16,0.424,4.52,-20.0
2020-10-15 10:47:24,17,0.418,4.48,-20.0
2020-10-15 10:47:24,18,0.43,4.49,-20.0
2020-10-15 10:47:24,19,0.441,4.47,-20.0
2020-10-15 10:47:24,20,0.412,4.48,-20.0
2020-10-15 10:47:24,21,0.417,4.49,-20.0
2020-10-15 10:47:24,22,0.415,4.46,-20.0
2020-10-15 10:47:24,23,0.445,4.48,-20.0
2020-10-15 10:47:24,24,0.41,4.49,-20.0
2020-10-15 10:47:24,25,0.415,4.5,22.2
2020-10-15 10:47:24,26,0.422,4.48,-20.0
2020-10-15 10:47:24,27,0.412,4.47,-20.0
2020-10-15 10:47:24,28,0.419,4.47,-20.0
2020-10-15 10:47:24,29,0.416,4.48,-20.0
2020-10-15 10:47:24,30,0.413,4.48,-20.0
2020-10-15 10:47:24,31,0.413,4.46,-20.0
2020-10-15 10:47:24,32,0.394,4.47,-20.0
2020-10-15 10:47:24,33,0.402,4.48,-20.0
2020-10-15 10:47:24,34,0.4,4.48,-20.0
2020-10-15 10:47:24,35,0.405,4.49,-20.0
2020-10-15 10:47:24,36,0.408,4.5,-20.0
2020-10-15 10:47:24,37,0.389,4.48,22.7
2020-10-15 10:47:24,38,0.385,4.49,-20.0
2020-10-15 10:47:24,39,0.417,4.47,-20.0
2020-10-15 10:47:24,40,0.412,4.48,-20.0
2020-10-15 10:47:24,41,0.412,4.5,-20.0
2020-10-15 10:47:24,42,0.4,4.48,-20.0
2020-10-15 10:47:24,43,0.41,4.48,-20.0
2020-10-15 10:47:24,44,0.421,4.49,-20.0
2020-10-15 10:47:24,45,0.418,4.49,-20.0
2020-10-15 10:47:24,46,0.422,4.48,-20.0
2020-10-15 10:47:24,47,0.419,4.49,-20.0
2020-10-15 10:47:24,48,0.412,4.47,-20.0
2020-10-15 10:47:24,49,0.485,4.46,24.7
2020-10-15 10:47:24,50,0.431,4.46,-20.0
2020-10-15 10:47:24,51,0.412,4.47,-20.0
2020-10-15 10:47:24,52,0.419,4.46,-20.0
2020-10-15 10:47:24,53,0.42,4.45,-20.0
2020-10-15 10:47:24,54,0.42,4.47,-20.0
2020-10-15 10:47:24,55,0.428,4.44,-20.0
2020-10-15 10:47:24,56,0.417,4.44,-20.0
2020-10-15 10:47:24,57,0.425,4.43,-20.0
2020-10-15 10:47:24,58,0.411,4.43,-20.0
2020-10-15 10:47:24,59,0.398,4.44,-20.0
2020-10-15 10:47:24,60,0.403,4.46,-20.0
2020-10-15 10:47:24,61,0.42,4.5,22.1
2020-10-15 10:47:24,62,0.414,4.49,-20.0
2020-10-15 10:47:24,63,0.402,4.48,-20.0
2020-10-15 10:47:24,64,0.405,4.46,-20.0
2020-10-15 10:47:24,65,0.406,4.45,-20.0
2020-10-15 10:47:24,66,0.418,4.45,-20.0
2020-10-15 10:47:24,67,0.411,4.43,-20.0
2020-10-15 10:47:24,68,0.43,4.46,-20.0
2020-10-15 10:47:24,69,0.425,4.45,-20.0
2020-10-15 10:47:24,70,0.412,4.47,-20.0
2020-10-15 10:47:24,71,0.413,4.48,-20.0
2020-10-15 10:47:24,72,0.413,4.49,-20.0
2020-10-15 10:47:24,73,0.427,4.52,22.5
2020-10-15 10:47:24,74,0.421,4.49,-20.0
2020-10-15 10:47:24,75,0.434,4.47,-20.0
2020-10-15 10:47:24,76,0.427,4.45,-20.0
2020-10-15 10:47:24,77,0.426,4.5,-20.0
2020-10-15 10:47:24,78,0.402,4.47,-20.0
2020-10-15 10:47:24,79,0.423,4.49,-20.0
2020-10-15 10:47:24,80,0.426,4.51,-20.0
2020-10-15 10:47:24,81,0.422,4.51,-20.0
2020-10-15 10:47:24,82,0.425,4.52,-20.0
2020-10-15 10:47:24,83,0.417,4.5,-20.0
2020-10-15 10:47:24,84,0.421,4.49,-20.0
2020-10-15 10:47:24,85,0.419,4.48,23.8
2020-10-15 10:47:24,86,0.411,4.46,-20.0
2020-10-15 10:47:24,87,0.442,4.47,-20.0
2020-10-15 10:47:24,88,0.401,4.47,-20.0
2020-10-15 10:47:24,89,0.416,4.49,-20.0
2020-10-15 10:47:24,90,0.412,4.48,-20.0
2020-10-15 10:47:24,91,0.415,4.49,-20.0
2020-10-15 10:47:24,92,0.399,4.5,-20.0
2020-10-15 10:47:24,93,0.411,4.5,-20.0
2020-10-15 10:47:24,94,0.425,4.47,-20.0
2020-10-15 10:47:24,95,0.42,4.46,-20.0
2020-10-15 10:47:24,96,0.407,4.49,-20.0
2020-10-15 22:46:58,1,0.415,4.49,25.4
2020-10-15 22:46:58,2,0.414,4.5,-20.0
2020-10-15 22:46:58,3,0.419,4.52,-20.0
2020-10-15 22:46:58,4,0.419,4.48,-20.0
2020-10-15 22:46:58,5,0.401,4.51,-20.0
2020-10-15 22:46:58,6,0.414,4.5,-20.0
2020-10-15 22:46:58,7,0.406,4.48,-20.0
2020-10-15 22:46:58,8,0.412,4.51,-20.0
2020-10-15 22:46:58,9,0.414,4.48,-20.0
2020-10-15 22:46:58,10,0.416,4.49,-20.0
2020-10-15 22:46:58,11,0.415,4.45,-20.0
2020-10-15 22:46:58,12,0.412,4.47,-20.0
2020-10-15 22:46:58,13,0.408,4.48,24.6
2020-10-15 22:46:58,14,0.417,4.48,-20.0
2020-10-15 22:46:58,15,0.413,4.51,-20.0
2020-10-15 22:46:58,16,0.423,4.52,-20.0
2020-10-15 22:46:58,17,0.42,4.49,-20.0
2020-10-15 22:46:58,18,0.427,4.5,-20.0
2020-10-15 22:46:58,19,0.44,4.47,-20.0
2020-10-15 22:46:58,20,0.412,4.48,-20.0
2020-10-15 22:46:58,21,0.411,4.49,-20.0
2020-10-15 22:46:58,22,0.421,4.47,-20.0
2020-10-15 22:46:58,23,0.448,4.48,-20.0
2020-10-15 22:46:58,24,0.407,4.49,-20.0
2020-10-15 22:46:58,25,0.416,4.5,22.1
2020-10-15 22:46:58,26,0.426,4.49,-20.0
2020-10-15 22:46:58,27,0.421,4.47,-20.0
2020-10-15 22:46:58,28,0.428,4.46,-20.0
2020-10-15 22:46:58,29,0.42,4.46,-20.0
2020-10-15 22:46:58,30,0.413,4.49,-20.0
2020-10-15 22:46:58,31,0.416,4.46,-20.0
2020-10-15 22:46:58,32,0.408,4.47,-20.0
2020-10-15 22:46:58,33,0.411,4.49,-20.0
2020-10-15 22:46:58,34,0.408,4.48,-20.0
2020-10-15 22:46:58,35,0.408,4.48,-20.0
2020-10-15 22:46:58,36,0.41,4.49,-20.0
2020-10-15 22:46:58,37,0.397,4.48,22.6
2020-10-15 22:46:58,38,0.39,4.49,-20.0
2020-10-15 22:46:58,39,0.418,4.47,-20.0
2020-10-15 22:46:58,40,0.411,4.47,-20.0
2020-10-15 22:46:58,41,0.413,4.49,-20.0
2020-10-15 22:46:58,42,0.401,4.48,-20.0
2020-10-15 22:46:58,43,0.415,4.47,-20.0
2020-10-15 22:46:58,44,0.425,4.49,-20.0
2020-10-15 22:46:58,45,0.418,4.49,-20.0
2020-10-15 22:46:58,46,0.419,4.48,-20.0
2020-10-15 22:46:58,47,0.416,4.48,-20.0
2020-10-15 22:46:58,48,0.411,4.48,-20.0
2020-10-15 22:46:58,49,0.49,4.46,24.7
2020-10-15 22:46:58,50,0.436,4.47,-20.0
2020-10-15 22:46:58,51,0.409,4.48,-20.0
2020-10-15 22:46:58,52,0.411,4.47,-20.0
2020-10-15 22:46:58,53,0.419,4.45,-20.0
2020-10-15 22:46:58,54,0.416,4.46,-20.0
2020-10-15 22:46:58,55,0.422,4.44,-20.0
2020-10-15 22:46:58,56,0.417,4.44,-20.0
2020-10-15 22:46:58,57,0.421,4.43,-20.0
2020-10-15 22:46:58,58,0.404,4.43,-20.0
2020-10-15 22:46:58,59,0.389,4.44,-20.0
2020-10-15 22:46:58,60,0.388,4.46,-20.0
2020-10-15 22:46:58,61,0.415,4.49,22.1
2020-10-15 22:46:58,62,0.413,4.49,-20.0
2020-10-15 22:46:58,63,0.41,4.48,-20.0
2020-10-15 22:46:58,64,0.399,4.46,-20.0
2020-10-15 22:46:58,65,0.408,4.45,-20.0
2020-10-15 22:46:58,66,0.42,4.45,-20.0
2020-10-15 22:46:58,67,0.41,4.43,-20.0
2020-10-15 22:46:58,68,0.427,4.46,-20.0
2020-10-15 22:46:58,69,0.417,4.45,-20.0
2020-10-15 22:46:58,70,0.404,4.47,-20.0
2020-10-15 22:46:58,71,0.414,4.48,-20.0
2020-10-15 22:46:58,72,0.411,4.49,-20.0
2020-10-15 22:46:58,73,0.423,4.52,22.4
2020-10-15 22:46:58,74,0.408,4.48,-20.0
2020-10-15 22:46:58,75,0.388,4.48,-20.0
2020-10-15 22:46:58,76,0.428,4.46,-20.0
2020-10-15 22:46:58,77,0.425,4.5,-20.0
2020-10-15 22:46:58,78,0.404,4.47,-20.0
2020-10-15 22:46:58,79,0.418,4.49,-20.0
2020-10-15 22:46:58,80,0.42,4.51,-20.0
2020-10-15 22:46:58,81,0.422,4.51,-20.0
2020-10-15 22:46:58,82,0.422,4.52,-20.0
2020-10-15 22:46:58,83,0.426,4.5,-20.0
2020-10-15 22:46:58,84,0.421,4.49,-20.0
2020-10-15 22:46:58,85,0.417,4.48,23.3
2020-10-15 22:46:58,86,0.414,4.47,-20.0
2020-10-15 22:46:58,87,0.442,4.47,-20.0
2020-10-15 22:46:58,88,0.402,4.47,-20.0
2020-10-15 22:46:58,89,0.417,4.49,-20.0
2020-10-15 22:46:58,90,0.411,4.47,-20.0
2020-10-15 22:46:58,91,0.415,4.49,-20.0
2020-10-15 22:46:58,92,0.399,4.5,-20.0
2020-10-15 22:46:58,93,0.409,4.5,-20.0
2020-10-15 22:46:58,94,0.422,4.47,-20.0
2020-10-15 22:46:58,95,0.419,4.47,-20.0
2020-10-15 22:46:58,96,0.408,4.49,-20.0
2020-10-16 10:46:29,1,0.415,4.5,25.4
2020-10-16 10:46:29,2,0.414,4.51,-20.0
2020-10-16 10:46:29,3,0.421,4.51,-20.0
2020-10-16 10:46:29,4,0.417,4.48,-20.0
2020-10-16 10:46:29,5,0.403,4.51,-20.0
2020-10-16 10:46:29,6,0.417,4.48,-20.0
2020-10-16 10:46:29,7,0.41,4.47,-20.0
2020-10-16 10:46:29,8,0.412,4.5,-20.0
2020-10-16 10:46:29,9,0.413,4.48,-20.0
2020-10-16 10:46:29,10,0.417,4.49,-20.0
2020-10-16 10:46:29,11,0.414,4.46,-20.0
2020-10-16 10:46:29,12,0.412,4.46,-20.0
2020-10-16 10:46:29,13,0.409,4.48,24.4
2020-10-16 10:46:29,14,0.419,4.49,-20.0
2020-10-16 10:46:29,15,0.412,4.52,-20.0
2020-10-16 10:46:29,16,0.42,4.52,-20.0
2020-10-16 10:46:29,17,0.416,4.49,-20.0
2020-10-16 10:46:29,18,0.424,4.49,-20.0
2020-10-16 10:46:29,19,0.44,4.47,-20.0
2020-10-16 10:46:29,20,0.41,4.47,-20.0
2020-10-16 10:46:29,21,0.411,4.48,-20.0
2020-10-16 10:46:29,22,0.421,4.46,-20.0
2020-10-16 10:46:29,23,0.438,4.48,-20.0
2020-10-16 10:46:29,24,0.41,4.49,-20.0
2020-10-16 10:46:29,25,0.418,4.49,21.9
2020-10-16 10:46:29,26,0.427,4.48,-20.0
2020-10-16 10:46:29,27,0.421,4.46,-20.0
2020-10-16 10:46:29,28,0.426,4.47,-20.0
2020-10-16 10:46:29,29,0.417,4.46,-20.0
2020-10-16 10:46:29,30,0.411,4.47,-20.0
2020-10-16 10:46:29,31,0.419,4.46,-20.0
2020-10-16 10:46:29,32,0.412,4.47,-20.0
2020-10-16 10:46:29,33,0.412,4.48,-20.0
2020-10-16 10:46:29,34,0.414,4.48,-20.0
2020-10-16 10:46:29,35,0.41,4.48,-20.0
2020-10-16 10:46:29,36,0.41,4.49,-20.0
2020-10-16 10:46:29,37,0.4,4.49,22.3
2020-10-16 10:46:29,38,0.392,4.49,-20.0
2020-10-16 10:46:29,39,0.418,4.48,-20.0
2020-10-16 10:46:29,40,0.413,4.49,-20.0
2020-10-16 10:46:29,41,0.412,4.49,-20.0
2020-10-16 10:46:29,42,0.402,4.47,-20.0
2020-10-16 10:46:29,43,0.417,4.48,-20.0
2020-10-16 10:46:29,44,0.423,4.49,-20.0
2020-10-16 10:46:29,45,0.417,4.49,-20.0
2020-10-16 10:46:29,46,0.423,4.49,-20.0
2020-10-16 10:46:29,47,0.416,4.49,-20.0
2020-10-16 10:46:29,48,0.413,4.49,-20.0
2020-10-16 10:46:29,49,0.49,4.46,24.4
2020-10-16 10:46:29,50,0.434,4.47,-20.0
2020-10-16 10:46:29,51,0.417,4.48,-20.0
2020-10-16 10:46:29,52,0.412,4.47,-20.0
2020-10-16 10:46:29,53,0.42,4.45,-20.0
2020-10-16 10:46:29,54,0.417,4.47,-20.0
2020-10-16 10:46:29,55,0.428,4.44,-20.0
2020-10-16 10:46:29,56,0.413,4.44,-20.0
2020-10-16 10:46:29,57,0.419,4.43,-20.0
2020-10-16 10:46:29,58,0.409,4.42,-20.0
2020-10-16 10:46:29,59,0.396,4.45,-20.0
2020-10-16 10:46:29,60,0.391,4.46,-20.0
2020-10-16 10:46:29,61,0.416,4.5,21.7
2020-10-16 10:46:29,62,0.411,4.49,-20.0
2020-10-16 10:46:29,63,0.411,4.48,-20.0
2020-10-16 10:46:29,64,0.4,4.46,-20.0
2020-10-16 10:46:29,65,0.411,4.45,-20.0
2020-10-16 10:46:29,66,0.418,4.45,-20.0
2020-10-16 10:46:29,67,0.411,4.44,-20.0
2020-10-16 10:46:29,68,0.427,4.46,-20.0
2020-10-16 10:46:29,69,0.412,4.46,-20.0
2020-10-16 10:46:29,70,0.406,4.46,-20.0
2020-10-16 10:46:29,71,0.413,4.49,-20.0
2020-10-16 10:46:29,72,0.413,4.49,-20.0
2020-10-16 10:46:29,73,0.422,4.51,21.8
2020-10-16 10:46:29,74,0.409,4.49,-20.0
2020-10-16 10:46:29,75,0.398,4.47,-20.0
2020-10-16 10:46:29,76,0.427,4.45,-20.0
2020-10-16 10:46:29,77,0.423,4.51,-20.0
2020-10-16 10:46:29,78,0.405,4.48,-20.0
2020-10-16 10:46:29,79,0.418,4.49,-20.0
2020-10-16 10:46:29,80,0.423,4.51,-20.0
2020-10-16 10:46:29,81,0.426,4.52,-20.0
2020-10-16 10:46:29,82,0.422,4.51,-20.0
2020-10-16 10:46:29,83,0.424,4.51,-20.0
2020-10-16 10:46:29,84,0.422,4.5,-20.0
2020-10-16 10:46:29,85,0.417,4.48,22.7
2020-10-16 10:46:29,86,0.416,4.47,-20.0
2020-10-16 10:46:29,87,0.44,4.47,-20.0
2020-10-16 10:46:29,88,0.401,4.48,-20.0
2020-10-16 10:46:29,89,0.416,4.49,-20.0
2020-10-16 10:46:29,90,0.415,4.47,-20.0
2020-10-16 10:46:29,91,0.415,4.48,-20.0
2020-10-16 10:46:29,92,0.4,4.5,-20.0
2020-10-16 10:46:29,93,0.413,4.5,-20.0
2020-10-16 10:46:29,94,0.426,4.48,-20.0
2020-10-16 10:46:29,95,0.416,4.46,-20.0
2020-10-16 10:46:29,96,0.406,4.48,-20.0
2020-10-16 22:46:09,1,0.415,4.5,25.4
2020-10-16 22:46:09,2,0.413,4.5,-20.0
2020-10-16 22:46:09,3,0.421,4.52,-20.0
2020-10-16 22:46:09,4,0.418,4.49,-20.0
2020-10-16 22:46:09,5,0.405,4.51,-20.0
2020-10-16 22:46:09,6,0.419,4.5,-20.0
2020-10-16 22:46:09,7,0.412,4.48,-20.0
2020-10-16 22:46:09,8,0.414,4.5,-20.0
2020-10-16 22:46:09,9,0.414,4.48,-20.0
2020-10-16 22:46:09,10,0.419,4.5,-20.0
2020-10-16 22:46:09,11,0.414,4.45,-20.0
2020-10-16 22:46:09,12,0.412,4.47,-20.0
2020-10-16 22:46:09,13,0.409,4.48,24.5
2020-10-16 22:46:09,14,0.419,4.48,-20.0
2020-10-16 22:46:09,15,0.412,4.52,-20.0
2020-10-16 22:46:09,16,0.42,4.51,-20.0
2020-10-16 22:46:09,17,0.414,4.5,-20.0
2020-10-16 22:46:09,18,0.425,4.49,-20.0
2020-10-16 22:46:09,19,0.442,4.47,-20.0
2020-10-16 22:46:09,20,0.41,4.46,-20.0
2020-10-16 22:46:09,21,0.411,4.48,-20.0
2020-10-16 22:46:09,22,0.423,4.46,-20.0
2020-10-16 22:46:09,23,0.441,4.48,-20.0
2020-10-16 22:46:09,24,0.409,4.49,-20.0
2020-10-16 22:46:09,25,0.417,4.51,22.0
2020-10-16 22:46:09,26,0.427,4.49,-20.0
2020-10-16 22:46:09,27,0.423,4.47,-20.0
2020-10-16 22:46:09,28,0.421,4.46,-20.0
2020-10-16 22:46:09,29,0.413,4.47,-20.0
2020-10-16 22:46:09,30,0.412,4.48,-20.0
2020-10-16 22:46:09,31,0.42,4.46,-20.0
2020-10-16 22:46:09,32,0.412,4.47,-20.0
2020-10-16 22:46:09,33,0.412,4.48,-20.0
2020-10-16 22:46:09,34,0.415,4.5,-20.0
2020-10-16 22:46:09,35,0.412,4.48,-20.0
2020-10-16 22:46:09,36,0.41,4.5,-20.0
2020-10-16 22:46:09,37,0.401,4.48,22.5
2020-10-16 22:46:09,38,0.397,4.49,-20.0
2020-10-16 22:46:09,39,0.421,4.46,-20.0
2020-10-16 22:46:09,40,0.411,4.47,-20.0
2020-10-16 22:46:09,41,0.413,4.49,-20.0
2020-10-16 22:46:09,42,0.405,4.47,-20.0
2020-10-16 22:46:09,43,0.42,4.47,-20.0
2020-10-16 22:46:09,44,0.425,4.49,-20.0
2020-10-16 22:46:09,45,0.421,4.5,-20.0
2020-10-16 22:46:09,46,0.419,4.49,-20.0
2020-10-16 22:46:09,47,0.416,4.48,-20.0
2020-10-16 22:46:09,48,0.408,4.47,-20.0
2020-10-16 22:46:09,49,0.486,4.46,24.4
2020-10-16 22:46:09,50,0.433,4.47,-20.0
2020-10-16 22:46:09,51,0.414,4.47,-20.0
2020-10-16 22:46:09,52,0.415,4.46,-20.0
2020-10-16 22:46:09,53,0.419,4.45,-20.0
2020-10-16 22:46:09,54,0.416,4.47,-20.0
2020-10-16 22:46:09,55,0.414,4.44,-20.0
2020-10-16 22:46:09,56,0.415,4.43,-20.0
2020-10-16 22:46:09,57,0.419,4.43,-20.0
2020-10-16 22:46:09,58,0.411,4.43,-20.0
2020-10-16 22:46:09,59,0.401,4.45,-20.0
2020-10-16 22:46:09,60,0.404,4.46,-20.0
2020-10-16 22:46:09,61,0.418,4.5,21.9
2020-10-16 22:46:09,62,0.411,4.49,-20.0
2020-10-16 22:46:09,63,0.413,4.48,-20.0
2020-10-16 22:46:09,64,0.403,4.46,-20.0
2020-10-16 22:46:09,65,0.412,4.45,-20.0
2020-10-16 22:46:09,66,0.417,4.45,-20.0
2020-10-16 22:46:09,67,0.414,4.44,-20.0
2020-10-16 22:46:09,68,0.424,4.46,-20.0
2020-10-16 22:46:09,69,0.41,4.45,-20.0
2020-10-16 22:46:09,70,0.412,4.47,-20.0
2020-10-16 22:46:09,71,0.417,4.49,-20.0
2020-10-16 22:46:09,72,0.409,4.49,-20.0
2020-10-16 22:46:09,73,0.419,4.53,22.1
2020-10-16 22:46:09,74,0.408,4.49,-20.0
2020-10-16 22:46:09,75,0.408,4.47,-20.0
2020-10-16 22:46:09,76,0.424,4.45,-20.0
2020-10-16 22:46:09,77,0.419,4.51,-20.0
2020-10-16 22:46:09,78,0.405,4.47,-20.0
2020-10-16 22:46:09,79,0.414,4.49,-20.0
2020-10-16 22:46:09,80,0.421,4.51,-20.0
2020-10-16 22:46:09,81,0.425,4.51,-20.0
2020-10-16 22:46:09,82,0.419,4.52,-20.0
2020-10-16 22:46:09,83,0.424,4.5,-20.0
2020-10-16 22:46:09,84,0.421,4.5,-20.0
2020-10-16 22:46:09,85,0.418,4.48,23.3
2020-10-16 22:46:09,86,0.412,4.46,-20.0
2020-10-16 22:46:09,87,0.441,4.47,-20.0
2020-10-16 22:46:09,88,0.404,4.48,-20.0
2020-10-16 22:46:09,89,0.418,4.49,-20.0
2020-10-16 22:46:09,90,0.414,4.47,-20.0
2020-10-16 22:46:09,91,0.415,4.48,-20.0
2020-10-16 22:46:09,92,0.401,4.51,-20.0
2020-10-16 22:46:09,93,0.414,4.5,-20.0
2020-10-16 22:46:09,94,0.424,4.47,-20.0
2020-10-16 22:46:09,95,0.415,4.46,-20.0
2020-10-16 22:46:09,96,0.405,4.49,-20.0
2020-10-17 10:45:38,1,0.415,4.49,25.4
2020-10-17 10:45:38,2,0.415,4.5,-20.0
2020-10-17 10:45:38,3,0.418,4.52,-20.0
2020-10-17 10:45:38,4,0.42,4.47,-20.0
2020-10-17 10:45:38,5,0.405,4.51,-20.0
2020-10-17 10:45:38,6,0.419,4.49,-20.0
2020-10-17 10:45:38,7,0.412,4.48,-20.0
2020-10-17 10:45:38,8,0.409,4.5,-20.0
2020-10-17 10:45:38,9,0.414,4.47,-20.0
2020-10-17 10:45:38,10,0.414,4.5,-20.0
2020-10-17 10:45:38,11,0.415,4.46,-20.0
2020-10-17 10:45:38,12,0.409,4.46,-20.0
2020-10-17 10:45:38,13,0.409,4.47,24.5
2020-10-17 10:45:38,14,0.417,4.5,-20.0
2020-10-17 10:45:38,15,0.411,4.53,-20.0
2020-10-17 10:45:38,16,0.42,4.52,-20.0
2020-10-17 10:45:38,17,0.414,4.49,-20.0
2020-10-17 10:45:38,18,0.427,4.49,-20.0
2020-10-17 10:45:38,19,0.44,4.47,-20.0
2020-10-17 10:45:38,20,0.411,4.47,-20.0
2020-10-17 10:45:38,21,0.412,4.48,-20.0
2020-10-17 10:45:38,22,0.418,4.47,-20.0
2020-10-17 10:45:38,23,0.439,4.48,-20.0
2020-10-17 10:45:38,24,0.41,4.5,-20.0
2020-10-17 10:45:38,25,0.418,4.5,21.9
2020-10-17 10:45:38,26,0.422,4.48,-20.0
2020-10-17 10:45:38,27,0.421,4.46,-20.0
2020-10-17 10:45:38,28,0.422,4.47,-20.0
2020-10-17 10:45:38,29,0.416,4.46,-20.0
2020-10-17 10:45:38,30,0.414,4.47,-20.0
2020-10-17 10:45:38,31,0.42,4.46,-20.0
2020-10-17 10:45:38,32,0.412,4.47,-20.0
2020-10-17 10:45:38,33,0.411,4.48,-20.0
2020-10-17 10:45:38,34,0.414,4.48,-20.0
2020-10-17 10:45:38,35,0.411,4.49,-20.0
2020-10-17 10:45:38,36,0.412,4.51,-20.0
2020-10-17 10:45:38,37,0.409,4.48,22.3
2020-10-17 10:45:38,38,0.403,4.48,-20.0
2020-10-17 10:45:38,39,0.421,4.46,-20.0
2020-10-17 10:45:38,40,0.41,4.47,-20.0
2020-10-17 10:45:38,41,0.412,4.49,-20.0
2020-10-17 10:45:38,42,0.403,4.47,-20.0
2020-10-17 10:45:38,43,0.42,4.48,-20.0
2020-10-17 10:45:38,44,0.423,4.49,-20.0
2020-10-17 10:45:38,45,0.419,4.5,-20.0
2020-10-17 10:45:38,46,0.417,4.49,-20.0
2020-10-17 10:45:38,47,0.419,4.49,-20.0
2020-10-17 10:45:38,48,0.412,4.47,-20.0
2020-10-17 10:45:38,49,0.487,4.46,24.5
2020-10-17 10:45:38,50,0.429,4.46,-20.0
2020-10-17 10:45:38,51,0.416,4.48,-20.0
2020-10-17 10:45:38,52,0.413,4.47,-20.0
2020-10-17 10:45:38,53,0.424,4.45,-20.0
2020-10-17 10:45:38,54,0.418,4.46,-20.0
2020-10-17 10:45:38,55,0.416,4.44,-20.0
2020-10-17 10:45:38,56,0.416,4.43,-20.0
2020-10-17 10:45:38,57,0.418,4.43,-20.0
2020-10-17 10:45:38,58,0.406,4.43,-20.0
2020-10-17 10:45:38,59,0.421,4.44,-20.0
2020-10-17 10:45:38,60,0.421,4.46,-20.0
2020-10-17 10:45:38,61,0.414,4.5,21.8
2020-10-17 10:45:38,62,0.41,4.49,-20.0
2020-10-17 10:45:38,63,0.437,4.48,-20.0
2020-10-17 10:45:38,64,0.431,4.46,-20.0
2020-10-17 10:45:38,65,0.409,4.45,-20.0
2020-10-17 10:45:38,66,0.419,4.45,-20.0
2020-10-17 10:45:38,67,0.417,4.43,-20.0
2020-10-17 10:45:38,68,0.403,4.46,-20.0
2020-10-17 10:45:38,69,0.41,4.45,-20.0
2020-10-17 10:45:38,70,0.412,4.46,-20.0
2020-10-17 10:45:38,71,0.415,4.49,-20.0
2020-10-17 10:45:38,72,0.41,4.49,-20.0
2020-10-17 10:45:38,73,0.402,4.52,21.8
2020-10-17 10:45:38,74,0.411,4.49,-20.0
2020-10-17 10:45:38,75,0.413,4.47,-20.0
2020-10-17 10:45:38,76,0.424,4.46,-20.0
2020-10-17 10:45:38,77,0.423,4.51,-20.0
2020-10-17 10:45:38,78,0.409,4.47,-20.0
2020-10-17 10:45:38,79,0.415,4.49,-20.0
2020-10-17 10:45:38,80,0.424,4.51,-20.0
2020-10-17 10:45:38,81,0.423,4.51,-20.0
2020-10-17 10:45:38,82,0.421,4.51,-20.0
2020-10-17 10:45:38,83,0.425,4.51,-20.0
2020-10-17 10:45:38,84,0.421,4.5,-20.0
2020-10-17 10:45:38,85,0.421,4.47,22.7
2020-10-17 10:45:38,86,0.413,4.47,-20.0
2020-10-17 10:45:38,87,0.441,4.47,-20.0
2020-10-17 10:45:38,88,0.403,4.48,-20.0
2020-10-17 10:45:38,89,0.413,4.5,-20.0
2020-10-17 10:45:38,90,0.408,4.48,-20.0
2020-10-17 10:45:38,91,0.416,4.49,-20.0
2020-10-17 10:45:38,92,0.401,4.5,-20.0
2020-10-17 10:45:38,93,0.411,4.5,-20.0
2020-10-17 10:45:38,94,0.419,4.47,-20.0
2020-10-17 10:45:38,95,0.415,4.46,-20.0
2020-10-17 10:45:38,96,0.407,4.48,-20.0
2020-10-17 22:45:07,1,0.413,4.5,25.4
2020-10-17 22:45:07,2,0.415,4.5,-20.0
2020-10-17 22:45:07,3,0.416,4.52,-20.0
2020-10-17 22:45:07,4,0.418,4.49,-20.0
2020-10-17 22:45:07,5,0.407,4.51,-20.0
2020-10-17 22:45:07,6,0.422,4.5,-20.0
2020-10-17 22:45:07,7,0.412,4.49,-20.0
2020-10-17 22:45:07,8,0.403,4.5,-20.0
2020-10-17 22:45:07,9,0.408,4.48,-20.0
2020-10-17 22:45:07,10,0.415,4.5,-20.0
2020-10-17 22:45:07,11,0.413,4.46,-20.0
2020-10-17 22:45:07,12,0.414,4.45,-20.0
2020-10-17 22:45:07,13,0.412,4.48,24.6
2020-10-17 22:45:07,14,0.413,4.49,-20.0
2020-10-17 22:45:07,15,0.413,4.52,-20.0
2020-10-17 22:45:07,16,0.424,4.51,-20.0
2020-10-17 22:45:07,17,0.421,4.48,-20.0
2020-10-17 22:45:07,18,0.434,4.49,-20.0
2020-10-17 22:45:07,19,0.441,4.47,-20.0
2020-10-17 22:45:07,20,0.41,4.47,-20.0
2020-10-17 22:45:07,21,0.412,4.48,-20.0
2020-10-17 22:45:07,22,0.423,4.48,-20.0
2020-10-17 22:45:07,23,0.449,4.49,-20.0
2020-10-17 22:45:07,24,0.408,4.49,-20.0
2020-10-17 22:45:07,25,0.415,4.51,22.2
2020-10-17 22:45:07,26,0.421,4.48,-20.0
2020-10-17 22:45:07,27,0.422,4.47,-20.0
2020-10-17 22:45:07,28,0.423,4.47,-20.0
2020-10-17 22:45:07,29,0.413,4.46,-20.0
2020-10-17 22:45:07,30,0.415,4.48,-20.0
2020-10-17 22:45:07,31,0.418,4.47,-20.0
2020-10-17 22:45:07,32,0.41,4.47,-20.0
2020-10-17 22:45:07,33,0.411,4.49,-20.0
2020-10-17 22:45:07,34,0.413,4.49,-20.0
2020-10-17 22:45:07,35,0.412,4.48,-20.0
2020-10-17 22:45:07,36,0.411,4.5,-20.0
2020-10-17 22:45:07,37,0.411,4.48,22.7
2020-10-17 22:45:07,38,0.406,4.49,-20.0
2020-10-17 22:45:07,39,0.422,4.47,-20.0
2020-10-17 22:45:07,40,0.409,4.48,-20.0
2020-10-17 22:45:07,41,0.414,4.49,-20.0
2020-10-17 22:45:07,42,0.404,4.47,-20.0
2020-10-17 22:45:07,43,0.419,4.48,-20.0
2020-10-17 22:45:07,44,0.414,4.5,-20.0
2020-10-17 22:45:07,45,0.419,4.49,-20.0
2020-10-17 22:45:07,46,0.413,4.49,-20.0
2020-10-17 22:45:07,47,0.405,4.48,-20.0
2020-10-17 22:45:07,48,0.4,4.47,-20.0
2020-10-17 22:45:07,49,0.488,4.47,24.7
2020-10-17 22:45:07,50,0.42,4.47,-20.0
2020-10-17 22:45:07,51,0.414,4.48,-20.0
2020-10-17 22:45:07,52,0.413,4.47,-20.0
2020-10-17 22:45:07,53,0.436,4.46,-20.0
2020-10-17 22:45:07,54,0.438,4.47,-20.0
2020-10-17 22:45:07,55,0.425,4.44,-20.0
2020-10-17 22:45:07,56,0.414,4.44,-20.0
2020-10-17 22:45:07,57,0.419,4.43,-20.0
2020-10-17 22:45:07,58,0.392,4.42,-20.0
2020-10-17 22:45:07,59,0.433,4.45,-20.0
2020-10-17 22:45:07,60,0.438,4.46,-20.0
2020-10-17 22:45:07,61,0.414,4.5,22.1
2020-10-17 22:45:07,62,0.412,4.49,-20.0
2020-10-17 22:45:07,63,0.426,4.48,-20.0
2020-10-17 22:45:07,64,0.433,4.46,-20.0
2020-10-17 22:45:07,65,0.417,4.45,-20.0
2020-10-17 22:45:07,66,0.42,4.45,-20.0
2020-10-17 22:45:07,67,0.412,4.43,-20.0
2020-10-17 22:45:07,68,0.409,4.45,-20.0
2020-10-17 22:45:07,69,0.415,4.46,-20.0
2020-10-17 22:45:07,70,0.42,4.47,-20.0
2020-10-17 22:45:07,71,0.413,4.49,-20.0
2020-10-17 22:45:07,72,0.413,4.49,-20.0
2020-10-17 22:45:07,73,0.401,4.52,22.5
2020-10-17 22:45:07,74,0.407,4.49,-20.0
2020-10-17 22:45:07,75,0.411,4.47,-20.0
2020-10-17 22:45:07,76,0.425,4.45,-20.0
2020-10-17 22:45:07,77,0.424,4.51,-20.0
2020-10-17 22:45:07,78,0.411,4.47,-20.0
2020-10-17 22:45:07,79,0.417,4.49,-20.0
2020-10-17 22:45:07,80,0.424,4.5,-20.0
2020-10-17 22:45:07,81,0.424,4.51,-20.0
2020-10-17 22:45:07,82,0.419,4.51,-20.0
2020-10-17 22:45:07,83,0.424,4.5,-20.0
2020-10-17 22:45:07,84,0.425,4.49,-20.0
2020-10-17 22:45:07,85,0.419,4.47,23.6
2020-10-17 22:45:07,86,0.416,4.47,-20.0
2020-10-17 22:45:07,87,0.44,4.47,-20.0
2020-10-17 22:45:07,88,0.403,4.47,-20.0
2020-10-17 22:45:07,89,0.413,4.49,-20.0
2020-10-17 22:45:07,90,0.41,4.48,-20.0
2020-10-17 22:45:07,91,0.416,4.49,-20.0
2020-10-17 22:45:07,92,0.399,4.5,-20.0
2020-10-17 22:45:07,93,0.415,4.49,-20.0
2020-10-17 22:45:07,94,0.418,4.48,-20.0
2020-10-17 22:45:07,95,0.416,4.47,-20.0
2020-10-17 22:45:07,96,0.406,4.49,-20.0
2020-10-18 10:44:41,1,0.412,4.5,25.4
2020-10-18 10:44:41,2,0.413,4.5,-20.0
2020-10-18 10:44:41,3,0.417,4.53,-20.0
2020-10-18 10:44:41,4,0.411,4.48,-20.0
2020-10-18 10:44:41,5,0.407,4.51,-20.0
2020-10-18 10:44:41,6,0.42,4.49,-20.0
2020-10-18 10:44:41,7,0.411,4.48,-20.0
2020-10-18 10:44:41,8,0.404,4.5,-20.0
2020-10-18 10:44:41,9,0.413,4.47,-20.0
2020-10-18 10:44:41,10,0.415,4.49,-20.0
2020-10-18 10:44:41,11,0.417,4.46,-20.0
2020-10-18 10:44:41,12,0.416,4.47,-20.0
2020-10-18 10:44:41,13,0.411,4.48,24.8
2020-10-18 10:44:41,14,0.413,4.49,-20.0
2020-10-18 10:44:41,15,0.411,4.52,-20.0
2020-10-18 10:44:41,16,0.422,4.52,-20.0
2020-10-18 10:44:41,17,0.416,4.49,-20.0
2020-10-18 10:44:41,18,0.431,4.49,-20.0
2020-10-18 10:44:41,19,0.442,4.48,-20.0
2020-10-18 10:44:41,20,0.412,4.48,-20.0
2020-10-18 10:44:41,21,0.412,4.49,-20.0
2020-10-18 10:44:41,22,0.422,4.46,-20.0
2020-10-18 10:44:41,23,0.447,4.48,-20.0
2020-10-18 10:44:41,24,0.411,4.5,-20.0
2020-10-18 10:44:41,25,0.413,4.5,22.3
2020-10-18 10:44:41,26,0.42,4.48,-20.0
2020-10-18 10:44:41,27,0.421,4.47,-20.0
2020-10-18 10:44:41,28,0.425,4.47,-20.0
2020-10-18 10:44:41,29,0.412,4.46,-20.0
2020-10-18 10:44:41,30,0.414,4.47,-20.0
2020-10-18 10:44:41,31,0.416,4.46,-20.0
2020-10-18 10:44:41,32,0.408,4.47,-20.0
2020-10-18 10:44:41,33,0.411,4.49,-20.0
2020-10-18 10:44:41,34,0.414,4.49,-20.0
2020-10-18 10:44:41,35,0.41,4.49,-20.0
2020-10-18 10:44:41,36,0.412,4.5,-20.0
2020-10-18 10:44:41,37,0.412,4.47,22.8
2020-10-18 10:44:41,38,0.409,4.5,-20.0
2020-10-18 10:44:41,39,0.42,4.48,-20.0
2020-10-18 10:44:41,40,0.41,4.48,-20.0
2020-10-18 10:44:41,41,0.415,4.49,-20.0
2020-10-18 10:44:41,42,0.407,4.47,-20.0
2020-10-18 10:44:41,43,0.416,4.48,-20.0
2020-10-18 10:44:41,44,0.418,4.49,-20.0
2020-10-18 10:44:41,45,0.416,4.49,-20.0
2020-10-18 10:44:41,46,0.413,4.48,-20.0
2020-10-18 10:44:41,47,0.407,4.48,-20.0
2020-10-18 10:44:41,48,0.404,4.49,-20.0
2020-10-18 10:44:41,49,0.488,4.46,24.8
2020-10-18 10:44:41,50,0.423,4.47,-20.0
2020-10-18 10:44:41,51,0.413,4.47,-20.0
2020-10-18 10:44:41,52,0.416,4.47,-20.0
2020-10-18 10:44:41,53,0.432,4.46,-20.0
2020-10-18 10:44:41,54,0.432,4.47,-20.0
2020-10-18 10:44:41,55,0.425,4.44,-20.0
2020-10-18 10:44:41,56,0.413,4.43,-20.0
2020-10-18 10:44:41,57,0.42,4.44,-20.0
2020-10-18 10:44:41,58,0.402,4.43,-20.0
2020-10-18 10:44:41,59,0.433,4.44,-20.0
2020-10-18 10:44:41,60,0.431,4.46,-20.0
2020-10-18 10:44:41,61,0.417,4.5,22.2
2020-10-18 10:44:41,62,0.41,4.49,-20.0
2020-10-18 10:44:41,63,0.423,4.48,-20.0
2020-10-18 10:44:41,64,0.425,4.46,-20.0
2020-10-18 10:44:41,65,0.411,4.45,-20.0
2020-10-18 10:44:41,66,0.421,4.45,-20.0
2020-10-18 10:44:41,67,0.415,4.43,-20.0
2020-10-18 10:44:41,68,0.411,4.46,-20.0
2020-10-18 10:44:41,69,0.416,4.45,-20.0
2020-10-18 10:44:41,70,0.411,4.47,-20.0
2020-10-18 10:44:41,71,0.412,4.49,-20.0
2020-10-18 10:44:41,72,0.408,4.49,-20.0
2020-10-18 10:44:41,73,0.394,4.52,22.6
2020-10-18 10:44:41,74,0.394,4.5,-20.0
2020-10-18 10:44:41,75,0.413,4.47,-20.0
2020-10-18 10:44:41,76,0.42,4.45,-20.0
2020-10-18 10:44:41,77,0.422,4.51,-20.0
2020-10-18 10:44:41,78,0.402,4.47,-20.0
2020-10-18 10:44:41,79,0.416,4.5,-20.0
2020-10-18 10:44:41,80,0.423,4.51,-20.0
2020-10-18 10:44:41,81,0.425,4.51,-20.0
2020-10-18 10:44:41,82,0.42,4.52,-20.0
2020-10-18 10:44:41,83,0.424,4.5,-20.0
2020-10-18 10:44:41,84,0.426,4.49,-20.0
2020-10-18 10:44:41,85,0.417,4.47,24.0
2020-10-18 10:44:41,86,0.414,4.47,-20.0
2020-10-18 10:44:41,87,0.44,4.47,-20.0
2020-10-18 10:44:41,88,0.4,4.48,-20.0
2020-10-18 10:44:41,89,0.411,4.49,-20.0
2020-10-18 10:44:41,90,0.413,4.48,-20.0
2020-10-18 10:44:41,91,0.417,4.49,-20.0
2020-10-18 10:44:41,92,0.395,4.5,-20.0
2020-10-18 10:44:41,93,0.415,4.5,-20.0
2020-10-18 10:44:41,94,0.419,4.48,-20.0
2020-10-18 10:44:41,95,0.415,4.47,-20.0
2020-10-18 10:44:41,96,0.406,4.48,-20.0
2020-10-18 22:44:06,1,0.413,4.5,25.4
2020-10-18 22:44:06,2,0.414,4.51,-20.0
2020-10-18 22:44:06,3,0.416,4.52,-20.0
2020-10-18 22:44:06,4,0.411,4.47,-20.0
2020-10-18 22:44:06,5,0.406,4.51,-20.0
2020-10-18 22:44:06,6,0.418,4.5,-20.0
2020-10-18 22:44:06,7,0.411,4.49,-20.0
2020-10-18 22:44:06,8,0.407,4.51,-20.0
2020-10-18 22:44:06,9,0.415,4.48,-20.0
2020-10-18 22:44:06,10,0.414,4.5,-20.0
2020-10-18 22:44:06,11,0.418,4.45,-20.0
2020-10-18 22:44:06,12,0.416,4.47,-20.0
2020-10-18 22:44:06,13,0.412,4.48,24.7
2020-10-18 22:44:06,14,0.413,4.5,-20.0
2020-10-18 22:44:06,15,0.411,4.51,-20.0
2020-10-18 22:44:06,16,0.422,4.52,-20.0
2020-10-18 22:44:06,17,0.416,4.49,-20.0
2020-10-18 22:44:06,18,0.432,4.49,-20.0
2020-10-18 22:44:06,19,0.443,4.48,-20.0
2020-10-18 22:44:06,20,0.414,4.48,-20.0
2020-10-18 22:44:06,21,0.414,4.48,-20.0
2020-10-18 22:44:06,22,0.419,4.47,-20.0
2020-10-18 22:44:06,23,0.446,4.49,-20.0
2020-10-18 22:44:06,24,0.409,4.49,-20.0
2020-10-18 22:44:06,25,0.419,4.5,22.3
2020-10-18 22:44:06,26,0.426,4.48,-20.0
2020-10-18 22:44:06,27,0.422,4.46,-20.0
2020-10-18 22:44:06,28,0.428,4.47,-20.0
2020-10-18 22:44:06,29,0.416,4.47,-20.0
2020-10-18 22:44:06,30,0.413,4.47,-20.0
2020-10-18 22:44:06,31,0.418,4.46,-20.0
2020-10-18 22:44:06,32,0.411,4.48,-20.0
2020-10-18 22:44:06,33,0.413,4.49,-20.0
2020-10-18 22:44:06,34,0.414,4.49,-20.0
2020-10-18 22:44:06,35,0.411,4.48,-20.0
2020-10-18 22:44:06,36,0.41,4.5,-20.0
2020-10-18 22:44:06,37,0.403,4.48,22.8
2020-10-18 22:44:06,38,0.398,4.49,-20.0
2020-10-18 22:44:06,39,0.412,4.47,-20.0
2020-10-18 22:44:06,40,0.41,4.48,-20.0
2020-10-18 22:44:06,41,0.411,4.49,-20.0
2020-10-18 22:44:06,42,0.393,4.47,-20.0
2020-10-18 22:44:06,43,0.404,4.48,-20.0
2020-10-18 22:44:06,44,0.41,4.49,-20.0
2020-10-18 22:44:06,45,0.419,4.49,-20.0
2020-10-18 22:44:06,46,0.412,4.48,-20.0
2020-10-18 22:44:06,47,0.399,4.49,-20.0
2020-10-18 22:44:06,48,0.408,4.48,-20.0
2020-10-18 22:44:06,49,0.49,4.46,24.8
2020-10-18 22:44:06,50,0.423,4.47,-20.0
2020-10-18 22:44:06,51,0.415,4.48,-20.0
2020-10-18 22:44:06,52,0.417,4.46,-20.0
2020-10-18 22:44:06,53,0.428,4.45,-20.0
2020-10-18 22:44:06,54,0.429,4.46,-20.0
2020-10-18 22:44:06,55,0.426,4.44,-20.0
2020-10-18 22:44:06,56,0.412,4.43,-20.0
2020-10-18 22:44:06,57,0.419,4.43,-20.0
2020-10-18 22:44:06,58,0.408,4.42,-20.0
2020-10-18 22:44:06,59,0.432,4.44,-20.0
2020-10-18 22:44:06,60,0.43,4.46,-20.0
2020-10-18 22:44:06,61,0.417,4.49,22.3
2020-10-18 22:44:06,62,0.414,4.49,-20.0
2020-10-18 22:44:06,63,0.419,4.48,-20.0
2020-10-18 22:44:06,64,0.42,4.46,-20.0
2020-10-18 22:44:06,65,0.41,4.45,-20.0
2020-10-18 22:44:06,66,0.421,4.45,-20.0
2020-10-18 22:44:06,67,0.413,4.43,-20.0
2020-10-18 22:44:06,68,0.412,4.45,-20.0
2020-10-18 22:44:06,69,0.415,4.46,-20.0
2020-10-18 22:44:06,70,0.413,4.47,-20.0
2020-10-18 22:44:06,71,0.414,4.49,-20.0
2020-10-18 22:44:06,72,0.412,4.48,-20.0
2020-10-18 22:44:06,73,0.398,4.52,22.7
2020-10-18 22:44:06,74,0.397,4.49,-20.0
2020-10-18 22:44:06,75,0.419,4.47,-20.0
2020-10-18 22:44:06,76,0.423,4.45,-20.0
2020-10-18 22:44:06,77,0.424,4.5,-20.0
2020-10-18 22:44:06,78,0.402,4.47,-20.0
2020-10-18 22:44:06,79,0.417,4.5,-20.0
2020-10-18 22:44:06,80,0.423,4.51,-20.0
2020-10-18 22:44:06,81,0.428,4.5,-20.0
2020-10-18 22:44:06,82,0.42,4.51,-20.0
2020-10-18 22:44:06,83,0.422,4.5,-20.0
2020-10-18 22:44:06,84,0.425,4.49,-20.0
2020-10-18 22:44:06,85,0.417,4.48,23.9
2020-10-18 22:44:06,86,0.417,4.46,-20.0
2020-10-18 22:44:06,87,0.442,4.47,-20.0
2020-10-18 22:44:06,88,0.402,4.48,-20.0
2020-10-18 22:44:06,89,0.411,4.49,-20.0
2020-10-18 22:44:06,90,0.41,4.48,-20.0
2020-10-18 22:44:06,91,0.417,4.49,-20.0
2020-10-18 22:44:06,92,0.4,4.5,-20.0
2020-10-18 22:44:06,93,0.413,4.49,-20.0
2020-10-18 22:44:06,94,0.418,4.48,-20.0
2020-10-18 22:44:06,95,0.414,4.46,-20.0
2020-10-18 22:44:06,96,0.405,4.48,-20.0
2020-10-19 10:43:30,1,0.413,4.5,25.4
2020-10-19 10:43:30,2,0.416,4.51,-20.0
2020-10-19 10:43:30,3,0.415,4.52,-20.0
2020-10-19 10:43:30,4,0.414,4.48,-20.0
2020-10-19 10:43:30,5,0.407,4.52,-20.0
2020-10-19 10:43:30,6,0.418,4.49,-20.0
2020-10-19 10:43:30,7,0.409,4.48,-20.0
2020-10-19 10:43:30,8,0.406,4.5,-20.0
2020-10-19 10:43:30,9,0.418,4.48,-20.0
2020-10-19 10:43:30,10,0.417,4.5,-20.0
2020-10-19 10:43:30,11,0.418,4.46,-20.0
2020-10-19 10:43:30,12,0.419,4.47,-20.0
2020-10-19 10:43:30,13,0.413,4.48,24.7
2020-10-19 10:43:30,14,0.414,4.5,-20.0
2020-10-19 10:43:30,15,0.409,4.52,-20.0
2020-10-19 10:43:30,16,0.423,4.51,-20.0
2020-10-19 10:43:30,17,0.415,4.49,-20.0
2020-10-19 10:43:30,18,0.431,4.49,-20.0
2020-10-19 10:43:30,19,0.441,4.47,-20.0
2020-10-19 10:43:30,20,0.414,4.48,-20.0
2020-10-19 10:43:30,21,0.418,4.48,-20.0
2020-10-19 10:43:30,22,0.419,4.46,-20.0
2020-10-19 10:43:30,23,0.445,4.48,-20.0
2020-10-19 10:43:30,24,0.409,4.5,-20.0
2020-10-19 10:43:30,25,0.419,4.5,22.2
2020-10-19 10:43:30,26,0.425,4.48,-20.0
2020-10-19 10:43:30,27,0.419,4.47,-20.0
2020-10-19 10:43:30,28,0.428,4.47,-20.0
2020-10-19 10:43:30,29,0.416,4.46,-20.0
2020-10-19 10:43:30,30,0.413,4.47,-20.0
2020-10-19 10:43:30,31,0.418,4.47,-20.0
2020-10-19 10:43:30,32,0.411,4.47,-20.0
2020-10-19 10:43:30,33,0.412,4.48,-20.0
2020-10-19 10:43:30,34,0.414,4.48,-20.0
2020-10-19 10:43:30,35,0.41,4.48,-20.0
2020-10-19 10:43:30,36,0.407,4.51,-20.0
2020-10-19 10:43:30,37,0.403,4.49,22.7
2020-10-19 10:43:30,38,0.402,4.49,-20.0
2020-10-19 10:43:30,39,0.411,4.47,-20.0
2020-10-19 10:43:30,40,0.413,4.47,-20.0
2020-10-19 10:43:30,41,0.412,4.49,-20.0
2020-10-19 10:43:30,42,0.397,4.47,-20.0
2020-10-19 10:43:30,43,0.407,4.48,-20.0
2020-10-19 10:43:30,44,0.416,4.49,-20.0
2020-10-19 10:43:30,45,0.42,4.5,-20.0
2020-10-19 10:43:30,46,0.415,4.5,-20.0
2020-10-19 10:43:30,47,0.403,4.47,-20.0
2020-10-19 10:43:30,48,0.411,4.48,-20.0
2020-10-19 10:43:30,49,0.494,4.46,24.6
2020-10-19 10:43:30,50,0.432,4.47,-20.0
2020-10-19 10:43:30,51,0.414,4.47,-20.0
2020-10-19 10:43:30,52,0.416,4.46,-20.0
2020-10-19 10:43:30,53,0.422,4.46,-20.0
2020-10-19 10:43:30,54,0.423,4.46,-20.0
2020-10-19 10:43:30,55,0.423,4.44,-20.0
2020-10-19 10:43:30,56,0.413,4.44,-20.0
2020-10-19 10:43:30,57,0.417,4.43,-20.0
2020-10-19 10:43:30,58,0.413,4.43,-20.0
2020-10-19 10:43:30,59,0.403,4.45,-20.0
2020-10-19 10:43:30,60,0.406,4.46,-20.0
2020-10-19 10:43:30,61,0.42,4.51,22.2
2020-10-19 10:43:30,62,0.411,4.49,-20.0
2020-10-19 10:43:30,63,0.424,4.48,-20.0
2020-10-19 10:43:30,64,0.426,4.46,-20.0
2020-10-19 10:43:30,65,0.386,4.45,-20.0
2020-10-19 10:43:30,66,0.42,4.45,-20.0
2020-10-19 10:43:30,67,0.411,4.44,-20.0
2020-10-19 10:43:30,68,0.423,4.46,-20.0
2020-10-19 10:43:30,69,0.397,4.46,-20.0
2020-10-19 10:43:30,70,0.414,4.47,-20.0
2020-10-19 10:43:30,71,0.413,4.49,-20.0
2020-10-19 10:43:30,72,0.415,4.48,-20.0
2020-10-19 10:43:30,73,0.399,4.52,22.5
2020-10-19 10:43:30,74,0.39,4.49,-20.0
2020-10-19 10:43:30,75,0.376,4.47,-20.0
2020-10-19 10:43:30,76,0.425,4.45,-20.0
2020-10-19 10:43:30,77,0.424,4.51,-20.0
2020-10-19 10:43:30,78,0.401,4.48,-20.0
2020-10-19 10:43:30,79,0.408,4.48,-20.0
2020-10-19 10:43:30,80,0.417,4.5,-20.0
2020-10-19 10:43:30,81,0.428,4.51,-20.0
2020-10-19 10:43:30,82,0.421,4.52,-20.0
2020-10-19 10:43:30,83,0.422,4.51,-20.0
2020-10-19 10:43:30,84,0.424,4.49,-20.0
2020-10-19 10:43:30,85,0.417,4.47,23.7
2020-10-19 10:43:30,86,0.421,4.47,-20.0
2020-10-19 10:43:30,87,0.442,4.47,-20.0
2020-10-19 10:43:30,88,0.4,4.47,-20.0
2020-10-19 10:43:30,89,0.412,4.49,-20.0
2020-10-19 10:43:30,90,0.409,4.48,-20.0
2020-10-19 10:43:30,91,0.42,4.49,-20.0
2020-10-19 10:43:30,92,0.399,4.5,-20.0
2020-10-19 10:43:30,93,0.413,4.5,-20.0
2020-10-19 10:43:30,94,0.419,4.47,-20.0
2020-10-19 10:43:30,95,0.413,4.47,-20.0
2020-10-19 10:43:30,96,0.409,4.48,-20.0
2020-10-19 22:43:04,1,0.412,4.49,25.4
2020-10-19 22:43:04,2,0.416,4.5,-20.0
2020-10-19 22:43:04,3,0.416,4.52,-20.0
2020-10-19 22:43:04,4,0.414,4.47,-20.0
2020-10-19 22:43:04,5,0.406,4.52,-20.0
2020-10-19 22:43:04,6,0.419,4.49,-20.0
2020-10-19 22:43:04,7,0.407,4.48,-20.0
2020-10-19 22:43:04,8,0.408,4.5,-20.0
2020-10-19 22:43:04,9,0.413,4.48,-20.0
2020-10-19 22:43:04,10,0.417,4.5,-20.0
2020-10-19 22:43:04,11,0.42,4.45,-20.0
2020-10-19 22:43:04,12,0.419,4.47,-20.0
2020-10-19 22:43:04,13,0.412,4.48,24.5
2020-10-19 22:43:04,14,0.416,4.48,-20.0
2020-10-19 22:43:04,15,0.412,4.51,-20.0
2020-10-19 22:43:04,16,0.424,4.5,-20.0
2020-10-19 22:43:04,17,0.419,4.49,-20.0
2020-10-19 22:43:04,18,0.428,4.49,-20.0
2020-10-19 22:43:04,19,0.437,4.47,-20.0
2020-10-19 22:43:04,20,0.411,4.48,-20.0
2020-10-19 22:43:04,21,0.418,4.48,-20.0
2020-10-19 22:43:04,22,0.423,4.46,-20.0
2020-10-19 22:43:04,23,0.447,4.48,-20.0
2020-10-19 22:43:04,24,0.408,4.49,-20.0
2020-10-19 22:43:04,25,0.421,4.51,22.0
2020-10-19 22:43:04,26,0.424,4.49,-20.0
2020-10-19 22:43:04,27,0.421,4.46,-20.0
2020-10-19 22:43:04,28,0.426,4.46,-20.0
2020-10-19 22:43:04,29,0.418,4.46,-20.0
2020-10-19 22:43:04,30,0.414,4.48,-20.0
2020-10-19 22:43:04,31,0.415,4.45,-20.0
2020-10-19 22:43:04,32,0.398,4.48,-20.0
2020-10-19 22:43:04,33,0.403,4.48,-20.0
2020-10-19 22:43:04,34,0.398,4.48,-20.0
2020-10-19 22:43:04,35,0.407,4.48,-20.0
2020-10-19 22:43:04,36,0.406,4.5,-20.0
2020-10-19 22:43:04,37,0.393,4.48,22.5
2020-10-19 22:43:04,38,0.386,4.49,-20.0
2020-10-19 22:43:04,39,0.406,4.48,-20.0
2020-10-19 22:43:04,40,0.416,4.48,-20.0
2020-10-19 22:43:04,41,0.413,4.49,-20.0
2020-10-19 22:43:04,42,0.399,4.47,-20.0
2020-10-19 22:43:04,43,0.41,4.47,-20.0
2020-10-19 22:43:04,44,0.418,4.49,-20.0
2020-10-19 22:43:04,45,0.42,4.49,-20.0
2020-10-19 22:43:04,46,0.417,4.48,-20.0
2020-10-19 22:43:04,47,0.404,4.49,-20.0
2020-10-19 22:43:04,48,0.411,4.48,-20.0
2020-10-19 22:43:04,49,0.481,4.46,24.5
2020-10-19 22:43:04,50,0.425,4.47,-20.0
2020-10-19 22:43:04,51,0.415,4.48,-20.0
2020-10-19 22:43:04,52,0.417,4.47,-20.0
2020-10-19 22:43:04,53,0.409,4.45,-20.0
2020-10-19 22:43:04,54,0.402,4.47,-20.0
2020-10-19 22:43:04,55,0.422,4.43,-20.0
2020-10-19 22:43:04,56,0.415,4.43,-20.0
2020-10-19 22:43:04,57,0.419,4.43,-20.0
2020-10-19 22:43:04,58,0.399,4.43,-20.0
2020-10-19 22:43:04,59,0.407,4.45,-20.0
2020-10-19 22:43:04,60,0.406,4.46,-20.0
2020-10-19 22:43:04,61,0.422,4.5,21.9
2020-10-19 22:43:04,62,0.414,4.49,-20.0
2020-10-19 22:43:04,63,0.422,4.48,-20.0
2020-10-19 22:43:04,64,0.428,4.46,-20.0
2020-10-19 22:43:04,65,0.392,4.45,-20.0
2020-10-19 22:43:04,66,0.422,4.45,-20.0
2020-10-19 22:43:04,67,0.409,4.43,-20.0
2020-10-19 22:43:04,68,0.415,4.45,-20.0
2020-10-19 22:43:04,69,0.409,4.45,-20.0
2020-10-19 22:43:04,70,0.415,4.46,-20.0
2020-10-19 22:43:04,71,0.415,4.49,-20.0
2020-10-19 22:43:04,72,0.413,4.49,-20.0
2020-10-19 22:43:04,73,0.402,4.52,22.1
2020-10-19 22:43:04,74,0.396,4.48,-20.0
2020-10-19 22:43:04,75,0.431,4.47,-20.0
2020-10-19 22:43:04,76,0.427,4.45,-20.0
2020-10-19 22:43:04,77,0.425,4.5,-20.0
2020-10-19 22:43:04,78,0.403,4.48,-20.0
2020-10-19 22:43:04,79,0.406,4.49,-20.0
2020-10-19 22:43:04,80,0.416,4.5,-20.0
2020-10-19 22:43:04,81,0.427,4.51,-20.0
2020-10-19 22:43:04,82,0.421,4.52,-20.0
2020-10-19 22:43:04,83,0.423,4.5,-20.0
2020-10-19 22:43:04,84,0.425,4.49,-20.0
2020-10-19 22:43:04,85,0.414,4.48,23.3
2020-10-19 22:43:04,86,0.419,4.47,-20.0
2020-10-19 22:43:04,87,0.443,4.47,-20.0
2020-10-19 22:43:04,88,0.4,4.48,-20.0
2020-10-19 22:43:04,89,0.413,4.49,-20.0
2020-10-19 22:43:04,90,0.409,4.47,-20.0
2020-10-19 22:43:04,91,0.417,4.48,-20.0
2020-10-19 22:43:04,92,0.398,4.5,-20.0
2020-10-19 22:43:04,93,0.413,4.5,-20.0
2020-10-19 22:43:04,94,0.421,4.47,-20.0
2020-10-19 22:43:04,95,0.414,4.47,-20.0
2020-10-19 22:43:04,96,0.408,4.49,-20.0
2020-10-20 10:42:29,1,0.411,4.5,25.5
2020-10-20 10:42:29,2,0.416,4.51,-20.0
2020-10-20 10:42:29,3,0.416,4.51,-20.0
2020-10-20 10:42:29,4,0.415,4.48,-20.0
2020-10-20 10:42:29,5,0.404,4.51,-20.0
2020-10-20 10:42:29,6,0.417,4.49,-20.0
2020-10-20 10:42:29,7,0.406,4.48,-20.0
2020-10-20 10:42:29,8,0.411,4.5,-20.0
2020-10-20 10:42:29,9,0.414,4.47,-20.0
2020-10-20 10:42:29,10,0.415,4.49,-20.0
2020-10-20 10:42:29,11,0.419,4.46,-20.0
2020-10-20 10:42:29,12,0.416,4.46,-20.0
2020-10-20 10:42:29,13,0.412,4.48,24.6
2020-10-20 10:42:29,14,0.417,4.49,-20.0
2020-10-20 10:42:29,15,0.412,4.51,-20.0
2020-10-20 10:42:29,16,0.424,4.52,-20.0
2020-10-20 10:42:29,17,0.41,4.49,-20.0
2020-10-20 10:42:29,18,0.424,4.49,-20.0
2020-10-20 10:42:29,19,0.434,4.48,-20.0
2020-10-20 10:42:29,20,0.41,4.48,-20.0
2020-10-20 10:42:29,21,0.419,4.48,-20.0
2020-10-20 10:42:29,22,0.42,4.46,-20.0
2020-10-20 10:42:29,23,0.446,4.48,-20.0
2020-10-20 10:42:29,24,0.405,4.49,-20.0
2020-10-20 10:42:29,25,0.421,4.49,22.1
2020-10-20 10:42:29,26,0.426,4.49,-20.0
2020-10-20 10:42:29,27,0.422,4.47,-20.0
2020-10-20 10:42:29,28,0.425,4.46,-20.0
2020-10-20 10:42:29,29,0.417,4.46,-20.0
2020-10-20 10:42:29,30,0.415,4.47,-20.0
2020-10-20 10:42:29,31,0.42,4.46,-20.0
2020-10-20 10:42:29,32,0.403,4.49,-20.0
2020-10-20 10:42:29,33,0.405,4.48,-20.0
2020-10-20 10:42:29,34,0.403,4.49,-20.0
2020-10-20 10:42:29,35,0.411,4.49,-20.0
2020-10-20 10:42:29,36,0.407,4.5,-20.0
2020-10-20 10:42:29,37,0.402,4.49,22.6
2020-10-20 10:42:29,38,0.395,4.49,-20.0
2020-10-20 10:42:29,39,0.41,4.47,-20.0
2020-10-20 10:42:29,40,0.417,4.47,-20.0
2020-10-20 10:42:29,41,0.413,4.49,-20.0
2020-10-20 10:42:29,42,0.403,4.47,-20.0
2020-10-20 10:42:29,43,0.412,4.48,-20.0
2020-10-20 10:42:29,44,0.423,4.48,-20.0
2020-10-20 10:42:29,45,0.422,4.49,-20.0
2020-10-20 10:42:29,46,0.418,4.49,-20.0
2020-10-20 10:42:29,47,0.406,4.48,-20.0
2020-10-20 10:42:29,48,0.414,4.48,-20.0
2020-10-20 10:42:29,49,0.478,4.46,24.5
2020-10-20 10:42:29,50,0.426,4.47,-20.0
2020-10-20 10:42:29,51,0.41,4.47,-20.0
2020-10-20 10:42:29,52,0.414,4.46,-20.0
2020-10-20 10:42:29,53,0.41,4.46,-20.0
2020-10-20 10:42:29,54,0.405,4.47,-20.0
2020-10-20 10:42:29,55,0.41,4.43,-20.0
2020-10-20 10:42:29,56,0.411,4.44,-20.0
2020-10-20 10:42:29,57,0.417,4.43,-20.0
2020-10-20 10:42:29,58,0.404,4.42,-20.0
2020-10-20 10:42:29,59,0.409,4.45,-20.0
2020-10-20 10:42:29,60,0.408,4.46,-20.0
2020-10-20 10:42:29,61,0.423,4.5,22.0
2020-10-20 10:42:29,62,0.413,4.49,-20.0
2020-10-20 10:42:29,63,0.421,4.47,-20.0
2020-10-20 10:42:29,64,0.421,4.46,-20.0
2020-10-20 10:42:29,65,0.398,4.45,-20.0
2020-10-20 10:42:29,66,0.421,4.45,-20.0
2020-10-20 10:42:29,67,0.411,4.44,-20.0
2020-10-20 10:42:29,68,0.418,4.46,-20.0
2020-10-20 10:42:29,69,0.409,4.46,-20.0
2020-10-20 10:42:29,70,0.413,4.47,-20.0
2020-10-20 10:42:29,71,0.414,4.48,-20.0
2020-10-20 10:42:29,72,0.413,4.49,-20.0
2020-10-20 10:42:29,73,0.406,4.51,22.2
2020-10-20 10:42:29,74,0.4,4.5,-20.0
2020-10-20 10:42:29,75,0.431,4.48,-20.0
2020-10-20 10:42:29,76,0.425,4.45,-20.0
2020-10-20 10:42:29,77,0.424,4.51,-20.0
2020-10-20 10:42:29,78,0.404,4.47,-20.0
2020-10-20 10:42:29,79,0.409,4.48,-20.0
2020-10-20 10:42:29,80,0.417,4.51,-20.0
2020-10-20 10:42:29,81,0.429,4.52,-20.0
2020-10-20 10:42:29,82,0.423,4.51,-20.0
2020-10-20 10:42:29,83,0.422,4.5,-20.0
2020-10-20 10:42:29,84,0.425,4.49,-20.0
2020-10-20 10:42:29,85,0.415,4.48,23.0
2020-10-20 10:42:29,86,0.418,4.46,-20.0
2020-10-20 10:42:29,87,0.443,4.46,-20.0
2020-10-20 10:42:29,88,0.401,4.47,-20.0
2020-10-20 10:42:29,89,0.413,4.49,-20.0
2020-10-20 10:42:29,90,0.409,4.47,-20.0
2020-10-20 10:42:29,91,0.415,4.48,-20.0
2020-10-20 10:42:29,92,0.402,4.51,-20.0
2020-10-20 10:42:29,93,0.41,4.5,-20.0
2020-10-20 10:42:29,94,0.42,4.47,-20.0
2020-10-20 10:42:29,95,0.417,4.47,-20.0
2020-10-20 10:42:29,96,0.407,4.49,-20.0
2020-10-20 22:42:03,1,0.412,4.5,25.4
2020-10-20 22:42:03,2,0.414,4.51,-20.0
2020-10-20 22:42:03,3,0.416,4.51,-20.0
2020-10-20 22:42:03,4,0.417,4.49,-20.0
2020-10-20 22:42:03,5,0.406,4.5,-20.0
2020-10-20 22:42:03,6,0.418,4.49,-20.0
2020-10-20 22:42:03,7,0.403,4.47,-20.0
2020-10-20 22:42:03,8,0.413,4.49,-20.0
2020-10-20 22:42:03,9,0.416,4.47,-20.0
2020-10-20 22:42:03,10,0.416,4.49,-20.0
2020-10-20 22:42:03,11,0.419,4.45,-20.0
2020-10-20 22:42:03,12,0.418,4.47,-20.0
2020-10-20 22:42:03,13,0.413,4.48,24.6
2020-10-20 22:42:03,14,0.416,4.49,-20.0
2020-10-20 22:42:03,15,0.411,4.52,-20.0
2020-10-20 22:42:03,16,0.425,4.52,-20.0
2020-10-20 22:42:03,17,0.409,4.49,-20.0
2020-10-20 22:42:03,18,0.423,4.5,-20.0
2020-10-20 22:42:03,19,0.43,4.47,-20.0
2020-10-20 22:42:03,20,0.407,4.48,-20.0
2020-10-20 22:42:03,21,0.419,4.48,-20.0
2020-10-20 22:42:03,22,0.422,4.46,-20.0
2020-10-20 22:42:03,23,0.436,4.48,-20.0
2020-10-20 22:42:03,24,0.399,4.5,-20.0
2020-10-20 22:42:03,25,0.418,4.5,22.0
2020-10-20 22:42:03,26,0.425,4.49,-20.0
2020-10-20 22:42:03,27,0.415,4.46,-20.0
2020-10-20 22:42:03,28,0.425,4.47,-20.0
2020-10-20 22:42:03,29,0.417,4.47,-20.0
2020-10-20 22:42:03,30,0.412,4.47,-20.0
2020-10-20 22:42:03,31,0.422,4.46,-20.0
2020-10-20 22:42:03,32,0.406,4.46,-20.0
2020-10-20 22:42:03,33,0.408,4.49,-20.0
2020-10-20 22:42:03,34,0.408,4.48,-20.0
2020-10-20 22:42:03,35,0.411,4.49,-20.0
2020-10-20 22:42:03,36,0.407,4.5,-20.0
2020-10-20 22:42:03,37,0.404,4.49,22.5
2020-10-20 22:42:03,38,0.401,4.49,-20.0
2020-10-20 22:42:03,39,0.412,4.48,-20.0
2020-10-20 22:42:03,40,0.419,4.48,-20.0
2020-10-20 22:42:03,41,0.414,4.49,-20.0
2020-10-20 22:42:03,42,0.403,4.47,-20.0
2020-10-20 22:42:03,43,0.415,4.47,-20.0
2020-10-20 22:42:03,44,0.425,4.49,-20.0
2020-10-20 22:42:03,45,0.42,4.49,-20.0
2020-10-20 22:42:03,46,0.421,4.49,-20.0
2020-10-20 22:42:03,47,0.406,4.48,-20.0
2020-10-20 22:42:03,48,0.416,4.48,-20.0
2020-10-20 22:42:03,49,0.479,4.46,24.4
2020-10-20 22:42:03,50,0.426,4.47,-20.0
2020-10-20 22:42:03,51,0.411,4.47,-20.0
2020-10-20 22:42:03,52,0.414,4.47,-20.0
2020-10-20 22:42:03,53,0.41,4.45,-20.0
2020-10-20 22:42:03,54,0.409,4.47,-20.0
2020-10-20 22:42:03,55,0.413,4.43,-20.0
2020-10-20 22:42:03,56,0.41,4.44,-20.0
2020-10-20 22:42:03,57,0.42,4.43,-20.0
2020-10-20 22:42:03,58,0.41,4.43,-20.0
2020-10-20 22:42:03,59,0.411,4.45,-20.0
2020-10-20 22:42:03,60,0.412,4.46,-20.0
2020-10-20 22:42:03,61,0.422,4.51,21.9
2020-10-20 22:42:03,62,0.41,4.49,-20.0
2020-10-20 22:42:03,63,0.417,4.48,-20.0
2020-10-20 22:42:03,64,0.418,4.46,-20.0
2020-10-20 22:42:03,65,0.402,4.45,-20.0
2020-10-20 22:42:03,66,0.42,4.45,-20.0
2020-10-20 22:42:03,67,0.408,4.43,-20.0
2020-10-20 22:42:03,68,0.416,4.46,-20.0
2020-10-20 22:42:03,69,0.409,4.45,-20.0
2020-10-20 22:42:03,70,0.408,4.47,-20.0
2020-10-20 22:42:03,71,0.411,4.48,-20.0
2020-10-20 22:42:03,72,0.41,4.49,-20.0
2020-10-20 22:42:03,73,0.406,4.52,22.2
2020-10-20 22:42:03,74,0.401,4.49,-20.0
2020-10-20 22:42:03,75,0.428,4.47,-20.0
2020-10-20 22:42:03,76,0.426,4.45,-20.0
2020-10-20 22:42:03,77,0.42,4.51,-20.0
2020-10-20 22:42:03,78,0.405,4.48,-20.0
2020-10-20 22:42:03,79,0.41,4.48,-20.0
2020-10-20 22:42:03,80,0.421,4.51,-20.0
2020-10-20 22:42:03,81,0.426,4.51,-20.0
2020-10-20 22:42:03,82,0.425,4.52,-20.0
2020-10-20 22:42:03,83,0.425,4.5,-20.0
2020-10-20 22:42:03,84,0.426,4.5,-20.0
2020-10-20 22:42:03,85,0.413,4.47,23.4
2020-10-20 22:42:03,86,0.417,4.46,-20.0
2020-10-20 22:42:03,87,0.44,4.46,-20.0
2020-10-20 22:42:03,88,0.402,4.48,-20.0
2020-10-20 22:42:03,89,0.407,4.5,-20.0
2020-10-20 22:42:03,90,0.405,4.48,-20.0
2020-10-20 22:42:03,91,0.416,4.49,-20.0
2020-10-20 22:42:03,92,0.4,4.5,-20.0
2020-10-20 22:42:03,93,0.41,4.5,-20.0
2020-10-20 22:42:03,94,0.42,4.47,-20.0
2020-10-20 22:42:03,95,0.419,4.46,-20.0
2020-10-20 22:42:03,96,0.407,4.48,-20.0
2020-10-21 10:41:32,1,0.413,4.49,25.4
2020-10-21 10:41:32,2,0.412,4.51,-20.0
2020-10-21 10:41:32,3,0.418,4.51,-20.0
2020-10-21 10:41:32,4,0.417,4.48,-20.0
2020-10-21 10:41:32,5,0.404,4.52,-20.0
2020-10-21 10:41:32,6,0.415,4.49,-20.0
2020-10-21 10:41:32,7,0.403,4.48,-20.0
2020-10-21 10:41:32,8,0.408,4.51,-20.0
2020-10-21 10:41:32,9,0.413,4.48,-20.0
2020-10-21 10:41:32,10,0.417,4.5,-20.0
2020-10-21 10:41:32,11,0.42,4.45,-20.0
2020-10-21 10:41:32,12,0.418,4.45,-20.0
2020-10-21 10:41:32,13,0.413,4.48,24.6
2020-10-21 10:41:32,14,0.417,4.49,-20.0
2020-10-21 10:41:32,15,0.413,4.52,-20.0
2020-10-21 10:41:32,16,0.428,4.51,-20.0
2020-10-21 10:41:32,17,0.415,4.49,-20.0
2020-10-21 10:41:32,18,0.422,4.49,-20.0
2020-10-21 10:41:32,19,0.434,4.46,-20.0
2020-10-21 10:41:32,20,0.407,4.47,-20.0
2020-10-21 10:41:32,21,0.418,4.47,-20.0
2020-10-21 10:41:32,22,0.42,4.46,-20.0
2020-10-21 10:41:32,23,0.438,4.48,-20.0
2020-10-21 10:41:32,24,0.402,4.49,-20.0
2020-10-21 10:41:32,25,0.419,4.5,22.1
2020-10-21 10:41:32,26,0.428,4.48,-20.0
2020-10-21 10:41:32,27,0.416,4.47,-20.0
2020-10-21 10:41:32,28,0.425,4.47,-20.0
2020-10-21 10:41:32,29,0.418,4.46,-20.0
2020-10-21 10:41:32,30,0.412,4.48,-20.0
2020-10-21 10:41:32,31,0.418,4.46,-20.0
2020-10-21 10:41:32,32,0.408,4.47,-20.0
2020-10-21 10:41:32,33,0.411,4.48,-20.0
2020-10-21 10:41:32,34,0.41,4.49,-20.0
2020-10-21 10:41:32,35,0.41,4.49,-20.0
2020-10-21 10:41:32,36,0.408,4.5,-20.0
2020-10-21 10:41:32,37,0.407,4.49,22.6
2020-10-21 10:41:32,38,0.408,4.48,-20.0
2020-10-21 10:41:32,39,0.412,4.47,-20.0
2020-10-21 10:41:32,40,0.419,4.47,-20.0
2020-10-21 10:41:32,41,0.415,4.49,-20.0
2020-10-21 10:41:32,42,0.406,4.47,-20.0
2020-10-21 10:41:32,43,0.415,4.48,-20.0
2020-10-21 10:41:32,44,0.426,4.49,-20.0
2020-10-21 10:41:32,45,0.422,4.5,-20.0
2020-10-21 10:41:32,46,0.419,4.49,-20.0
2020-10-21 10:41:32,47,0.408,4.48,-20.0
2020-10-21 10:41:32,48,0.416,4.48,-20.0
2020-10-21 10:41:32,49,0.482,4.46,24.6
2020-10-21 10:41:32,50,0.419,4.46,-20.0
2020-10-21 10:41:32,51,0.41,4.48,-20.0
2020-10-21 10:41:32,52,0.415,4.47,-20.0
2020-10-21 10:41:32,53,0.417,4.46,-20.0
2020-10-21 10:41:32,54,0.412,4.46,-20.0
2020-10-21 10:41:32,55,0.413,4.43,-20.0
2020-10-21 10:41:32,56,0.41,4.44,-20.0
2020-10-21 10:41:32,57,0.419,4.43,-20.0
2020-10-21 10:41:32,58,0.415,4.42,-20.0
2020-10-21 10:41:32,59,0.403,4.45,-20.0
2020-10-21 10:41:32,60,0.406,4.46,-20.0
2020-10-21 10:41:32,61,0.424,4.51,22.1
2020-10-21 10:41:32,62,0.409,4.49,-20.0
2020-10-21 10:41:32,63,0.389,4.48,-20.0
2020-10-21 10:41:32,64,0.386,4.46,-20.0
2020-10-21 10:41:32,65,0.382,4.45,-20.0
2020-10-21 10:41:32,66,0.421,4.45,-20.0
2020-10-21 10:41:32,67,0.409,4.44,-20.0
2020-10-21 10:41:32,68,0.38,4.46,-20.0
2020-10-21 10:41:32,69,0.366,4.46,-20.0
2020-10-21 10:41:32,70,0.376,4.47,-20.0
2020-10-21 10:41:32,71,0.414,4.49,-20.0
2020-10-21 10:41:32,72,0.413,4.49,-20.0
2020-10-21 10:41:32,73,0.441,4.52,22.4
2020-10-21 10:41:32,74,0.366,4.49,-20.0
2020-10-21 10:41:32,75,0.363,4.47,-20.0
2020-10-21 10:41:32,76,0.422,4.45,-20.0
2020-10-21 10:41:32,77,0.414,4.5,-20.0
2020-10-21 10:41:32,78,0.43,4.47,-20.0
2020-10-21 10:41:32,79,0.434,4.49,-20.0
2020-10-21 10:41:32,80,0.416,4.51,-20.0
2020-10-21 10:41:32,81,0.425,4.51,-20.0
2020-10-21 10:41:32,82,0.425,4.51,-20.0
2020-10-21 10:41:32,83,0.438,4.51,-20.0
2020-10-21 10:41:32,84,0.436,4.5,-20.0
2020-10-21 10:41:32,85,0.419,4.48,23.3
2020-10-21 10:41:32,86,0.418,4.47,-20.0
2020-10-21 10:41:32,87,0.443,4.47,-20.0
2020-10-21 10:41:32,88,0.402,4.48,-20.0
2020-10-21 10:41:32,89,0.405,4.5,-20.0
2020-10-21 10:41:32,90,0.404,4.47,-20.0
2020-10-21 10:41:32,91,0.417,4.49,-20.0
2020-10-21 10:41:32,92,0.4,4.5,-20.0
2020-10-21 10:41:32,93,0.415,4.5,-20.0
2020-10-21 10:41:32,94,0.417,4.48,-20.0
2020-10-21 10:41:32,95,0.417,4.47,-20.0
2020-10-21 10:41:32,96,0.407,4.49,-20.0
2020-10-21 22:40:49,1,0.413,4.5,25.4
2020-10-21 22:40:49,2,0.409,4.5,-20.0
2020-10-21 22:40:49,3,0.418,4.51,-20.0
2020-10-21 22:40:49,4,0.414,4.48,-20.0
2020-10-21 22:40:49,5,0.402,4.5,-20.0
2020-10-21 22:40:49,6,0.412,4.49,-20.0
2020-10-21 22:40:49,7,0.401,4.48,-20.0
2020-10-21 22:40:49,8,0.401,4.51,-20.0
2020-10-21 22:40:49,9,0.413,4.48,-20.0
2020-10-21 22:40:49,10,0.415,4.5,-20.0
2020-10-21 22:40:49,11,0.419,4.46,-20.0
2020-10-21 22:40:49,12,0.415,4.45,-20.0
2020-10-21 22:40:49,13,0.411,4.48,24.6
2020-10-21 22:40:49,14,0.415,4.49,-20.0
2020-10-21 22:40:49,15,0.41,4.52,-20.0
2020-10-21 22:40:49,16,0.429,4.51,-20.0
2020-10-21 22:40:49,17,0.416,4.49,-20.0
2020-10-21 22:40:49,18,0.425,4.49,-20.0
2020-10-21 22:40:49,19,0.433,4.47,-20.0
2020-10-21 22:40:49,20,0.408,4.47,-20.0
2020-10-21 22:40:49,21,0.42,4.47,-20.0
2020-10-21 22:40:49,22,0.422,4.46,-20.0
2020-10-21 22:40:49,23,0.443,4.48,-20.0
2020-10-21 22:40:49,24,0.409,4.5,-20.0
2020-10-21 22:40:49,25,0.416,4.5,22.0
2020-10-21 22:40:49,26,0.423,4.47,-20.0
2020-10-21 22:40:49,27,0.425,4.47,-20.0
2020-10-21 22:40:49,28,0.434,4.47,-20.0
2020-10-21 22:40:49,29,0.425,4.46,-20.0
2020-10-21 22:40:49,30,0.414,4.47,-20.0
2020-10-21 22:40:49,31,0.419,4.46,-20.0
2020-10-21 22:40:49,32,0.403,4.48,-20.0
2020-10-21 22:40:49,33,0.421,4.48,-20.0
2020-10-21 22:40:49,34,0.42,4.49,-20.0
2020-10-21 22:40:49,35,0.409,4.49,-20.0
2020-10-21 22:40:49,36,0.405,4.5,-20.0
2020-10-21 22:40:49,37,0.399,4.49,22.5
2020-10-21 22:40:49,38,0.398,4.48,-20.0
2020-10-21 22:40:49,39,0.407,4.46,-20.0
2020-10-21 22:40:49,40,0.415,4.48,-20.0
2020-10-21 22:40:49,41,0.414,4.5,-20.0
2020-10-21 22:40:49,42,0.405,4.48,-20.0
2020-10-21 22:40:49,43,0.421,4.47,-20.0
2020-10-21 22:40:49,44,0.433,4.48,-20.0
2020-10-21 22:40:49,45,0.419,4.5,-20.0
2020-10-21 22:40:49,46,0.415,4.49,-20.0
2020-10-21 22:40:49,47,0.414,4.49,-20.0
2020-10-21 22:40:49,49,0.483,4.47,24.5
2020-10-21 22:40:49,50,0.422,4.47,-20.0
2020-10-21 22:40:49,51,0.412,4.48,-20.0
2020-10-21 22:40:49,52,0.415,4.46,-20.0
2020-10-21 22:40:49,53,0.416,4.46,-20.0
2020-10-21 22:40:49,54,0.414,4.47,-20.0
2020-10-21 22:40:49,55,0.41,4.44,-20.0
2020-10-21 22:40:49,56,0.41,4.43,-20.0
2020-10-21 22:40:49,57,0.419,4.43,-20.0
2020-10-21 22:40:49,58,0.412,4.42,-20.0
2020-10-21 22:40:49,59,0.417,4.44,-20.0
2020-10-21 22:40:49,60,0.418,4.45,-20.0
2020-10-21 22:40:49,61,0.424,4.49,22.0
2020-10-21 22:40:49,62,0.408,4.49,-20.0
2020-10-21 22:40:49,63,0.407,4.48,-20.0
2020-10-21 22:40:49,64,0.385,4.46,-20.0
2020-10-21 22:40:49,65,0.406,4.46,-20.0
2020-10-21 22:40:49,66,0.418,4.45,-20.0
2020-10-21 22:40:49,67,0.412,4.43,-20.0
2020-10-21 22:40:49,68,0.377,4.46,-20.0
2020-10-21 22:40:49,69,0.39,4.45,-20.0
2020-10-21 22:40:49,70,0.396,4.47,-20.0
2020-10-21 22:40:49,71,0.413,4.49,-20.0
2020-10-21 22:40:49,72,0.414,4.49,-20.0
2020-10-21 22:40:49,73,0.425,4.52,22.1
2020-10-21 22:40:49,74,0.365,4.49,-20.0
2020-10-21 22:40:49,75,0.46,4.47,-20.0
2020-10-21 22:40:49,76,0.421,4.45,-20.0
2020-10-21 22:40:49,77,0.418,4.51,-20.0
2020-10-21 22:40:49,78,0.418,4.48,-20.0
2020-10-21 22:40:49,79,0.421,4.49,-20.0
2020-10-21 22:40:49,80,0.413,4.51,-20.0
2020-10-21 22:40:49,81,0.426,4.51,-20.0
2020-10-21 22:40:49,82,0.423,4.52,-20.0
2020-10-21 22:40:49,83,0.432,4.5,-20.0
2020-10-21 22:40:49,84,0.432,4.49,-20.0
2020-10-21 22:40:49,85,0.421,4.48,23.0
2020-10-21 22:40:49,86,0.422,4.47,-20.0
2020-10-21 22:40:49,87,0.442,4.46,-20.0
2020-10-21 22:40:49,88,0.402,4.48,-20.0
2020-10-21 22:40:49,89,0.41,4.49,-20.0
2020-10-21 22:40:49,90,0.406,4.47,-20.0
2020-10-21 22:40:49,91,0.412,4.49,-20.0
2020-10-21 22:40:49,92,0.398,4.5,-20.0
2020-10-21 22:40:49,93,0.416,4.5,-20.0
2020-10-21 22:40:49,94,0.42,4.47,-20.0
2020-10-21 22:40:49,95,0.422,4.46,-20.0
2020-10-21 22:40:49,96,0.408,4.49,-20.0
2020-10-22 10:40:13,1,0.414,4.5,25.5
2020-10-22 10:40:13,2,0.409,4.51,-20.0
2020-10-22 10:40:13,3,0.417,4.52,-20.0
2020-10-22 10:40:13,4,0.415,4.48,-20.0
2020-10-22 10:40:13,5,0.402,4.51,-20.0
2020-10-22 10:40:13,6,0.412,4.49,-20.0
2020-10-22 10:40:13,7,0.403,4.49,-20.0
2020-10-22 10:40:13,8,0.403,4.49,-20.0
2020-10-22 10:40:13,9,0.411,4.47,-20.0
2020-10-22 10:40:13,10,0.415,4.5,-20.0
2020-10-22 10:40:13,11,0.419,4.46,-20.0
2020-10-22 10:40:13,12,0.415,4.46,-20.0
2020-10-22 10:40:13,13,0.411,4.48,24.6
2020-10-22 10:40:13,14,0.414,4.5,-20.0
2020-10-22 10:40:13,15,0.41,4.52,-20.0
2020-10-22 10:40:13,16,0.425,4.52,-20.0
2020-10-22 10:40:13,17,0.412,4.48,-20.0
2020-10-22 10:40:13,18,0.423,4.5,-20.0
2020-10-22 10:40:13,19,0.434,4.47,-20.0
2020-10-22 10:40:13,20,0.411,4.47,-20.0
2020-10-22 10:40:13,21,0.416,4.47,-20.0
2020-10-22 10:40:13,22,0.42,4.47,-20.0
2020-10-22 10:40:13,23,0.442,4.48,-20.0
2020-10-22 10:40:13,24,0.403,4.49,-20.0
2020-10-22 10:40:13,25,0.415,4.5,22.1
2020-10-22 10:40:13,26,0.423,4.49,-20.0
2020-10-22 10:40:13,27,0.426,4.47,-20.0
2020-10-22 10:40:13,28,0.432,4.46,-20.0
2020-10-22 10:40:13,29,0.421,4.46,-20.0
2020-10-22 10:40:13,30,0.414,4.48,-20.0
2020-10-22 10:40:13,31,0.418,4.47,-20.0
2020-10-22 10:40:13,32,0.405,4.47,-20.0
2020-10-22 10:40:13,33,0.422,4.48,-20.0
2020-10-22 10:40:13,34,0.416,4.48,-20.0
2020-10-22 10:40:13,35,0.411,4.49,-20.0
2020-10-22 10:40:13,36,0.404,4.5,-20.0
2020-10-22 10:40:13,37,0.39,4.47,22.6
2020-10-22 10:40:13,38,0.388,4.49,-20.0
2020-10-22 10:40:13,39,0.397,4.47,-20.0
2020-10-22 10:40:13,40,0.412,4.49,-20.0
2020-10-22 10:40:13,41,0.416,4.49,-20.0
2020-10-22 10:40:13,42,0.392,4.47,-20.0
2020-10-22 10:40:13,43,0.407,4.47,-20.0
2020-10-22 10:40:13,44,0.424,4.5,-20.0
2020-10-22 10:40:13,45,0.419,4.5,-20.0
2020-10-22 10:40:13,46,0.416,4.48,-20.0
2020-10-22 10:40:13,47,0.418,4.49,-20.0
2020-10-22 10:40:13,48,0.419,4.48,-20.0
2020-10-22 10:40:13,49,0.484,4.46,24.6
2020-10-22 10:40:13,50,0.426,4.47,-20.0
2020-10-22 10:40:13,51,0.412,4.47,-20.0
2020-10-22 10:40:13,52,0.415,4.47,-20.0
2020-10-22 10:40:13,53,0.417,4.45,-20.0
2020-10-22 10:40:13,54,0.414,4.47,-20.0
2020-10-22 10:40:13,55,0.411,4.44,-20.0
2020-10-22 10:40:13,56,0.411,4.43,-20.0
2020-10-22 10:40:13,57,0.42,4.43,-20.0
2020-10-22 10:40:13,58,0.414,4.43,-20.0
2020-10-22 10:40:13,59,0.415,4.45,-20.0
2020-10-22 10:40:13,60,0.418,4.46,-20.0
2020-10-22 10:40:13,61,0.421,4.5,22.1
2020-10-22 10:40:13,62,0.409,4.48,-20.0
2020-10-22 10:40:13,63,0.407,4.48,-20.0
2020-10-22 10:40:13,64,0.39,4.46,-20.0
2020-10-22 10:40:13,65,0.407,4.45,-20.0
2020-10-22 10:40:13,66,0.417,4.45,-20.0
2020-10-22 10:40:13,67,0.412,4.43,-20.0
2020-10-22 10:40:13,68,0.386,4.46,-20.0
2020-10-22 10:40:13,69,0.398,4.45,-20.0
2020-10-22 10:40:13,70,0.4,4.47,-20.0
2020-10-22 10:40:13,71,0.412,4.49,-20.0
2020-10-22 10:40:13,72,0.409,4.48,-20.0
2020-10-22 10:40:13,73,0.423,4.52,22.3
2020-10-22 10:40:13,74,0.376,4.49,-20.0
2020-10-22 10:40:13,75,0.453,4.47,-20.0
2020-10-22 10:40:13,76,0.421,4.45,-20.0
2020-10-22 10:40:13,77,0.421,4.5,-20.0
2020-10-22 10:40:13,78,0.418,4.47,-20.0
2020-10-22 10:40:13,79,0.422,4.49,-20.0
2020-10-22 10:40:13,80,0.413,4.51,-20.0
2020-10-22 10:40:13,81,0.426,4.52,-20.0
2020-10-22 10:40:13,82,0.42,4.52,-20.0
2020-10-22 10:40:13,83,0.427,4.5,-20.0
2020-10-22 10:40:13,84,0.429,4.5,-20.0
2020-10-22 10:40:13,85,0.418,4.47,23.3
2020-10-22 10:40:13,86,0.419,4.47,-20.0
2020-10-22 10:40:13,87,0.443,4.47,-20.0
2020-10-22 10:40:13,88,0.401,4.48,-20.0
2020-10-22 10:40:13,89,0.41,4.5,-20.0
2020-10-22 10:40:13,90,0.406,4.47,-20.0
2020-10-22 10:40:13,91,0.415,4.48,-20.0
2020-10-22 10:40:13,92,0.396,4.5,-20.0
2020-10-22 10:40:13,93,0.415,4.5,-20.0
2020-10-22 10:40:13,94,0.418,4.47,-20.0
2020-10-22 10:40:13,95,0.419,4.46,-20.0
2020-10-22 10:40:13,96,0.408,4.49,-20.0
2020-10-22 22:39:43,1,0.415,4.5,25.4
2020-10-22 22:39:43,2,0.412,4.51,-20.0
2020-10-22 22:39:43,3,0.417,4.52,-20.0
2020-10-22 22:39:43,4,0.416,4.48,-20.0
2020-10-22 22:39:43,5,0.405,4.51,-20.0
2020-10-22 22:39:43,6,0.412,4.49,-20.0
2020-10-22 22:39:43,7,0.405,4.48,-20.0
2020-10-22 22:39:43,8,0.405,4.5,-20.0
2020-10-22 22:39:43,9,0.409,4.48,-20.0
2020-10-22 22:39:43,10,0.414,4.49,-20.0
2020-10-22 22:39:43,11,0.417,4.45,-20.0
2020-10-22 22:39:43,12,0.416,4.47,-20.0
2020-10-22 22:39:43,13,0.409,4.49,24.5
2020-10-22 22:39:43,14,0.415,4.48,-20.0
2020-10-22 22:39:43,15,0.41,4.52,-20.0
2020-10-22 22:39:43,16,0.42,4.53,-20.0
2020-10-22 22:39:43,17,0.413,4.49,-20.0
2020-10-22 22:39:43,18,0.423,4.5,-20.0
2020-10-22 22:39:43,19,0.436,4.47,-20.0
2020-10-22 22:39:43,20,0.412,4.47,-20.0
2020-10-22 22:39:43,21,0.416,4.49,-20.0
2020-10-22 22:39:43,22,0.416,4.48,-20.0
2020-10-22 22:39:43,23,0.441,4.48,-20.0
2020-10-22 22:39:43,24,0.406,4.49,-20.0
2020-10-22 22:39:43,25,0.416,4.5,22.1
2020-10-22 22:39:43,26,0.425,4.48,-20.0
2020-10-22 22:39:43,27,0.424,4.47,-20.0
2020-10-22 22:39:43,28,0.429,4.47,-20.0
2020-10-22 22:39:43,29,0.421,4.47,-20.0
2020-10-22 22:39:43,30,0.418,4.49,-20.0
2020-10-22 22:39:43,31,0.417,4.46,-20.0
2020-10-22 22:39:43,32,0.402,4.48,-20.0
2020-10-22 22:39:43,33,0.421,4.48,-20.0
2020-10-22 22:39:43,34,0.415,4.48,-20.0
2020-10-22 22:39:43,35,0.413,4.49,-20.0
2020-10-22 22:39:43,36,0.403,4.5,-20.0
2020-10-22 22:39:43,37,0.399,4.49,22.5
2020-10-22 22:39:43,38,0.393,4.48,-20.0
2020-10-22 22:39:43,39,0.401,4.48,-20.0
2020-10-22 22:39:43,40,0.414,4.48,-20.0
2020-10-22 22:39:43,41,0.418,4.49,-20.0
2020-10-22 22:39:43,42,0.397,4.47,-20.0
2020-10-22 22:39:43,43,0.409,4.48,-20.0
2020-10-22 22:39:43,44,0.427,4.49,-20.0
2020-10-22 22:39:43,45,0.419,4.5,-20.0
2020-10-22 22:39:43,46,0.415,4.48,-20.0
2020-10-22 22:39:43,47,0.416,4.5,-20.0
2020-10-22 22:39:43,48,0.423,4.48,-20.0
2020-10-22 22:39:43,49,0.483,4.46,24.6
2020-10-22 22:39:43,50,0.428,4.47,-20.0
2020-10-22 22:39:43,51,0.413,4.47,-20.0
2020-10-22 22:39:43,52,0.415,4.47,-20.0
2020-10-22 22:39:43,53,0.417,4.45,-20.0
2020-10-22 22:39:43,54,0.415,4.47,-20.0
2020-10-22 22:39:43,55,0.413,4.43,-20.0
2020-10-22 22:39:43,56,0.412,4.44,-20.0
2020-10-22 22:39:43,57,0.421,4.43,-20.0
2020-10-22 22:39:43,58,0.414,4.43,-20.0
2020-10-22 22:39:43,59,0.42,4.45,-20.0
2020-10-22 22:39:43,60,0.418,4.46,-20.0
2020-10-22 22:39:43,61,0.423,4.5,22.0
2020-10-22 22:39:43,62,0.411,4.49,-20.0
2020-10-22 22:39:43,63,0.412,4.48,-20.0
2020-10-22 22:39:43,64,0.398,4.46,-20.0
2020-10-22 22:39:43,65,0.41,4.45,-20.0
2020-10-22 22:39:43,66,0.418,4.45,-20.0
2020-10-22 22:39:43,67,0.41,4.43,-20.0
2020-10-22 22:39:43,68,0.378,4.46,-20.0
2020-10-22 22:39:43,69,0.398,4.45,-20.0
2020-10-22 22:39:43,70,0.397,4.47,-20.0
2020-10-22 22:39:43,71,0.41,4.49,-20.0
2020-10-22 22:39:43,72,0.406,4.49,-20.0
2020-10-22 22:39:43,73,0.409,4.52,22.2
2020-10-22 22:39:43,74,0.377,4.49,-20.0
2020-10-22 22:39:43,75,0.445,4.47,-20.0
2020-10-22 22:39:43,76,0.423,4.45,-20.0
2020-10-22 22:39:43,77,0.423,4.5,-20.0
2020-10-22 22:39:43,78,0.418,4.48,-20.0
2020-10-22 22:39:43,79,0.419,4.49,-20.0
2020-10-22 22:39:43,80,0.417,4.51,-20.0
2020-10-22 22:39:43,81,0.424,4.51,-20.0
2020-10-22 22:39:43,82,0.419,4.52,-20.0
2020-10-22 22:39:43,83,0.427,4.51,-20.0
2020-10-22 22:39:43,84,0.427,4.49,-20.0
2020-10-22 22:39:43,85,0.416,4.48,23.2
2020-10-22 22:39:43,86,0.419,4.46,-20.0
2020-10-22 22:39:43,87,0.442,4.47,-20.0
2020-10-22 22:39:43,88,0.405,4.47,-20.0
2020-10-22 22:39:43,89,0.41,4.49,-20.0
2020-10-22 22:39:43,90,0.408,4.48,-20.0
2020-10-22 22:39:43,91,0.419,4.49,-20.0
2020-10-22 22:39:43,92,0.397,4.5,-20.0
2020-10-22 22:39:43,93,0.415,4.5,-20.0
2020-10-22 22:39:43,94,0.421,4.47,-20.0
2020-10-22 22:39:43,95,0.418,4.46,-20.0
2020-10-22 22:39:43,96,0.409,4.49,-20.0
2020-10-23 10:39:15,1,0.414,4.5,25.4
2020-10-23 10:39:15,2,0.414,4.51,-20.0
2020-10-23 10:39:15,3,0.417,4.52,-20.0
2020-10-23 10:39:15,4,0.415,4.48,-20.0
2020-10-23 10:39:15,5,0.404,4.51,-20.0
2020-10-23 10:39:15,6,0.414,4.5,-20.0
2020-10-23 10:39:15,7,0.407,4.49,-20.0
2020-10-23 10:39:15,8,0.407,4.5,-20.0
2020-10-23 10:39:15,9,0.41,4.48,-20.0
2020-10-23 10:39:15,10,0.417,4.5,-20.0
2020-10-23 10:39:15,11,0.417,4.46,-20.0
2020-10-23 10:39:15,12,0.416,4.46,-20.0
2020-10-23 10:39:15,13,0.411,4.49,24.7
2020-10-23 10:39:15,14,0.414,4.49,-20.0
2020-10-23 10:39:15,15,0.414,4.51,-20.0
2020-10-23 10:39:15,16,0.421,4.52,-20.0
2020-10-23 10:39:15,17,0.416,4.49,-20.0
2020-10-23 10:39:15,18,0.425,4.49,-20.0
2020-10-23 10:39:15,19,0.437,4.47,-20.0
2020-10-23 10:39:15,20,0.413,4.48,-20.0
2020-10-23 10:39:15,21,0.415,4.49,-20.0
2020-10-23 10:39:15,22,0.417,4.47,-20.0
2020-10-23 10:39:15,23,0.442,4.49,-20.0
2020-10-23 10:39:15,24,0.409,4.49,-20.0
2020-10-23 10:39:15,25,0.414,4.5,22.3
2020-10-23 10:39:15,26,0.425,4.47,-20.0
2020-10-23 10:39:15,27,0.425,4.47,-20.0
2020-10-23 10:39:15,28,0.429,4.47,-20.0
2020-10-23 10:39:15,29,0.422,4.46,-20.0
2020-10-23 10:39:15,30,0.416,4.47,-20.0
2020-10-23 10:39:15,31,0.414,4.46,-20.0
2020-10-23 10:39:15,32,0.394,4.48,-20.0
2020-10-23 10:39:15,33,0.414,4.49,-20.0
2020-10-23 10:39:15,34,0.397,4.48,-20.0
2020-10-23 10:39:15,35,0.408,4.48,-20.0
2020-10-23 10:39:15,36,0.402,4.5,-20.0
2020-10-23 10:39:15,37,0.391,4.48,22.8
2020-10-23 10:39:15,38,0.374,4.49,-20.0
2020-10-23 10:39:15,39,0.392,4.48,-20.0
2020-10-23 10:39:15,40,0.415,4.48,-20.0
2020-10-23 10:39:15,41,0.413,4.48,-20.0
2020-10-23 10:39:15,42,0.39,4.47,-20.0
2020-10-23 10:39:15,43,0.412,4.48,-20.0
2020-10-23 10:39:15,44,0.428,4.49,-20.0
2020-10-23 10:39:15,45,0.418,4.49,-20.0
2020-10-23 10:39:15,46,0.417,4.49,-20.0
2020-10-23 10:39:15,47,0.416,4.48,-20.0
2020-10-23 10:39:15,48,0.423,4.48,-20.0
2020-10-23 10:39:15,49,0.484,4.47,24.7
2020-10-23 10:39:15,50,0.43,4.47,-20.0
2020-10-23 10:39:15,51,0.413,4.48,-20.0
2020-10-23 10:39:15,52,0.417,4.46,-20.0
2020-10-23 10:39:15,53,0.419,4.45,-20.0
2020-10-23 10:39:15,54,0.419,4.47,-20.0
2020-10-23 10:39:15,55,0.411,4.43,-20.0
2020-10-23 10:39:15,56,0.412,4.43,-20.0
2020-10-23 10:39:15,57,0.421,4.44,-20.0
2020-10-23 10:39:15,58,0.421,4.42,-20.0
2020-10-23 10:39:15,59,0.424,4.44,-20.0
2020-10-23 10:39:15,60,0.424,4.46,-20.0
2020-10-23 10:39:15,61,0.422,4.5,22.2
2020-10-23 10:39:15,62,0.412,4.49,-20.0
2020-10-23 10:39:15,63,0.405,4.48,-20.0
2020-10-23 10:39:15,64,0.4,4.46,-20.0
2020-10-23 10:39:15,65,0.405,4.46,-20.0
2020-10-23 10:39:15,66,0.418,4.45,-20.0
2020-10-23 10:39:15,67,0.413,4.43,-20.0
2020-10-23 10:39:15,68,0.393,4.45,-20.0
2020-10-23 10:39:15,69,0.404,4.45,-20.0
2020-10-23 10:39:15,70,0.391,4.47,-20.0
2020-10-23 10:39:15,71,0.414,4.48,-20.0
2020-10-23 10:39:15,72,0.408,4.48,-20.0
2020-10-23 10:39:15,73,0.411,4.52,22.5
2020-10-23 10:39:15,74,0.398,4.5,-20.0
2020-10-23 10:39:15,75,0.456,4.47,-20.0
2020-10-23 10:39:15,76,0.421,4.44,-20.0
2020-10-23 10:39:15,77,0.422,4.51,-20.0
2020-10-23 10:39:15,78,0.421,4.48,-20.0
2020-10-23 10:39:15,79,0.43,4.49,-20.0
2020-10-23 10:39:15,80,0.43,4.51,-20.0
2020-10-23 10:39:15,81,0.424,4.51,-20.0
2020-10-23 10:39:15,82,0.422,4.51,-20.0
2020-10-23 10:39:15,83,0.434,4.5,-20.0
2020-10-23 10:39:15,84,0.435,4.49,-20.0
2020-10-23 10:39:15,85,0.417,4.47,24.0
2020-10-23 10:39:15,86,0.419,4.47,-20.0
2020-10-23 10:39:15,87,0.445,4.47,-20.0
2020-10-23 10:39:15,88,0.406,4.48,-20.0
2020-10-23 10:39:15,89,0.411,4.5,-20.0
2020-10-23 10:39:15,90,0.412,4.47,-20.0
2020-10-23 10:39:15,91,0.418,4.49,-20.0
2020-10-23 10:39:15,92,0.393,4.5,-20.0
2020-10-23 10:39:15,93,0.413,4.5,-20.0
2020-10-23 10:39:15,94,0.423,4.47,-20.0
2020-10-23 10:39:15,95,0.419,4.47,-20.0
2020-10-23 10:39:15,96,0.411,4.49,-20.0
2020-10-23 22:38:44,1,0.416,4.5,25.4
2020-10-23 22:38:44,2,0.415,4.5,-20.0
2020-10-23 22:38:44,3,0.418,4.52,-20.0
2020-10-23 22:38:44,4,0.414,4.48,-20.0
2020-10-23 22:38:44,5,0.407,4.51,-20.0
2020-10-23 22:38:44,6,0.414,4.49,-20.0
2020-10-23 22:38:44,7,0.41,4.49,-20.0
2020-10-23 22:38:44,8,0.409,4.5,-20.0
2020-10-23 22:38:44,9,0.41,4.48,-20.0
2020-10-23 22:38:44,10,0.417,4.5,-20.0
2020-10-23 22:38:44,11,0.414,4.46,-20.0
2020-10-23 22:38:44,12,0.42,4.46,-20.0
2020-10-23 22:38:44,13,0.409,4.47,24.5
2020-10-23 22:38:44,14,0.412,4.5,-20.0
2020-10-23 22:38:44,15,0.414,4.51,-20.0
2020-10-23 22:38:44,16,0.422,4.51,-20.0
2020-10-23 22:38:44,17,0.418,4.48,-20.0
2020-10-23 22:38:44,18,0.429,4.49,-20.0
2020-10-23 22:38:44,19,0.435,4.48,-20.0
2020-10-23 22:38:44,20,0.416,4.48,-20.0
2020-10-23 22:38:44,21,0.413,4.48,-20.0
2020-10-23 22:38:44,22,0.417,4.48,-20.0
2020-10-23 22:38:44,23,0.442,4.49,-20.0
2020-10-23 22:38:44,24,0.405,4.5,-20.0
2020-10-23 22:38:44,25,0.415,4.5,22.1
2020-10-23 22:38:44,26,0.424,4.48,-20.0
2020-10-23 22:38:44,27,0.423,4.48,-20.0
2020-10-23 22:38:44,28,0.429,4.46,-20.0
2020-10-23 22:38:44,29,0.426,4.46,-20.0
2020-10-23 22:38:44,30,0.416,4.48,-20.0
2020-10-23 22:38:44,31,0.417,4.46,-20.0
2020-10-23 22:38:44,32,0.396,4.48,-20.0
2020-10-23 22:38:44,33,0.41,4.49,-20.0
2020-10-23 22:38:44,34,0.397,4.48,-20.0
2020-10-23 22:38:44,35,0.41,4.5,-20.0
2020-10-23 22:38:44,36,0.4,4.5,-20.0
2020-10-23 22:38:44,37,0.391,4.47,22.5
2020-10-23 22:38:44,38,0.384,4.48,-20.0
2020-10-23 22:38:44,39,0.401,4.47,-20.0
2020-10-23 22:38:44,40,0.414,4.48,-20.0
2020-10-23 22:38:44,41,0.416,4.49,-20.0
2020-10-23 22:38:44,42,0.396,4.47,-20.0
2020-10-23 22:38:44,43,0.418,4.49,-20.0
2020-10-23 22:38:44,44,0.423,4.48,-20.0
2020-10-23 22:38:44,45,0.419,4.49,-20.0
2020-10-23 22:38:44,46,0.417,4.49,-20.0
2020-10-23 22:38:44,47,0.413,4.49,-20.0
2020-10-23 22:38:44,48,0.424,4.48,-20.0
2020-10-23 22:38:44,49,0.484,4.46,24.4
2020-10-23 22:38:44,50,0.426,4.47,-20.0
2020-10-23 22:38:44,51,0.411,4.48,-20.0
2020-10-23 22:38:44,52,0.417,4.47,-20.0
2020-10-23 22:38:44,53,0.418,4.45,-20.0
2020-10-23 22:38:44,54,0.419,4.47,-20.0
2020-10-23 22:38:44,55,0.414,4.44,-20.0
2020-10-23 22:38:44,56,0.413,4.44,-20.0
2020-10-23 22:38:44,57,0.423,4.43,-20.0
2020-10-23 22:38:44,58,0.418,4.43,-20.0
2020-10-23 22:38:44,59,0.426,4.44,-20.0
2020-10-23 22:38:44,60,0.43,4.46,-20.0
2020-10-23 22:38:44,61,0.42,4.5,21.9
2020-10-23 22:38:44,62,0.41,4.49,-20.0
2020-10-23 22:38:44,63,0.392,4.48,-20.0
2020-10-23 22:38:44,64,0.39,4.46,-20.0
2020-10-23 22:38:44,65,0.398,4.45,-20.0
2020-10-23 22:38:44,66,0.416,4.45,-20.0
2020-10-23 22:38:44,67,0.41,4.43,-20.0
2020-10-23 22:38:44,68,0.385,4.46,-20.0
2020-10-23 22:38:44,69,0.396,4.45,-20.0
2020-10-23 22:38:44,70,0.384,4.47,-20.0
2020-10-23 22:38:44,71,0.414,4.49,-20.0
2020-10-23 22:38:44,72,0.408,4.48,-20.0
2020-10-23 22:38:44,73,0.399,4.52,22.1
2020-10-23 22:38:44,74,0.395,4.49,-20.0
2020-10-23 22:38:44,75,0.41,4.47,-20.0
2020-10-23 22:38:44,76,0.423,4.45,-20.0
2020-10-23 22:38:44,77,0.423,4.52,-20.0
2020-10-23 22:38:44,78,0.416,4.48,-20.0
2020-10-23 22:38:44,79,0.425,4.48,-20.0
2020-10-23 22:38:44,80,0.428,4.5,-20.0
2020-10-23 22:38:44,81,0.427,4.51,-20.0
2020-10-23 22:38:44,82,0.425,4.52,-20.0
2020-10-23 22:38:44,83,0.43,4.5,-20.0
2020-10-23 22:38:44,84,0.431,4.49,-20.0
2020-10-23 22:38:44,85,0.418,4.47,23.3
2020-10-23 22:38:44,86,0.419,4.47,-20.0
2020-10-23 22:38:44,87,0.439,4.46,-20.0
2020-10-23 22:38:44,88,0.405,4.47,-20.0
2020-10-23 22:38:44,89,0.413,4.49,-20.0
2020-10-23 22:38:44,90,0.411,4.48,-20.0
2020-10-23 22:38:44,91,0.42,4.49,-20.0
2020-10-23 22:38:44,92,0.397,4.5,-20.0
2020-10-23 22:38:44,93,0.412,4.5,-20.0
2020-10-23 22:38:44,94,0.422,4.47,-20.0
2020-10-23 22:38:44,95,0.418,4.46,-20.0
2020-10-23 22:38:44,96,0.41,4.49,-20.0
2020-10-24 10:38:19,1,0.416,4.5,25.4
2020-10-24 10:38:19,2,0.417,4.51,-20.0
2020-10-24 10:38:19,3,0.418,4.52,-20.0
2020-10-24 10:38:19,4,0.414,4.49,-20.0
2020-10-24 10:38:19,5,0.405,4.51,-20.0
2020-10-24 10:38:19,6,0.413,4.49,-20.0
2020-10-24 10:38:19,7,0.41,4.47,-20.0
2020-10-24 10:38:19,8,0.409,4.51,-20.0
2020-10-24 10:38:19,9,0.409,4.48,-20.0
2020-10-24 10:38:19,10,0.416,4.5,-20.0
2020-10-24 10:38:19,11,0.416,4.45,-20.0
2020-10-24 10:38:19,12,0.42,4.46,-20.0
2020-10-24 10:38:19,13,0.408,4.47,24.6
2020-10-24 10:38:19,14,0.414,4.49,-20.0
2020-10-24 10:38:19,15,0.411,4.51,-20.0
2020-10-24 10:38:19,16,0.421,4.52,-20.0
2020-10-24 10:38:19,17,0.422,4.49,-20.0
2020-10-24 10:38:19,18,0.431,4.49,-20.0
2020-10-24 10:38:19,19,0.436,4.47,-20.0
2020-10-24 10:38:19,20,0.415,4.48,-20.0
2020-10-24 10:38:19,21,0.413,4.48,-20.0
2020-10-24 10:38:19,22,0.42,4.48,-20.0
2020-10-24 10:38:19,23,0.442,4.48,-20.0
2020-10-24 10:38:19,24,0.407,4.49,-20.0
2020-10-24 10:38:19,25,0.413,4.5,22.2
2020-10-24 10:38:19,26,0.425,4.47,-20.0
2020-10-24 10:38:19,27,0.424,4.47,-20.0
2020-10-24 10:38:19,28,0.426,4.47,-20.0
2020-10-24 10:38:19,29,0.407,4.46,-20.0
2020-10-24 10:38:19,30,0.41,4.47,-20.0
2020-10-24 10:38:19,31,0.414,4.46,-20.0
2020-10-24 10:38:19,32,0.386,4.48,-20.0
2020-10-24 10:38:19,33,0.406,4.48,-20.0
2020-10-24 10:38:19,34,0.382,4.49,-20.0
2020-10-24 10:38:19,35,0.408,4.48,-20.0
2020-10-24 10:38:19,36,0.399,4.5,-20.0
2020-10-24 10:38:19,37,0.379,4.48,22.7
2020-10-24 10:38:19,38,0.38,4.49,-20.0
2020-10-24 10:38:19,39,0.395,4.48,-20.0
2020-10-24 10:38:19,40,0.414,4.48,-20.0
2020-10-24 10:38:19,41,0.416,4.5,-20.0
2020-10-24 10:38:19,42,0.4,4.48,-20.0
2020-10-24 10:38:19,43,0.42,4.48,-20.0
2020-10-24 10:38:19,44,0.424,4.48,-20.0
2020-10-24 10:38:19,45,0.417,4.49,-20.0
2020-10-24 10:38:19,46,0.413,4.48,-20.0
2020-10-24 10:38:19,47,0.416,4.49,-20.0
2020-10-24 10:38:19,48,0.424,4.48,-20.0
2020-10-24 10:38:19,49,0.482,4.46,24.6
2020-10-24 10:38:19,50,0.434,4.46,-20.0
2020-10-24 10:38:19,51,0.415,4.47,-20.0
2020-10-24 10:38:19,52,0.417,4.47,-20.0
2020-10-24 10:38:19,53,0.417,4.46,-20.0
2020-10-24 10:38:19,54,0.418,4.47,-20.0
2020-10-24 10:38:19,55,0.413,4.44,-20.0
2020-10-24 10:38:19,56,0.414,4.43,-20.0
2020-10-24 10:38:19,57,0.423,4.43,-20.0
2020-10-24 10:38:19,58,0.418,4.43,-20.0
2020-10-24 10:38:19,59,0.427,4.45,-20.0
2020-10-24 10:38:19,60,0.429,4.46,-20.0
2020-10-24 10:38:19,61,0.417,4.49,22.1
2020-10-24 10:38:19,62,0.41,4.49,-20.0
2020-10-24 10:38:19,63,0.393,4.48,-20.0
2020-10-24 10:38:19,64,0.394,4.46,-20.0
2020-10-24 10:38:19,65,0.403,4.45,-20.0
2020-10-24 10:38:19,66,0.415,4.45,-20.0
2020-10-24 10:38:19,67,0.413,4.43,-20.0
2020-10-24 10:38:19,68,0.394,4.46,-20.0
2020-10-24 10:38:19,69,0.403,4.45,-20.0
2020-10-24 10:38:19,70,0.388,4.47,-20.0
2020-10-24 10:38:19,71,0.413,4.49,-20.0
2020-10-24 10:38:19,72,0.411,4.48,-20.0
2020-10-24 10:38:19,73,0.403,4.52,22.4
2020-10-24 10:38:19,74,0.399,4.49,-20.0
2020-10-24 10:38:19,75,0.415,4.47,-20.0
2020-10-24 10:38:19,76,0.423,4.45,-20.0
2020-10-24 10:38:19,77,0.423,4.5,-20.0
2020-10-24 10:38:19,78,0.416,4.48,-20.0
2020-10-24 10:38:19,79,0.422,4.49,-20.0
2020-10-24 10:38:19,80,0.424,4.5,-20.0
2020-10-24 10:38:19,81,0.425,4.51,-20.0
2020-10-24 10:38:19,82,0.422,4.51,-20.0
2020-10-24 10:38:19,83,0.428,4.5,-20.0
2020-10-24 10:38:19,84,0.431,4.5,-20.0
2020-10-24 10:38:19,85,0.418,4.47,23.6
2020-10-24 10:38:19,86,0.416,4.47,-20.0
2020-10-24 10:38:19,87,0.439,4.47,-20.0
2020-10-24 10:38:19,88,0.406,4.47,-20.0
2020-10-24 10:38:19,89,0.412,4.49,-20.0
2020-10-24 10:38:19,90,0.409,4.47,-20.0
2020-10-24 10:38:19,91,0.417,4.48,-20.0
2020-10-24 10:38:19,92,0.395,4.5,-20.0
2020-10-24 10:38:19,93,0.414,4.5,-20.0
2020-10-24 10:38:19,94,0.42,4.48,-20.0
2020-10-24 10:38:19,95,0.417,4.46,-20.0
2020-10-24 10:38:19,96,0.409,4.48,-20.0
2020-10-24 22:37:49,1,0.415,4.5,25.4
2020-10-24 22:37:49,2,0.417,4.51,-20.0
2020-10-24 22:37:49,3,0.418,4.51,-20.0
2020-10-24 22:37:49,4,0.417,4.48,-20.0
2020-10-24 22:37:49,5,0.404,4.51,-20.0
2020-10-24 22:37:49,6,0.412,4.49,-20.0
2020-10-24 22:37:49,7,0.408,4.49,-20.0
2020-10-24 22:37:49,8,0.408,4.5,-20.0
2020-10-24 22:37:49,9,0.409,4.47,-20.0
2020-10-24 22:37:49,10,0.419,4.5,-20.0
2020-10-24 22:37:49,11,0.419,4.46,-20.0
2020-10-24 22:37:49,12,0.417,4.47,-20.0
2020-10-24 22:37:49,13,0.409,4.48,24.7
2020-10-24 22:37:49,14,0.412,4.49,-20.0
2020-10-24 22:37:49,15,0.413,4.52,-20.0
2020-10-24 22:37:49,16,0.422,4.51,-20.0
2020-10-24 22:37:49,17,0.419,4.5,-20.0
2020-10-24 22:37:49,18,0.431,4.5,-20.0
2020-10-24 22:37:49,19,0.436,4.47,-20.0
2020-10-24 22:37:49,20,0.41,4.48,-20.0
2020-10-24 22:37:49,21,0.413,4.48,-20.0
2020-10-24 22:37:49,22,0.416,4.47,-20.0
2020-10-24 22:37:49,23,0.442,4.48,-20.0
2020-10-24 22:37:49,24,0.409,4.49,-20.0
2020-10-24 22:37:49,25,0.415,4.51,22.2
2020-10-24 22:37:49,26,0.422,4.48,-20.0
2020-10-24 22:37:49,27,0.419,4.46,-20.0
2020-10-24 22:37:49,28,0.425,4.46,-20.0
2020-10-24 22:37:49,29,0.406,4.47,-20.0
2020-10-24 22:37:49,30,0.412,4.47,-20.0
2020-10-24 22:37:49,31,0.416,4.46,-20.0
2020-10-24 22:37:49,32,0.395,4.48,-20.0
2020-10-24 22:37:49,33,0.407,4.48,-20.0
2020-10-24 22:37:49,34,0.391,4.49,-20.0
2020-10-24 22:37:49,35,0.408,4.48,-20.0
2020-10-24 22:37:49,36,0.4,4.5,-20.0
2020-10-24 22:37:49,37,0.392,4.48,22.7
2020-10-24 22:37:49,38,0.388,4.49,-20.0
2020-10-24 22:37:49,39,0.397,4.48,-20.0
2020-10-24 22:37:49,40,0.415,4.47,-20.0
2020-10-24 22:37:49,41,0.42,4.49,-20.0
2020-10-24 22:37:49,42,0.403,4.47,-20.0
2020-10-24 22:37:49,43,0.42,4.47,-20.0
2020-10-24 22:37:49,44,0.424,4.49,-20.0
2020-10-24 22:37:49,45,0.419,4.49,-20.0
2020-10-24 22:37:49,46,0.411,4.49,-20.0
2020-10-24 22:37:49,47,0.416,4.49,-20.0
2020-10-24 22:37:49,48,0.422,4.48,-20.0
2020-10-24 22:37:49,49,0.48,4.46,24.7
2020-10-24 22:37:49,50,0.434,4.47,-20.0
2020-10-24 22:37:49,51,0.412,4.47,-20.0
2020-10-24 22:37:49,52,0.417,4.46,-20.0
2020-10-24 22:37:49,53,0.415,4.45,-20.0
2020-10-24 22:37:49,54,0.415,4.46,-20.0
2020-10-24 22:37:49,55,0.405,4.44,-20.0
2020-10-24 22:37:49,56,0.417,4.44,-20.0
2020-10-24 22:37:49,57,0.418,4.43,-20.0
2020-10-24 22:37:49,58,0.405,4.43,-20.0
2020-10-24 22:37:49,60,0.417,4.46,-20.0
2020-10-24 22:37:49,61,0.417,4.5,22.3
2020-10-24 22:37:49,62,0.406,4.49,-20.0
2020-10-24 22:37:49,63,0.386,4.48,-20.0
2020-10-24 22:37:49,64,0.399,4.46,-20.0
2020-10-24 22:37:49,65,0.406,4.45,-20.0
2020-10-24 22:37:49,66,0.414,4.45,-20.0
2020-10-24 22:37:49,67,0.411,4.43,-20.0
2020-10-24 22:37:49,68,0.402,4.46,-20.0
2020-10-24 22:37:49,69,0.408,4.46,-20.0
2020-10-24 22:37:49,70,0.393,4.47,-20.0
2020-10-24 22:37:49,71,0.411,4.48,-20.0
2020-10-24 22:37:49,72,0.409,4.48,-20.0
2020-10-24 22:37:49,73,0.408,4.51,22.6
2020-10-24 22:37:49,74,0.402,4.49,-20.0
2020-10-24 22:37:49,75,0.421,4.47,-20.0
2020-10-24 22:37:49,76,0.423,4.45,-20.0
2020-10-24 22:37:49,77,0.423,4.5,-20.0
2020-10-24 22:37:49,78,0.415,4.48,-20.0
2020-10-24 22:37:49,79,0.423,4.49,-20.0
2020-10-24 22:37:49,80,0.421,4.51,-20.0
2020-10-24 22:37:49,81,0.425,4.51,-20.0
2020-10-24 22:37:49,82,0.424,4.52,-20.0
2020-10-24 22:37:49,83,0.427,4.5,-20.0
2020-10-24 22:37:49,84,0.427,4.49,-20.0
2020-10-24 22:37:49,85,0.419,4.48,23.7
2020-10-24 22:37:49,86,0.415,4.47,-20.0
2020-10-24 22:37:49,87,0.44,4.47,-20.0
2020-10-24 22:37:49,88,0.403,4.47,-20.0
2020-10-24 22:37:49,89,0.411,4.49,-20.0
2020-10-24 22:37:49,90,0.409,4.47,-20.0
2020-10-24 22:37:49,91,0.416,4.48,-20.0
2020-10-24 22:37:49,92,0.396,4.5,-20.0
2020-10-24 22:37:49,93,0.416,4.5,-20.0
2020-10-24 22:37:49,94,0.418,4.47,-20.0
2020-10-24 22:37:49,95,0.415,4.47,-20.0
2020-10-24 22:37:49,96,0.408,4.49,-20.0
2020-10-25 10:37:21,1,0.418,4.5,25.4
2020-10-25 10:37:21,2,0.417,4.51,-20.0
2020-10-25 10:37:21,3,0.419,4.52,-20.0
2020-10-25 10:37:21,4,0.417,4.48,-20.0
2020-10-25 10:37:21,5,0.406,4.51,-20.0
2020-10-25 10:37:21,6,0.415,4.5,-20.0
2020-10-25 10:37:21,7,0.405,4.48,-20.0
2020-10-25 10:37:21,8,0.408,4.51,-20.0
2020-10-25 10:37:21,9,0.413,4.48,-20.0
2020-10-25 10:37:21,10,0.418,4.5,-20.0
2020-10-25 10:37:21,11,0.421,4.45,-20.0
2020-10-25 10:37:21,12,0.417,4.46,-20.0
2020-10-25 10:37:21,13,0.409,4.49,24.8
2020-10-25 10:37:21,14,0.412,4.49,-20.0
2020-10-25 10:37:21,15,0.412,4.5,-20.0
2020-10-25 10:37:21,16,0.424,4.5,-20.0
2020-10-25 10:37:21,17,0.419,4.49,-20.0
2020-10-25 10:37:21,18,0.43,4.5,-20.0
2020-10-25 10:37:21,19,0.441,4.47,-20.0
2020-10-25 10:37:21,20,0.409,4.48,-20.0
2020-10-25 10:37:21,21,0.414,4.49,-20.0
2020-10-25 10:37:21,22,0.42,4.47,-20.0
2020-10-25 10:37:21,23,0.434,4.48,-20.0
2020-10-25 10:37:21,24,0.403,4.49,-20.0
2020-10-25 10:37:21,25,0.415,4.5,22.3
2020-10-25 10:37:21,26,0.422,4.47,-20.0
2020-10-25 10:37:21,27,0.414,4.46,-20.0
2020-10-25 10:37:21,28,0.429,4.46,-20.0
2020-10-25 10:37:21,29,0.4,4.47,-20.0
2020-10-25 10:37:21,30,0.409,4.47,-20.0
2020-10-25 10:37:21,31,0.411,4.47,-20.0
2020-10-25 10:37:21,32,0.402,4.47,-20.0
2020-10-25 10:37:21,33,0.416,4.48,-20.0
2020-10-25 10:37:21,34,0.403,4.49,-20.0
2020-10-25 10:37:21,35,0.409,4.48,-20.0
2020-10-25 10:37:21,36,0.4,4.5,-20.0
2020-10-25 10:37:21,37,0.399,4.49,22.8
2020-10-25 10:37:21,38,0.402,4.5,-20.0
2020-10-25 10:37:21,39,0.399,4.48,-20.0
2020-10-25 10:37:21,40,0.414,4.48,-20.0
2020-10-25 10:37:21,41,0.416,4.5,-20.0
2020-10-25 10:37:21,42,0.403,4.48,-20.0
2020-10-25 10:37:21,43,0.423,4.49,-20.0
2020-10-25 10:37:21,44,0.425,4.49,-20.0
2020-10-25 10:37:21,45,0.42,4.49,-20.0
2020-10-25 10:37:21,46,0.413,4.49,-20.0
2020-10-25 10:37:21,47,0.423,4.48,-20.0
2020-10-25 10:37:21,48,0.425,4.49,-20.0
2020-10-25 10:37:21,49,0.482,4.46,24.8
2020-10-25 10:37:21,50,0.431,4.47,-20.0
2020-10-25 10:37:21,51,0.411,4.48,-20.0
2020-10-25 10:37:21,52,0.416,4.46,-20.0
2020-10-25 10:37:21,53,0.415,4.45,-20.0
2020-10-25 10:37:21,54,0.414,4.46,-20.0
2020-10-25 10:37:21,55,0.405,4.44,-20.0
2020-10-25 10:37:21,56,0.416,4.44,-20.0
2020-10-25 10:37:21,57,0.419,4.43,-20.0
2020-10-25 10:37:21,58,0.405,4.43,-20.0
2020-10-25 10:37:21,59,0.407,4.45,-20.0
2020-10-25 10:37:21,60,0.408,4.47,-20.0
2020-10-25 10:37:21,61,0.416,4.5,22.3
2020-10-25 10:37:21,62,0.408,4.49,-20.0
2020-10-25 10:37:21,63,0.391,4.48,-20.0
2020-10-25 10:37:21,64,0.403,4.46,-20.0
2020-10-25 10:37:21,65,0.409,4.45,-20.0
2020-10-25 10:37:21,66,0.416,4.46,-20.0
2020-10-25 10:37:21,67,0.415,4.43,-20.0
2020-10-25 10:37:21,68,0.406,4.46,-20.0
2020-10-25 10:37:21,69,0.404,4.45,-20.0
2020-10-25 10:37:21,70,0.387,4.46,-20.0
2020-10-25 10:37:21,71,0.41,4.48,-20.0
2020-10-25 10:37:21,72,0.413,4.48,-20.0
2020-10-25 10:37:21,73,0.401,4.52,22.7
2020-10-25 10:37:21,74,0.392,4.49,-20.0
2020-10-25 10:37:21,75,0.386,4.47,-20.0
2020-10-25 10:37:21,76,0.425,4.45,-20.0
2020-10-25 10:37:21,77,0.421,4.51,-20.0
2020-10-25 10:37:21,78,0.418,4.48,-20.0
2020-10-25 10:37:21,79,0.412,4.49,-20.0
2020-10-25 10:37:21,80,0.414,4.51,-20.0
2020-10-25 10:37:21,81,0.423,4.51,-20.0
2020-10-25 10:37:21,82,0.424,4.52,-20.0
2020-10-25 10:37:21,83,0.432,4.5,-20.0
2020-10-25 10:37:21,84,0.434,4.5,-20.0
2020-10-25 10:37:21,85,0.42,4.48,23.9
2020-10-25 10:37:21,86,0.416,4.47,-20.0
2020-10-25 10:37:21,87,0.443,4.47,-20.0
2020-10-25 10:37:21,88,0.404,4.48,-20.0
2020-10-25 10:37:21,89,0.412,4.5,-20.0
2020-10-25 10:37:21,90,0.41,4.48,-20.0
2020-10-25 10:37:21,91,0.417,4.49,-20.0
2020-10-25 10:37:21,92,0.396,4.5,-20.0
2020-10-25 10:37:21,93,0.415,4.5,-20.0
2020-10-25 10:37:21,94,0.416,4.48,-20.0
2020-10-25 10:37:21,95,0.411,4.46,-20.0
2020-10-25 10:37:21,96,0.404,4.49,-20.0
2020-10-25 22:36:55,1,0.416,4.5,25.4
2020-10-25 22:36:55,2,0.416,4.51,-20.0
2020-10-25 22:36:55,3,0.421,4.52,-20.0
2020-10-25 22:36:55,4,0.418,4.48,-20.0
2020-10-25 22:36:55,5,0.408,4.5,-20.0
2020-10-25 22:36:55,6,0.417,4.49,-20.0
2020-10-25 22:36:55,7,0.408,4.48,-20.0
2020-10-25 22:36:55,8,0.411,4.5,-20.0
2020-10-25 22:36:55,9,0.41,4.48,-20.0
2020-10-25 22:36:55,10,0.419,4.49,-20.0
2020-10-25 22:36:55,11,0.42,4.45,-20.0
2020-10-25 22:36:55,12,0.416,4.47,-20.0
2020-10-25 22:36:55,13,0.407,4.48,24.6
2020-10-25 22:36:55,14,0.41,4.48,-20.0
2020-10-25 22:36:55,15,0.413,4.51,-20.0
2020-10-25 22:36:55,16,0.425,4.52,-20.0
2020-10-25 22:36:55,17,0.42,4.49,-20.0
2020-10-25 22:36:55,18,0.428,4.49,-20.0
2020-10-25 22:36:55,19,0.437,4.48,-20.0
2020-10-25 22:36:55,20,0.41,4.47,-20.0
2020-10-25 22:36:55,21,0.418,4.48,-20.0
2020-10-25 22:36:55,22,0.421,4.47,-20.0
2020-10-25 22:36:55,23,0.433,4.48,-20.0
2020-10-25 22:36:55,24,0.405,4.49,-20.0
2020-10-25 22:36:55,25,0.418,4.5,22.1
2020-10-25 22:36:55,26,0.423,4.48,-20.0
2020-10-25 22:36:55,27,0.418,4.46,-20.0
2020-10-25 22:36:55,28,0.427,4.47,-20.0
2020-10-25 22:36:55,29,0.406,4.46,-20.0
2020-10-25 22:36:55,30,0.413,4.47,-20.0
2020-10-25 22:36:55,31,0.415,4.46,-20.0
2020-10-25 22:36:55,32,0.398,4.48,-20.0
2020-10-25 22:36:55,33,0.408,4.49,-20.0
2020-10-25 22:36:55,34,0.403,4.48,-20.0
2020-10-25 22:36:55,35,0.407,4.48,-20.0
2020-10-25 22:36:55,36,0.403,4.51,-20.0
2020-10-25 22:36:55,37,0.408,4.48,22.5
2020-10-25 22:36:55,38,0.404,4.48,-20.0
2020-10-25 22:36:55,39,0.406,4.47,-20.0
2020-10-25 22:36:55,40,0.416,4.48,-20.0
2020-10-25 22:36:55,41,0.414,4.49,-20.0
2020-10-25 22:36:55,42,0.4,4.47,-20.0
2020-10-25 22:36:55,43,0.421,4.48,-20.0
2020-10-25 22:36:55,44,0.426,4.49,-20.0
2020-10-25 22:36:55,45,0.42,4.49,-20.0
2020-10-25 22:36:55,46,0.414,4.49,-20.0
2020-10-25 22:36:55,47,0.425,4.49,-20.0
2020-10-25 22:36:55,48,0.425,4.48,-20.0
2020-10-25 22:36:55,49,0.481,4.46,24.5
2020-10-25 22:36:55,50,0.429,4.46,-20.0
2020-10-25 22:36:55,51,0.409,4.47,-20.0
2020-10-25 22:36:55,52,0.415,4.47,-20.0
2020-10-25 22:36:55,53,0.414,4.46,-20.0
2020-10-25 22:36:55,54,0.414,4.47,-20.0
2020-10-25 22:36:55,55,0.399,4.44,-20.0
2020-10-25 22:36:55,56,0.415,4.43,-20.0
2020-10-25 22:36:55,57,0.421,4.43,-20.0
2020-10-25 22:36:55,58,0.411,4.42,-20.0
2020-10-25 22:36:55,59,0.414,4.45,-20.0
2020-10-25 22:36:55,60,0.41,4.46,-20.0
2020-10-25 22:36:55,61,0.415,4.5,22.0
2020-10-25 22:36:55,62,0.41,4.49,-20.0
2020-10-25 22:36:55,63,0.396,4.48,-20.0
2020-10-25 22:36:55,64,0.404,4.46,-20.0
2020-10-25 22:36:55,65,0.41,4.45,-20.0
2020-10-25 22:36:55,66,0.416,4.45,-20.0
2020-10-25 22:36:55,67,0.413,4.43,-20.0
2020-10-25 22:36:55,68,0.408,4.46,-20.0
2020-10-25 22:36:55,69,0.409,4.45,-20.0
2020-10-25 22:36:55,70,0.393,4.47,-20.0
2020-10-25 22:36:55,71,0.41,4.48,-20.0
2020-10-25 22:36:55,72,0.415,4.48,-20.0
2020-10-25 22:36:55,73,0.404,4.52,22.0
2020-10-25 22:36:55,74,0.395,4.49,-20.0
2020-10-25 22:36:55,75,0.395,4.47,-20.0
2020-10-25 22:36:55,76,0.423,4.45,-20.0
2020-10-25 22:36:55,77,0.422,4.5,-20.0
2020-10-25 22:36:55,78,0.422,4.47,-20.0
2020-10-25 22:36:55,79,0.41,4.49,-20.0
2020-10-25 22:36:55,80,0.416,4.51,-20.0
2020-10-25 22:36:55,81,0.422,4.51,-20.0
2020-10-25 22:36:55,82,0.428,4.51,-20.0
2020-10-25 22:36:55,83,0.429,4.5,-20.0
2020-10-25 22:36:55,84,0.432,4.5,-20.0
2020-10-25 22:36:55,85,0.421,4.48,23.0
2020-10-25 22:36:55,86,0.417,4.47,-20.0
2020-10-25 22:36:55,87,0.443,4.47,-20.0
2020-10-25 22:36:55,88,0.404,4.48,-20.0
2020-10-25 22:36:55,89,0.411,4.49,-20.0
2020-10-25 22:36:55,90,0.409,4.48,-20.0
2020-10-25 22:36:55,91,0.418,4.49,-20.0
2020-10-25 22:36:55,92,0.396,4.5,-20.0
2020-10-25 22:36:55,93,0.417,4.49,-20.0
2020-10-25 22:36:55,94,0.418,4.47,-20.0
2020-10-25 22:36:55,95,0.413,4.46,-20.0
2020-10-25 22:36:55,96,0.405,4.49,-20.0
2020-10-26 10:36:28,1,0.418,4.5,25.4
2020-10-26 10:36:28,2,0.418,4.5,-20.0
2020-10-26 10:36:28,3,0.421,4.51,-20.0
2020-10-26 10:36:28,4,0.419,4.48,-20.0
2020-10-26 10:36:28,5,0.409,4.51,-20.0
2020-10-26 10:36:28,6,0.417,4.49,-20.0
2020-10-26 10:36:28,7,0.406,4.48,-20.0
2020-10-26 10:36:28,8,0.409,4.5,-20.0
2020-10-26 10:36:28,9,0.415,4.48,-20.0
2020-10-26 10:36:28,10,0.416,4.49,-20.0
2020-10-26 10:36:28,11,0.42,4.46,-20.0
2020-10-26 10:36:28,12,0.41,4.47,-20.0
2020-10-26 10:36:28,13,0.408,4.48,24.8
2020-10-26 10:36:28,14,0.411,4.49,-20.0
2020-10-26 10:36:28,15,0.411,4.52,-20.0
2020-10-26 10:36:28,16,0.425,4.52,-20.0
2020-10-26 10:36:28,17,0.421,4.48,-20.0
2020-10-26 10:36:28,18,0.427,4.5,-20.0
2020-10-26 10:36:28,19,0.437,4.47,-20.0
2020-10-26 10:36:28,20,0.41,4.48,-20.0
2020-10-26 10:36:28,21,0.419,4.49,-20.0
2020-10-26 10:36:28,22,0.42,4.47,-20.0
2020-10-26 10:36:28,23,0.434,4.49,-20.0
2020-10-26 10:36:28,24,0.402,4.5,-20.0
2020-10-26 10:36:28,25,0.418,4.51,22.2
2020-10-26 10:36:28,26,0.422,4.49,-20.0
2020-10-26 10:36:28,27,0.417,4.46,-20.0
2020-10-26 10:36:28,28,0.424,4.46,-20.0
2020-10-26 10:36:28,29,0.406,4.47,-20.0
2020-10-26 10:36:28,30,0.413,4.47,-20.0
2020-10-26 10:36:28,31,0.411,4.47,-20.0
2020-10-26 10:36:28,32,0.401,4.47,-20.0
2020-10-26 10:36:28,33,0.407,4.48,-20.0
2020-10-26 10:36:28,34,0.405,4.48,-20.0
2020-10-26 10:36:28,35,0.409,4.48,-20.0
2020-10-26 10:36:28,36,0.406,4.5,-20.0
2020-10-26 10:36:28,37,0.413,4.48,22.7
2020-10-26 10:36:28,38,0.406,4.48,-20.0
2020-10-26 10:36:28,39,0.412,4.48,-20.0
2020-10-26 10:36:28,40,0.415,4.48,-20.0
2020-10-26 10:36:28,41,0.413,4.49,-20.0
2020-10-26 10:36:28,42,0.403,4.48,-20.0
2020-10-26 10:36:28,43,0.422,4.47,-20.0
2020-10-26 10:36:28,44,0.427,4.49,-20.0
2020-10-26 10:36:28,45,0.42,4.49,-20.0
2020-10-26 10:36:28,46,0.42,4.48,-20.0
2020-10-26 10:36:28,47,0.428,4.48,-20.0
2020-10-26 10:36:28,48,0.422,4.47,-20.0
2020-10-26 10:36:28,49,0.484,4.46,24.7
2020-10-26 10:36:28,50,0.433,4.47,-20.0
2020-10-26 10:36:28,51,0.41,4.48,-20.0
2020-10-26 10:36:28,52,0.419,4.46,-20.0
2020-10-26 10:36:28,53,0.415,4.45,-20.0
2020-10-26 10:36:28,54,0.415,4.47,-20.0
2020-10-26 10:36:28,55,0.4,4.44,-20.0
2020-10-26 10:36:28,56,0.413,4.44,-20.0
2020-10-26 10:36:28,57,0.42,4.43,-20.0
2020-10-26 10:36:28,58,0.412,4.42,-20.0
2020-10-26 10:36:28,59,0.417,4.44,-20.0
2020-10-26 10:36:28,60,0.412,4.46,-20.0
2020-10-26 10:36:28,61,0.412,4.5,22.2
2020-10-26 10:36:28,62,0.413,4.49,-20.0
2020-10-26 10:36:28,63,0.401,4.48,-20.0
2020-10-26 10:36:28,64,0.403,4.45,-20.0
2020-10-26 10:36:28,65,0.409,4.45,-20.0
2020-10-26 10:36:28,66,0.418,4.45,-20.0
2020-10-26 10:36:28,67,0.415,4.44,-20.0
2020-10-26 10:36:28,68,0.409,4.46,-20.0
2020-10-26 10:36:28,69,0.411,4.45,-20.0
2020-10-26 10:36:28,70,0.398,4.48,-20.0
2020-10-26 10:36:28,71,0.412,4.49,-20.0
2020-10-26 10:36:28,72,0.417,4.49,-20.0
2020-10-26 10:36:28,73,0.405,4.52,22.6
2020-10-26 10:36:28,74,0.397,4.49,-20.0
2020-10-26 10:36:28,75,0.402,4.48,-20.0
2020-10-26 10:36:28,76,0.424,4.44,-20.0
2020-10-26 10:36:28,77,0.418,4.51,-20.0
2020-10-26 10:36:28,78,0.419,4.47,-20.0
2020-10-26 10:36:28,79,0.409,4.48,-20.0
2020-10-26 10:36:28,80,0.417,4.51,-20.0
2020-10-26 10:36:28,81,0.423,4.51,-20.0
2020-10-26 10:36:28,82,0.424,4.52,-20.0
2020-10-26 10:36:28,83,0.424,4.51,-20.0
2020-10-26 10:36:28,84,0.429,4.5,-20.0
2020-10-26 10:36:28,85,0.418,4.47,23.8
2020-10-26 10:36:28,86,0.417,4.46,-20.0
2020-10-26 10:36:28,87,0.44,4.46,-20.0
2020-10-26 10:36:28,88,0.403,4.47,-20.0
2020-10-26 10:36:28,89,0.409,4.5,-20.0
2020-10-26 10:36:28,90,0.403,4.48,-20.0
2020-10-26 10:36:28,91,0.414,4.49,-20.0
2020-10-26 10:36:28,92,0.397,4.5,-20.0
2020-10-26 10:36:28,93,0.408,4.5,-20.0
2020-10-26 10:36:28,94,0.418,4.48,-20.0
2020-10-26 10:36:28,95,0.416,4.46,-20.0
2020-10-26 10:36:28,96,0.409,4.49,-20.0
2020-10-26 22:36:10,1,0.416,4.5,25.4
2020-10-26 22:36:10,2,0.417,4.51,-20.0
2020-10-26 22:36:10,3,0.42,4.52,-20.0
2020-10-26 22:36:10,4,0.418,4.49,-20.0
2020-10-26 22:36:10,5,0.409,4.51,-20.0
2020-10-26 22:36:10,6,0.415,4.49,-20.0
2020-10-26 22:36:10,7,0.405,4.48,-20.0
2020-10-26 22:36:10,8,0.411,4.5,-20.0
2020-10-26 22:36:10,9,0.414,4.47,-20.0
2020-10-26 22:36:10,10,0.414,4.5,-20.0
2020-10-26 22:36:10,11,0.419,4.45,-20.0
2020-10-26 22:36:10,12,0.409,4.46,-20.0
2020-10-26 22:36:10,13,0.411,4.48,24.5
2020-10-26 22:36:10,14,0.412,4.5,-20.0
2020-10-26 22:36:10,15,0.411,4.52,-20.0
2020-10-26 22:36:10,16,0.424,4.52,-20.0
2020-10-26 22:36:10,17,0.423,4.49,-20.0
2020-10-26 22:36:10,18,0.424,4.49,-20.0
2020-10-26 22:36:10,19,0.438,4.48,-20.0
2020-10-26 22:36:10,20,0.41,4.47,-20.0
2020-10-26 22:36:10,21,0.42,4.48,-20.0
2020-10-26 22:36:10,22,0.419,4.47,-20.0
2020-10-26 22:36:10,23,0.436,4.48,-20.0
2020-10-26 22:36:10,24,0.404,4.5,-20.0
2020-10-26 22:36:10,25,0.418,4.51,21.9
2020-10-26 22:36:10,26,0.426,4.49,-20.0
2020-10-26 22:36:10,27,0.413,4.47,-20.0
2020-10-26 22:36:10,28,0.424,4.47,-20.0
2020-10-26 22:36:10,29,0.407,4.46,-20.0
2020-10-26 22:36:10,30,0.417,4.47,-20.0
2020-10-26 22:36:10,31,0.413,4.46,-20.0
2020-10-26 22:36:10,32,0.404,4.47,-20.0
2020-10-26 22:36:10,33,0.408,4.48,-20.0
2020-10-26 22:36:10,34,0.408,4.49,-20.0
2020-10-26 22:36:10,35,0.407,4.49,-20.0
2020-10-26 22:36:10,36,0.409,4.51,-20.0
2020-10-26 22:36:10,37,0.416,4.48,22.4
2020-10-26 22:36:10,38,0.409,4.48,-20.0
2020-10-26 22:36:10,39,0.415,4.47,-20.0
2020-10-26 22:36:10,40,0.416,4.48,-20.0
2020-10-26 22:36:10,41,0.416,4.5,-20.0
2020-10-26 22:36:10,42,0.407,4.47,-20.0
2020-10-26 22:36:10,43,0.423,4.47,-20.0
2020-10-26 22:36:10,44,0.428,4.5,-20.0
2020-10-26 22:36:10,45,0.417,4.5,-20.0
2020-10-26 22:36:10,46,0.418,4.49,-20.0
2020-10-26 22:36:10,47,0.413,4.49,-20.0
2020-10-26 22:36:10,48,0.402,4.47,-20.0
2020-10-26 22:36:10,49,0.482,4.47,24.4
2020-10-26 22:36:10,50,0.437,4.47,-20.0
2020-10-26 22:36:10,51,0.411,4.48,-20.0
2020-10-26 22:36:10,52,0.416,4.47,-20.0
2020-10-26 22:36:10,53,0.415,4.46,-20.0
2020-10-26 22:36:10,54,0.416,4.47,-20.0
2020-10-26 22:36:10,55,0.408,4.44,-20.0
2020-10-26 22:36:10,56,0.414,4.44,-20.0
2020-10-26 22:36:10,57,0.417,4.43,-20.0
2020-10-26 22:36:10,58,0.415,4.43,-20.0
2020-10-26 22:36:10,59,0.418,4.45,-20.0
2020-10-26 22:36:10,60,0.399,4.46,-20.0
2020-10-26 22:36:10,61,0.416,4.5,21.8
2020-10-26 22:36:10,62,0.413,4.49,-20.0
2020-10-26 22:36:10,63,0.416,4.48,-20.0
2020-10-26 22:36:10,64,0.419,4.46,-20.0
2020-10-26 22:36:10,65,0.417,4.45,-20.0
2020-10-26 22:36:10,66,0.42,4.45,-20.0
2020-10-26 22:36:10,67,0.417,4.43,-20.0
2020-10-26 22:36:10,68,0.427,4.46,-20.0
2020-10-26 22:36:10,69,0.434,4.46,-20.0
2020-10-26 22:36:10,70,0.418,4.48,-20.0
2020-10-26 22:36:10,71,0.417,4.49,-20.0
2020-10-26 22:36:10,72,0.417,4.49,-20.0
2020-10-26 22:36:10,73,0.394,4.51,22.0
2020-10-26 22:36:10,74,0.416,4.49,-20.0
2020-10-26 22:36:10,75,0.401,4.47,-20.0
2020-10-26 22:36:10,76,0.426,4.45,-20.0
2020-10-26 22:36:10,77,0.42,4.51,-20.0
2020-10-26 22:36:10,78,0.409,4.47,-20.0
2020-10-26 22:36:10,79,0.419,4.49,-20.0
2020-10-26 22:36:10,80,0.425,4.51,-20.0
2020-10-26 22:36:10,81,0.423,4.52,-20.0
2020-10-26 22:36:10,82,0.425,4.51,-20.0
2020-10-26 22:36:10,83,0.417,4.5,-20.0
2020-10-26 22:36:10,84,0.419,4.5,-20.0
2020-10-26 22:36:10,85,0.412,4.47,23.2
2020-10-26 22:36:10,86,0.417,4.46,-20.0
2020-10-26 22:36:10,87,0.441,4.47,-20.0
2020-10-26 22:36:10,88,0.403,4.48,-20.0
2020-10-26 22:36:10,89,0.41,4.49,-20.0
2020-10-26 22:36:10,90,0.405,4.48,-20.0
2020-10-26 22:36:10,91,0.415,4.49,-20.0
2020-10-26 22:36:10,92,0.399,4.5,-20.0
2020-10-26 22:36:10,93,0.411,4.5,-20.0
2020-10-26 22:36:10,94,0.418,4.48,-20.0
2020-10-26 22:36:10,95,0.416,4.47,-20.0
2020-10-26 22:36:10,96,0.412,4.49,-20.0
2020-10-27 10:35:47,1,0.416,4.49,25.4
2020-10-27 10:35:47,2,0.415,4.5,-20.0
2020-10-27 10:35:47,3,0.418,4.51,-20.0
2020-10-27 10:35:47,4,0.415,4.48,-20.0
2020-10-27 10:35:47,5,0.407,4.52,-20.0
2020-10-27 10:35:47,6,0.413,4.49,-20.0
2020-10-27 10:35:47,7,0.408,4.48,-20.0
2020-10-27 10:35:47,8,0.413,4.5,-20.0
2020-10-27 10:35:47,9,0.411,4.48,-20.0
2020-10-27 10:35:47,10,0.415,4.5,-20.0
2020-10-27 10:35:47,11,0.419,4.46,-20.0
2020-10-27 10:35:47,12,0.412,4.47,-20.0
2020-10-27 10:35:47,13,0.413,4.49,24.6
2020-10-27 10:35:47,14,0.415,4.5,-20.0
2020-10-27 10:35:47,15,0.41,4.51,-20.0
2020-10-27 10:35:47,16,0.425,4.52,-20.0
2020-10-27 10:35:47,17,0.431,4.48,-20.0
2020-10-27 10:35:47,18,0.434,4.5,-20.0
2020-10-27 10:35:47,19,0.446,4.47,-20.0
2020-10-27 10:35:47,20,0.41,4.48,-20.0
2020-10-27 10:35:47,21,0.42,4.49,-20.0
2020-10-27 10:35:47,22,0.425,4.48,-20.0
2020-10-27 10:35:47,23,0.443,4.48,-20.0
2020-10-27 10:35:47,24,0.404,4.49,-20.0
2020-10-27 10:35:47,25,0.419,4.5,22.1
2020-10-27 10:35:47,26,0.426,4.48,-20.0
2020-10-27 10:35:47,27,0.423,4.47,-20.0
2020-10-27 10:35:47,28,0.427,4.46,-20.0
2020-10-27 10:35:47,29,0.403,4.47,-20.0
2020-10-27 10:35:47,30,0.416,4.48,-20.0
2020-10-27 10:35:47,31,0.414,4.46,-20.0
2020-10-27 10:35:47,32,0.401,4.49,-20.0
2020-10-27 10:35:47,33,0.409,4.48,-20.0
2020-10-27 10:35:47,34,0.412,4.49,-20.0
2020-10-27 10:35:47,35,0.408,4.48,-20.0
2020-10-27 10:35:47,36,0.408,4.51,-20.0
2020-10-27 10:35:47,37,0.412,4.49,22.6
2020-10-27 10:35:47,38,0.411,4.48,-20.0
2020-10-27 10:35:47,39,0.417,4.47,-20.0
2020-10-27 10:35:47,40,0.417,4.48,-20.0
2020-10-27 10:35:47,41,0.414,4.5,-20.0
2020-10-27 10:35:47,42,0.404,4.48,-20.0
2020-10-27 10:35:47,43,0.439,4.47,-20.0
2020-10-27 10:35:47,44,0.456,4.49,-20.0
2020-10-27 10:35:47,45,0.419,4.49,-20.0
2020-10-27 10:35:47,46,0.416,4.48,-20.0
2020-10-27 10:35:47,47,0.436,4.49,-20.0
2020-10-27 10:35:47,48,0.428,4.48,-20.0
2020-10-27 10:35:47,49,0.497,4.45,24.6
2020-10-27 10:35:47,50,0.443,4.47,-20.0
2020-10-27 10:35:47,51,0.416,4.47,-20.0
2020-10-27 10:35:47,52,0.418,4.47,-20.0
2020-10-27 10:35:47,53,0.432,4.46,-20.0
2020-10-27 10:35:47,54,0.432,4.47,-20.0
2020-10-27 10:35:47,55,0.415,4.44,-20.0
2020-10-27 10:35:47,56,0.415,4.44,-20.0
2020-10-27 10:35:47,57,0.416,4.43,-20.0
2020-10-27 10:35:47,58,0.404,4.43,-20.0
2020-10-27 10:35:47,59,0.421,4.45,-20.0
2020-10-27 10:35:47,60,0.405,4.47,-20.0
2020-10-27 10:35:47,61,0.412,4.5,22.1
2020-10-27 10:35:47,62,0.409,4.49,-20.0
2020-10-27 10:35:47,63,0.416,4.48,-20.0
2020-10-27 10:35:47,64,0.42,4.46,-20.0
2020-10-27 10:35:47,65,0.411,4.45,-20.0
2020-10-27 10:35:47,66,0.419,4.46,-20.0
2020-10-27 10:35:47,67,0.411,4.43,-20.0
2020-10-27 10:35:47,68,0.419,4.45,-20.0
2020-10-27 10:35:47,69,0.43,4.45,-20.0
2020-10-27 10:35:47,70,0.414,4.47,-20.0
2020-10-27 10:35:47,71,0.413,4.48,-20.0
2020-10-27 10:35:47,72,0.415,4.49,-20.0
2020-10-27 10:35:47,73,0.385,4.51,22.3
2020-10-27 10:35:47,74,0.405,4.48,-20.0
2020-10-27 10:35:47,75,0.409,4.47,-20.0
2020-10-27 10:35:47,76,0.421,4.44,-20.0
2020-10-27 10:35:47,77,0.415,4.5,-20.0
2020-10-27 10:35:47,78,0.403,4.48,-20.0
2020-10-27 10:35:47,79,0.416,4.49,-20.0
2020-10-27 10:35:47,80,0.427,4.51,-20.0
2020-10-27 10:35:47,81,0.419,4.51,-20.0
2020-10-27 10:35:47,82,0.422,4.52,-20.0
2020-10-27 10:35:47,83,0.42,4.51,-20.0
2020-10-27 10:35:47,84,0.419,4.5,-20.0
2020-10-27 10:35:47,85,0.413,4.47,23.3
2020-10-27 10:35:47,86,0.416,4.46,-20.0
2020-10-27 10:35:47,87,0.439,4.47,-20.0
2020-10-27 10:35:47,88,0.404,4.47,-20.0
2020-10-27 10:35:47,89,0.411,4.49,-20.0
2020-10-27 10:35:47,90,0.404,4.48,-20.0
2020-10-27 10:35:47,91,0.414,4.48,-20.0
2020-10-27 10:35:47,92,0.397,4.5,-20.0
2020-10-27 10:35:47,93,0.413,4.5,-20.0
2020-10-27 10:35:47,94,0.417,4.47,-20.0
2020-10-27 10:35:47,95,0.418,4.46,-20.0
2020-10-27 10:35:47,96,0.41,4.49,-20.0
2020-10-27 22:35:18,1,0.417,4.49,25.4
2020-10-27 22:35:18,2,0.416,4.5,-20.0
2020-10-27 22:35:18,3,0.418,4.51,-20.0
2020-10-27 22:35:18,4,0.415,4.49,-20.0
2020-10-27 22:35:18,5,0.404,4.5,-20.0
2020-10-27 22:35:18,6,0.411,4.49,-20.0
2020-10-27 22:35:18,7,0.403,4.47,-20.0
2020-10-27 22:35:18,8,0.409,4.5,-20.0
2020-10-27 22:35:18,9,0.41,4.48,-20.0
2020-10-27 22:35:18,10,0.417,4.5,-20.0
2020-10-27 22:35:18,11,0.42,4.45,-20.0
2020-10-27 22:35:18,12,0.413,4.47,-20.0
2020-10-27 22:35:18,13,0.411,4.48,24.7
2020-10-27 22:35:18,14,0.415,4.48,-20.0
2020-10-27 22:35:18,15,0.412,4.51,-20.0
2020-10-27 22:35:18,16,0.427,4.52,-20.0
2020-10-27 22:35:18,17,0.425,4.49,-20.0
2020-10-27 22:35:18,18,0.43,4.49,-20.0
2020-10-27 22:35:18,19,0.444,4.47,-20.0
2020-10-27 22:35:18,20,0.41,4.48,-20.0
2020-10-27 22:35:18,21,0.42,4.48,-20.0
2020-10-27 22:35:18,22,0.426,4.46,-20.0
2020-10-27 22:35:18,23,0.444,4.48,-20.0
2020-10-27 22:35:18,24,0.406,4.5,-20.0
2020-10-27 22:35:18,25,0.42,4.5,22.1
2020-10-27 22:35:18,26,0.421,4.48,-20.0
2020-10-27 22:35:18,27,0.421,4.47,-20.0
2020-10-27 22:35:18,28,0.427,4.46,-20.0
2020-10-27 22:35:18,29,0.408,4.47,-20.0
2020-10-27 22:35:18,30,0.417,4.48,-20.0
2020-10-27 22:35:18,31,0.415,4.46,-20.0
2020-10-27 22:35:18,32,0.405,4.47,-20.0
2020-10-27 22:35:18,33,0.409,4.48,-20.0
2020-10-27 22:35:18,34,0.41,4.49,-20.0
2020-10-27 22:35:18,35,0.409,4.49,-20.0
2020-10-27 22:35:18,36,0.408,4.5,-20.0
2020-10-27 22:35:18,37,0.396,4.47,22.6
2020-10-27 22:35:18,38,0.387,4.49,-20.0
2020-10-27 22:35:18,39,0.401,4.47,-20.0
2020-10-27 22:35:18,40,0.413,4.47,-20.0
2020-10-27 22:35:18,41,0.412,4.5,-20.0
2020-10-27 22:35:18,42,0.38,4.47,-20.0
2020-10-27 22:35:18,43,0.423,4.48,-20.0
2020-10-27 22:35:18,44,0.403,4.49,-20.0
2020-10-27 22:35:18,45,0.417,4.49,-20.0
2020-10-27 22:35:18,46,0.419,4.49,-20.0
2020-10-27 22:35:18,47,0.413,4.49,-20.0
2020-10-27 22:35:18,48,0.399,4.47,-20.0
2020-10-27 22:35:18,49,0.494,4.46,24.7
2020-10-27 22:35:18,50,0.444,4.47,-20.0
2020-10-27 22:35:18,51,0.415,4.47,-20.0
2020-10-27 22:35:18,52,0.419,4.47,-20.0
2020-10-27 22:35:18,53,0.427,4.46,-20.0
2020-10-27 22:35:18,54,0.43,4.47,-20.0
2020-10-27 22:35:18,55,0.417,4.44,-20.0
2020-10-27 22:35:18,56,0.415,4.44,-20.0
2020-10-27 22:35:18,57,0.419,4.43,-20.0
2020-10-27 22:35:18,58,0.406,4.43,-20.0
2020-10-27 22:35:18,59,0.422,4.45,-20.0
2020-10-27 22:35:18,60,0.411,4.46,-20.0
2020-10-27 22:35:18,61,0.416,4.5,22.1
2020-10-27 22:35:18,62,0.409,4.5,-20.0
2020-10-27 22:35:18,63,0.414,4.48,-20.0
2020-10-27 22:35:18,64,0.416,4.46,-20.0
2020-10-27 22:35:18,65,0.411,4.45,-20.0
2020-10-27 22:35:18,66,0.419,4.45,-20.0
2020-10-27 22:35:18,67,0.41,4.43,-20.0
2020-10-27 22:35:18,68,0.419,4.46,-20.0
2020-10-27 22:35:18,69,0.427,4.46,-20.0
2020-10-27 22:35:18,70,0.409,4.47,-20.0
2020-10-27 22:35:18,71,0.413,4.49,-20.0
2020-10-27 22:35:18,72,0.415,4.49,-20.0
2020-10-27 22:35:18,73,0.393,4.52,22.4
2020-10-27 22:35:18,74,0.408,4.48,-20.0
2020-10-27 22:35:18,75,0.415,4.47,-20.0
2020-10-27 22:35:18,76,0.423,4.45,-20.0
2020-10-27 22:35:18,77,0.422,4.5,-20.0
2020-10-27 22:35:18,78,0.406,4.47,-20.0
2020-10-27 22:35:18,79,0.418,4.49,-20.0
2020-10-27 22:35:18,80,0.426,4.5,-20.0
2020-10-27 22:35:18,81,0.42,4.51,-20.0
2020-10-27 22:35:18,82,0.423,4.52,-20.0
2020-10-27 22:35:18,83,0.419,4.5,-20.0
2020-10-27 22:35:18,84,0.417,4.49,-20.0
2020-10-27 22:35:18,85,0.414,4.47,23.6
2020-10-27 22:35:18,86,0.414,4.46,-20.0
2020-10-27 22:35:18,87,0.437,4.46,-20.0
2020-10-27 22:35:18,88,0.404,4.48,-20.0
2020-10-27 22:35:18,89,0.41,4.49,-20.0
2020-10-27 22:35:18,90,0.407,4.48,-20.0
2020-10-27 22:35:18,91,0.416,4.49,-20.0
2020-10-27 22:35:18,92,0.397,4.5,-20.0
2020-10-27 22:35:18,93,0.415,4.51,-20.0
2020-10-27 22:35:18,94,0.417,4.47,-20.0
2020-10-27 22:35:18,95,0.42,4.46,-20.0
2020-10-27 22:35:18,96,0.41,4.49,-20.0
2020-10-28 10:34:45,1,0.417,4.5,25.4
2020-10-28 10:34:45,2,0.417,4.51,-20.0
2020-10-28 10:34:45,3,0.419,4.52,-20.0
2020-10-28 10:34:45,4,0.417,4.49,-20.0
2020-10-28 10:34:45,5,0.406,4.51,-20.0
2020-10-28 10:34:45,6,0.411,4.5,-20.0
2020-10-28 10:34:45,7,0.406,4.48,-20.0
2020-10-28 10:34:45,8,0.407,4.5,-20.0
2020-10-28 10:34:45,9,0.41,4.48,-20.0
2020-10-28 10:34:45,10,0.418,4.5,-20.0
2020-10-28 10:34:45,11,0.421,4.46,-20.0
2020-10-28 10:34:45,12,0.418,4.47,-20.0
2020-10-28 10:34:45,13,0.412,4.48,24.7
2020-10-28 10:34:45,14,0.415,4.49,-20.0
2020-10-28 10:34:45,15,0.413,4.52,-20.0
2020-10-28 10:34:45,16,0.43,4.52,-20.0
2020-10-28 10:34:45,17,0.419,4.49,-20.0
2020-10-28 10:34:45,18,0.425,4.5,-20.0
2020-10-28 10:34:45,19,0.444,4.47,-20.0
2020-10-28 10:34:45,20,0.411,4.47,-20.0
2020-10-28 10:34:45,21,0.418,4.49,-20.0
2020-10-28 10:34:45,22,0.424,4.48,-20.0
2020-10-28 10:34:45,23,0.443,4.48,-20.0
2020-10-28 10:34:45,24,0.407,4.49,-20.0
2020-10-28 10:34:45,25,0.417,4.5,22.3
2020-10-28 10:34:45,26,0.424,4.48,-20.0
2020-10-28 10:34:45,27,0.421,4.46,-20.0
2020-10-28 10:34:45,28,0.425,4.47,-20.0
2020-10-28 10:34:45,29,0.41,4.47,-20.0
2020-10-28 10:34:45,30,0.415,4.47,-20.0
2020-10-28 10:34:45,31,0.417,4.46,-20.0
2020-10-28 10:34:45,32,0.409,4.49,-20.0
2020-10-28 10:34:45,33,0.413,4.49,-20.0
2020-10-28 10:34:45,34,0.414,4.49,-20.0
2020-10-28 10:34:45,35,0.411,4.49,-20.0
2020-10-28 10:34:45,36,0.409,4.51,-20.0
2020-10-28 10:34:45,37,0.405,4.47,22.8
2020-10-28 10:34:45,38,0.396,4.48,-20.0
2020-10-28 10:34:45,39,0.404,4.47,-20.0
2020-10-28 10:34:45,40,0.415,4.47,-20.0
2020-10-28 10:34:45,41,0.41,4.49,-20.0
2020-10-28 10:34:45,42,0.385,4.48,-20.0
2020-10-28 10:34:45,43,0.421,4.48,-20.0
2020-10-28 10:34:45,44,0.408,4.49,-20.0
2020-10-28 10:34:45,45,0.416,4.49,-20.0
2020-10-28 10:34:45,46,0.415,4.49,-20.0
2020-10-28 10:34:45,47,0.408,4.49,-20.0
2020-10-28 10:34:45,48,0.385,4.48,-20.0
2020-10-28 10:34:45,49,0.493,4.46,24.8
2020-10-28 10:34:45,50,0.439,4.47,-20.0
2020-10-28 10:34:45,51,0.414,4.47,-20.0
2020-10-28 10:34:45,52,0.42,4.46,-20.0
2020-10-28 10:34:45,53,0.426,4.45,-20.0
2020-10-28 10:34:45,54,0.429,4.46,-20.0
2020-10-28 10:34:45,55,0.417,4.43,-20.0
2020-10-28 10:34:45,56,0.416,4.44,-20.0
2020-10-28 10:34:45,57,0.418,4.43,-20.0
2020-10-28 10:34:45,58,0.411,4.43,-20.0
2020-10-28 10:34:45,59,0.421,4.44,-20.0
2020-10-28 10:34:45,60,0.417,4.46,-20.0
2020-10-28 10:34:45,61,0.418,4.5,22.3
2020-10-28 10:34:45,62,0.411,4.49,-20.0
2020-10-28 10:34:45,63,0.403,4.48,-20.0
2020-10-28 10:34:45,64,0.411,4.46,-20.0
2020-10-28 10:34:45,65,0.395,4.45,-20.0
2020-10-28 10:34:45,66,0.418,4.45,-20.0
2020-10-28 10:34:45,67,0.408,4.43,-20.0
2020-10-28 10:34:45,68,0.403,4.46,-20.0
2020-10-28 10:34:45,69,0.418,4.45,-20.0
2020-10-28 10:34:45,70,0.401,4.47,-20.0
2020-10-28 10:34:45,71,0.409,4.49,-20.0
2020-10-28 10:34:45,72,0.412,4.48,-20.0
2020-10-28 10:34:45,73,0.391,4.52,22.7
2020-10-28 10:34:45,74,0.406,4.49,-20.0
2020-10-28 10:34:45,75,0.419,4.47,-20.0
2020-10-28 10:34:45,76,0.426,4.46,-20.0
2020-10-28 10:34:45,77,0.421,4.5,-20.0
2020-10-28 10:34:45,78,0.404,4.48,-20.0
2020-10-28 10:34:45,79,0.416,4.49,-20.0
2020-10-28 10:34:45,80,0.431,4.51,-20.0
2020-10-28 10:34:45,81,0.42,4.5,-20.0
2020-10-28 10:34:45,82,0.424,4.52,-20.0
2020-10-28 10:34:45,83,0.42,4.5,-20.0
2020-10-28 10:34:45,84,0.42,4.49,-20.0
2020-10-28 10:34:45,85,0.417,4.47,23.8
2020-10-28 10:34:45,86,0.414,4.47,-20.0
2020-10-28 10:34:45,87,0.438,4.46,-20.0
2020-10-28 10:34:45,88,0.405,4.48,-20.0
2020-10-28 10:34:45,89,0.414,4.49,-20.0
2020-10-28 10:34:45,90,0.406,4.48,-20.0
2020-10-28 10:34:45,91,0.417,4.48,-20.0
2020-10-28 10:34:45,92,0.401,4.5,-20.0
2020-10-28 10:34:45,93,0.413,4.5,-20.0
2020-10-28 10:34:45,94,0.42,4.48,-20.0
2020-10-28 10:34:45,95,0.42,4.46,-20.0
2020-10-28 10:34:45,96,0.41,4.49,-20.0
2020-10-28 22:34:20,1,0.416,4.49,25.4
2020-10-28 22:34:20,2,0.416,4.51,-20.0
2020-10-28 22:34:20,3,0.418,4.51,-20.0
2020-10-28 22:34:20,4,0.416,4.48,-20.0
2020-10-28 22:34:20,5,0.406,4.5,-20.0
2020-10-28 22:34:20,6,0.415,4.49,-20.0
2020-10-28 22:34:20,7,0.407,4.48,-20.0
2020-10-28 22:34:20,8,0.409,4.5,-20.0
2020-10-28 22:34:20,9,0.41,4.47,-20.0
2020-10-28 22:34:20,10,0.419,4.51,-20.0
2020-10-28 22:34:20,11,0.419,4.45,-20.0
2020-10-28 22:34:20,12,0.419,4.47,-20.0
2020-10-28 22:34:20,13,0.412,4.48,24.7
2020-10-28 22:34:20,14,0.418,4.49,-20.0
2020-10-28 22:34:20,15,0.412,4.51,-20.0
2020-10-28 22:34:20,16,0.431,4.51,-20.0
2020-10-28 22:34:20,17,0.415,4.49,-20.0
2020-10-28 22:34:20,18,0.426,4.49,-20.0
2020-10-28 22:34:20,19,0.445,4.47,-20.0
2020-10-28 22:34:20,20,0.41,4.47,-20.0
2020-10-28 22:34:20,21,0.416,4.48,-20.0
2020-10-28 22:34:20,22,0.42,4.47,-20.0
2020-10-28 22:34:20,23,0.442,4.49,-20.0
2020-10-28 22:34:20,24,0.409,4.5,-20.0
2020-10-28 22:34:20,25,0.416,4.51,22.2
2020-10-28 22:34:20,26,0.42,4.48,-20.0
2020-10-28 22:34:20,27,0.421,4.47,-20.0
2020-10-28 22:34:20,28,0.423,4.46,-20.0
2020-10-28 22:34:20,29,0.411,4.47,-20.0
2020-10-28 22:34:20,30,0.413,4.48,-20.0
2020-10-28 22:34:20,31,0.414,4.47,-20.0
2020-10-28 22:34:20,32,0.39,4.47,-20.0
2020-10-28 22:34:20,33,0.409,4.5,-20.0
2020-10-28 22:34:20,34,0.396,4.49,-20.0
2020-10-28 22:34:20,35,0.408,4.48,-20.0
2020-10-28 22:34:20,36,0.411,4.5,-20.0
2020-10-28 22:34:20,37,0.388,4.48,22.6
2020-10-28 22:34:20,38,0.386,4.48,-20.0
2020-10-28 22:34:20,39,0.397,4.47,-20.0
2020-10-28 22:34:20,40,0.413,4.48,-20.0
2020-10-28 22:34:20,41,0.408,4.49,-20.0
2020-10-28 22:34:20,42,0.389,4.47,-20.0
2020-10-28 22:34:20,43,0.422,4.48,-20.0
2020-10-28 22:34:20,44,0.413,4.5,-20.0
2020-10-28 22:34:20,45,0.416,4.49,-20.0
2020-10-28 22:34:20,46,0.417,4.48,-20.0
2020-10-28 22:34:20,47,0.386,4.49,-20.0
2020-10-28 22:34:20,48,0.37,4.48,-20.0
2020-10-28 22:34:20,49,0.487,4.46,24.6
2020-10-28 22:34:20,50,0.432,4.47,-20.0
2020-10-28 22:34:20,51,0.415,4.47,-20.0
2020-10-28 22:34:20,52,0.419,4.46,-20.0
2020-10-28 22:34:20,53,0.426,4.46,-20.0
2020-10-28 22:34:20,54,0.43,4.47,-20.0
2020-10-28 22:34:20,55,0.411,4.44,-20.0
2020-10-28 22:34:20,56,0.416,4.43,-20.0
2020-10-28 22:34:20,57,0.418,4.44,-20.0
2020-10-28 22:34:20,58,0.42,4.43,-20.0
2020-10-28 22:34:20,59,0.434,4.44,-20.0
2020-10-28 22:34:20,60,0.423,4.46,-20.0
2020-10-28 22:34:20,61,0.417,4.5,22.1
2020-10-28 22:34:20,62,0.412,4.49,-20.0
2020-10-28 22:34:20,63,0.394,4.48,-20.0
2020-10-28 22:34:20,64,0.43,4.47,-20.0
2020-10-28 22:34:20,65,0.415,4.45,-20.0
2020-10-28 22:34:20,66,0.419,4.45,-20.0
2020-10-28 22:34:20,67,0.41,4.44,-20.0
2020-10-28 22:34:20,68,0.395,4.46,-20.0
2020-10-28 22:34:20,69,0.439,4.45,-20.0
2020-10-28 22:34:20,70,0.42,4.47,-20.0
2020-10-28 22:34:20,71,0.406,4.49,-20.0
2020-10-28 22:34:20,72,0.412,4.49,-20.0
2020-10-28 22:34:20,73,0.393,4.52,22.5
2020-10-28 22:34:20,74,0.402,4.49,-20.0
2020-10-28 22:34:20,75,0.421,4.47,-20.0
2020-10-28 22:34:20,76,0.421,4.44,-20.0
2020-10-28 22:34:20,77,0.42,4.51,-20.0
2020-10-28 22:34:20,78,0.408,4.47,-20.0
2020-10-28 22:34:20,79,0.417,4.49,-20.0
2020-10-28 22:34:20,80,0.431,4.51,-20.0
2020-10-28 22:34:20,81,0.419,4.5,-20.0
2020-10-28 22:34:20,82,0.421,4.52,-20.0
2020-10-28 22:34:20,83,0.422,4.5,-20.0
2020-10-28 22:34:20,84,0.42,4.5,-20.0
2020-10-28 22:34:20,85,0.416,4.48,23.3
2020-10-28 22:34:20,86,0.417,4.47,-20.0
2020-10-28 22:34:20,87,0.439,4.47,-20.0
2020-10-28 22:34:20,88,0.403,4.47,-20.0
2020-10-28 22:34:20,89,0.414,4.5,-20.0
2020-10-28 22:34:20,90,0.405,4.48,-20.0
2020-10-28 22:34:20,91,0.414,4.5,-20.0
2020-10-28 22:34:20,92,0.4,4.5,-20.0
2020-10-28 22:34:20,93,0.411,4.5,-20.0
2020-10-28 22:34:20,94,0.42,4.48,-20.0
2020-10-28 22:34:20,95,0.423,4.46,-20.0
2020-10-28 22:34:20,96,0.411,4.49,-20.0
2020-10-29 10:33:54,1,0.417,4.5,25.4
2020-10-29 10:33:54,2,0.415,4.51,-20.0
2020-10-29 10:33:54,3,0.418,4.51,-20.0
2020-10-29 10:33:54,4,0.417,4.48,-20.0
2020-10-29 10:33:54,5,0.408,4.52,-20.0
2020-10-29 10:33:54,6,0.416,4.49,-20.0
2020-10-29 10:33:54,7,0.41,4.48,-20.0
2020-10-29 10:33:54,8,0.411,4.49,-20.0
2020-10-29 10:33:54,9,0.412,4.48,-20.0
2020-10-29 10:33:54,10,0.42,4.49,-20.0
2020-10-29 10:33:54,11,0.415,4.46,-20.0
2020-10-29 10:33:54,12,0.421,4.46,-20.0
2020-10-29 10:33:54,13,0.416,4.49,24.6
2020-10-29 10:33:54,14,0.417,4.5,-20.0
2020-10-29 10:33:54,15,0.413,4.52,-20.0
2020-10-29 10:33:54,16,0.428,4.52,-20.0
2020-10-29 10:33:54,17,0.414,4.48,-20.0
2020-10-29 10:33:54,18,0.421,4.5,-20.0
2020-10-29 10:33:54,19,0.449,4.48,-20.0
2020-10-29 10:33:54,20,0.411,4.47,-20.0
2020-10-29 10:33:54,21,0.418,4.48,-20.0
2020-10-29 10:33:54,22,0.383,4.48,-20.0
2020-10-29 10:33:54,23,0.437,4.48,-20.0
2020-10-29 10:33:54,24,0.415,4.48,-20.0
2020-10-29 10:33:54,25,0.417,4.5,22.1
2020-10-29 10:33:54,26,0.416,4.48,-20.0
2020-10-29 10:33:54,27,0.416,4.47,-20.0
2020-10-29 10:33:54,28,0.417,4.46,-20.0
2020-10-29 10:33:54,29,0.405,4.47,-20.0
2020-10-29 10:33:54,30,0.412,4.49,-20.0
2020-10-29 10:33:54,31,0.415,4.46,-20.0
2020-10-29 10:33:54,32,0.397,4.47,-20.0
2020-10-29 10:33:54,33,0.409,4.48,-20.0
2020-10-29 10:33:54,34,0.403,4.49,-20.0
2020-10-29 10:33:54,35,0.412,4.49,-20.0
2020-10-29 10:33:54,36,0.412,4.5,-20.0
2020-10-29 10:33:54,37,0.394,4.48,22.6
2020-10-29 10:33:54,38,0.393,4.48,-20.0
2020-10-29 10:33:54,39,0.404,4.47,-20.0
2020-10-29 10:33:54,40,0.413,4.49,-20.0
2020-10-29 10:33:54,41,0.407,4.49,-20.0
2020-10-29 10:33:54,42,0.395,4.47,-20.0
2020-10-29 10:33:54,43,0.422,4.48,-20.0
2020-10-29 10:33:54,44,0.417,4.5,-20.0
2020-10-29 10:33:54,45,0.415,4.5,-20.0
2020-10-29 10:33:54,46,0.419,4.48,-20.0
2020-10-29 10:33:54,47,0.396,4.48,-20.0
2020-10-29 10:33:54,48,0.391,4.48,-20.0
2020-10-29 10:33:54,49,0.481,4.46,24.6
2020-10-29 10:33:54,50,0.433,4.47,-20.0
2020-10-29 10:33:54,51,0.415,4.47,-20.0
2020-10-29 10:33:54,52,0.415,4.46,-20.0
2020-10-29 10:33:54,53,0.429,4.45,-20.0
2020-10-29 10:33:54,54,0.42,4.46,-20.0
2020-10-29 10:33:54,55,0.411,4.44,-20.0
2020-10-29 10:33:54,56,0.419,4.43,-20.0
2020-10-29 10:33:54,57,0.421,4.43,-20.0
2020-10-29 10:33:54,58,0.41,4.42,-20.0
2020-10-29 10:33:54,59,0.423,4.45,-20.0
2020-10-29 10:33:54,60,0.407,4.46,-20.0
2020-10-29 10:33:54,61,0.418,4.49,22.0
2020-10-29 10:33:54,62,0.407,4.49,-20.0
2020-10-29 10:33:54,63,0.381,4.48,-20.0
2020-10-29 10:33:54,64,0.414,4.46,-20.0
2020-10-29 10:33:54,65,0.397,4.45,-20.0
2020-10-29 10:33:54,66,0.415,4.45,-20.0
2020-10-29 10:33:54,67,0.407,4.43,-20.0
2020-10-29 10:33:54,68,0.39,4.45,-20.0
2020-10-29 10:33:54,69,0.43,4.46,-20.0
2020-10-29 10:33:54,70,0.415,4.47,-20.0
2020-10-29 10:33:54,71,0.409,4.49,-20.0
2020-10-29 10:33:54,72,0.417,4.48,-20.0
2020-10-29 10:33:54,73,0.401,4.52,22.3
2020-10-29 10:33:54,74,0.402,4.49,-20.0
2020-10-29 10:33:54,75,0.419,4.47,-20.0
2020-10-29 10:33:54,76,0.425,4.45,-20.0
2020-10-29 10:33:54,77,0.418,4.5,-20.0
2020-10-29 10:33:54,78,0.408,4.47,-20.0
2020-10-29 10:33:54,79,0.416,4.48,-20.0
2020-10-29 10:33:54,80,0.433,4.5,-20.0
2020-10-29 10:33:54,81,0.421,4.51,-20.0
2020-10-29 10:33:54,82,0.423,4.51,-20.0
2020-10-29 10:33:54,83,0.424,4.51,-20.0
2020-10-29 10:33:54,84,0.422,4.5,-20.0
2020-10-29 10:33:54,85,0.419,4.48,23.5
2020-10-29 10:33:54,86,0.416,4.47,-20.0
2020-10-29 10:33:54,87,0.44,4.47,-20.0
2020-10-29 10:33:54,88,0.404,4.47,-20.0
2020-10-29 10:33:54,89,0.414,4.49,-20.0
2020-10-29 10:33:54,90,0.405,4.47,-20.0
2020-10-29 10:33:54,91,0.415,4.49,-20.0
2020-10-29 10:33:54,92,0.402,4.5,-20.0
2020-10-29 10:33:54,93,0.411,4.49,-20.0
2020-10-29 10:33:54,94,0.419,4.47,-20.0
2020-10-29 10:33:54,95,0.424,4.46,-20.0
2020-10-29 10:33:54,96,0.414,4.49,-20.0
2020-10-29 22:33:20,1,0.418,4.5,25.4
2020-10-29 22:33:20,2,0.416,4.5,-20.0
2020-10-29 22:33:20,3,0.421,4.52,-20.0
2020-10-29 22:33:20,4,0.418,4.49,-20.0
2020-10-29 22:33:20,5,0.409,4.51,-20.0
2020-10-29 22:33:20,6,0.418,4.49,-20.0
2020-10-29 22:33:20,7,0.412,4.48,-20.0
2020-10-29 22:33:20,8,0.412,4.5,-20.0
2020-10-29 22:33:20,9,0.412,4.47,-20.0
2020-10-29 22:33:20,10,0.42,4.49,-20.0
2020-10-29 22:33:20,11,0.418,4.45,-20.0
2020-10-29 22:33:20,12,0.417,4.45,-20.0
2020-10-29 22:33:20,13,0.413,4.48,24.6
2020-10-29 22:33:20,14,0.413,4.49,-20.0
2020-10-29 22:33:20,15,0.414,4.52,-20.0
2020-10-29 22:33:20,16,0.427,4.52,-20.0
2020-10-29 22:33:20,17,0.412,4.49,-20.0
2020-10-29 22:33:20,18,0.42,4.49,-20.0
2020-10-29 22:33:20,19,0.445,4.48,-20.0
2020-10-29 22:33:20,20,0.413,4.48,-20.0
2020-10-29 22:33:20,21,0.413,4.49,-20.0
2020-10-29 22:33:20,22,0.426,4.47,-20.0
2020-10-29 22:33:20,23,0.427,4.48,-20.0
2020-10-29 22:33:20,24,0.401,4.49,-20.0
2020-10-29 22:33:20,25,0.417,4.49,21.9
2020-10-29 22:33:20,26,0.417,4.48,-20.0
2020-10-29 22:33:20,27,0.408,4.47,-20.0
2020-10-29 22:33:20,28,0.413,4.46,-20.0
2020-10-29 22:33:20,29,0.397,4.46,-20.0
2020-10-29 22:33:20,30,0.408,4.48,-20.0
2020-10-29 22:33:20,31,0.416,4.46,-20.0
2020-10-29 22:33:20,32,0.399,4.47,-20.0
2020-10-29 22:33:20,33,0.408,4.48,-20.0
2020-10-29 22:33:20,34,0.409,4.49,-20.0
2020-10-29 22:33:20,35,0.411,4.48,-20.0
2020-10-29 22:33:20,36,0.411,4.5,-20.0
2020-10-29 22:33:20,37,0.403,4.48,22.5
2020-10-29 22:33:20,38,0.398,4.49,-20.0
2020-10-29 22:33:20,39,0.407,4.47,-20.0
2020-10-29 22:33:20,40,0.416,4.48,-20.0
2020-10-29 22:33:20,41,0.409,4.5,-20.0
2020-10-29 22:33:20,42,0.398,4.47,-20.0
2020-10-29 22:33:20,43,0.422,4.48,-20.0
2020-10-29 22:33:20,44,0.419,4.5,-20.0
2020-10-29 22:33:20,45,0.417,4.49,-20.0
2020-10-29 22:33:20,46,0.418,4.49,-20.0
2020-10-29 22:33:20,47,0.381,4.48,-20.0
2020-10-29 22:33:20,48,0.407,4.48,-20.0
2020-10-29 22:33:20,49,0.479,4.46,24.6
2020-10-29 22:33:20,50,0.433,4.47,-20.0
2020-10-29 22:33:20,51,0.416,4.48,-20.0
2020-10-29 22:33:20,52,0.417,4.47,-20.0
2020-10-29 22:33:20,53,0.427,4.45,-20.0
2020-10-29 22:33:20,54,0.42,4.47,-20.0
2020-10-29 22:33:20,55,0.414,4.43,-20.0
2020-10-29 22:33:20,56,0.421,4.44,-20.0
2020-10-29 22:33:20,57,0.421,4.43,-20.0
2020-10-29 22:33:20,58,0.413,4.43,-20.0
2020-10-29 22:33:20,59,0.424,4.45,-20.0
2020-10-29 22:33:20,60,0.41,4.46,-20.0
2020-10-29 22:33:20,61,0.421,4.5,21.9
2020-10-29 22:33:20,62,0.411,4.49,-20.0
2020-10-29 22:33:20,63,0.388,4.48,-20.0
2020-10-29 22:33:20,64,0.411,4.46,-20.0
2020-10-29 22:33:20,65,0.401,4.45,-20.0
2020-10-29 22:33:20,66,0.414,4.45,-20.0
2020-10-29 22:33:20,67,0.407,4.43,-20.0
2020-10-29 22:33:20,68,0.399,4.46,-20.0
2020-10-29 22:33:20,69,0.425,4.45,-20.0
2020-10-29 22:33:20,70,0.415,4.47,-20.0
2020-10-29 22:33:20,71,0.411,4.49,-20.0
2020-10-29 22:33:20,72,0.414,4.49,-20.0
2020-10-29 22:33:20,73,0.401,4.51,22.0
2020-10-29 22:33:20,74,0.404,4.49,-20.0
2020-10-29 22:33:20,75,0.421,4.47,-20.0
2020-10-29 22:33:20,76,0.426,4.46,-20.0
2020-10-29 22:33:20,77,0.419,4.51,-20.0
2020-10-29 22:33:20,78,0.409,4.48,-20.0
2020-10-29 22:33:20,79,0.417,4.49,-20.0
2020-10-29 22:33:20,80,0.431,4.51,-20.0
2020-10-29 22:33:20,81,0.422,4.51,-20.0
2020-10-29 22:33:20,82,0.422,4.52,-20.0
2020-10-29 22:33:20,83,0.422,4.5,-20.0
2020-10-29 22:33:20,84,0.421,4.49,-20.0
2020-10-29 22:33:20,85,0.416,4.48,22.9
2020-10-29 22:33:20,86,0.419,4.47,-20.0
2020-10-29 22:33:20,87,0.441,4.47,-20.0
2020-10-29 22:33:20,88,0.407,4.47,-20.0
2020-10-29 22:33:20,89,0.414,4.49,-20.0
2020-10-29 22:33:20,90,0.408,4.48,-20.0
2020-10-29 22:33:20,91,0.415,4.49,-20.0
2020-10-29 22:33:20,92,0.399,4.5,-20.0
2020-10-29 22:33:20,93,0.411,4.5,-20.0
2020-10-29 22:33:20,94,0.418,4.47,-20.0
2020-10-29 22:33:20,95,0.418,4.47,-20.0
2020-10-29 22:33:20,96,0.408,4.49,-20.0
2020-10-30 10:32:50,1,0.42,4.5,25.4
2020-10-30 10:32:50,2,0.417,4.5,-20.0
2020-10-30 10:32:50,3,0.421,4.52,-20.0
2020-10-30 10:32:50,4,0.416,4.48,-20.0
2020-10-30 10:32:50,5,0.407,4.51,-20.0
2020-10-30 10:32:50,6,0.416,4.5,-20.0
2020-10-30 10:32:50,7,0.414,4.49,-20.0
2020-10-30 10:32:50,8,0.411,4.49,-20.0
2020-10-30 10:32:50,9,0.417,4.48,-20.0
2020-10-30 10:32:50,10,0.422,4.5,-20.0
2020-10-30 10:32:50,11,0.419,4.46,-20.0
2020-10-30 10:32:50,12,0.417,4.46,-20.0
2020-10-30 10:32:50,13,0.411,4.49,24.7
2020-10-30 10:32:50,14,0.416,4.49,-20.0
2020-10-30 10:32:50,15,0.414,4.51,-20.0
2020-10-30 10:32:50,16,0.429,4.51,-20.0
2020-10-30 10:32:50,17,0.416,4.49,-20.0
2020-10-30 10:32:50,18,0.421,4.5,-20.0
2020-10-30 10:32:50,19,0.443,4.47,-20.0
2020-10-30 10:32:50,20,0.412,4.48,-20.0
2020-10-30 10:32:50,21,0.415,4.48,-20.0
2020-10-30 10:32:50,22,0.425,4.46,-20.0
2020-10-30 10:32:50,23,0.433,4.49,-20.0
2020-10-30 10:32:50,24,0.404,4.49,-20.0
2020-10-30 10:32:50,25,0.416,4.49,22.2
2020-10-30 10:32:50,26,0.416,4.48,-20.0
2020-10-30 10:32:50,27,0.406,4.46,-20.0
2020-10-30 10:32:50,28,0.416,4.47,-20.0
2020-10-30 10:32:50,29,0.397,4.46,-20.0
2020-10-30 10:32:50,30,0.411,4.47,-20.0
2020-10-30 10:32:50,31,0.416,4.47,-20.0
2020-10-30 10:32:50,32,0.402,4.48,-20.0
2020-10-30 10:32:50,33,0.411,4.49,-20.0
2020-10-30 10:32:50,34,0.411,4.48,-20.0
2020-10-30 10:32:50,35,0.413,4.48,-20.0
2020-10-30 10:32:50,36,0.407,4.5,-20.0
2020-10-30 10:32:50,37,0.403,4.49,22.7
2020-10-30 10:32:50,38,0.404,4.49,-20.0
2020-10-30 10:32:50,39,0.413,4.48,-20.0
2020-10-30 10:32:50,40,0.414,4.47,-20.0
2020-10-30 10:32:50,41,0.409,4.5,-20.0
2020-10-30 10:32:50,42,0.4,4.48,-20.0
2020-10-30 10:32:50,43,0.423,4.48,-20.0
2020-10-30 10:32:50,44,0.424,4.5,-20.0
2020-10-30 10:32:50,45,0.419,4.5,-20.0
2020-10-30 10:32:50,46,0.416,4.49,-20.0
2020-10-30 10:32:50,47,0.369,4.48,-20.0
2020-10-30 10:32:50,48,0.384,4.48,-20.0
2020-10-30 10:32:50,49,0.477,4.46,24.7
2020-10-30 10:32:50,50,0.431,4.46,-20.0
2020-10-30 10:32:50,51,0.413,4.47,-20.0
2020-10-30 10:32:50,52,0.414,4.47,-20.0
2020-10-30 10:32:50,53,0.426,4.46,-20.0
2020-10-30 10:32:50,54,0.419,4.47,-20.0
2020-10-30 10:32:50,55,0.404,4.44,-20.0
2020-10-30 10:32:50,56,0.419,4.44,-20.0
2020-10-30 10:32:50,57,0.421,4.43,-20.0
2020-10-30 10:32:50,58,0.414,4.43,-20.0
2020-10-30 10:32:50,59,0.425,4.45,-20.0
2020-10-30 10:32:50,60,0.416,4.46,-20.0
2020-10-30 10:32:50,61,0.42,4.5,22.2
2020-10-30 10:32:50,62,0.414,4.49,-20.0
2020-10-30 10:32:50,63,0.392,4.48,-20.0
2020-10-30 10:32:50,64,0.411,4.47,-20.0
2020-10-30 10:32:50,65,0.402,4.45,-20.0
2020-10-30 10:32:50,66,0.415,4.45,-20.0
2020-10-30 10:32:50,67,0.413,4.44,-20.0
2020-10-30 10:32:50,68,0.405,4.45,-20.0
2020-10-30 10:32:50,69,0.423,4.46,-20.0
2020-10-30 10:32:50,70,0.412,4.47,-20.0
2020-10-30 10:32:50,71,0.414,4.49,-20.0
2020-10-30 10:32:50,72,0.414,4.49,-20.0
2020-10-30 10:32:50,73,0.405,4.51,22.5
2020-10-30 10:32:50,74,0.406,4.49,-20.0
2020-10-30 10:32:50,75,0.42,4.47,-20.0
2020-10-30 10:32:50,76,0.423,4.45,-20.0
2020-10-30 10:32:50,77,0.42,4.51,-20.0
2020-10-30 10:32:50,78,0.409,4.47,-20.0
2020-10-30 10:32:50,79,0.416,4.49,-20.0
2020-10-30 10:32:50,80,0.429,4.5,-20.0
2020-10-30 10:32:50,81,0.425,4.52,-20.0
2020-10-30 10:32:50,82,0.422,4.51,-20.0
2020-10-30 10:32:50,83,0.423,4.5,-20.0
2020-10-30 10:32:50,84,0.419,4.5,-20.0
2020-10-30 10:32:50,85,0.418,4.48,23.8
2020-10-30 10:32:50,86,0.419,4.47,-20.0
2020-10-30 10:32:50,87,0.439,4.46,-20.0
2020-10-30 10:32:50,88,0.406,4.47,-20.0
2020-10-30 10:32:50,89,0.412,4.49,-20.0
2020-10-30 10:32:50,90,0.409,4.48,-20.0
2020-10-30 10:32:50,91,0.417,4.49,-20.0
2020-10-30 10:32:50,92,0.399,4.5,-20.0
2020-10-30 10:32:50,93,0.414,4.5,-20.0
2020-10-30 10:32:50,94,0.416,4.48,-20.0
2020-10-30 10:32:50,95,0.417,4.47,-20.0
2020-10-30 10:32:50,96,0.41,4.49,-20.0
2020-10-30 22:32:19,1,0.419,4.5,25.4
2020-10-30 22:32:19,2,0.414,4.5,-20.0
2020-10-30 22:32:19,3,0.422,4.49,-20.0
2020-10-30 22:32:19,4,0.418,4.48,-20.0
2020-10-30 22:32:19,5,0.407,4.51,-20.0
2020-10-30 22:32:19,6,0.419,4.49,-20.0
2020-10-30 22:32:19,7,0.413,4.47,-20.0
2020-10-30 22:32:19,8,0.407,4.5,-20.0
2020-10-30 22:32:19,9,0.414,4.48,-20.0
2020-10-30 22:32:19,10,0.421,4.51,-20.0
2020-10-30 22:32:19,11,0.415,4.46,-20.0
2020-10-30 22:32:19,12,0.418,4.46,-20.0
2020-10-30 22:32:19,13,0.411,4.48,24.5
2020-10-30 22:32:19,14,0.414,4.48,-20.0
2020-10-30 22:32:19,15,0.411,4.52,-20.0
2020-10-30 22:32:19,16,0.427,4.51,-20.0
2020-10-30 22:32:19,17,0.418,4.49,-20.0
2020-10-30 22:32:19,18,0.418,4.49,-20.0
2020-10-30 22:32:19,19,0.44,4.48,-20.0
2020-10-30 22:32:19,20,0.411,4.49,-20.0
2020-10-30 22:32:19,21,0.412,4.48,-20.0
2020-10-30 22:32:19,22,0.426,4.48,-20.0
2020-10-30 22:32:19,23,0.421,4.49,-20.0
2020-10-30 22:32:19,24,0.402,4.5,-20.0
2020-10-30 22:32:19,25,0.417,4.5,22.0
2020-10-30 22:32:19,26,0.417,4.48,-20.0
2020-10-30 22:32:19,27,0.409,4.47,-20.0
2020-10-30 22:32:19,28,0.421,4.47,-20.0
2020-10-30 22:32:19,29,0.405,4.47,-20.0
2020-10-30 22:32:19,30,0.412,4.48,-20.0
2020-10-30 22:32:19,31,0.416,4.47,-20.0
2020-10-30 22:32:19,32,0.408,4.47,-20.0
2020-10-30 22:32:19,33,0.413,4.49,-20.0
2020-10-30 22:32:19,34,0.411,4.48,-20.0
2020-10-30 22:32:19,35,0.411,4.49,-20.0
2020-10-30 22:32:19,36,0.405,4.51,-20.0
2020-10-30 22:32:19,37,0.403,4.49,22.5
2020-10-30 22:32:19,38,0.405,4.5,-20.0
2020-10-30 22:32:19,39,0.418,4.47,-20.0
2020-10-30 22:32:19,40,0.417,4.48,-20.0
2020-10-30 22:32:19,41,0.41,4.5,-20.0
2020-10-30 22:32:19,42,0.404,4.48,-20.0
2020-10-30 22:32:19,43,0.419,4.48,-20.0
2020-10-30 22:32:19,44,0.425,4.49,-20.0
2020-10-30 22:32:19,45,0.418,4.48,-20.0
2020-10-30 22:32:19,46,0.414,4.49,-20.0
2020-10-30 22:32:19,47,0.387,4.48,-20.0
2020-10-30 22:32:19,48,0.391,4.48,-20.0
2020-10-30 22:32:19,49,0.48,4.46,24.4
2020-10-30 22:32:19,50,0.435,4.46,-20.0
2020-10-30 22:32:19,51,0.414,4.48,-20.0
2020-10-30 22:32:19,52,0.414,4.47,-20.0
2020-10-30 22:32:19,53,0.427,4.46,-20.0
2020-10-30 22:32:19,54,0.418,4.47,-20.0
2020-10-30 22:32:19,55,0.405,4.44,-20.0
2020-10-30 22:32:19,56,0.415,4.44,-20.0
2020-10-30 22:32:19,57,0.417,4.43,-20.0
2020-10-30 22:32:19,58,0.407,4.44,-20.0
2020-10-30 22:32:19,59,0.439,4.45,-20.0
2020-10-30 22:32:19,60,0.41,4.46,-20.0
2020-10-30 22:32:19,61,0.422,4.49,21.8
2020-10-30 22:32:19,62,0.412,4.48,-20.0
2020-10-30 22:32:19,63,0.382,4.48,-20.0
2020-10-30 22:32:19,64,0.441,4.46,-20.0
2020-10-30 22:32:19,65,0.401,4.45,-20.0
2020-10-30 22:32:19,66,0.417,4.45,-20.0
2020-10-30 22:32:19,67,0.411,4.43,-20.0
2020-10-30 22:32:19,68,0.381,4.46,-20.0
2020-10-30 22:32:19,69,0.391,4.45,-20.0
2020-10-30 22:32:19,70,0.44,4.47,-20.0
2020-10-30 22:32:19,71,0.417,4.49,-20.0
2020-10-30 22:32:19,72,0.411,4.49,-20.0
2020-10-30 22:32:19,73,0.391,4.52,22.0
2020-10-30 22:32:19,74,0.384,4.47,-20.0
2020-10-30 22:32:19,75,0.349,4.48,-20.0
2020-10-30 22:32:19,76,0.426,4.45,-20.0
2020-10-30 22:32:19,77,0.417,4.5,-20.0
2020-10-30 22:32:19,78,0.41,4.48,-20.0
2020-10-30 22:32:19,79,0.416,4.48,-20.0
2020-10-30 22:32:19,80,0.428,4.5,-20.0
2020-10-30 22:32:19,81,0.427,4.51,-20.0
2020-10-30 22:32:19,82,0.422,4.52,-20.0
2020-10-30 22:32:19,83,0.419,4.5,-20.0
2020-10-30 22:32:19,84,0.42,4.5,-20.0
2020-10-30 22:32:19,85,0.417,4.48,23.3
2020-10-30 22:32:19,86,0.42,4.47,-20.0
2020-10-30 22:32:19,87,0.432,4.46,-20.0
2020-10-30 22:32:19,88,0.405,4.48,-20.0
2020-10-30 22:32:19,89,0.406,4.48,-20.0
2020-10-30 22:32:19,90,0.404,4.47,-20.0
2020-10-30 22:32:19,91,0.416,4.49,-20.0
2020-10-30 22:32:19,92,0.396,4.51,-20.0
2020-10-30 22:32:19,93,0.41,4.5,-20.0
2020-10-30 22:32:19,94,0.412,4.47,-20.0
2020-10-30 22:32:19,95,0.417,4.47,-20.0
2020-10-30 22:32:19,96,0.408,4.48,-20.0
2020-10-31 10:31:45,1,0.419,4.49,25.4
2020-10-31 10:31:45,2,0.414,4.51,-20.0
2020-10-31 10:31:45,3,0.421,4.49,-20.0
2020-10-31 10:31:45,4,0.418,4.47,-20.0
2020-10-31 10:31:45,5,0.406,4.52,-20.0
2020-10-31 10:31:45,6,0.418,4.5,-20.0
2020-10-31 10:31:45,7,0.412,4.49,-20.0
2020-10-31 10:31:45,8,0.407,4.5,-20.0
2020-10-31 10:31:45,9,0.414,4.47,-20.0
2020-10-31 10:31:45,10,0.419,4.5,-20.0
2020-10-31 10:31:45,11,0.415,4.46,-20.0
2020-10-31 10:31:45,12,0.418,4.46,-20.0
2020-10-31 10:31:45,13,0.406,4.48,24.6
2020-10-31 10:31:45,14,0.412,4.49,-20.0
2020-10-31 10:31:45,15,0.414,4.53,-20.0
2020-10-31 10:31:45,16,0.43,4.52,-20.0
2020-10-31 10:31:45,17,0.422,4.49,-20.0
2020-10-31 10:31:45,18,0.426,4.49,-20.0
2020-10-31 10:31:45,19,0.433,4.48,-20.0
2020-10-31 10:31:45,20,0.41,4.47,-20.0
2020-10-31 10:31:45,21,0.409,4.49,-20.0
2020-10-31 10:31:45,22,0.433,4.48,-20.0
2020-10-31 10:31:45,23,0.436,4.48,-20.0
2020-10-31 10:31:45,24,0.414,4.49,-20.0
2020-10-31 10:31:45,25,0.42,4.52,22.2
2020-10-31 10:31:45,26,0.417,4.47,-20.0
2020-10-31 10:31:45,27,0.42,4.47,-20.0
2020-10-31 10:31:45,28,0.436,4.46,-20.0
2020-10-31 10:31:45,29,0.424,4.47,-20.0
2020-10-31 10:31:45,30,0.417,4.48,-20.0
2020-10-31 10:31:45,31,0.412,4.46,-20.0
2020-10-31 10:31:45,32,0.408,4.47,-20.0
2020-10-31 10:31:45,33,0.425,4.48,-20.0
2020-10-31 10:31:45,34,0.423,4.48,-20.0
2020-10-31 10:31:45,35,0.409,4.49,-20.0
2020-10-31 10:31:45,36,0.404,4.5,-20.0
2020-10-31 10:31:45,37,0.402,4.49,22.7
2020-10-31 10:31:45,38,0.407,4.49,-20.0
2020-10-31 10:31:45,39,0.42,4.48,-20.0
2020-10-31 10:31:45,40,0.414,4.48,-20.0
2020-10-31 10:31:45,41,0.414,4.49,-20.0
2020-10-31 10:31:45,42,0.407,4.47,-20.0
2020-10-31 10:31:45,43,0.42,4.47,-20.0
2020-10-31 10:31:45,44,0.425,4.5,-20.0
2020-10-31 10:31:45,45,0.416,4.5,-20.0
2020-10-31 10:31:45,46,0.413,4.49,-20.0
2020-10-31 10:31:45,47,0.392,4.49,-20.0
2020-10-31 10:31:45,48,0.399,4.49,-20.0
2020-10-31 10:31:45,49,0.472,4.47,24.5
2020-10-31 10:31:45,50,0.419,4.47,-20.0
2020-10-31 10:31:45,51,0.415,4.47,-20.0
2020-10-31 10:31:45,52,0.412,4.47,-20.0
2020-10-31 10:31:45,53,0.438,4.46,-20.0
2020-10-31 10:31:45,54,0.429,4.48,-20.0
2020-10-31 10:31:45,55,0.392,4.43,-20.0
2020-10-31 10:31:45,56,0.414,4.43,-20.0
2020-10-31 10:31:45,57,0.416,4.43,-20.0
2020-10-31 10:31:45,58,0.392,4.42,-20.0
2020-10-31 10:31:45,59,0.452,4.44,-20.0
2020-10-31 10:31:45,60,0.425,4.47,-20.0
2020-10-31 10:31:45,61,0.419,4.49,22.0
2020-10-31 10:31:45,62,0.416,4.49,-20.0
2020-10-31 10:31:45,63,0.402,4.48,-20.0
2020-10-31 10:31:45,64,0.451,4.46,-20.0
2020-10-31 10:31:45,65,0.417,4.45,-20.0
2020-10-31 10:31:45,66,0.417,4.45,-20.0
2020-10-31 10:31:45,67,0.41,4.43,-20.0
2020-10-31 10:31:45,68,0.392,4.46,-20.0
2020-10-31 10:31:45,69,0.4,4.46,-20.0
2020-10-31 10:31:45,70,0.442,4.48,-20.0
2020-10-31 10:31:45,71,0.417,4.49,-20.0
2020-10-31 10:31:45,72,0.409,4.49,-20.0
2020-10-31 10:31:45,73,0.399,4.52,22.3
2020-10-31 10:31:45,74,0.39,4.47,-20.0
2020-10-31 10:31:45,75,0.434,4.48,-20.0
2020-10-31 10:31:45,76,0.427,4.45,-20.0
2020-10-31 10:31:45,77,0.415,4.5,-20.0
2020-10-31 10:31:45,78,0.41,4.47,-20.0
2020-10-31 10:31:45,79,0.413,4.48,-20.0
2020-10-31 10:31:45,80,0.426,4.51,-20.0
2020-10-31 10:31:45,81,0.427,4.52,-20.0
2020-10-31 10:31:45,82,0.422,4.52,-20.0
2020-10-31 10:31:45,83,0.423,4.5,-20.0
2020-10-31 10:31:45,84,0.423,4.5,-20.0
2020-10-31 10:31:45,85,0.418,4.47,23.5
2020-10-31 10:31:45,86,0.421,4.47,-20.0
2020-10-31 10:31:45,87,0.436,4.48,-20.0
2020-10-31 10:31:45,88,0.404,4.47,-20.0
2020-10-31 10:31:45,89,0.409,4.49,-20.0
2020-10-31 10:31:45,90,0.41,4.48,-20.0
2020-10-31 10:31:45,91,0.421,4.49,-20.0
2020-10-31 10:31:45,92,0.4,4.51,-20.0
2020-10-31 10:31:45,93,0.41,4.5,-20.0
2020-10-31 10:31:45,94,0.411,4.47,-20.0
2020-10-31 10:31:45,95,0.418,4.46,-20.0
2020-10-31 10:31:45,96,0.412,4.49,-20.0
2020-10-31 22:31:21,1,0.419,4.5,25.4
2020-10-31 22:31:21,2,0.408,4.49,-20.0
2020-10-31 22:31:21,3,0.416,4.5,-20.0
2020-10-31 22:31:21,4,0.415,4.48,-20.0
2020-10-31 22:31:21,5,0.404,4.51,-20.0
2020-10-31 22:31:21,6,0.416,4.49,-20.0
2020-10-31 22:31:21,7,0.408,4.49,-20.0
2020-10-31 22:31:21,8,0.403,4.49,-20.0
2020-10-31 22:31:21,9,0.411,4.48,-20.0
2020-10-31 22:31:21,10,0.418,4.49,-20.0
2020-10-31 22:31:21,11,0.412,4.46,-20.0
2020-10-31 22:31:21,12,0.412,4.46,-20.0
2020-10-31 22:31:21,13,0.406,4.48,24.6
2020-10-31 22:31:21,14,0.41,4.49,-20.0
2020-10-31 22:31:21,15,0.415,4.52,-20.0
2020-10-31 22:31:21,16,0.432,4.52,-20.0
2020-10-31 22:31:21,17,0.418,4.49,-20.0
2020-10-31 22:31:21,18,0.425,4.49,-20.0
2020-10-31 22:31:21,19,0.433,4.47,-20.0
2020-10-31 22:31:21,20,0.411,4.48,-20.0
2020-10-31 22:31:21,21,0.415,4.48,-20.0
2020-10-31 22:31:21,22,0.428,4.47,-20.0
2020-10-31 22:31:21,23,0.439,4.49,-20.0
2020-10-31 22:31:21,24,0.414,4.5,-20.0
2020-10-31 22:31:21,25,0.418,4.5,22.1
2020-10-31 22:31:21,26,0.415,4.48,-20.0
2020-10-31 22:31:21,27,0.42,4.46,-20.0
2020-10-31 22:31:21,28,0.433,4.46,-20.0
2020-10-31 22:31:21,29,0.423,4.47,-20.0
2020-10-31 22:31:21,30,0.417,4.49,-20.0
2020-10-31 22:31:21,31,0.414,4.46,-20.0
2020-10-31 22:31:21,32,0.41,4.47,-20.0
2020-10-31 22:31:21,33,0.42,4.48,-20.0
2020-10-31 22:31:21,34,0.423,4.49,-20.0
2020-10-31 22:31:21,35,0.41,4.49,-20.0
2020-10-31 22:31:21,36,0.407,4.51,-20.0
2020-10-31 22:31:21,37,0.407,4.5,22.6
2020-10-31 22:31:21,38,0.412,4.49,-20.0
2020-10-31 22:31:21,39,0.419,4.47,-20.0
2020-10-31 22:31:21,40,0.413,4.46,-20.0
2020-10-31 22:31:21,41,0.415,4.48,-20.0
2020-10-31 22:31:21,42,0.407,4.48,-20.0
2020-10-31 22:31:21,43,0.42,4.48,-20.0
2020-10-31 22:31:21,44,0.426,4.5,-20.0
2020-10-31 22:31:21,45,0.417,4.49,-20.0
2020-10-31 22:31:21,46,0.412,4.48,-20.0
2020-10-31 22:31:21,47,0.405,4.49,-20.0
2020-10-31 22:31:21,48,0.424,4.48,-20.0
2020-10-31 22:31:21,49,0.475,4.47,24.6
2020-10-31 22:31:21,50,0.42,4.46,-20.0
2020-10-31 22:31:21,51,0.413,4.47,-20.0
2020-10-31 22:31:21,52,0.413,4.46,-20.0
2020-10-31 22:31:21,53,0.434,4.45,-20.0
2020-10-31 22:31:21,54,0.428,4.47,-20.0
2020-10-31 22:31:21,55,0.396,4.43,-20.0
2020-10-31 22:31:21,56,0.418,4.44,-20.0
2020-10-31 22:31:21,57,0.418,4.42,-20.0
2020-10-31 22:31:21,58,0.399,4.43,-20.0
2020-10-31 22:31:21,59,0.444,4.44,-20.0
2020-10-31 22:31:21,60,0.427,4.47,-20.0
2020-10-31 22:31:21,61,0.417,4.49,22.0
2020-10-31 22:31:21,62,0.416,4.49,-20.0
2020-10-31 22:31:21,63,0.406,4.48,-20.0
2020-10-31 22:31:21,64,0.439,4.46,-20.0
2020-10-31 22:31:21,65,0.413,4.45,-20.0
2020-10-31 22:31:21,66,0.417,4.45,-20.0
2020-10-31 22:31:21,67,0.411,4.43,-20.0
2020-10-31 22:31:21,68,0.4,4.46,-20.0
2020-10-31 22:31:21,69,0.404,4.46,-20.0
2020-10-31 22:31:21,70,0.433,4.48,-20.0
2020-10-31 22:31:21,71,0.418,4.49,-20.0
2020-10-31 22:31:21,72,0.413,4.48,-20.0
2020-10-31 22:31:21,73,0.404,4.52,22.3
2020-10-31 22:31:21,74,0.394,4.48,-20.0
2020-10-31 22:31:21,75,0.432,4.47,-20.0
2020-10-31 22:31:21,76,0.423,4.45,-20.0
2020-10-31 22:31:21,77,0.414,4.51,-20.0
2020-10-31 22:31:21,78,0.403,4.47,-20.0
2020-10-31 22:31:21,79,0.41,4.48,-20.0
2020-10-31 22:31:21,80,0.426,4.51,-20.0
2020-10-31 22:31:21,81,0.425,4.51,-20.0
2020-10-31 22:31:21,82,0.422,4.51,-20.0
2020-10-31 22:31:21,83,0.422,4.5,-20.0
2020-10-31 22:31:21,84,0.419,4.5,-20.0
2020-10-31 22:31:21,85,0.42,4.47,23.5
2020-10-31 22:31:21,86,0.419,4.47,-20.0
2020-10-31 22:31:21,87,0.436,4.47,-20.0
2020-10-31 22:31:21,88,0.405,4.47,-20.0
2020-10-31 22:31:21,89,0.412,4.48,-20.0
2020-10-31 22:31:21,90,0.408,4.48,-20.0
2020-10-31 22:31:21,91,0.419,4.49,-20.0
2020-10-31 22:31:21,92,0.4,4.5,-20.0
2020-10-31 22:31:21,93,0.411,4.5,-20.0
2020-10-31 22:31:21,94,0.412,4.48,-20.0
2020-10-31 22:31:21,95,0.418,4.46,-20.0
2020-10-31 22:31:21,96,0.41,4.49,-20.0
2020-11-01 10:30:47,1,0.418,4.5,25.4
2020-11-01 10:30:47,2,0.412,4.5,-20.0
2020-11-01 10:30:47,3,0.417,4.5,-20.0
2020-11-01 10:30:47,4,0.417,4.47,-20.0
2020-11-01 10:30:47,5,0.404,4.51,-20.0
2020-11-01 10:30:47,6,0.415,4.49,-20.0
2020-11-01 10:30:47,7,0.411,4.49,-20.0
2020-11-01 10:30:47,8,0.405,4.5,-20.0
2020-11-01 10:30:47,9,0.41,4.48,-20.0
2020-11-01 10:30:47,10,0.418,4.5,-20.0
2020-11-01 10:30:47,11,0.412,4.46,-20.0
2020-11-01 10:30:47,12,0.415,4.47,-20.0
2020-11-01 10:30:47,13,0.405,4.48,24.7
2020-11-01 10:30:47,14,0.411,4.5,-20.0
2020-11-01 10:30:47,15,0.414,4.52,-20.0
2020-11-01 10:30:47,16,0.43,4.52,-20.0
2020-11-01 10:30:47,17,0.421,4.49,-20.0
2020-11-01 10:30:47,18,0.427,4.5,-20.0
2020-11-01 10:30:47,19,0.434,4.47,-20.0
2020-11-01 10:30:47,20,0.412,4.48,-20.0
2020-11-01 10:30:47,21,0.414,4.48,-20.0
2020-11-01 10:30:47,22,0.427,4.47,-20.0
2020-11-01 10:30:47,23,0.441,4.49,-20.0
2020-11-01 10:30:47,24,0.411,4.5,-20.0
2020-11-01 10:30:47,25,0.415,4.51,22.2
2020-11-01 10:30:47,26,0.419,4.48,-20.0
2020-11-01 10:30:47,27,0.417,4.46,-20.0
2020-11-01 10:30:47,28,0.431,4.46,-20.0
2020-11-01 10:30:47,29,0.422,4.47,-20.0
2020-11-01 10:30:47,30,0.416,4.48,-20.0
2020-11-01 10:30:47,31,0.414,4.46,-20.0
2020-11-01 10:30:47,32,0.409,4.48,-20.0
2020-11-01 10:30:47,33,0.418,4.48,-20.0
2020-11-01 10:30:47,34,0.422,4.48,-20.0
2020-11-01 10:30:47,35,0.412,4.49,-20.0
2020-11-01 10:30:47,36,0.408,4.5,-20.0
2020-11-01 10:30:47,37,0.405,4.49,22.7
2020-11-01 10:30:47,38,0.412,4.49,-20.0
2020-11-01 10:30:47,39,0.421,4.48,-20.0
2020-11-01 10:30:47,40,0.412,4.48,-20.0
2020-11-01 10:30:47,41,0.416,4.49,-20.0
2020-11-01 10:30:47,42,0.409,4.48,-20.0
2020-11-01 10:30:47,43,0.421,4.48,-20.0
2020-11-01 10:30:47,44,0.418,4.49,-20.0
2020-11-01 10:30:47,45,0.416,4.49,-20.0
2020-11-01 10:30:47,46,0.414,4.48,-20.0
2020-11-01 10:30:47,47,0.397,4.49,-20.0
2020-11-01 10:30:47,48,0.398,4.48,-20.0
2020-11-01 10:30:47,49,0.48,4.47,24.7
2020-11-01 10:30:47,50,0.425,4.47,-20.0
2020-11-01 10:30:47,51,0.414,4.48,-20.0
2020-11-01 10:30:47,52,0.412,4.47,-20.0
2020-11-01 10:30:47,53,0.432,4.46,-20.0
2020-11-01 10:30:47,54,0.426,4.47,-20.0
2020-11-01 10:30:47,55,0.409,4.44,-20.0
2020-11-01 10:30:47,56,0.415,4.43,-20.0
2020-11-01 10:30:47,57,0.416,4.43,-20.0
2020-11-01 10:30:47,58,0.405,4.43,-20.0
2020-11-01 10:30:47,59,0.439,4.45,-20.0
2020-11-01 10:30:47,60,0.426,4.47,-20.0
2020-11-01 10:30:47,61,0.415,4.49,22.2
2020-11-01 10:30:47,62,0.416,4.49,-20.0
2020-11-01 10:30:47,63,0.409,4.48,-20.0
2020-11-01 10:30:47,64,0.432,4.46,-20.0
2020-11-01 10:30:47,65,0.412,4.45,-20.0
2020-11-01 10:30:47,66,0.415,4.45,-20.0
2020-11-01 10:30:47,67,0.412,4.44,-20.0
2020-11-01 10:30:47,68,0.404,4.47,-20.0
2020-11-01 10:30:47,69,0.409,4.45,-20.0
2020-11-01 10:30:47,70,0.426,4.48,-20.0
2020-11-01 10:30:47,71,0.416,4.49,-20.0
2020-11-01 10:30:47,72,0.414,4.49,-20.0
2020-11-01 10:30:47,73,0.406,4.51,22.6
2020-11-01 10:30:47,74,0.399,4.47,-20.0
2020-11-01 10:30:47,75,0.43,4.47,-20.0
2020-11-01 10:30:47,76,0.423,4.45,-20.0
2020-11-01 10:30:47,77,0.416,4.5,-20.0
2020-11-01 10:30:47,78,0.403,4.47,-20.0
2020-11-01 10:30:47,79,0.409,4.48,-20.0
2020-11-01 10:30:47,80,0.422,4.51,-20.0
2020-11-01 10:30:47,81,0.424,4.51,-20.0
2020-11-01 10:30:47,82,0.422,4.52,-20.0
2020-11-01 10:30:47,83,0.421,4.5,-20.0
2020-11-01 10:30:47,84,0.42,4.5,-20.0
2020-11-01 10:30:47,85,0.419,4.47,23.8
2020-11-01 10:30:47,86,0.418,4.47,-20.0
2020-11-01 10:30:47,87,0.439,4.47,-20.0
2020-11-01 10:30:47,88,0.406,4.48,-20.0
2020-11-01 10:30:47,89,0.413,4.48,-20.0
2020-11-01 10:30:47,90,0.411,4.47,-20.0
2020-11-01 10:30:47,91,0.419,4.49,-20.0
2020-11-01 10:30:47,92,0.396,4.51,-20.0
2020-11-01 10:30:47,93,0.409,4.5,-20.0
2020-11-01 10:30:47,94,0.411,4.47,-20.0
2020-11-01 10:30:47,95,0.418,4.46,-20.0
2020-11-01 10:30:47,96,0.411,4.49,-20.0
2020-11-01 22:30:10,1,0.419,4.49,25.4
2020-11-01 22:30:10,2,0.409,4.5,-20.0
2020-11-01 22:30:10,3,0.417,4.49,-20.0
2020-11-01 22:30:10,4,0.415,4.48,-20.0
2020-11-01 22:30:10,5,0.401,4.51,-20.0
2020-11-01 22:30:10,6,0.416,4.5,-20.0
2020-11-01 22:30:10,7,0.414,4.48,-20.0
2020-11-01 22:30:10,8,0.406,4.51,-20.0
2020-11-01 22:30:10,9,0.411,4.48,-20.0
2020-11-01 22:30:10,10,0.419,4.5,-20.0
2020-11-01 22:30:10,11,0.413,4.46,-20.0
2020-11-01 22:30:10,12,0.415,4.47,-20.0
2020-11-01 22:30:10,13,0.403,4.48,24.5
2020-11-01 22:30:10,14,0.412,4.5,-20.0
2020-11-01 22:30:10,15,0.414,4.51,-20.0
2020-11-01 22:30:10,16,0.425,4.52,-20.0
2020-11-01 22:30:10,17,0.421,4.49,-20.0
2020-11-01 22:30:10,18,0.427,4.5,-20.0
2020-11-01 22:30:10,19,0.436,4.48,-20.0
2020-11-01 22:30:10,20,0.414,4.48,-20.0
2020-11-01 22:30:10,21,0.416,4.49,-20.0
2020-11-01 22:30:10,22,0.424,4.47,-20.0
2020-11-01 22:30:10,23,0.442,4.5,-20.0
2020-11-01 22:30:10,24,0.412,4.5,-20.0
2020-11-01 22:30:10,25,0.417,4.5,21.9
2020-11-01 22:30:10,26,0.415,4.48,-20.0
2020-11-01 22:30:10,27,0.418,4.47,-20.0
2020-11-01 22:30:10,28,0.427,4.46,-20.0
2020-11-01 22:30:10,29,0.418,4.46,-20.0
2020-11-01 22:30:10,30,0.418,4.48,-20.0
2020-11-01 22:30:10,31,0.413,4.47,-20.0
2020-11-01 22:30:10,32,0.409,4.47,-20.0
2020-11-01 22:30:10,33,0.414,4.5,-20.0
2020-11-01 22:30:10,34,0.422,4.49,-20.0
2020-11-01 22:30:10,35,0.408,4.49,-20.0
2020-11-01 22:30:10,36,0.407,4.5,-20.0
2020-11-01 22:30:10,37,0.406,4.49,22.4
2020-11-01 22:30:10,38,0.413,4.49,-20.0
2020-11-01 22:30:10,39,0.423,4.48,-20.0
2020-11-01 22:30:10,40,0.415,4.48,-20.0
2020-11-01 22:30:10,41,0.415,4.48,-20.0
2020-11-01 22:30:10,42,0.409,4.48,-20.0
2020-11-01 22:30:10,43,0.422,4.48,-20.0
2020-11-01 22:30:10,44,0.42,4.5,-20.0
2020-11-01 22:30:10,45,0.417,4.49,-20.0
2020-11-01 22:30:10,46,0.417,4.49,-20.0
2020-11-01 22:30:10,47,0.409,4.48,-20.0
2020-11-01 22:30:10,48,0.4,4.48,-20.0
2020-11-01 22:30:10,49,0.482,4.46,24.4
2020-11-01 22:30:10,50,0.43,4.47,-20.0
2020-11-01 22:30:10,51,0.415,4.48,-20.0
2020-11-01 22:30:10,52,0.409,4.47,-20.0
2020-11-01 22:30:10,53,0.427,4.45,-20.0
2020-11-01 22:30:10,54,0.422,4.47,-20.0
2020-11-01 22:30:10,55,0.415,4.43,-20.0
2020-11-01 22:30:10,56,0.412,4.43,-20.0
2020-11-01 22:30:10,57,0.417,4.43,-20.0
2020-11-01 22:30:10,58,0.407,4.43,-20.0
2020-11-01 22:30:10,59,0.436,4.45,-20.0
2020-11-01 22:30:10,60,0.434,4.46,-20.0
2020-11-01 22:30:10,61,0.411,4.49,21.8
2020-11-01 22:30:10,62,0.417,4.49,-20.0
2020-11-01 22:30:10,63,0.423,4.48,-20.0
2020-11-01 22:30:10,64,0.443,4.46,-20.0
2020-11-01 22:30:10,65,0.418,4.45,-20.0
2020-11-01 22:30:10,66,0.416,4.45,-20.0
2020-11-01 22:30:10,67,0.403,4.43,-20.0
2020-11-01 22:30:10,68,0.423,4.46,-20.0
2020-11-01 22:30:10,69,0.432,4.46,-20.0
2020-11-01 22:30:10,70,0.438,4.47,-20.0
2020-11-01 22:30:10,71,0.415,4.48,-20.0
2020-11-01 22:30:10,72,0.416,4.49,-20.0
2020-11-01 22:30:10,73,0.385,4.51,21.9
2020-11-01 22:30:10,74,0.409,4.48,-20.0
2020-11-01 22:30:10,75,0.554,4.47,-20.0
2020-11-01 22:30:10,76,0.43,4.45,-20.0
2020-11-01 22:30:10,77,0.416,4.51,-20.0
2020-11-01 22:30:10,78,0.39,4.47,-20.0
2020-11-01 22:30:10,79,0.391,4.48,-20.0
2020-11-01 22:30:10,80,0.438,4.51,-20.0
2020-11-01 22:30:10,81,0.424,4.5,-20.0
2020-11-01 22:30:10,82,0.423,4.51,-20.0
2020-11-01 22:30:10,83,0.413,4.5,-20.0
2020-11-01 22:30:10,84,0.406,4.5,-20.0
2020-11-01 22:30:10,85,0.409,4.47,22.9
2020-11-01 22:30:10,86,0.417,4.47,-20.0
2020-11-01 22:30:10,87,0.441,4.46,-20.0
2020-11-01 22:30:10,88,0.406,4.47,-20.0
2020-11-01 22:30:10,89,0.414,4.49,-20.0
2020-11-01 22:30:10,90,0.41,4.47,-20.0
2020-11-01 22:30:10,91,0.416,4.48,-20.0
2020-11-01 22:30:10,92,0.397,4.5,-20.0
2020-11-01 22:30:10,93,0.412,4.49,-20.0
2020-11-01 22:30:10,94,0.414,4.47,-20.0
2020-11-01 22:30:10,95,0.419,4.47,-20.0
2020-11-01 22:30:10,96,0.411,4.49,-20.0
2020-11-02 10:29:42,1,0.42,4.49,25.0
2020-11-02 10:29:42,2,0.411,4.51,-20.0
2020-11-02 10:29:42,3,0.416,4.49,-20.0
2020-11-02 10:29:42,4,0.415,4.48,-20.0
2020-11-02 10:29:42,5,0.399,4.51,-20.0
2020-11-02 10:29:42,6,0.414,4.5,-20.0
2020-11-02 10:29:42,7,0.414,4.48,-20.0
2020-11-02 10:29:42,8,0.409,4.5,-20.0
2020-11-02 10:29:42,9,0.41,4.48,-20.0
2020-11-02 10:29:42,10,0.419,4.49,-20.0
2020-11-02 10:29:42,11,0.415,4.46,-20.0
2020-11-02 10:29:42,12,0.413,4.47,-20.0
2020-11-02 10:29:42,13,0.405,4.48,24.6
2020-11-02 10:29:42,14,0.418,4.49,-20.0
2020-11-02 10:29:42,15,0.416,4.52,-20.0
2020-11-02 10:29:42,16,0.428,4.52,-20.0
2020-11-02 10:29:42,17,0.414,4.49,-20.0
2020-11-02 10:29:42,18,0.423,4.5,-20.0
2020-11-02 10:29:42,19,0.437,4.47,-20.0
2020-11-02 10:29:42,20,0.415,4.47,-20.0
2020-11-02 10:29:42,21,0.415,4.48,-20.0
2020-11-02 10:29:42,22,0.382,4.47,-20.0
2020-11-02 10:29:42,23,0.435,4.48,-20.0
2020-11-02 10:29:42,24,0.407,4.5,-20.0
2020-11-02 10:29:42,25,0.415,4.5,22.2
2020-11-02 10:29:42,26,0.411,4.49,-20.0
2020-11-02 10:29:42,27,0.404,4.47,-20.0
2020-11-02 10:29:42,28,0.409,4.46,-20.0
2020-11-02 10:29:42,29,0.415,4.47,-20.0
2020-11-02 10:29:42,30,0.418,4.47,-20.0
2020-11-02 10:29:42,31,0.416,4.47,-20.0
2020-11-02 10:29:42,32,0.405,4.48,-20.0
2020-11-02 10:29:42,33,0.411,4.48,-20.0
2020-11-02 10:29:42,34,0.419,4.48,-20.0
2020-11-02 10:29:42,35,0.405,4.49,-20.0
2020-11-02 10:29:42,36,0.406,4.5,-20.0
2020-11-02 10:29:42,37,0.391,4.49,22.7
2020-11-02 10:29:42,38,0.4,4.49,-20.0
2020-11-02 10:29:42,39,0.417,4.48,-20.0
2020-11-02 10:29:42,40,0.417,4.48,-20.0
2020-11-02 10:29:42,41,0.415,4.49,-20.0
2020-11-02 10:29:42,42,0.39,4.47,-20.0
2020-11-02 10:29:42,43,0.405,4.47,-20.0
2020-11-02 10:29:42,44,0.412,4.49,-20.0
2020-11-02 10:29:42,45,0.416,4.48,-20.0
2020-11-02 10:29:42,46,0.42,4.48,-20.0
2020-11-02 10:29:42,47,0.398,4.49,-20.0
2020-11-02 10:29:42,48,0.404,4.49,-20.0
2020-11-02 10:29:42,49,0.486,4.46,24.5
2020-11-02 10:29:42,50,0.431,4.47,-20.0
2020-11-02 10:29:42,51,0.416,4.47,-20.0
2020-11-02 10:29:42,52,0.406,4.47,-20.0
2020-11-02 10:29:42,53,0.411,4.45,-20.0
2020-11-02 10:29:42,54,0.406,4.47,-20.0
2020-11-02 10:29:42,55,0.405,4.44,-20.0
2020-11-02 10:29:42,56,0.412,4.44,-20.0
2020-11-02 10:29:42,57,0.422,4.44,-20.0
2020-11-02 10:29:42,58,0.427,4.43,-20.0
2020-11-02 10:29:42,59,0.414,4.45,-20.0
2020-11-02 10:29:42,60,0.41,4.46,-20.0
2020-11-02 10:29:42,61,0.414,4.49,22.3
2020-11-02 10:29:42,62,0.415,4.49,-20.0
2020-11-02 10:29:42,63,0.407,4.47,-20.0
2020-11-02 10:29:42,64,0.417,4.46,-20.0
2020-11-02 10:29:42,65,0.404,4.45,-20.0
2020-11-02 10:29:42,66,0.417,4.45,-20.0
2020-11-02 10:29:42,67,0.406,4.43,-20.0
2020-11-02 10:29:42,68,0.416,4.46,-20.0
2020-11-02 10:29:42,69,0.42,4.46,-20.0
2020-11-02 10:29:42,70,0.431,4.47,-20.0
2020-11-02 10:29:42,71,0.414,4.49,-20.0
2020-11-02 10:29:42,72,0.415,4.49,-20.0
2020-11-02 10:29:42,73,0.402,4.51,22.5
2020-11-02 10:29:42,74,0.405,4.48,-20.0
2020-11-02 10:29:42,75,0.411,4.46,-20.0
2020-11-02 10:29:42,76,0.425,4.45,-20.0
2020-11-02 10:29:42,77,0.415,4.51,-20.0
2020-11-02 10:29:42,78,0.396,4.47,-20.0
2020-11-02 10:29:42,79,0.398,4.48,-20.0
2020-11-02 10:29:42,80,0.431,4.51,-20.0
2020-11-02 10:29:42,81,0.422,4.51,-20.0
2020-11-02 10:29:42,82,0.424,4.52,-20.0
2020-11-02 10:29:42,83,0.412,4.5,-20.0
2020-11-02 10:29:42,84,0.409,4.49,-20.0
2020-11-02 10:29:42,85,0.408,4.47,23.7
2020-11-02 10:29:42,86,0.417,4.47,-20.0
2020-11-02 10:29:42,87,0.441,4.47,-20.0
2020-11-02 10:29:42,88,0.406,4.47,-20.0
2020-11-02 10:29:42,89,0.41,4.49,-20.0
2020-11-02 10:29:42,90,0.408,4.48,-20.0
2020-11-02 10:29:42,91,0.415,4.49,-20.0
2020-11-02 10:29:42,92,0.4,4.5,-20.0
2020-11-02 10:29:42,93,0.414,4.5,-20.0
2020-11-02 10:29:42,94,0.416,4.48,-20.0
2020-11-02 10:29:42,95,0.421,4.47,-20.0
2020-11-02 10:29:42,96,0.413,4.49,-20.0
2020-11-02 22:29:11,1,0.418,4.5,25.4
2020-11-02 22:29:11,2,0.413,4.49,-20.0
2020-11-02 22:29:11,3,0.417,4.5,-20.0
2020-11-02 22:29:11,4,0.417,4.49,-20.0
2020-11-02 22:29:11,5,0.399,4.51,-20.0
2020-11-02 22:29:11,6,0.414,4.5,-20.0
2020-11-02 22:29:11,7,0.411,4.48,-20.0
2020-11-02 22:29:11,8,0.407,4.5,-20.0
2020-11-02 22:29:11,9,0.412,4.49,-20.0
2020-11-02 22:29:11,10,0.418,4.5,-20.0
2020-11-02 22:29:11,11,0.417,4.46,-20.0
2020-11-02 22:29:11,12,0.411,4.46,-20.0
2020-11-02 22:29:11,13,0.406,4.48,24.6
2020-11-02 22:29:11,14,0.414,4.49,-20.0
2020-11-02 22:29:11,15,0.411,4.52,-20.0
2020-11-02 22:29:11,16,0.427,4.52,-20.0
2020-11-02 22:29:11,17,0.413,4.49,-20.0
2020-11-02 22:29:11,18,0.421,4.49,-20.0
2020-11-02 22:29:11,19,0.434,4.48,-20.0
2020-11-02 22:29:11,20,0.412,4.47,-20.0
2020-11-02 22:29:11,21,0.416,4.48,-20.0
2020-11-02 22:29:11,22,0.422,4.47,-20.0
2020-11-02 22:29:11,23,0.434,4.47,-20.0
2020-11-02 22:29:11,24,0.404,4.49,-20.0
2020-11-02 22:29:11,25,0.419,4.5,22.1
2020-11-02 22:29:11,26,0.414,4.48,-20.0
2020-11-02 22:29:11,27,0.405,4.47,-20.0
2020-11-02 22:29:11,28,0.413,4.47,-20.0
2020-11-02 22:29:11,29,0.418,4.46,-20.0
2020-11-02 22:29:11,30,0.416,4.47,-20.0
2020-11-02 22:29:11,31,0.417,4.47,-20.0
2020-11-02 22:29:11,32,0.404,4.48,-20.0
2020-11-02 22:29:11,33,0.41,4.49,-20.0
2020-11-02 22:29:11,34,0.417,4.49,-20.0
2020-11-02 22:29:11,35,0.405,4.49,-20.0
2020-11-02 22:29:11,36,0.403,4.5,-20.0
2020-11-02 22:29:11,37,0.396,4.48,22.6
2020-11-02 22:29:11,38,0.402,4.49,-20.0
2020-11-02 22:29:11,39,0.418,4.47,-20.0
2020-11-02 22:29:11,40,0.414,4.48,-20.0
2020-11-02 22:29:11,41,0.415,4.49,-20.0
2020-11-02 22:29:11,42,0.395,4.48,-20.0
2020-11-02 22:29:11,43,0.409,4.49,-20.0
2020-11-02 22:29:11,44,0.417,4.5,-20.0
2020-11-02 22:29:11,45,0.417,4.49,-20.0
2020-11-02 22:29:11,46,0.415,4.48,-20.0
2020-11-02 22:29:11,47,0.402,4.48,-20.0
2020-11-02 22:29:11,48,0.409,4.48,-20.0
2020-11-02 22:29:11,49,0.486,4.47,24.5
2020-11-02 22:29:11,50,0.43,4.47,-20.0
2020-11-02 22:29:11,51,0.412,4.47,-20.0
2020-11-02 22:29:11,52,0.411,4.47,-20.0
2020-11-02 22:29:11,53,0.41,4.45,-20.0
2020-11-02 22:29:11,54,0.41,4.47,-20.0
2020-11-02 22:29:11,55,0.408,4.44,-20.0
2020-11-02 22:29:11,56,0.415,4.44,-20.0
2020-11-02 22:29:11,57,0.417,4.43,-20.0
2020-11-02 22:29:11,58,0.421,4.43,-20.0
2020-11-02 22:29:11,59,0.404,4.45,-20.0
2020-11-02 22:29:11,60,0.399,4.46,-20.0
2020-11-02 22:29:11,61,0.416,4.49,22.1
2020-11-02 22:29:11,62,0.408,4.49,-20.0
2020-11-02 22:29:11,63,0.395,4.48,-20.0
2020-11-02 22:29:11,64,0.41,4.46,-20.0
2020-11-02 22:29:11,65,0.39,4.46,-20.0
2020-11-02 22:29:11,66,0.415,4.45,-20.0
2020-11-02 22:29:11,67,0.406,4.43,-20.0
2020-11-02 22:29:11,68,0.418,4.46,-20.0
2020-11-02 22:29:11,69,0.421,4.46,-20.0
2020-11-02 22:29:11,70,0.428,4.48,-20.0
2020-11-02 22:29:11,71,0.415,4.49,-20.0
2020-11-02 22:29:11,72,0.412,4.49,-20.0
2020-11-02 22:29:11,73,0.404,4.51,22.2
2020-11-02 22:29:11,74,0.405,4.48,-20.0
2020-11-02 22:29:11,75,0.412,4.48,-20.0
2020-11-02 22:29:11,76,0.427,4.46,-20.0
2020-11-02 22:29:11,77,0.418,4.51,-20.0
2020-11-02 22:29:11,78,0.399,4.47,-20.0
2020-11-02 22:29:11,79,0.397,4.48,-20.0
2020-11-02 22:29:11,80,0.427,4.5,-20.0
2020-11-02 22:29:11,81,0.424,4.5,-20.0
2020-11-02 22:29:11,82,0.424,4.51,-20.0
2020-11-02 22:29:11,83,0.417,4.5,-20.0
2020-11-02 22:29:11,84,0.413,4.49,-20.0
2020-11-02 22:29:11,85,0.408,4.47,23.2
2020-11-02 22:29:11,86,0.417,4.46,-20.0
2020-11-02 22:29:11,87,0.444,4.47,-20.0
2020-11-02 22:29:11,88,0.405,4.48,-20.0
2020-11-02 22:29:11,89,0.409,4.49,-20.0
2020-11-02 22:29:11,90,0.409,4.48,-20.0
2020-11-02 22:29:11,91,0.417,4.49,-20.0
2020-11-02 22:29:11,92,0.399,4.5,-20.0
2020-11-02 22:29:11,93,0.414,4.5,-20.0
2020-11-02 22:29:11,94,0.415,4.48,-20.0
2020-11-02 22:29:11,95,0.42,4.47,-20.0
2020-11-02 22:29:11,96,0.414,4.49,-20.0
2020-11-03 10:28:36,1,0.416,4.5,25.4
2020-11-03 10:28:36,2,0.413,4.5,-20.0
2020-11-03 10:28:36,3,0.416,4.51,-20.0
2020-11-03 10:28:36,4,0.419,4.49,-20.0
2020-11-03 10:28:36,5,0.4,4.51,-20.0
2020-11-03 10:28:36,6,0.413,4.49,-20.0
2020-11-03 10:28:36,7,0.41,4.47,-20.0
2020-11-03 10:28:36,8,0.406,4.5,-20.0
2020-11-03 10:28:36,9,0.411,4.48,-20.0
2020-11-03 10:28:36,10,0.419,4.5,-20.0
2020-11-03 10:28:36,11,0.418,4.45,-20.0
2020-11-03 10:28:36,12,0.414,4.46,-20.0
2020-11-03 10:28:36,13,0.406,4.47,24.5
2020-11-03 10:28:36,14,0.413,4.48,-20.0
2020-11-03 10:28:36,15,0.411,4.52,-20.0
2020-11-03 10:28:36,16,0.429,4.52,-20.0
2020-11-03 10:28:36,17,0.414,4.5,-20.0
2020-11-03 10:28:36,18,0.421,4.49,-20.0
2020-11-03 10:28:36,19,0.435,4.48,-20.0
2020-11-03 10:28:36,20,0.41,4.48,-20.0
2020-11-03 10:28:36,21,0.413,4.5,-20.0
2020-11-03 10:28:36,22,0.422,4.48,-20.0
2020-11-03 10:28:36,23,0.439,4.49,-20.0
2020-11-03 10:28:36,24,0.408,4.5,-20.0
2020-11-03 10:28:36,25,0.419,4.5,22.1
2020-11-03 10:28:36,26,0.417,4.48,-20.0
2020-11-03 10:28:36,27,0.399,4.47,-20.0
2020-11-03 10:28:36,28,0.409,4.46,-20.0
2020-11-03 10:28:36,29,0.408,4.47,-20.0
2020-11-03 10:28:36,30,0.412,4.48,-20.0
2020-11-03 10:28:36,31,0.414,4.46,-20.0
2020-11-03 10:28:36,32,0.394,4.48,-20.0
2020-11-03 10:28:36,33,0.405,4.49,-20.0
2020-11-03 10:28:36,34,0.404,4.49,-20.0
2020-11-03 10:28:36,35,0.404,4.49,-20.0
2020-11-03 10:28:36,36,0.402,4.5,-20.0
2020-11-03 10:28:36,37,0.388,4.48,22.6
2020-11-03 10:28:36,38,0.408,4.49,-20.0
2020-11-03 10:28:36,39,0.418,4.47,-20.0
2020-11-03 10:28:36,40,0.415,4.47,-20.0
2020-11-03 10:28:36,41,0.418,4.49,-20.0
2020-11-03 10:28:36,42,0.399,4.47,-20.0
2020-11-03 10:28:36,43,0.411,4.48,-20.0
2020-11-03 10:28:36,44,0.42,4.49,-20.0
2020-11-03 10:28:36,45,0.417,4.49,-20.0
2020-11-03 10:28:36,46,0.418,4.49,-20.0
2020-11-03 10:28:36,47,0.407,4.48,-20.0
2020-11-03 10:28:36,48,0.411,4.48,-20.0
2020-11-03 10:28:36,49,0.486,4.46,24.4
2020-11-03 10:28:36,50,0.428,4.47,-20.0
2020-11-03 10:28:36,51,0.41,4.48,-20.0
2020-11-03 10:28:36,52,0.412,4.47,-20.0
2020-11-03 10:28:36,53,0.411,4.46,-20.0
2020-11-03 10:28:36,54,0.411,4.47,-20.0
2020-11-03 10:28:36,55,0.406,4.44,-20.0
2020-11-03 10:28:36,56,0.413,4.44,-20.0
2020-11-03 10:28:36,57,0.419,4.43,-20.0
2020-11-03 10:28:36,58,0.421,4.43,-20.0
2020-11-03 10:28:36,59,0.412,4.45,-20.0
2020-11-03 10:28:36,60,0.399,4.46,-20.0
2020-11-03 10:28:36,61,0.416,4.5,22.0
2020-11-03 10:28:36,62,0.407,4.49,-20.0
2020-11-03 10:28:36,63,0.4,4.49,-20.0
2020-11-03 10:28:36,64,0.408,4.46,-20.0
2020-11-03 10:28:36,65,0.394,4.45,-20.0
2020-11-03 10:28:36,66,0.414,4.45,-20.0
2020-11-03 10:28:36,67,0.407,4.43,-20.0
2020-11-03 10:28:36,68,0.419,4.45,-20.0
2020-11-03 10:28:36,69,0.421,4.46,-20.0
2020-11-03 10:28:36,70,0.425,4.48,-20.0
2020-11-03 10:28:36,71,0.412,4.48,-20.0
2020-11-03 10:28:36,72,0.413,4.49,-20.0
2020-11-03 10:28:36,73,0.406,4.51,22.1
2020-11-03 10:28:36,74,0.405,4.48,-20.0
2020-11-03 10:28:36,75,0.414,4.47,-20.0
2020-11-03 10:28:36,76,0.426,4.45,-20.0
2020-11-03 10:28:36,77,0.421,4.5,-20.0
2020-11-03 10:28:36,78,0.404,4.47,-20.0
2020-11-03 10:28:36,79,0.404,4.48,-20.0
2020-11-03 10:28:36,80,0.427,4.5,-20.0
2020-11-03 10:28:36,81,0.425,4.51,-20.0
2020-11-03 10:28:36,82,0.425,4.51,-20.0
2020-11-03 10:28:36,83,0.419,4.51,-20.0
2020-11-03 10:28:36,84,0.412,4.49,-20.0
2020-11-03 10:28:36,85,0.409,4.47,23.2
2020-11-03 10:28:36,86,0.416,4.47,-20.0
2020-11-03 10:28:36,87,0.445,4.46,-20.0
2020-11-03 10:28:36,88,0.404,4.47,-20.0
2020-11-03 10:28:36,89,0.412,4.49,-20.0
2020-11-03 10:28:36,90,0.41,4.47,-20.0
2020-11-03 10:28:36,91,0.418,4.49,-20.0
2020-11-03 10:28:36,92,0.398,4.5,-20.0
2020-11-03 10:28:36,93,0.413,4.5,-20.0
2020-11-03 10:28:36,94,0.416,4.47,-20.0
2020-11-03 10:28:36,95,0.423,4.46,-20.0
2020-11-03 10:28:36,96,0.415,4.49,-20.0
2020-11-03 22:28:10,1,0.416,4.49,25.4
2020-11-03 22:28:10,2,0.412,4.5,-20.0
2020-11-03 22:28:10,3,0.415,4.51,-20.0
2020-11-03 22:28:10,4,0.419,4.48,-20.0
2020-11-03 22:28:10,5,0.401,4.51,-20.0
2020-11-03 22:28:10,6,0.415,4.5,-20.0
2020-11-03 22:28:10,7,0.406,4.49,-20.0
2020-11-03 22:28:10,8,0.404,4.51,-20.0
2020-11-03 22:28:10,9,0.41,4.48,-20.0
2020-11-03 22:28:10,10,0.419,4.49,-20.0
2020-11-03 22:28:10,11,0.417,4.45,-20.0
2020-11-03 22:28:10,12,0.416,4.47,-20.0
2020-11-03 22:28:10,13,0.407,4.48,24.7
2020-11-03 22:28:10,14,0.413,4.49,-20.0
2020-11-03 22:28:10,15,0.411,4.53,-20.0
2020-11-03 22:28:10,16,0.427,4.51,-20.0
2020-11-03 22:28:10,17,0.416,4.49,-20.0
2020-11-03 22:28:10,18,0.422,4.49,-20.0
2020-11-03 22:28:10,19,0.438,4.48,-20.0
2020-11-03 22:28:10,20,0.408,4.48,-20.0
2020-11-03 22:28:10,21,0.412,4.48,-20.0
2020-11-03 22:28:10,22,0.419,4.48,-20.0
2020-11-03 22:28:10,23,0.44,4.48,-20.0
2020-11-03 22:28:10,24,0.411,4.49,-20.0
2020-11-03 22:28:10,25,0.419,4.51,22.3
2020-11-03 22:28:10,26,0.42,4.48,-20.0
2020-11-03 22:28:10,27,0.403,4.47,-20.0
2020-11-03 22:28:10,28,0.416,4.46,-20.0
2020-11-03 22:28:10,29,0.41,4.48,-20.0
2020-11-03 22:28:10,30,0.414,4.48,-20.0
2020-11-03 22:28:10,31,0.415,4.47,-20.0
2020-11-03 22:28:10,32,0.399,4.47,-20.0
2020-11-03 22:28:10,33,0.406,4.49,-20.0
2020-11-03 22:28:10,34,0.405,4.49,-20.0
2020-11-03 22:28:10,35,0.408,4.48,-20.0
2020-11-03 22:28:10,36,0.404,4.5,-20.0
2020-11-03 22:28:10,37,0.399,4.49,22.8
2020-11-03 22:28:10,38,0.411,4.49,-20.0
2020-11-03 22:28:10,39,0.419,4.48,-20.0
2020-11-03 22:28:10,40,0.415,4.47,-20.0
2020-11-03 22:28:10,41,0.416,4.49,-20.0
2020-11-03 22:28:10,42,0.403,4.48,-20.0
2020-11-03 22:28:10,43,0.413,4.47,-20.0
2020-11-03 22:28:10,44,0.422,4.49,-20.0
2020-11-03 22:28:10,45,0.415,4.49,-20.0
2020-11-03 22:28:10,46,0.416,4.48,-20.0
2020-11-03 22:28:10,47,0.409,4.49,-20.0
2020-11-03 22:28:10,48,0.412,4.49,-20.0
2020-11-03 22:28:10,49,0.482,4.46,24.7
2020-11-03 22:28:10,50,0.43,4.47,-20.0
2020-11-03 22:28:10,51,0.412,4.47,-20.0
2020-11-03 22:28:10,52,0.412,4.47,-20.0
2020-11-03 22:28:10,53,0.417,4.45,-20.0
2020-11-03 22:28:10,54,0.419,4.47,-20.0
2020-11-03 22:28:10,55,0.405,4.44,-20.0
2020-11-03 22:28:10,56,0.41,4.44,-20.0
2020-11-03 22:28:10,57,0.417,4.43,-20.0
2020-11-03 22:28:10,58,0.417,4.43,-20.0
2020-11-03 22:28:10,59,0.392,4.45,-20.0
2020-11-03 22:28:10,60,0.413,4.46,-20.0
2020-11-03 22:28:10,61,0.415,4.49,22.2
2020-11-03 22:28:10,62,0.408,4.49,-20.0
2020-11-03 22:28:10,63,0.385,4.48,-20.0
2020-11-03 22:28:10,64,0.385,4.46,-20.0
2020-11-03 22:28:10,65,0.385,4.45,-20.0
2020-11-03 22:28:10,66,0.414,4.45,-20.0
2020-11-03 22:28:10,67,0.409,4.43,-20.0
2020-11-03 22:28:10,68,0.388,4.46,-20.0
2020-11-03 22:28:10,69,0.383,4.46,-20.0
2020-11-03 22:28:10,70,0.382,4.48,-20.0
2020-11-03 22:28:10,71,0.411,4.49,-20.0
2020-11-03 22:28:10,72,0.414,4.5,-20.0
2020-11-03 22:28:10,73,0.387,4.51,22.5
2020-11-03 22:28:10,74,0.369,4.48,-20.0
2020-11-03 22:28:10,75,0.288,4.48,-20.0
2020-11-03 22:28:10,76,0.425,4.45,-20.0
2020-11-03 22:28:10,77,0.42,4.51,-20.0
2020-11-03 22:28:10,78,0.396,4.48,-20.0
2020-11-03 22:28:10,79,0.386,4.48,-20.0
2020-11-03 22:28:10,80,0.406,4.5,-20.0
2020-11-03 22:28:10,81,0.426,4.51,-20.0
2020-11-03 22:28:10,82,0.425,4.51,-20.0
2020-11-03 22:28:10,83,0.433,4.5,-20.0
2020-11-03 22:28:10,84,0.415,4.5,-20.0
2020-11-03 22:28:10,85,0.412,4.48,23.7
2020-11-03 22:28:10,86,0.415,4.47,-20.0
2020-11-03 22:28:10,87,0.445,4.47,-20.0
2020-11-03 22:28:10,88,0.405,4.47,-20.0
2020-11-03 22:28:10,89,0.411,4.48,-20.0
2020-11-03 22:28:10,90,0.406,4.48,-20.0
2020-11-03 22:28:10,91,0.418,4.49,-20.0
2020-11-03 22:28:10,92,0.397,4.5,-20.0
2020-11-03 22:28:10,93,0.412,4.5,-20.0
2020-11-03 22:28:10,94,0.418,4.47,-20.0
2020-11-03 22:28:10,95,0.42,4.46,-20.0
2020-11-03 22:28:10,96,0.414,4.49,-20.0
2020-11-04 10:27:35,1,0.415,4.5,25.4
2020-11-04 10:27:35,2,0.416,4.5,-20.0
2020-11-04 10:27:35,3,0.416,4.51,-20.0
2020-11-04 10:27:35,4,0.421,4.47,-20.0
2020-11-04 10:27:35,5,0.403,4.51,-20.0
2020-11-04 10:27:35,6,0.413,4.49,-20.0
2020-11-04 10:27:35,7,0.407,4.48,-20.0
2020-11-04 10:27:35,8,0.403,4.51,-20.0
2020-11-04 10:27:35,9,0.411,4.48,-20.0
2020-11-04 10:27:35,10,0.418,4.5,-20.0
2020-11-04 10:27:35,11,0.415,4.46,-20.0
2020-11-04 10:27:35,12,0.412,4.45,-20.0
2020-11-04 10:27:35,13,0.404,4.49,24.8
2020-11-04 10:27:35,14,0.412,4.5,-20.0
2020-11-04 10:27:35,15,0.411,4.52,-20.0
2020-11-04 10:27:35,16,0.425,4.52,-20.0
2020-11-04 10:27:35,17,0.414,4.49,-20.0
2020-11-04 10:27:35,18,0.42,4.5,-20.0
2020-11-04 10:27:35,19,0.436,4.48,-20.0
2020-11-04 10:27:35,20,0.409,4.48,-20.0
2020-11-04 10:27:35,21,0.412,4.49,-20.0
2020-11-04 10:27:35,22,0.421,4.47,-20.0
2020-11-04 10:27:35,23,0.444,4.49,-20.0
2020-11-04 10:27:35,24,0.411,4.5,-20.0
2020-11-04 10:27:35,25,0.42,4.49,22.3
2020-11-04 10:27:35,26,0.423,4.48,-20.0
2020-11-04 10:27:35,27,0.413,4.47,-20.0
2020-11-04 10:27:35,28,0.403,4.46,-20.0
2020-11-04 10:27:35,29,0.422,4.46,-20.0
2020-11-04 10:27:35,30,0.416,4.48,-20.0
2020-11-04 10:27:35,31,0.418,4.46,-20.0
2020-11-04 10:27:35,32,0.399,4.48,-20.0
2020-11-04 10:27:35,33,0.417,4.48,-20.0
2020-11-04 10:27:35,34,0.416,4.49,-20.0
2020-11-04 10:27:35,35,0.407,4.49,-20.0
2020-11-04 10:27:35,36,0.406,4.5,-20.0
2020-11-04 10:27:35,37,0.395,4.49,22.8
2020-11-04 10:27:35,38,0.404,4.5,-20.0
2020-11-04 10:27:35,39,0.418,4.47,-20.0
2020-11-04 10:27:35,40,0.415,4.48,-20.0
2020-11-04 10:27:35,41,0.415,4.49,-20.0
2020-11-04 10:27:35,42,0.407,4.49,-20.0
2020-11-04 10:27:35,43,0.415,4.49,-20.0
2020-11-04 10:27:35,44,0.423,4.49,-20.0
2020-11-04 10:27:35,45,0.414,4.49,-20.0
2020-11-04 10:27:35,46,0.414,4.49,-20.0
2020-11-04 10:27:35,47,0.408,4.48,-20.0
2020-11-04 10:27:35,48,0.413,4.49,-20.0
2020-11-04 10:27:35,49,0.486,4.47,24.8
2020-11-04 10:27:35,50,0.433,4.47,-20.0
2020-11-04 10:27:35,51,0.411,4.47,-20.0
2020-11-04 10:27:35,52,0.415,4.47,-20.0
2020-11-04 10:27:35,53,0.405,4.46,-20.0
2020-11-04 10:27:35,54,0.411,4.47,-20.0
2020-11-04 10:27:35,55,0.403,4.44,-20.0
2020-11-04 10:27:35,56,0.411,4.44,-20.0
2020-11-04 10:27:35,57,0.416,4.43,-20.0
2020-11-04 10:27:35,58,0.413,4.43,-20.0
2020-11-04 10:27:35,59,0.401,4.45,-20.0
2020-11-04 10:27:35,60,0.403,4.46,-20.0
2020-11-04 10:27:35,61,0.414,4.49,22.3
2020-11-04 10:27:35,62,0.408,4.49,-20.0
2020-11-04 10:27:35,63,0.393,4.48,-20.0
2020-11-04 10:27:35,64,0.391,4.46,-20.0
2020-11-04 10:27:35,65,0.39,4.45,-20.0
2020-11-04 10:27:35,66,0.416,4.45,-20.0
2020-11-04 10:27:35,67,0.409,4.43,-20.0
2020-11-04 10:27:35,68,0.394,4.46,-20.0
2020-11-04 10:27:35,69,0.393,4.45,-20.0
2020-11-04 10:27:35,70,0.391,4.47,-20.0
2020-11-04 10:27:35,71,0.414,4.48,-20.0
2020-11-04 10:27:35,72,0.411,4.48,-20.0
2020-11-04 10:27:35,73,0.396,4.52,22.6
2020-11-04 10:27:35,74,0.36,4.49,-20.0
2020-11-04 10:27:35,75,0.426,4.47,-20.0
2020-11-04 10:27:35,76,0.424,4.46,-20.0
2020-11-04 10:27:35,77,0.424,4.5,-20.0
2020-11-04 10:27:35,78,0.397,4.48,-20.0
2020-11-04 10:27:35,79,0.395,4.49,-20.0
2020-11-04 10:27:35,80,0.409,4.51,-20.0
2020-11-04 10:27:35,81,0.427,4.51,-20.0
2020-11-04 10:27:35,82,0.427,4.51,-20.0
2020-11-04 10:27:35,83,0.433,4.5,-20.0
2020-11-04 10:27:35,84,0.418,4.5,-20.0
2020-11-04 10:27:35,85,0.414,4.47,23.5
2020-11-04 10:27:35,86,0.416,4.47,-20.0
2020-11-04 10:27:35,87,0.443,4.46,-20.0
2020-11-04 10:27:35,88,0.405,4.47,-20.0
2020-11-04 10:27:35,89,0.409,4.49,-20.0
2020-11-04 10:27:35,90,0.398,4.48,-20.0
2020-11-04 10:27:35,91,0.415,4.49,-20.0
2020-11-04 10:27:35,92,0.396,4.5,-20.0
2020-11-04 10:27:35,93,0.409,4.49,-20.0
2020-11-04 10:27:35,94,0.416,4.48,-20.0
2020-11-04 10:27:35,95,0.417,4.46,-20.0
2020-11-04 10:27:35,96,0.409,4.49,-20.0
2020-11-04 22:27:03,1,0.414,4.5,25.4
2020-11-04 22:27:03,2,0.415,4.5,-20.0
2020-11-04 22:27:03,3,0.417,4.51,-20.0
2020-11-04 22:27:03,4,0.419,4.49,-20.0
2020-11-04 22:27:03,5,0.404,4.52,-20.0
2020-11-04 22:27:03,6,0.414,4.5,-20.0
2020-11-04 22:27:03,7,0.407,4.48,-20.0
2020-11-04 22:27:03,8,0.406,4.49,-20.0
2020-11-04 22:27:03,9,0.412,4.49,-20.0
2020-11-04 22:27:03,10,0.416,4.5,-20.0
2020-11-04 22:27:03,11,0.415,4.46,-20.0
2020-11-04 22:27:03,12,0.412,4.46,-20.0
2020-11-04 22:27:03,13,0.406,4.48,24.7
2020-11-04 22:27:03,14,0.412,4.48,-20.0
2020-11-04 22:27:03,15,0.413,4.52,-20.0
2020-11-04 22:27:03,16,0.424,4.52,-20.0
2020-11-04 22:27:03,17,0.417,4.49,-20.0
2020-11-04 22:27:03,18,0.421,4.49,-20.0
2020-11-04 22:27:03,19,0.44,4.48,-20.0
2020-11-04 22:27:03,20,0.411,4.48,-20.0
2020-11-04 22:27:03,21,0.416,4.49,-20.0
2020-11-04 22:27:03,22,0.419,4.47,-20.0
2020-11-04 22:27:03,23,0.444,4.48,-20.0
2020-11-04 22:27:03,24,0.412,4.49,-20.0
2020-11-04 22:27:03,25,0.418,4.5,22.2
2020-11-04 22:27:03,26,0.422,4.48,-20.0
2020-11-04 22:27:03,27,0.418,4.46,-20.0
2020-11-04 22:27:03,28,0.41,4.47,-20.0
2020-11-04 22:27:03,29,0.42,4.48,-20.0
2020-11-04 22:27:03,30,0.416,4.48,-20.0
2020-11-04 22:27:03,31,0.417,4.46,-20.0
2020-11-04 22:27:03,32,0.405,4.48,-20.0
2020-11-04 22:27:03,33,0.416,4.49,-20.0
2020-11-04 22:27:03,34,0.417,4.48,-20.0
2020-11-04 22:27:03,35,0.408,4.49,-20.0
2020-11-04 22:27:03,36,0.405,4.5,-20.0
2020-11-04 22:27:03,37,0.397,4.48,22.8
2020-11-04 22:27:03,38,0.408,4.49,-20.0
2020-11-04 22:27:03,39,0.416,4.48,-20.0
2020-11-04 22:27:03,40,0.415,4.47,-20.0
2020-11-04 22:27:03,41,0.414,4.49,-20.0
2020-11-04 22:27:03,42,0.404,4.47,-20.0
2020-11-04 22:27:03,43,0.416,4.49,-20.0
2020-11-04 22:27:03,44,0.425,4.49,-20.0
2020-11-04 22:27:03,45,0.418,4.5,-20.0
2020-11-04 22:27:03,46,0.413,4.49,-20.0
2020-11-04 22:27:03,47,0.407,4.49,-20.0
2020-11-04 22:27:03,48,0.414,4.48,-20.0
2020-11-04 22:27:03,49,0.482,4.46,24.7
2020-11-04 22:27:03,50,0.435,4.46,-20.0
2020-11-04 22:27:03,51,0.413,4.47,-20.0
2020-11-04 22:27:03,52,0.415,4.47,-20.0
2020-11-04 22:27:03,53,0.407,4.46,-20.0
2020-11-04 22:27:03,54,0.412,4.47,-20.0
2020-11-04 22:27:03,55,0.411,4.44,-20.0
2020-11-04 22:27:03,56,0.412,4.43,-20.0
2020-11-04 22:27:03,57,0.416,4.44,-20.0
2020-11-04 22:27:03,58,0.414,4.44,-20.0
2020-11-04 22:27:03,59,0.407,4.45,-20.0
2020-11-04 22:27:03,60,0.411,4.46,-20.0
2020-11-04 22:27:03,61,0.412,4.5,22.2
2020-11-04 22:27:03,62,0.408,4.49,-20.0
2020-11-04 22:27:03,63,0.398,4.48,-20.0
2020-11-04 22:27:03,64,0.397,4.46,-20.0
2020-11-04 22:27:03,65,0.396,4.45,-20.0
2020-11-04 22:27:03,66,0.419,4.45,-20.0
2020-11-04 22:27:03,67,0.412,4.43,-20.0
2020-11-04 22:27:03,68,0.403,4.46,-20.0
2020-11-04 22:27:03,69,0.399,4.45,-20.0
2020-11-04 22:27:03,70,0.395,4.47,-20.0
2020-11-04 22:27:03,71,0.414,4.49,-20.0
2020-11-04 22:27:03,72,0.414,4.49,-20.0
2020-11-04 22:27:03,73,0.403,4.51,22.6
2020-11-04 22:27:03,74,0.372,4.48,-20.0
2020-11-04 22:27:03,75,0.425,4.47,-20.0
2020-11-04 22:27:03,76,0.426,4.45,-20.0
2020-11-04 22:27:03,77,0.422,4.51,-20.0
2020-11-04 22:27:03,78,0.4,4.47,-20.0
2020-11-04 22:27:03,79,0.399,4.49,-20.0
2020-11-04 22:27:03,80,0.41,4.51,-20.0
2020-11-04 22:27:03,81,0.43,4.51,-20.0
2020-11-04 22:27:03,82,0.426,4.52,-20.0
2020-11-04 22:27:03,83,0.428,4.49,-20.0
2020-11-04 22:27:03,84,0.418,4.5,-20.0
2020-11-04 22:27:03,85,0.417,4.47,23.8
2020-11-04 22:27:03,86,0.417,4.47,-20.0
2020-11-04 22:27:03,87,0.443,4.47,-20.0
2020-11-04 22:27:03,88,0.406,4.47,-20.0
2020-11-04 22:27:03,89,0.411,4.49,-20.0
2020-11-04 22:27:03,90,0.401,4.47,-20.0
2020-11-04 22:27:03,91,0.416,4.49,-20.0
2020-11-04 22:27:03,92,0.398,4.51,-20.0
2020-11-04 22:27:03,93,0.411,4.5,-20.0
2020-11-04 22:27:03,94,0.419,4.48,-20.0
2020-11-04 22:27:03,95,0.417,4.46,-20.0
2020-11-04 22:27:03,96,0.407,4.49,-20.0
2020-11-05 10:26:23,1,0.417,4.5,25.5
2020-11-05 10:26:23,2,0.415,4.49,-20.0
2020-11-05 10:26:23,3,0.419,4.51,-20.0
2020-11-05 10:26:23,4,0.42,4.48,-20.0
2020-11-05 10:26:23,5,0.4,4.51,-20.0
2020-11-05 10:26:23,6,0.413,4.5,-20.0
2020-11-05 10:26:23,7,0.404,4.48,-20.0
2020-11-05 10:26:23,8,0.401,4.5,-20.0
2020-11-05 10:26:23,9,0.412,4.48,-20.0
2020-11-05 10:26:23,10,0.414,4.5,-20.0
2020-11-05 10:26:23,11,0.416,4.46,-20.0
2020-11-05 10:26:23,12,0.41,4.46,-20.0
2020-11-05 10:26:23,13,0.405,4.48,24.7
2020-11-05 10:26:23,14,0.413,4.5,-20.0
2020-11-05 10:26:23,15,0.411,4.52,-20.0
2020-11-05 10:26:23,16,0.425,4.52,-20.0
2020-11-05 10:26:23,17,0.417,4.49,-20.0
2020-11-05 10:26:23,18,0.42,4.49,-20.0
2020-11-05 10:26:23,19,0.442,4.48,-20.0
2020-11-05 10:26:23,20,0.411,4.48,-20.0
2020-11-05 10:26:23,21,0.417,4.48,-20.0
2020-11-05 10:26:23,22,0.418,4.46,-20.0
2020-11-05 10:26:23,23,0.445,4.48,-20.0
2020-11-05 10:26:23,24,0.413,4.49,-20.0
2020-11-05 10:26:23,25,0.414,4.5,22.2
2020-11-05 10:26:23,26,0.418,4.48,-20.0
2020-11-05 10:26:23,27,0.422,4.47,-20.0
2020-11-05 10:26:23,28,0.413,4.46,-20.0
2020-11-05 10:26:23,29,0.421,4.46,-20.0
2020-11-05 10:26:23,30,0.414,4.48,-20.0
2020-11-05 10:26:23,31,0.416,4.45,-20.0
2020-11-05 10:26:23,32,0.409,4.47,-20.0
2020-11-05 10:26:23,33,0.417,4.48,-20.0
2020-11-05 10:26:23,34,0.417,4.48,-20.0
2020-11-05 10:26:23,35,0.409,4.49,-20.0
2020-11-05 10:26:23,36,0.407,4.51,-20.0
2020-11-05 10:26:23,37,0.402,4.49,22.7
2020-11-05 10:26:23,38,0.411,4.49,-20.0
2020-11-05 10:26:23,39,0.416,4.47,-20.0
2020-11-05 10:26:23,40,0.414,4.47,-20.0
2020-11-05 10:26:23,41,0.414,4.49,-20.0
2020-11-05 10:26:23,42,0.406,4.48,-20.0
2020-11-05 10:26:23,43,0.416,4.47,-20.0
2020-11-05 10:26:23,44,0.428,4.49,-20.0
2020-11-05 10:26:23,45,0.418,4.5,-20.0
2020-11-05 10:26:23,46,0.417,4.49,-20.0
2020-11-05 10:26:23,47,0.413,4.49,-20.0
2020-11-05 10:26:23,48,0.419,4.48,-20.0
2020-11-05 10:26:23,49,0.482,4.47,24.7
2020-11-05 10:26:23,50,0.432,4.47,-20.0
2020-11-05 10:26:23,51,0.412,4.47,-20.0
2020-11-05 10:26:23,52,0.415,4.46,-20.0
2020-11-05 10:26:23,53,0.408,4.46,-20.0
2020-11-05 10:26:23,54,0.412,4.47,-20.0
2020-11-05 10:26:23,55,0.409,4.44,-20.0
2020-11-05 10:26:23,56,0.412,4.43,-20.0
2020-11-05 10:26:23,57,0.419,4.43,-20.0
2020-11-05 10:26:23,58,0.414,4.43,-20.0
2020-11-05 10:26:23,59,0.409,4.44,-20.0
2020-11-05 10:26:23,60,0.409,4.46,-20.0
2020-11-05 10:26:23,61,0.411,4.5,22.2
2020-11-05 10:26:23,62,0.409,4.5,-20.0
2020-11-05 10:26:23,63,0.402,4.47,-20.0
2020-11-05 10:26:23,64,0.398,4.46,-20.0
2020-11-05 10:26:23,65,0.399,4.45,-20.0
2020-11-05 10:26:23,66,0.42,4.45,-20.0
2020-11-05 10:26:23,67,0.412,4.43,-20.0
2020-11-05 10:26:23,68,0.408,4.46,-20.0
2020-11-05 10:26:23,69,0.403,4.45,-20.0
2020-11-05 10:26:23,70,0.403,4.47,-20.0
2020-11-05 10:26:23,71,0.415,4.49,-20.0
2020-11-05 10:26:23,72,0.418,4.49,-20.0
2020-11-05 10:26:23,73,0.402,4.52,22.4
2020-11-05 10:26:23,74,0.381,4.48,-20.0
2020-11-05 10:26:23,75,0.425,4.47,-20.0
2020-11-05 10:26:23,76,0.426,4.45,-20.0
2020-11-05 10:26:23,77,0.423,4.51,-20.0
2020-11-05 10:26:23,78,0.396,4.47,-20.0
2020-11-05 10:26:23,79,0.4,4.49,-20.0
2020-11-05 10:26:23,80,0.413,4.5,-20.0
2020-11-05 10:26:23,81,0.424,4.51,-20.0
2020-11-05 10:26:23,82,0.419,4.52,-20.0
2020-11-05 10:26:23,83,0.426,4.5,-20.0
2020-11-05 10:26:23,84,0.417,4.5,-20.0
2020-11-05 10:26:23,85,0.41,4.47,23.3
2020-11-05 10:26:23,86,0.416,4.47,-20.0
2020-11-05 10:26:23,87,0.443,4.47,-20.0
2020-11-05 10:26:23,88,0.405,4.47,-20.0
2020-11-05 10:26:23,89,0.41,4.48,-20.0
2020-11-05 10:26:23,90,0.405,4.48,-20.0
2020-11-05 10:26:23,91,0.416,4.48,-20.0
2020-11-05 10:26:23,92,0.398,4.5,-20.0
2020-11-05 10:26:23,93,0.41,4.5,-20.0
2020-11-05 10:26:23,94,0.421,4.48,-20.0
2020-11-05 10:26:23,95,0.418,4.47,-20.0
2020-11-05 10:26:23,96,0.409,4.48,-20.0
2020-11-05 22:25:49,1,0.413,4.5,25.4
2020-11-05 22:25:49,2,0.413,4.5,-20.0
2020-11-05 22:25:49,3,0.419,4.52,-20.0
2020-11-05 22:25:49,4,0.421,4.49,-20.0
2020-11-05 22:25:49,5,0.398,4.51,-20.0
2020-11-05 22:25:49,6,0.417,4.49,-20.0
2020-11-05 22:25:49,7,0.411,4.48,-20.0
2020-11-05 22:25:49,8,0.407,4.5,-20.0
2020-11-05 22:25:49,9,0.412,4.48,-20.0
2020-11-05 22:25:49,10,0.415,4.5,-20.0
2020-11-05 22:25:49,11,0.418,4.45,-20.0
2020-11-05 22:25:49,12,0.412,4.46,-20.0
2020-11-05 22:25:49,13,0.408,4.48,24.7
2020-11-05 22:25:49,14,0.416,4.49,-20.0
2020-11-05 22:25:49,15,0.411,4.52,-20.0
2020-11-05 22:25:49,16,0.426,4.5,-20.0
2020-11-05 22:25:49,17,0.419,4.49,-20.0
2020-11-05 22:25:49,18,0.419,4.49,-20.0
2020-11-05 22:25:49,19,0.443,4.47,-20.0
2020-11-05 22:25:49,20,0.413,4.47,-20.0
2020-11-05 22:25:49,21,0.422,4.48,-20.0
2020-11-05 22:25:49,22,0.417,4.47,-20.0
2020-11-05 22:25:49,23,0.445,4.48,-20.0
2020-11-05 22:25:49,24,0.414,4.49,-20.0
2020-11-05 22:25:49,25,0.416,4.5,22.1
2020-11-05 22:25:49,26,0.418,4.48,-20.0
2020-11-05 22:25:49,27,0.42,4.47,-20.0
2020-11-05 22:25:49,28,0.413,4.46,-20.0
2020-11-05 22:25:49,29,0.422,4.46,-20.0
2020-11-05 22:25:49,30,0.416,4.48,-20.0
2020-11-05 22:25:49,31,0.414,4.46,-20.0
2020-11-05 22:25:49,32,0.407,4.47,-20.0
2020-11-05 22:25:49,33,0.413,4.48,-20.0
2020-11-05 22:25:49,34,0.416,4.48,-20.0
2020-11-05 22:25:49,35,0.407,4.49,-20.0
2020-11-05 22:25:49,36,0.405,4.51,-20.0
2020-11-05 22:25:49,37,0.401,4.48,22.7
2020-11-05 22:25:49,38,0.415,4.5,-20.0
2020-11-05 22:25:49,39,0.418,4.46,-20.0
2020-11-05 22:25:49,40,0.414,4.49,-20.0
2020-11-05 22:25:49,41,0.414,4.49,-20.0
2020-11-05 22:25:49,42,0.406,4.47,-20.0
2020-11-05 22:25:49,43,0.416,4.48,-20.0
2020-11-05 22:25:49,44,0.429,4.49,-20.0
2020-11-05 22:25:49,45,0.418,4.49,-20.0
2020-11-05 22:25:49,46,0.42,4.49,-20.0
2020-11-05 22:25:49,47,0.408,4.48,-20.0
2020-11-05 22:25:49,48,0.404,4.48,-20.0
2020-11-05 22:25:49,49,0.482,4.46,24.7
2020-11-05 22:25:49,50,0.431,4.47,-20.0
2020-11-05 22:25:49,51,0.412,4.47,-20.0
2020-11-05 22:25:49,52,0.416,4.47,-20.0
2020-11-05 22:25:49,53,0.411,4.46,-20.0
2020-11-05 22:25:49,54,0.413,4.46,-20.0
2020-11-05 22:25:49,55,0.415,4.44,-20.0
2020-11-05 22:25:49,56,0.414,4.44,-20.0
2020-11-05 22:25:49,57,0.421,4.43,-20.0
2020-11-05 22:25:49,58,0.413,4.43,-20.0
2020-11-05 22:25:49,59,0.403,4.44,-20.0
2020-11-05 22:25:49,60,0.406,4.46,-20.0
2020-11-05 22:25:49,61,0.414,4.5,22.1
2020-11-05 22:25:49,62,0.412,4.48,-20.0
2020-11-05 22:25:49,63,0.411,4.48,-20.0
2020-11-05 22:25:49,64,0.406,4.46,-20.0
2020-11-05 22:25:49,65,0.404,4.45,-20.0
2020-11-05 22:25:49,66,0.419,4.45,-20.0
2020-11-05 22:25:49,67,0.415,4.43,-20.0
2020-11-05 22:25:49,68,0.415,4.46,-20.0
2020-11-05 22:25:49,69,0.43,4.46,-20.0
2020-11-05 22:25:49,70,0.425,4.47,-20.0
2020-11-05 22:25:49,71,0.414,4.49,-20.0
2020-11-05 22:25:49,72,0.417,4.49,-20.0
2020-11-05 22:25:49,73,0.399,4.51,22.5
2020-11-05 22:25:49,74,0.388,4.48,-20.0
2020-11-05 22:25:49,75,0.427,4.47,-20.0
2020-11-05 22:25:49,76,0.426,4.45,-20.0
2020-11-05 22:25:49,77,0.423,4.5,-20.0
2020-11-05 22:25:49,78,0.402,4.47,-20.0
2020-11-05 22:25:49,79,0.403,4.48,-20.0
2020-11-05 22:25:49,80,0.415,4.51,-20.0
2020-11-05 22:25:49,81,0.426,4.52,-20.0
2020-11-05 22:25:49,82,0.423,4.52,-20.0
2020-11-05 22:25:49,83,0.421,4.5,-20.0
2020-11-05 22:25:49,84,0.413,4.5,-20.0
2020-11-05 22:25:49,85,0.411,4.47,23.7
2020-11-05 22:25:49,86,0.412,4.47,-20.0
2020-11-05 22:25:49,87,0.446,4.47,-20.0
2020-11-05 22:25:49,88,0.405,4.49,-20.0
2020-11-05 22:25:49,89,0.411,4.49,-20.0
2020-11-05 22:25:49,90,0.406,4.48,-20.0
2020-11-05 22:25:49,91,0.418,4.49,-20.0
2020-11-05 22:25:49,92,0.401,4.5,-20.0
2020-11-05 22:25:49,93,0.41,4.49,-20.0
2020-11-05 22:25:49,94,0.42,4.47,-20.0
2020-11-05 22:25:49,95,0.417,4.47,-20.0
2020-11-05 22:25:49,96,0.408,4.49,-20.0
2020-11-06 10:25:13,1,0.414,4.5,25.4
2020-11-06 10:25:13,2,0.41,4.51,-20.0
2020-11-06 10:25:13,3,0.416,4.51,-20.0
2020-11-06 10:25:13,4,0.416,4.49,-20.0
2020-11-06 10:25:13,5,0.398,4.51,-20.0
2020-11-06 10:25:13,6,0.414,4.5,-20.0
2020-11-06 10:25:13,7,0.406,4.48,-20.0
2020-11-06 10:25:13,8,0.403,4.5,-20.0
2020-11-06 10:25:13,9,0.411,4.48,-20.0
2020-11-06 10:25:13,10,0.413,4.49,-20.0
2020-11-06 10:25:13,11,0.418,4.46,-20.0
2020-11-06 10:25:13,12,0.412,4.46,-20.0
2020-11-06 10:25:13,13,0.405,4.47,24.7
2020-11-06 10:25:13,14,0.417,4.49,-20.0
2020-11-06 10:25:13,15,0.412,4.51,-20.0
2020-11-06 10:25:13,16,0.428,4.52,-20.0
2020-11-06 10:25:13,17,0.42,4.49,-20.0
2020-11-06 10:25:13,18,0.42,4.5,-20.0
2020-11-06 10:25:13,19,0.444,4.48,-20.0
2020-11-06 10:25:13,20,0.414,4.48,-20.0
2020-11-06 10:25:13,21,0.424,4.48,-20.0
2020-11-06 10:25:13,22,0.415,4.48,-20.0
2020-11-06 10:25:13,23,0.442,4.48,-20.0
2020-11-06 10:25:13,24,0.412,4.5,-20.0
2020-11-06 10:25:13,25,0.418,4.51,22.2
2020-11-06 10:25:13,26,0.418,4.48,-20.0
2020-11-06 10:25:13,27,0.421,4.46,-20.0
2020-11-06 10:25:13,28,0.418,4.46,-20.0
2020-11-06 10:25:13,29,0.421,4.47,-20.0
2020-11-06 10:25:13,30,0.414,4.48,-20.0
2020-11-06 10:25:13,31,0.414,4.47,-20.0
2020-11-06 10:25:13,32,0.409,4.47,-20.0
2020-11-06 10:25:13,33,0.418,4.48,-20.0
2020-11-06 10:25:13,34,0.418,4.48,-20.0
2020-11-06 10:25:13,35,0.412,4.5,-20.0
2020-11-06 10:25:13,36,0.403,4.5,-20.0
2020-11-06 10:25:13,37,0.4,4.49,22.7
2020-11-06 10:25:13,38,0.42,4.49,-20.0
2020-11-06 10:25:13,39,0.413,4.48,-20.0
2020-11-06 10:25:13,40,0.417,4.48,-20.0
2020-11-06 10:25:13,41,0.414,4.48,-20.0
2020-11-06 10:25:13,42,0.401,4.48,-20.0
2020-11-06 10:25:13,43,0.421,4.47,-20.0
2020-11-06 10:25:13,44,0.43,4.5,-20.0
2020-11-06 10:25:13,45,0.415,4.5,-20.0
2020-11-06 10:25:13,46,0.419,4.5,-20.0
2020-11-06 10:25:13,47,0.408,4.49,-20.0
2020-11-06 10:25:13,48,0.409,4.48,-20.0
2020-11-06 10:25:13,49,0.483,4.47,24.7
2020-11-06 10:25:13,50,0.431,4.47,-20.0
2020-11-06 10:25:13,51,0.412,4.47,-20.0
2020-11-06 10:25:13,52,0.414,4.46,-20.0
2020-11-06 10:25:13,53,0.413,4.46,-20.0
2020-11-06 10:25:13,54,0.413,4.47,-20.0
2020-11-06 10:25:13,55,0.419,4.44,-20.0
2020-11-06 10:25:13,56,0.417,4.43,-20.0
2020-11-06 10:25:13,57,0.423,4.43,-20.0
2020-11-06 10:25:13,58,0.415,4.43,-20.0
2020-11-06 10:25:13,59,0.407,4.45,-20.0
2020-11-06 10:25:13,60,0.41,4.46,-20.0
2020-11-06 10:25:13,61,0.411,4.5,22.1
2020-11-06 10:25:13,62,0.412,4.49,-20.0
2020-11-06 10:25:13,63,0.4,4.48,-20.0
2020-11-06 10:25:13,64,0.398,4.47,-20.0
2020-11-06 10:25:13,65,0.393,4.45,-20.0
2020-11-06 10:25:13,66,0.416,4.45,-20.0
2020-11-06 10:25:13,67,0.409,4.43,-20.0
2020-11-06 10:25:13,68,0.406,4.46,-20.0
2020-11-06 10:25:13,69,0.426,4.45,-20.0
2020-11-06 10:25:13,70,0.418,4.47,-20.0
2020-11-06 10:25:13,71,0.411,4.49,-20.0
2020-11-06 10:25:13,72,0.41,4.48,-20.0
2020-11-06 10:25:13,73,0.398,4.51,22.5
2020-11-06 10:25:13,74,0.391,4.48,-20.0
2020-11-06 10:25:13,75,0.429,4.47,-20.0
2020-11-06 10:25:13,76,0.425,4.46,-20.0
2020-11-06 10:25:13,77,0.423,4.5,-20.0
2020-11-06 10:25:13,78,0.402,4.48,-20.0
2020-11-06 10:25:13,79,0.407,4.49,-20.0
2020-11-06 10:25:13,80,0.417,4.5,-20.0
2020-11-06 10:25:13,81,0.429,4.52,-20.0
2020-11-06 10:25:13,82,0.421,4.52,-20.0
2020-11-06 10:25:13,83,0.422,4.5,-20.0
2020-11-06 10:25:13,84,0.416,4.5,-20.0
2020-11-06 10:25:13,85,0.411,4.48,23.8
2020-11-06 10:25:13,86,0.413,4.47,-20.0
2020-11-06 10:25:13,87,0.445,4.46,-20.0
2020-11-06 10:25:13,88,0.404,4.47,-20.0
2020-11-06 10:25:13,89,0.412,4.49,-20.0
2020-11-06 10:25:13,90,0.407,4.48,-20.0
2020-11-06 10:25:13,91,0.417,4.48,-20.0
2020-11-06 10:25:13,92,0.402,4.5,-20.0
2020-11-06 10:25:13,93,0.412,4.5,-20.0
2020-11-06 10:25:13,94,0.42,4.48,-20.0
2020-11-06 10:25:13,95,0.416,4.47,-20.0
2020-11-06 10:25:13,96,0.408,4.49,-20.0
2020-11-06 22:24:41,1,0.414,4.5,25.4
2020-11-06 22:24:41,2,0.411,4.5,-20.0
2020-11-06 22:24:41,3,0.419,4.51,-20.0
2020-11-06 22:24:41,4,0.415,4.48,-20.0
2020-11-06 22:24:41,5,0.4,4.51,-20.0
2020-11-06 22:24:41,6,0.414,4.5,-20.0
2020-11-06 22:24:41,7,0.408,4.48,-20.0
2020-11-06 22:24:41,8,0.404,4.5,-20.0
2020-11-06 22:24:41,9,0.41,4.47,-20.0
2020-11-06 22:24:41,10,0.412,4.5,-20.0
2020-11-06 22:24:41,11,0.418,4.45,-20.0
2020-11-06 22:24:41,12,0.414,4.46,-20.0
2020-11-06 22:24:41,13,0.406,4.48,24.6
2020-11-06 22:24:41,14,0.418,4.49,-20.0
2020-11-06 22:24:41,15,0.416,4.53,-20.0
2020-11-06 22:24:41,16,0.427,4.52,-20.0
2020-11-06 22:24:41,17,0.42,4.48,-20.0
2020-11-06 22:24:41,18,0.421,4.49,-20.0
2020-11-06 22:24:41,19,0.443,4.47,-20.0
2020-11-06 22:24:41,20,0.413,4.48,-20.0
2020-11-06 22:24:41,21,0.42,4.48,-20.0
2020-11-06 22:24:41,22,0.416,4.47,-20.0
2020-11-06 22:24:41,23,0.445,4.48,-20.0
2020-11-06 22:24:41,24,0.409,4.5,-20.0
2020-11-06 22:24:41,25,0.417,4.51,22.1
2020-11-06 22:24:41,26,0.42,4.48,-20.0
2020-11-06 22:24:41,27,0.422,4.47,-20.0
2020-11-06 22:24:41,28,0.42,4.46,-20.0
2020-11-06 22:24:41,29,0.419,4.47,-20.0
2020-11-06 22:24:41,30,0.415,4.48,-20.0
2020-11-06 22:24:41,31,0.414,4.47,-20.0
2020-11-06 22:24:41,32,0.41,4.48,-20.0
2020-11-06 22:24:41,33,0.414,4.49,-20.0
2020-11-06 22:24:41,34,0.416,4.5,-20.0
2020-11-06 22:24:41,35,0.41,4.49,-20.0
2020-11-06 22:24:41,36,0.402,4.5,-20.0
2020-11-06 22:24:41,37,0.403,4.48,22.6
2020-11-06 22:24:41,38,0.42,4.5,-20.0
2020-11-06 22:24:41,39,0.417,4.47,-20.0
2020-11-06 22:24:41,40,0.417,4.48,-20.0
2020-11-06 22:24:41,41,0.413,4.49,-20.0
2020-11-06 22:24:41,42,0.402,4.47,-20.0
2020-11-06 22:24:41,43,0.403,4.47,-20.0
2020-11-06 22:24:41,44,0.413,4.5,-20.0
2020-11-06 22:24:41,45,0.415,4.49,-20.0
2020-11-06 22:24:41,46,0.416,4.49,-20.0
2020-11-06 22:24:41,47,0.4,4.49,-20.0
2020-11-06 22:24:41,48,0.389,4.48,-20.0
2020-11-06 22:24:41,49,0.486,4.47,24.5
2020-11-06 22:24:41,50,0.43,4.47,-20.0
2020-11-06 22:24:41,51,0.41,4.47,-20.0
2020-11-06 22:24:41,52,0.416,4.47,-20.0
2020-11-06 22:24:41,53,0.414,4.45,-20.0
2020-11-06 22:24:41,54,0.412,4.47,-20.0
2020-11-06 22:24:41,55,0.416,4.44,-20.0
2020-11-06 22:24:41,56,0.416,4.44,-20.0
2020-11-06 22:24:41,57,0.42,4.43,-20.0
2020-11-06 22:24:41,58,0.414,4.43,-20.0
2020-11-06 22:24:41,59,0.409,4.45,-20.0
2020-11-06 22:24:41,60,0.413,4.47,-20.0
2020-11-06 22:24:41,61,0.411,4.5,22.1
2020-11-06 22:24:41,62,0.411,4.49,-20.0
2020-11-06 22:24:41,63,0.405,4.48,-20.0
2020-11-06 22:24:41,64,0.4,4.46,-20.0
2020-11-06 22:24:41,65,0.399,4.45,-20.0
2020-11-06 22:24:41,66,0.419,4.45,-20.0
2020-11-06 22:24:41,67,0.409,4.44,-20.0
2020-11-06 22:24:41,68,0.411,4.46,-20.0
2020-11-06 22:24:41,69,0.422,4.45,-20.0
2020-11-06 22:24:41,70,0.415,4.47,-20.0
2020-11-06 22:24:41,71,0.413,4.48,-20.0
2020-11-06 22:24:41,72,0.411,4.49,-20.0
2020-11-06 22:24:41,73,0.401,4.52,22.3
2020-11-06 22:24:41,74,0.394,4.48,-20.0
2020-11-06 22:24:41,75,0.427,4.47,-20.0
2020-11-06 22:24:41,76,0.424,4.45,-20.0
2020-11-06 22:24:41,77,0.424,4.51,-20.0
2020-11-06 22:24:41,78,0.403,4.47,-20.0
2020-11-06 22:24:41,79,0.409,4.49,-20.0
2020-11-06 22:24:41,80,0.419,4.51,-20.0
2020-11-06 22:24:41,81,0.426,4.52,-20.0
2020-11-06 22:24:41,82,0.423,4.52,-20.0
2020-11-06 22:24:41,83,0.422,4.51,-20.0
2020-11-06 22:24:41,84,0.418,4.5,-20.0
2020-11-06 22:24:41,85,0.416,4.47,23.5
2020-11-06 22:24:41,86,0.414,4.46,-20.0
2020-11-06 22:24:41,87,0.445,4.47,-20.0
2020-11-06 22:24:41,88,0.403,4.48,-20.0
2020-11-06 22:24:41,89,0.412,4.49,-20.0
2020-11-06 22:24:41,90,0.41,4.47,-20.0
2020-11-06 22:24:41,91,0.415,4.49,-20.0
2020-11-06 22:24:41,92,0.401,4.51,-20.0
2020-11-06 22:24:41,93,0.413,4.51,-20.0
2020-11-06 22:24:41,94,0.421,4.48,-20.0
2020-11-06 22:24:41,95,0.417,4.47,-20.0
2020-11-06 22:24:41,96,0.41,4.49,-20.0
2020-11-07 10:24:13,1,0.413,4.5,25.5
2020-11-07 10:24:13,2,0.408,4.5,-20.0
2020-11-07 10:24:13,3,0.417,4.51,-20.0
2020-11-07 10:24:13,4,0.414,4.49,-20.0
2020-11-07 10:24:13,5,0.405,4.51,-20.0
2020-11-07 10:24:13,6,0.416,4.5,-20.0
2020-11-07 10:24:13,7,0.406,4.48,-20.0
2020-11-07 10:24:13,8,0.406,4.5,-20.0
2020-11-07 10:24:13,9,0.411,4.48,-20.0
2020-11-07 10:24:13,10,0.415,4.5,-20.0
2020-11-07 10:24:13,11,0.418,4.46,-20.0
2020-11-07 10:24:13,12,0.416,4.47,-20.0
2020-11-07 10:24:13,13,0.41,4.48,24.7
2020-11-07 10:24:13,14,0.419,4.5,-20.0
2020-11-07 10:24:13,15,0.415,4.52,-20.0
2020-11-07 10:24:13,16,0.428,4.51,-20.0
2020-11-07 10:24:13,17,0.421,4.49,-20.0
2020-11-07 10:24:13,18,0.426,4.5,-20.0
2020-11-07 10:24:13,19,0.442,4.48,-20.0
2020-11-07 10:24:13,20,0.411,4.48,-20.0
2020-11-07 10:24:13,21,0.422,4.48,-20.0
2020-11-07 10:24:13,22,0.418,4.47,-20.0
2020-11-07 10:24:13,23,0.443,4.49,-20.0
2020-11-07 10:24:13,24,0.407,4.49,-20.0
2020-11-07 10:24:13,25,0.417,4.49,22.2
2020-11-07 10:24:13,26,0.424,4.48,-20.0
2020-11-07 10:24:13,27,0.424,4.47,-20.0
2020-11-07 10:24:13,28,0.422,4.46,-20.0
2020-11-07 10:24:13,29,0.42,4.47,-20.0
2020-11-07 10:24:13,30,0.419,4.47,-20.0
2020-11-07 10:24:13,31,0.416,4.47,-20.0
2020-11-07 10:24:13,32,0.411,4.48,-20.0
2020-11-07 10:24:13,33,0.412,4.49,-20.0
2020-11-07 10:24:13,34,0.416,4.49,-20.0
2020-11-07 10:24:13,35,0.412,4.48,-20.0
2020-11-07 10:24:13,36,0.403,4.51,-20.0
2020-11-07 10:24:13,37,0.406,4.49,22.7
2020-11-07 10:24:13,38,0.419,4.49,-20.0
2020-11-07 10:24:13,39,0.417,4.48,-20.0
2020-11-07 10:24:13,40,0.416,4.49,-20.0
2020-11-07 10:24:13,41,0.414,4.5,-20.0
2020-11-07 10:24:13,42,0.403,4.47,-20.0
2020-11-07 10:24:13,43,0.409,4.48,-20.0
2020-11-07 10:24:13,44,0.419,4.5,-20.0
2020-11-07 10:24:13,45,0.415,4.5,-20.0
2020-11-07 10:24:13,46,0.414,4.48,-20.0
2020-11-07 10:24:13,47,0.407,4.48,-20.0
2020-11-07 10:24:13,48,0.396,4.48,-20.0
2020-11-07 10:24:13,49,0.487,4.47,24.7
2020-11-07 10:24:13,50,0.432,4.47,-20.0
2020-11-07 10:24:13,51,0.41,4.47,-20.0
2020-11-07 10:24:13,52,0.415,4.47,-20.0
2020-11-07 10:24:13,53,0.415,4.46,-20.0
2020-11-07 10:24:13,54,0.412,4.46,-20.0
2020-11-07 10:24:13,55,0.408,4.44,-20.0
2020-11-07 10:24:13,56,0.412,4.44,-20.0
2020-11-07 10:24:13,57,0.417,4.43,-20.0
2020-11-07 10:24:13,58,0.41,4.42,-20.0
2020-11-07 10:24:13,59,0.4,4.45,-20.0
2020-11-07 10:24:13,60,0.401,4.46,-20.0
2020-11-07 10:24:13,61,0.411,4.5,22.2
2020-11-07 10:24:13,62,0.407,4.49,-20.0
2020-11-07 10:24:13,63,0.386,4.48,-20.0
2020-11-07 10:24:13,64,0.395,4.46,-20.0
2020-11-07 10:24:13,65,0.389,4.45,-20.0
2020-11-07 10:24:13,66,0.417,4.45,-20.0
2020-11-07 10:24:13,67,0.409,4.43,-20.0
2020-11-07 10:24:13,68,0.413,4.45,-20.0
2020-11-07 10:24:13,69,0.416,4.45,-20.0
2020-11-07 10:24:13,70,0.408,4.47,-20.0
2020-11-07 10:24:13,71,0.411,4.49,-20.0
2020-11-07 10:24:13,72,0.41,4.49,-20.0
2020-11-07 10:24:13,73,0.401,4.52,22.4
2020-11-07 10:24:13,74,0.395,4.49,-20.0
2020-11-07 10:24:13,75,0.425,4.47,-20.0
2020-11-07 10:24:13,76,0.424,4.46,-20.0
2020-11-07 10:24:13,77,0.422,4.51,-20.0
2020-11-07 10:24:13,78,0.409,4.47,-20.0
2020-11-07 10:24:13,79,0.406,4.48,-20.0
2020-11-07 10:24:13,80,0.422,4.51,-20.0
2020-11-07 10:24:13,81,0.427,4.51,-20.0
2020-11-07 10:24:13,82,0.424,4.51,-20.0
2020-11-07 10:24:13,83,0.423,4.5,-20.0
2020-11-07 10:24:13,84,0.419,4.5,-20.0
2020-11-07 10:24:13,85,0.415,4.47,23.2
2020-11-07 10:24:13,86,0.416,4.47,-20.0
2020-11-07 10:24:13,87,0.446,4.48,-20.0
2020-11-07 10:24:13,88,0.403,4.47,-20.0
2020-11-07 10:24:13,89,0.415,4.49,-20.0
2020-11-07 10:24:13,90,0.412,4.47,-20.0
2020-11-07 10:24:13,91,0.413,4.49,-20.0
2020-11-07 10:24:13,92,0.4,4.51,-20.0
2020-11-07 10:24:13,93,0.415,4.5,-20.0
2020-11-07 10:24:13,94,0.421,4.47,-20.0
2020-11-07 10:24:13,95,0.417,4.46,-20.0
2020-11-07 10:24:13,96,0.41,4.49,-20.0
2020-11-07 22:23:43,1,0.412,4.5,25.4
2020-11-07 22:23:43,2,0.41,4.5,-20.0
2020-11-07 22:23:43,3,0.419,4.51,-20.0
2020-11-07 22:23:43,4,0.413,4.48,-20.0
2020-11-07 22:23:43,5,0.407,4.51,-20.0
2020-11-07 22:23:43,6,0.418,4.49,-20.0
2020-11-07 22:23:43,7,0.407,4.49,-20.0
2020-11-07 22:23:43,8,0.408,4.51,-20.0
2020-11-07 22:23:43,9,0.413,4.48,-20.0
2020-11-07 22:23:43,10,0.419,4.5,-20.0
2020-11-07 22:23:43,11,0.418,4.45,-20.0
2020-11-07 22:23:43,12,0.416,4.46,-20.0
2020-11-07 22:23:43,13,0.41,4.48,24.7
2020-11-07 22:23:43,14,0.419,4.5,-20.0
2020-11-07 22:23:43,15,0.416,4.52,-20.0
2020-11-07 22:23:43,16,0.431,4.52,-20.0
2020-11-07 22:23:43,17,0.419,4.49,-20.0
2020-11-07 22:23:43,18,0.424,4.5,-20.0
2020-11-07 22:23:43,19,0.44,4.48,-20.0
2020-11-07 22:23:43,20,0.409,4.48,-20.0
2020-11-07 22:23:43,21,0.42,4.48,-20.0
2020-11-07 22:23:43,22,0.415,4.47,-20.0
2020-11-07 22:23:43,23,0.441,4.48,-20.0
2020-11-07 22:23:43,24,0.4,4.49,-20.0
2020-11-07 22:23:43,25,0.416,4.51,22.2
2020-11-07 22:23:43,26,0.423,4.49,-20.0
2020-11-07 22:23:43,27,0.413,4.47,-20.0
2020-11-07 22:23:43,28,0.414,4.47,-20.0
2020-11-07 22:23:43,29,0.413,4.46,-20.0
2020-11-07 22:23:43,30,0.419,4.49,-20.0
2020-11-07 22:23:43,31,0.415,4.46,-20.0
2020-11-07 22:23:43,32,0.402,4.47,-20.0
2020-11-07 22:23:43,33,0.405,4.49,-20.0
2020-11-07 22:23:43,34,0.407,4.5,-20.0
2020-11-07 22:23:43,35,0.413,4.5,-20.0
2020-11-07 22:23:43,36,0.403,4.51,-20.0
2020-11-07 22:23:43,37,0.398,4.49,22.7
2020-11-07 22:23:43,38,0.397,4.49,-20.0
2020-11-07 22:23:43,39,0.416,4.48,-20.0
2020-11-07 22:23:43,40,0.415,4.48,-20.0
2020-11-07 22:23:43,41,0.412,4.49,-20.0
2020-11-07 22:23:43,42,0.4,4.47,-20.0
2020-11-07 22:23:43,43,0.382,4.47,-20.0
2020-11-07 22:23:43,44,0.41,4.49,-20.0
2020-11-07 22:23:43,45,0.412,4.49,-20.0
2020-11-07 22:23:43,46,0.414,4.49,-20.0
2020-11-07 22:23:43,47,0.409,4.49,-20.0
2020-11-07 22:23:43,48,0.403,4.48,-20.0
2020-11-07 22:23:43,49,0.487,4.47,24.7
2020-11-07 22:23:43,50,0.429,4.47,-20.0
2020-11-07 22:23:43,51,0.41,4.47,-20.0
2020-11-07 22:23:43,52,0.416,4.47,-20.0
2020-11-07 22:23:43,53,0.416,4.46,-20.0
2020-11-07 22:23:43,54,0.413,4.47,-20.0
2020-11-07 22:23:43,55,0.411,4.44,-20.0
2020-11-07 22:23:43,56,0.414,4.44,-20.0
2020-11-07 22:23:43,57,0.418,4.43,-20.0
2020-11-07 22:23:43,58,0.41,4.43,-20.0
2020-11-07 22:23:43,59,0.401,4.45,-20.0
2020-11-07 22:23:43,60,0.404,4.46,-20.0
2020-11-07 22:23:43,61,0.412,4.49,22.3
2020-11-07 22:23:43,62,0.407,4.49,-20.0
2020-11-07 22:23:43,63,0.39,4.48,-20.0
2020-11-07 22:23:43,64,0.397,4.46,-20.0
2020-11-07 22:23:43,65,0.391,4.45,-20.0
2020-11-07 22:23:43,66,0.418,4.45,-20.0
2020-11-07 22:23:43,67,0.405,4.43,-20.0
2020-11-07 22:23:43,68,0.413,4.46,-20.0
2020-11-07 22:23:43,69,0.421,4.46,-20.0
2020-11-07 22:23:43,70,0.409,4.47,-20.0
2020-11-07 22:23:43,71,0.411,4.49,-20.0
2020-11-07 22:23:43,72,0.408,4.49,-20.0
2020-11-07 22:23:43,73,0.401,4.52,22.6
2020-11-07 22:23:43,74,0.411,4.48,-20.0
2020-11-07 22:23:43,75,0.431,4.48,-20.0
2020-11-07 22:23:43,76,0.423,4.45,-20.0
2020-11-07 22:23:43,77,0.423,4.51,-20.0
2020-11-07 22:23:43,78,0.399,4.49,-20.0
2020-11-07 22:23:43,79,0.399,4.48,-20.0
2020-11-07 22:23:43,80,0.435,4.5,-20.0
2020-11-07 22:23:43,81,0.425,4.52,-20.0
2020-11-07 22:23:43,82,0.423,4.51,-20.0
2020-11-07 22:23:43,83,0.417,4.49,-20.0
2020-11-07 22:23:43,84,0.412,4.49,-20.0
2020-11-07 22:23:43,85,0.413,4.48,23.8
2020-11-07 22:23:43,86,0.417,4.47,-20.0
2020-11-07 22:23:43,87,0.445,4.47,-20.0
2020-11-07 22:23:43,88,0.4,4.48,-20.0
2020-11-07 22:23:43,89,0.407,4.49,-20.0
2020-11-07 22:23:43,90,0.406,4.48,-20.0
2020-11-07 22:23:43,91,0.41,4.49,-20.0
2020-11-07 22:23:43,92,0.402,4.5,-20.0
2020-11-07 22:23:43,93,0.41,4.49,-20.0
2020-11-07 22:23:43,94,0.416,4.47,-20.0
2020-11-07 22:23:43,95,0.412,4.46,-20.0
2020-11-07 22:23:43,96,0.406,4.48,-20.0
2020-11-08 10:23:14,1,0.415,4.5,25.5
2020-11-08 10:23:14,2,0.412,4.51,-20.0
2020-11-08 10:23:14,3,0.418,4.52,-20.0
2020-11-08 10:23:14,4,0.416,4.48,-20.0
2020-11-08 10:23:14,5,0.408,4.51,-20.0
2020-11-08 10:23:14,6,0.418,4.49,-20.0
2020-11-08 10:23:14,7,0.407,4.48,-20.0
2020-11-08 10:23:14,8,0.406,4.5,-20.0
2020-11-08 10:23:14,9,0.417,4.48,-20.0
2020-11-08 10:23:14,10,0.418,4.49,-20.0
2020-11-08 10:23:14,11,0.416,4.46,-20.0
2020-11-08 10:23:14,12,0.419,4.47,-20.0
2020-11-08 10:23:14,13,0.41,4.48,24.6
2020-11-08 10:23:14,14,0.416,4.49,-20.0
2020-11-08 10:23:14,15,0.415,4.52,-20.0
2020-11-08 10:23:14,16,0.432,4.51,-20.0
2020-11-08 10:23:14,17,0.42,4.49,-20.0
2020-11-08 10:23:14,18,0.427,4.49,-20.0
2020-11-08 10:23:14,19,0.439,4.48,-20.0
2020-11-08 10:23:14,20,0.408,4.46,-20.0
2020-11-08 10:23:14,21,0.42,4.49,-20.0
2020-11-08 10:23:14,22,0.418,4.48,-20.0
2020-11-08 10:23:14,23,0.445,4.48,-20.0
2020-11-08 10:23:14,24,0.401,4.5,-20.0
2020-11-08 10:23:14,25,0.415,4.51,22.1
2020-11-08 10:23:14,26,0.426,4.49,-20.0
2020-11-08 10:23:14,27,0.416,4.46,-20.0
2020-11-08 10:23:14,28,0.417,4.46,-20.0
2020-11-08 10:23:14,29,0.418,4.46,-20.0
2020-11-08 10:23:14,30,0.419,4.48,-20.0
2020-11-08 10:23:14,31,0.416,4.46,-20.0
2020-11-08 10:23:14,32,0.407,4.47,-20.0
2020-11-08 10:23:14,33,0.408,4.48,-20.0
2020-11-08 10:23:14,34,0.41,4.49,-20.0
2020-11-08 10:23:14,35,0.412,4.48,-20.0
2020-11-08 10:23:14,36,0.403,4.5,-20.0
2020-11-08 10:23:14,37,0.401,4.49,22.5
2020-11-08 10:23:14,38,0.399,4.49,-20.0
2020-11-08 10:23:14,39,0.419,4.48,-20.0
2020-11-08 10:23:14,40,0.415,4.48,-20.0
2020-11-08 10:23:14,41,0.41,4.49,-20.0
2020-11-08 10:23:14,42,0.403,4.47,-20.0
2020-11-08 10:23:14,43,0.389,4.48,-20.0
2020-11-08 10:23:14,44,0.414,4.5,-20.0
2020-11-08 10:23:14,45,0.416,4.49,-20.0
2020-11-08 10:23:14,46,0.417,4.48,-20.0
2020-11-08 10:23:14,47,0.41,4.49,-20.0
2020-11-08 10:23:14,48,0.408,4.48,-20.0
2020-11-08 10:23:14,49,0.485,4.47,24.6
2020-11-08 10:23:14,50,0.427,4.47,-20.0
2020-11-08 10:23:14,51,0.409,4.48,-20.0
2020-11-08 10:23:14,52,0.416,4.47,-20.0
2020-11-08 10:23:14,53,0.415,4.46,-20.0
2020-11-08 10:23:14,54,0.412,4.47,-20.0
2020-11-08 10:23:14,55,0.412,4.44,-20.0
2020-11-08 10:23:14,56,0.415,4.44,-20.0
2020-11-08 10:23:14,57,0.417,4.43,-20.0
2020-11-08 10:23:14,58,0.415,4.43,-20.0
2020-11-08 10:23:14,59,0.402,4.44,-20.0
2020-11-08 10:23:14,60,0.409,4.46,-20.0
2020-11-08 10:23:14,61,0.413,4.49,21.9
2020-11-08 10:23:14,62,0.408,4.49,-20.0
2020-11-08 10:23:14,63,0.397,4.48,-20.0
2020-11-08 10:23:14,64,0.4,4.46,-20.0
2020-11-08 10:23:14,65,0.4,4.45,-20.0
2020-11-08 10:23:14,66,0.416,4.45,-20.0
2020-11-08 10:23:14,67,0.407,4.44,-20.0
2020-11-08 10:23:14,68,0.412,4.46,-20.0
2020-11-08 10:23:14,69,0.419,4.45,-20.0
2020-11-08 10:23:14,70,0.407,4.47,-20.0
2020-11-08 10:23:14,71,0.409,4.49,-20.0
2020-11-08 10:23:14,72,0.41,4.49,-20.0
2020-11-08 10:23:14,73,0.405,4.52,21.9
2020-11-08 10:23:14,74,0.408,4.48,-20.0
2020-11-08 10:23:14,75,0.432,4.47,-20.0
2020-11-08 10:23:14,76,0.425,4.45,-20.0
2020-11-08 10:23:14,77,0.422,4.5,-20.0
2020-11-08 10:23:14,78,0.401,4.47,-20.0
2020-11-08 10:23:14,79,0.404,4.49,-20.0
2020-11-08 10:23:14,80,0.432,4.51,-20.0
2020-11-08 10:23:14,81,0.428,4.51,-20.0
2020-11-08 10:23:14,82,0.42,4.52,-20.0
2020-11-08 10:23:14,83,0.419,4.51,-20.0
2020-11-08 10:23:14,84,0.413,4.5,-20.0
2020-11-08 10:23:14,85,0.415,4.47,23.0
2020-11-08 10:23:14,86,0.42,4.47,-20.0
2020-11-08 10:23:14,87,0.445,4.46,-20.0
2020-11-08 10:23:14,88,0.402,4.48,-20.0
2020-11-08 10:23:14,89,0.41,4.5,-20.0
2020-11-08 10:23:14,90,0.409,4.47,-20.0
2020-11-08 10:23:14,91,0.412,4.49,-20.0
2020-11-08 10:23:14,92,0.402,4.51,-20.0
2020-11-08 10:23:14,93,0.411,4.5,-20.0
2020-11-08 10:23:14,94,0.417,4.47,-20.0
2020-11-08 10:23:14,95,0.417,4.47,-20.0
2020-11-08 10:23:14,96,0.41,4.49,-20.0
2020-11-08 22:22:48,1,0.416,4.5,25.4
2020-11-08 22:22:48,2,0.413,4.51,-20.0
2020-11-08 22:22:48,3,0.416,4.5,-20.0
2020-11-08 22:22:48,4,0.415,4.47,-20.0
2020-11-08 22:22:48,5,0.404,4.52,-20.0
2020-11-08 22:22:48,6,0.419,4.49,-20.0
2020-11-08 22:22:48,7,0.409,4.49,-20.0
2020-11-08 22:22:48,8,0.406,4.51,-20.0
2020-11-08 22:22:48,9,0.415,4.47,-20.0
2020-11-08 22:22:48,10,0.416,4.49,-20.0
2020-11-08 22:22:48,11,0.414,4.46,-20.0
2020-11-08 22:22:48,12,0.416,4.46,-20.0
2020-11-08 22:22:48,13,0.409,4.49,24.7
2020-11-08 22:22:48,14,0.418,4.49,-20.0
2020-11-08 22:22:48,15,0.416,4.51,-20.0
2020-11-08 22:22:48,16,0.429,4.51,-20.0
2020-11-08 22:22:48,17,0.418,4.48,-20.0
2020-11-08 22:22:48,18,0.428,4.49,-20.0
2020-11-08 22:22:48,19,0.44,4.48,-20.0
2020-11-08 22:22:48,20,0.41,4.48,-20.0
2020-11-08 22:22:48,21,0.416,4.48,-20.0
2020-11-08 22:22:48,22,0.419,4.48,-20.0
2020-11-08 22:22:48,23,0.446,4.49,-20.0
2020-11-08 22:22:48,24,0.401,4.49,-20.0
2020-11-08 22:22:48,25,0.414,4.51,22.2
2020-11-08 22:22:48,26,0.42,4.49,-20.0
2020-11-08 22:22:48,27,0.4,4.46,-20.0
2020-11-08 22:22:48,28,0.411,4.46,-20.0
2020-11-08 22:22:48,29,0.406,4.47,-20.0
2020-11-08 22:22:48,30,0.414,4.48,-20.0
2020-11-08 22:22:48,31,0.414,4.45,-20.0
2020-11-08 22:22:48,32,0.388,4.47,-20.0
2020-11-08 22:22:48,33,0.406,4.48,-20.0
2020-11-08 22:22:48,34,0.396,4.49,-20.0
2020-11-08 22:22:48,35,0.41,4.48,-20.0
2020-11-08 22:22:48,36,0.403,4.5,-20.0
2020-11-08 22:22:48,37,0.41,4.49,22.7
2020-11-08 22:22:48,38,0.403,4.48,-20.0
2020-11-08 22:22:48,39,0.419,4.47,-20.0
2020-11-08 22:22:48,40,0.415,4.48,-20.0
2020-11-08 22:22:48,41,0.411,4.49,-20.0
2020-11-08 22:22:48,42,0.406,4.48,-20.0
2020-11-08 22:22:48,43,0.393,4.47,-20.0
2020-11-08 22:22:48,44,0.417,4.49,-20.0
2020-11-08 22:22:48,45,0.415,4.5,-20.0
2020-11-08 22:22:48,46,0.417,4.49,-20.0
2020-11-08 22:22:48,47,0.412,4.49,-20.0
2020-11-08 22:22:48,48,0.412,4.48,-20.0
2020-11-08 22:22:48,49,0.489,4.46,24.7
2020-11-08 22:22:48,50,0.423,4.47,-20.0
2020-11-08 22:22:48,51,0.41,4.47,-20.0
2020-11-08 22:22:48,52,0.413,4.47,-20.0
2020-11-08 22:22:48,53,0.416,4.45,-20.0
2020-11-08 22:22:48,54,0.415,4.47,-20.0
2020-11-08 22:22:48,55,0.419,4.44,-20.0
2020-11-08 22:22:48,56,0.415,4.43,-20.0
2020-11-08 22:22:48,57,0.419,4.43,-20.0
2020-11-08 22:22:48,58,0.414,4.43,-20.0
2020-11-08 22:22:48,59,0.406,4.44,-20.0
2020-11-08 22:22:48,60,0.409,4.46,-20.0
2020-11-08 22:22:48,61,0.411,4.49,22.3
2020-11-08 22:22:48,62,0.41,4.49,-20.0
2020-11-08 22:22:48,63,0.403,4.48,-20.0
2020-11-08 22:22:48,64,0.402,4.45,-20.0
2020-11-08 22:22:48,65,0.405,4.45,-20.0
2020-11-08 22:22:48,66,0.417,4.45,-20.0
2020-11-08 22:22:48,67,0.414,4.43,-20.0
2020-11-08 22:22:48,68,0.414,4.46,-20.0
2020-11-08 22:22:48,69,0.419,4.45,-20.0
2020-11-08 22:22:48,70,0.405,4.47,-20.0
2020-11-08 22:22:48,71,0.407,4.49,-20.0
2020-11-08 22:22:48,72,0.41,4.48,-20.0
2020-11-08 22:22:48,73,0.407,4.52,22.5
2020-11-08 22:22:48,74,0.407,4.48,-20.0
2020-11-08 22:22:48,75,0.431,4.48,-20.0
2020-11-08 22:22:48,76,0.427,4.46,-20.0
2020-11-08 22:22:48,77,0.423,4.51,-20.0
2020-11-08 22:22:48,78,0.405,4.48,-20.0
2020-11-08 22:22:48,79,0.407,4.48,-20.0
2020-11-08 22:22:48,80,0.431,4.5,-20.0
2020-11-08 22:22:48,81,0.425,4.51,-20.0
2020-11-08 22:22:48,82,0.419,4.52,-20.0
2020-11-08 22:22:48,83,0.419,4.5,-20.0
2020-11-08 22:22:48,84,0.414,4.5,-20.0
2020-11-08 22:22:48,85,0.41,4.48,23.7
2020-11-08 22:22:48,86,0.418,4.47,-20.0
2020-11-08 22:22:48,87,0.442,4.47,-20.0
2020-11-08 22:22:48,88,0.405,4.48,-20.0
2020-11-08 22:22:48,89,0.406,4.49,-20.0
2020-11-08 22:22:48,90,0.403,4.47,-20.0
2020-11-08 22:22:48,91,0.416,4.49,-20.0
2020-11-08 22:22:48,92,0.403,4.5,-20.0
2020-11-08 22:22:48,93,0.412,4.5,-20.0
2020-11-08 22:22:48,94,0.417,4.47,-20.0
2020-11-08 22:22:48,95,0.416,4.46,-20.0
2020-11-08 22:22:48,96,0.406,4.48,-20.0
2020-11-09 10:22:15,1,0.416,4.5,25.5
2020-11-09 10:22:15,2,0.413,4.51,-20.0
2020-11-09 10:22:15,3,0.417,4.52,-20.0
2020-11-09 10:22:15,4,0.415,4.48,-20.0
2020-11-09 10:22:15,5,0.406,4.52,-20.0
2020-11-09 10:22:15,6,0.42,4.49,-20.0
2020-11-09 10:22:15,7,0.409,4.49,-20.0
2020-11-09 10:22:15,8,0.406,4.5,-20.0
2020-11-09 10:22:15,9,0.412,4.48,-20.0
2020-11-09 10:22:15,10,0.418,4.49,-20.0
2020-11-09 10:22:15,11,0.418,4.45,-20.0
2020-11-09 10:22:15,12,0.416,4.47,-20.0
2020-11-09 10:22:15,13,0.409,4.48,24.6
2020-11-09 10:22:15,14,0.416,4.5,-20.0
2020-11-09 10:22:15,15,0.411,4.53,-20.0
2020-11-09 10:22:15,16,0.43,4.51,-20.0
2020-11-09 10:22:15,17,0.417,4.49,-20.0
2020-11-09 10:22:15,18,0.43,4.5,-20.0
2020-11-09 10:22:15,19,0.436,4.48,-20.0
2020-11-09 10:22:15,20,0.409,4.47,-20.0
2020-11-09 10:22:15,21,0.416,4.48,-20.0
2020-11-09 10:22:15,22,0.423,4.46,-20.0
2020-11-09 10:22:15,23,0.444,4.47,-20.0
2020-11-09 10:22:15,24,0.406,4.5,-20.0
2020-11-09 10:22:15,25,0.417,4.5,22.1
2020-11-09 10:22:15,26,0.416,4.49,-20.0
2020-11-09 10:22:15,27,0.406,4.47,-20.0
2020-11-09 10:22:15,28,0.411,4.47,-20.0
2020-11-09 10:22:15,29,0.408,4.46,-20.0
2020-11-09 10:22:15,30,0.416,4.48,-20.0
2020-11-09 10:22:15,31,0.413,4.47,-20.0
2020-11-09 10:22:15,32,0.394,4.47,-20.0
2020-11-09 10:22:15,33,0.407,4.49,-20.0
2020-11-09 10:22:15,34,0.401,4.48,-20.0
2020-11-09 10:22:15,35,0.412,4.49,-20.0
2020-11-09 10:22:15,36,0.405,4.5,-20.0
2020-11-09 10:22:15,37,0.408,4.49,22.5
2020-11-09 10:22:15,38,0.405,4.49,-20.0
2020-11-09 10:22:15,39,0.419,4.47,-20.0
2020-11-09 10:22:15,40,0.416,4.47,-20.0
2020-11-09 10:22:15,41,0.411,4.49,-20.0
2020-11-09 10:22:15,42,0.406,4.48,-20.0
2020-11-09 10:22:15,43,0.401,4.47,-20.0
2020-11-09 10:22:15,44,0.42,4.49,-20.0
2020-11-09 10:22:15,45,0.416,4.5,-20.0
2020-11-09 10:22:15,46,0.413,4.48,-20.0
2020-11-09 10:22:15,47,0.414,4.5,-20.0
2020-11-09 10:22:15,48,0.412,4.48,-20.0
2020-11-09 10:22:15,49,0.488,4.47,24.6
2020-11-09 10:22:15,50,0.423,4.47,-20.0
2020-11-09 10:22:15,51,0.41,4.47,-20.0
2020-11-09 10:22:15,52,0.415,4.47,-20.0
2020-11-09 10:22:15,53,0.415,4.45,-20.0
2020-11-09 10:22:15,54,0.415,4.47,-20.0
2020-11-09 10:22:15,55,0.418,4.44,-20.0
2020-11-09 10:22:15,56,0.414,4.44,-20.0
2020-11-09 10:22:15,57,0.42,4.43,-20.0
2020-11-09 10:22:15,58,0.415,4.43,-20.0
2020-11-09 10:22:15,59,0.404,4.44,-20.0
2020-11-09 10:22:15,60,0.41,4.46,-20.0
2020-11-09 10:22:15,61,0.408,4.49,21.9
2020-11-09 10:22:15,62,0.409,4.49,-20.0
2020-11-09 10:22:15,63,0.407,4.48,-20.0
2020-11-09 10:22:15,64,0.407,4.47,-20.0
2020-11-09 10:22:15,65,0.407,4.45,-20.0
2020-11-09 10:22:15,66,0.418,4.45,-20.0
2020-11-09 10:22:15,67,0.417,4.43,-20.0
2020-11-09 10:22:15,68,0.417,4.46,-20.0
2020-11-09 10:22:15,69,0.427,4.45,-20.0
2020-11-09 10:22:15,70,0.407,4.47,-20.0
2020-11-09 10:22:15,71,0.41,4.49,-20.0
2020-11-09 10:22:15,72,0.415,4.49,-20.0
2020-11-09 10:22:15,73,0.41,4.52,21.9
2020-11-09 10:22:15,74,0.407,4.48,-20.0
2020-11-09 10:22:15,75,0.428,4.47,-20.0
2020-11-09 10:22:15,76,0.426,4.45,-20.0
2020-11-09 10:22:15,77,0.424,4.5,-20.0
2020-11-09 10:22:15,78,0.401,4.47,-20.0
2020-11-09 10:22:15,79,0.414,4.49,-20.0
2020-11-09 10:22:15,80,0.436,4.51,-20.0
2020-11-09 10:22:15,81,0.428,4.51,-20.0
2020-11-09 10:22:15,82,0.421,4.52,-20.0
2020-11-09 10:22:15,83,0.416,4.51,-20.0
2020-11-09 10:22:15,84,0.406,4.49,-20.0
2020-11-09 10:22:15,85,0.412,4.47,22.9
2020-11-09 10:22:15,86,0.421,4.46,-20.0
2020-11-09 10:22:15,87,0.441,4.46,-20.0
2020-11-09 10:22:15,88,0.404,4.48,-20.0
2020-11-09 10:22:15,89,0.407,4.48,-20.0
2020-11-09 10:22:15,90,0.401,4.47,-20.0
2020-11-09 10:22:15,91,0.417,4.49,-20.0
2020-11-09 10:22:15,92,0.408,4.51,-20.0
2020-11-09 10:22:15,93,0.412,4.49,-20.0
2020-11-09 10:22:15,94,0.419,4.47,-20.0
2020-11-09 10:22:15,95,0.416,4.47,-20.0
2020-11-09 10:22:15,96,0.41,4.48,-20.0
2020-11-09 22:21:45,1,0.418,4.5,25.4
2020-11-09 22:21:45,2,0.416,4.5,-20.0
2020-11-09 22:21:45,3,0.417,4.51,-20.0
2020-11-09 22:21:45,4,0.418,4.49,-20.0
2020-11-09 22:21:45,5,0.407,4.51,-20.0
2020-11-09 22:21:45,6,0.422,4.5,-20.0
2020-11-09 22:21:45,7,0.411,4.48,-20.0
2020-11-09 22:21:45,8,0.406,4.5,-20.0
2020-11-09 22:21:45,9,0.413,4.47,-20.0
2020-11-09 22:21:45,10,0.418,4.49,-20.0
2020-11-09 22:21:45,11,0.42,4.46,-20.0
2020-11-09 22:21:45,12,0.419,4.47,-20.0
2020-11-09 22:21:45,13,0.41,4.49,24.5
2020-11-09 22:21:45,14,0.417,4.5,-20.0
2020-11-09 22:21:45,15,0.411,4.52,-20.0
2020-11-09 22:21:45,16,0.429,4.52,-20.0
2020-11-09 22:21:45,17,0.418,4.48,-20.0
2020-11-09 22:21:45,18,0.424,4.48,-20.0
2020-11-09 22:21:45,19,0.433,4.48,-20.0
2020-11-09 22:21:45,20,0.408,4.47,-20.0
2020-11-09 22:21:45,21,0.415,4.48,-20.0
2020-11-09 22:21:45,22,0.427,4.47,-20.0
2020-11-09 22:21:45,23,0.433,4.48,-20.0
2020-11-09 22:21:45,24,0.39,4.49,-20.0
2020-11-09 22:21:45,25,0.414,4.51,22.0
2020-11-09 22:21:45,26,0.415,4.48,-20.0
2020-11-09 22:21:45,27,0.415,4.47,-20.0
2020-11-09 22:21:45,28,0.421,4.47,-20.0
2020-11-09 22:21:45,29,0.404,4.46,-20.0
2020-11-09 22:21:45,30,0.416,4.47,-20.0
2020-11-09 22:21:45,31,0.411,4.47,-20.0
2020-11-09 22:21:45,32,0.407,4.47,-20.0
2020-11-09 22:21:45,33,0.421,4.49,-20.0
2020-11-09 22:21:45,34,0.411,4.49,-20.0
2020-11-09 22:21:45,35,0.409,4.49,-20.0
2020-11-09 22:21:45,36,0.404,4.5,-20.0
2020-11-09 22:21:45,37,0.418,4.49,22.4
2020-11-09 22:21:45,38,0.416,4.49,-20.0
2020-11-09 22:21:45,39,0.41,4.48,-20.0
2020-11-09 22:21:45,40,0.415,4.48,-20.0
2020-11-09 22:21:45,41,0.409,4.49,-20.0
2020-11-09 22:21:45,42,0.411,4.48,-20.0
2020-11-09 22:21:45,43,0.402,4.47,-20.0
2020-11-09 22:21:45,44,0.419,4.49,-20.0
2020-11-09 22:21:45,45,0.415,4.49,-20.0
2020-11-09 22:21:45,46,0.412,4.48,-20.0
2020-11-09 22:21:45,47,0.406,4.48,-20.0
2020-11-09 22:21:45,48,0.413,4.48,-20.0
2020-11-09 22:21:45,49,0.485,4.46,24.4
2020-11-09 22:21:45,50,0.423,4.47,-20.0
2020-11-09 22:21:45,51,0.412,4.48,-20.0
2020-11-09 22:21:45,52,0.417,4.47,-20.0
2020-11-09 22:21:45,53,0.415,4.46,-20.0
2020-11-09 22:21:45,54,0.416,4.46,-20.0
2020-11-09 22:21:45,55,0.419,4.44,-20.0
2020-11-09 22:21:45,56,0.413,4.44,-20.0
2020-11-09 22:21:45,57,0.421,4.43,-20.0
2020-11-09 22:21:45,58,0.415,4.43,-20.0
2020-11-09 22:21:45,59,0.406,4.44,-20.0
2020-11-09 22:21:45,60,0.405,4.46,-20.0
2020-11-09 22:21:45,61,0.412,4.5,21.8
2020-11-09 22:21:45,62,0.408,4.5,-20.0
2020-11-09 22:21:45,63,0.421,4.48,-20.0
2020-11-09 22:21:45,64,0.417,4.46,-20.0
2020-11-09 22:21:45,65,0.405,4.45,-20.0
2020-11-09 22:21:45,66,0.418,4.44,-20.0
2020-11-09 22:21:45,67,0.415,4.43,-20.0
2020-11-09 22:21:45,68,0.426,4.46,-20.0
2020-11-09 22:21:45,69,0.435,4.45,-20.0
2020-11-09 22:21:45,70,0.416,4.47,-20.0
2020-11-09 22:21:45,71,0.408,4.49,-20.0
2020-11-09 22:21:45,72,0.417,4.48,-20.0
2020-11-09 22:21:45,73,0.403,4.52,21.8
2020-11-09 22:21:45,74,0.409,4.49,-20.0
2020-11-09 22:21:45,75,0.439,4.47,-20.0
2020-11-09 22:21:45,76,0.427,4.45,-20.0
2020-11-09 22:21:45,77,0.424,4.52,-20.0
2020-11-09 22:21:45,78,0.401,4.47,-20.0
2020-11-09 22:21:45,79,0.415,4.48,-20.0
2020-11-09 22:21:45,80,0.437,4.5,-20.0
2020-11-09 22:21:45,81,0.426,4.51,-20.0
2020-11-09 22:21:45,82,0.42,4.51,-20.0
2020-11-09 22:21:45,83,0.416,4.51,-20.0
2020-11-09 22:21:45,84,0.41,4.5,-20.0
2020-11-09 22:21:45,85,0.411,4.47,23.0
2020-11-09 22:21:45,86,0.42,4.46,-20.0
2020-11-09 22:21:45,87,0.437,4.46,-20.0
2020-11-09 22:21:45,88,0.407,4.47,-20.0
2020-11-09 22:21:45,89,0.411,4.49,-20.0
2020-11-09 22:21:45,90,0.403,4.48,-20.0
2020-11-09 22:21:45,91,0.417,4.48,-20.0
2020-11-09 22:21:45,92,0.403,4.5,-20.0
2020-11-09 22:21:45,93,0.413,4.49,-20.0
2020-11-09 22:21:45,94,0.419,4.47,-20.0
2020-11-09 22:21:45,95,0.416,4.46,-20.0
2020-11-09 22:21:45,96,0.411,4.48,-20.0
2020-11-10 10:21:14,1,0.42,4.49,25.4
2020-11-10 10:21:14,2,0.416,4.5,-20.0
2020-11-10 10:21:14,3,0.417,4.52,-20.0
2020-11-10 10:21:14,4,0.417,4.49,-20.0
2020-11-10 10:21:14,5,0.406,4.51,-20.0
2020-11-10 10:21:14,6,0.422,4.49,-20.0
2020-11-10 10:21:14,7,0.411,4.49,-20.0
2020-11-10 10:21:14,8,0.404,4.5,-20.0
2020-11-10 10:21:14,9,0.412,4.48,-20.0
2020-11-10 10:21:14,10,0.419,4.5,-20.0
2020-11-10 10:21:14,11,0.416,4.45,-20.0
2020-11-10 10:21:14,12,0.419,4.46,-20.0
2020-11-10 10:21:14,13,0.411,4.48,24.6
2020-11-10 10:21:14,14,0.416,4.5,-20.0
2020-11-10 10:21:14,15,0.414,4.52,-20.0
2020-11-10 10:21:14,16,0.428,4.51,-20.0
2020-11-10 10:21:14,17,0.42,4.49,-20.0
2020-11-10 10:21:14,18,0.426,4.49,-20.0
2020-11-10 10:21:14,19,0.437,4.47,-20.0
2020-11-10 10:21:14,20,0.411,4.48,-20.0
2020-11-10 10:21:14,21,0.416,4.49,-20.0
2020-11-10 10:21:14,22,0.428,4.48,-20.0
2020-11-10 10:21:14,23,0.441,4.49,-20.0
2020-11-10 10:21:14,24,0.399,4.49,-20.0
2020-11-10 10:21:14,25,0.415,4.5,22.0
2020-11-10 10:21:14,26,0.419,4.49,-20.0
2020-11-10 10:21:14,27,0.421,4.46,-20.0
2020-11-10 10:21:14,28,0.425,4.46,-20.0
2020-11-10 10:21:14,29,0.41,4.46,-20.0
2020-11-10 10:21:14,30,0.414,4.48,-20.0
2020-11-10 10:21:14,31,0.417,4.46,-20.0
2020-11-10 10:21:14,32,0.41,4.47,-20.0
2020-11-10 10:21:14,33,0.424,4.49,-20.0
2020-11-10 10:21:14,34,0.414,4.5,-20.0
2020-11-10 10:21:14,35,0.409,4.48,-20.0
2020-11-10 10:21:14,36,0.407,4.5,-20.0
2020-11-10 10:21:14,37,0.42,4.48,22.5
2020-11-10 10:21:14,38,0.42,4.49,-20.0
2020-11-10 10:21:14,39,0.41,4.48,-20.0
2020-11-10 10:21:14,40,0.417,4.46,-20.0
2020-11-10 10:21:14,41,0.411,4.49,-20.0
2020-11-10 10:21:14,42,0.415,4.47,-20.0
2020-11-10 10:21:14,43,0.408,4.49,-20.0
2020-11-10 10:21:14,44,0.421,4.5,-20.0
2020-11-10 10:21:14,45,0.415,4.49,-20.0
2020-11-10 10:21:14,46,0.415,4.48,-20.0
2020-11-10 10:21:14,47,0.416,4.5,-20.0
2020-11-10 10:21:14,48,0.419,4.48,-20.0
2020-11-10 10:21:14,49,0.489,4.46,24.5
2020-11-10 10:21:14,50,0.427,4.47,-20.0
2020-11-10 10:21:14,51,0.412,4.48,-20.0
2020-11-10 10:21:14,52,0.418,4.46,-20.0
2020-11-10 10:21:14,53,0.414,4.46,-20.0
2020-11-10 10:21:14,54,0.417,4.47,-20.0
2020-11-10 10:21:14,55,0.423,4.44,-20.0
2020-11-10 10:21:14,56,0.414,4.43,-20.0
2020-11-10 10:21:14,57,0.419,4.43,-20.0
2020-11-10 10:21:14,58,0.419,4.43,-20.0
2020-11-10 10:21:14,59,0.411,4.45,-20.0
2020-11-10 10:21:14,60,0.408,4.46,-20.0
2020-11-10 10:21:14,61,0.413,4.5,21.9
2020-11-10 10:21:14,62,0.411,4.49,-20.0
2020-11-10 10:21:14,63,0.42,4.48,-20.0
2020-11-10 10:21:14,64,0.415,4.46,-20.0
2020-11-10 10:21:14,65,0.405,4.45,-20.0
2020-11-10 10:21:14,66,0.418,4.45,-20.0
2020-11-10 10:21:14,67,0.414,4.43,-20.0
2020-11-10 10:21:14,68,0.423,4.46,-20.0
2020-11-10 10:21:14,69,0.434,4.45,-20.0
2020-11-10 10:21:14,70,0.416,4.47,-20.0
2020-11-10 10:21:14,71,0.408,4.48,-20.0
2020-11-10 10:21:14,72,0.417,4.49,-20.0
2020-11-10 10:21:14,73,0.403,4.51,21.8
2020-11-10 10:21:14,74,0.406,4.49,-20.0
2020-11-10 10:21:14,75,0.435,4.48,-20.0
2020-11-10 10:21:14,76,0.425,4.45,-20.0
2020-11-10 10:21:14,77,0.422,4.51,-20.0
2020-11-10 10:21:14,78,0.4,4.47,-20.0
2020-11-10 10:21:14,79,0.415,4.49,-20.0
2020-11-10 10:21:14,80,0.432,4.51,-20.0
2020-11-10 10:21:14,81,0.426,4.51,-20.0
2020-11-10 10:21:14,82,0.42,4.51,-20.0
2020-11-10 10:21:14,83,0.418,4.51,-20.0
2020-11-10 10:21:14,84,0.415,4.5,-20.0
2020-11-10 10:21:14,85,0.414,4.47,22.9
2020-11-10 10:21:14,86,0.42,4.46,-20.0
2020-11-10 10:21:14,87,0.441,4.46,-20.0
2020-11-10 10:21:14,88,0.406,4.47,-20.0
2020-11-10 10:21:14,89,0.415,4.48,-20.0
2020-11-10 10:21:14,90,0.406,4.48,-20.0
2020-11-10 10:21:14,91,0.421,4.49,-20.0
2020-11-10 10:21:14,92,0.402,4.5,-20.0
2020-11-10 10:21:14,93,0.412,4.5,-20.0
2020-11-10 10:21:14,94,0.419,4.47,-20.0
2020-11-10 10:21:14,95,0.416,4.46,-20.0
2020-11-10 10:21:14,96,0.41,4.49,-20.0
2020-11-10 22:20:43,1,0.421,4.5,25.4
2020-11-10 22:20:43,2,0.414,4.51,-20.0
2020-11-10 22:20:43,3,0.417,4.51,-20.0
2020-11-10 22:20:43,4,0.418,4.46,-20.0
2020-11-10 22:20:43,5,0.409,4.52,-20.0
2020-11-10 22:20:43,6,0.416,4.49,-20.0
2020-11-10 22:20:43,7,0.41,4.48,-20.0
2020-11-10 22:20:43,8,0.405,4.51,-20.0
2020-11-10 22:20:43,9,0.414,4.48,-20.0
2020-11-10 22:20:43,10,0.418,4.49,-20.0
2020-11-10 22:20:43,11,0.417,4.46,-20.0
2020-11-10 22:20:43,12,0.413,4.46,-20.0
2020-11-10 22:20:43,13,0.409,4.48,24.8
2020-11-10 22:20:43,14,0.414,4.49,-20.0
2020-11-10 22:20:43,15,0.41,4.52,-20.0
2020-11-10 22:20:43,16,0.426,4.51,-20.0
2020-11-10 22:20:43,17,0.423,4.49,-20.0
2020-11-10 22:20:43,18,0.423,4.49,-20.0
2020-11-10 22:20:43,19,0.439,4.47,-20.0
2020-11-10 22:20:43,20,0.412,4.48,-20.0
2020-11-10 22:20:43,21,0.419,4.48,-20.0
2020-11-10 22:20:43,22,0.425,4.48,-20.0
2020-11-10 22:20:43,23,0.444,4.49,-20.0
2020-11-10 22:20:43,24,0.404,4.5,-20.0
2020-11-10 22:20:43,25,0.417,4.51,22.4
2020-11-10 22:20:43,26,0.42,4.48,-20.0
2020-11-10 22:20:43,27,0.423,4.46,-20.0
2020-11-10 22:20:43,28,0.427,4.47,-20.0
2020-11-10 22:20:43,29,0.409,4.47,-20.0
2020-11-10 22:20:43,30,0.413,4.48,-20.0
2020-11-10 22:20:43,31,0.418,4.46,-20.0
2020-11-10 22:20:43,32,0.411,4.48,-20.0
2020-11-10 22:20:43,33,0.421,4.49,-20.0
2020-11-10 22:20:43,34,0.415,4.49,-20.0
2020-11-10 22:20:43,35,0.411,4.49,-20.0
2020-11-10 22:20:43,36,0.407,4.5,-20.0
2020-11-10 22:20:43,37,0.416,4.48,22.9
2020-11-10 22:20:43,38,0.417,4.48,-20.0
2020-11-10 22:20:43,39,0.411,4.48,-20.0
2020-11-10 22:20:43,40,0.417,4.48,-20.0
2020-11-10 22:20:43,41,0.413,4.5,-20.0
2020-11-10 22:20:43,42,0.415,4.47,-20.0
2020-11-10 22:20:43,43,0.413,4.48,-20.0
2020-11-10 22:20:43,44,0.423,4.48,-20.0
2020-11-10 22:20:43,45,0.418,4.49,-20.0
2020-11-10 22:20:43,46,0.418,4.48,-20.0
2020-11-10 22:20:43,47,0.416,4.49,-20.0
2020-11-10 22:20:43,48,0.417,4.48,-20.0
2020-11-10 22:20:43,49,0.491,4.46,24.9
2020-11-10 22:20:43,50,0.431,4.47,-20.0
2020-11-10 22:20:43,51,0.411,4.47,-20.0
2020-11-10 22:20:43,52,0.417,4.46,-20.0
2020-11-10 22:20:43,53,0.412,4.45,-20.0
2020-11-10 22:20:43,54,0.417,4.46,-20.0
2020-11-10 22:20:43,55,0.42,4.43,-20.0
2020-11-10 22:20:43,56,0.41,4.43,-20.0
2020-11-10 22:20:43,57,0.419,4.43,-20.0
2020-11-10 22:20:43,58,0.42,4.43,-20.0
2020-11-10 22:20:43,59,0.403,4.45,-20.0
2020-11-10 22:20:43,60,0.392,4.46,-20.0
2020-11-10 22:20:43,61,0.413,4.49,22.4
2020-11-10 22:20:43,62,0.405,4.49,-20.0
2020-11-10 22:20:43,63,0.404,4.48,-20.0
2020-11-10 22:20:43,64,0.413,4.46,-20.0
2020-11-10 22:20:43,65,0.388,4.46,-20.0
2020-11-10 22:20:43,66,0.416,4.45,-20.0
2020-11-10 22:20:43,67,0.41,4.43,-20.0
2020-11-10 22:20:43,68,0.411,4.46,-20.0
2020-11-10 22:20:43,69,0.431,4.45,-20.0
2020-11-10 22:20:43,70,0.416,4.48,-20.0
2020-11-10 22:20:43,71,0.41,4.49,-20.0
2020-11-10 22:20:43,72,0.418,4.49,-20.0
2020-11-10 22:20:43,73,0.406,4.52,22.7
2020-11-10 22:20:43,74,0.407,4.49,-20.0
2020-11-10 22:20:43,75,0.435,4.48,-20.0
2020-11-10 22:20:43,76,0.426,4.45,-20.0
2020-11-10 22:20:43,77,0.421,4.52,-20.0
2020-11-10 22:20:43,78,0.401,4.48,-20.0
2020-11-10 22:20:43,79,0.416,4.49,-20.0
2020-11-10 22:20:43,80,0.43,4.51,-20.0
2020-11-10 22:20:43,81,0.423,4.51,-20.0
2020-11-10 22:20:43,82,0.422,4.52,-20.0
2020-11-10 22:20:43,83,0.419,4.5,-20.0
2020-11-10 22:20:43,84,0.415,4.5,-20.0
2020-11-10 22:20:43,85,0.416,4.47,24.1
2020-11-10 22:20:43,86,0.422,4.47,-20.0
2020-11-10 22:20:43,87,0.44,4.47,-20.0
2020-11-10 22:20:43,88,0.406,4.48,-20.0
2020-11-10 22:20:43,89,0.415,4.48,-20.0
2020-11-10 22:20:43,90,0.407,4.48,-20.0
2020-11-10 22:20:43,91,0.421,4.49,-20.0
2020-11-10 22:20:43,92,0.402,4.5,-20.0
2020-11-10 22:20:43,93,0.415,4.5,-20.0
2020-11-10 22:20:43,94,0.42,4.47,-20.0
2020-11-10 22:20:43,95,0.416,4.46,-20.0
2020-11-10 22:20:43,96,0.411,4.49,-20.0
2020-11-11 10:20:18,1,0.42,4.49,25.4
2020-11-11 10:20:18,2,0.413,4.51,-20.0
2020-11-11 10:20:18,3,0.416,4.51,-20.0
2020-11-11 10:20:18,4,0.418,4.48,-20.0
2020-11-11 10:20:18,5,0.407,4.51,-20.0
2020-11-11 10:20:18,6,0.415,4.49,-20.0
2020-11-11 10:20:18,7,0.409,4.49,-20.0
2020-11-11 10:20:18,8,0.409,4.5,-20.0
2020-11-11 10:20:18,9,0.412,4.48,-20.0
2020-11-11 10:20:18,10,0.417,4.5,-20.0
2020-11-11 10:20:18,11,0.416,4.46,-20.0
2020-11-11 10:20:18,12,0.416,4.46,-20.0
2020-11-11 10:20:18,13,0.41,4.47,24.8
2020-11-11 10:20:18,14,0.414,4.49,-20.0
2020-11-11 10:20:18,15,0.412,4.51,-20.0
2020-11-11 10:20:18,16,0.424,4.5,-20.0
2020-11-11 10:20:18,17,0.423,4.49,-20.0
2020-11-11 10:20:18,18,0.422,4.5,-20.0
2020-11-11 10:20:18,19,0.44,4.47,-20.0
2020-11-11 10:20:18,20,0.411,4.48,-20.0
2020-11-11 10:20:18,21,0.417,4.49,-20.0
2020-11-11 10:20:18,22,0.421,4.47,-20.0
2020-11-11 10:20:18,23,0.447,4.48,-20.0
2020-11-11 10:20:18,24,0.403,4.49,-20.0
2020-11-11 10:20:18,25,0.416,4.51,22.3
2020-11-11 10:20:18,26,0.418,4.48,-20.0
2020-11-11 10:20:18,27,0.422,4.47,-20.0
2020-11-11 10:20:18,28,0.423,4.47,-20.0
2020-11-11 10:20:18,29,0.41,4.46,-20.0
2020-11-11 10:20:18,30,0.413,4.48,-20.0
2020-11-11 10:20:18,31,0.418,4.47,-20.0
2020-11-11 10:20:18,32,0.411,4.47,-20.0
2020-11-11 10:20:18,33,0.421,4.48,-20.0
2020-11-11 10:20:18,34,0.415,4.49,-20.0
2020-11-11 10:20:18,35,0.412,4.49,-20.0
2020-11-11 10:20:18,36,0.407,4.49,-20.0
2020-11-11 10:20:18,37,0.418,4.47,22.9
2020-11-11 10:20:18,38,0.415,4.49,-20.0
2020-11-11 10:20:18,39,0.414,4.47,-20.0
2020-11-11 10:20:18,40,0.417,4.48,-20.0
2020-11-11 10:20:18,41,0.413,4.49,-20.0
2020-11-11 10:20:18,42,0.413,4.47,-20.0
2020-11-11 10:20:18,43,0.415,4.48,-20.0
2020-11-11 10:20:18,44,0.425,4.5,-20.0
2020-11-11 10:20:18,45,0.418,4.49,-20.0
2020-11-11 10:20:18,46,0.417,4.49,-20.0
2020-11-11 10:20:18,47,0.395,4.49,-20.0
2020-11-11 10:20:18,48,0.4,4.48,-20.0
2020-11-11 10:20:18,49,0.491,4.46,24.8
2020-11-11 10:20:18,50,0.431,4.47,-20.0
2020-11-11 10:20:18,51,0.413,4.47,-20.0
2020-11-11 10:20:18,52,0.417,4.46,-20.0
2020-11-11 10:20:18,53,0.413,4.46,-20.0
2020-11-11 10:20:18,54,0.416,4.47,-20.0
2020-11-11 10:20:18,55,0.419,4.44,-20.0
2020-11-11 10:20:18,56,0.41,4.44,-20.0
2020-11-11 10:20:18,57,0.421,4.43,-20.0
2020-11-11 10:20:18,58,0.421,4.43,-20.0
2020-11-11 10:20:18,59,0.406,4.44,-20.0
2020-11-11 10:20:18,60,0.4,4.46,-20.0
2020-11-11 10:20:18,61,0.413,4.49,22.3
2020-11-11 10:20:18,62,0.406,4.49,-20.0
2020-11-11 10:20:18,63,0.406,4.49,-20.0
2020-11-11 10:20:18,64,0.412,4.46,-20.0
2020-11-11 10:20:18,65,0.395,4.45,-20.0
2020-11-11 10:20:18,66,0.416,4.45,-20.0
2020-11-11 10:20:18,67,0.409,4.43,-20.0
2020-11-11 10:20:18,68,0.412,4.46,-20.0
2020-11-11 10:20:18,69,0.427,4.46,-20.0
2020-11-11 10:20:18,70,0.419,4.47,-20.0
2020-11-11 10:20:18,71,0.408,4.49,-20.0
2020-11-11 10:20:18,72,0.418,4.48,-20.0
2020-11-11 10:20:18,73,0.412,4.51,22.7
2020-11-11 10:20:18,74,0.405,4.48,-20.0
2020-11-11 10:20:18,75,0.436,4.48,-20.0
2020-11-11 10:20:18,76,0.426,4.45,-20.0
2020-11-11 10:20:18,77,0.425,4.51,-20.0
2020-11-11 10:20:18,78,0.41,4.48,-20.0
2020-11-11 10:20:18,79,0.42,4.48,-20.0
2020-11-11 10:20:18,80,0.442,4.51,-20.0
2020-11-11 10:20:18,81,0.425,4.51,-20.0
2020-11-11 10:20:18,82,0.42,4.51,-20.0
2020-11-11 10:20:18,83,0.42,4.5,-20.0
2020-11-11 10:20:18,84,0.416,4.49,-20.0
2020-11-11 10:20:18,85,0.428,4.47,23.9
2020-11-11 10:20:18,86,0.423,4.47,-20.0
2020-11-11 10:20:18,87,0.439,4.46,-20.0
2020-11-11 10:20:18,88,0.401,4.48,-20.0
2020-11-11 10:20:18,89,0.407,4.49,-20.0
2020-11-11 10:20:18,90,0.412,4.48,-20.0
2020-11-11 10:20:18,91,0.423,4.48,-20.0
2020-11-11 10:20:18,92,0.4,4.5,-20.0
2020-11-11 10:20:18,93,0.413,4.49,-20.0
2020-11-11 10:20:18,94,0.415,4.48,-20.0
2020-11-11 10:20:18,95,0.417,4.46,-20.0
2020-11-11 10:20:18,96,0.41,4.49,-20.0
2020-11-11 22:19:51,1,0.417,4.5,25.5
2020-11-11 22:19:51,2,0.413,4.51,-20.0
2020-11-11 22:19:51,3,0.414,4.52,-20.0
2020-11-11 22:19:51,4,0.416,4.48,-20.0
2020-11-11 22:19:51,5,0.406,4.51,-20.0
2020-11-11 22:19:51,6,0.412,4.49,-20.0
2020-11-11 22:19:51,7,0.403,4.48,-20.0
2020-11-11 22:19:51,8,0.408,4.5,-20.0
2020-11-11 22:19:51,9,0.413,4.48,-20.0
2020-11-11 22:19:51,10,0.416,4.5,-20.0
2020-11-11 22:19:51,11,0.413,4.46,-20.0
2020-11-11 22:19:51,12,0.414,4.46,-20.0
2020-11-11 22:19:51,13,0.409,4.48,24.7
2020-11-11 22:19:51,14,0.414,4.5,-20.0
2020-11-11 22:19:51,15,0.414,4.52,-20.0
2020-11-11 22:19:51,16,0.425,4.51,-20.0
2020-11-11 22:19:51,17,0.426,4.49,-20.0
2020-11-11 22:19:51,18,0.428,4.49,-20.0
2020-11-11 22:19:51,19,0.442,4.48,-20.0
2020-11-11 22:19:51,20,0.412,4.48,-20.0
2020-11-11 22:19:51,21,0.417,4.48,-20.0
2020-11-11 22:19:51,22,0.425,4.47,-20.0
2020-11-11 22:19:51,23,0.454,4.49,-20.0
2020-11-11 22:19:51,24,0.409,4.5,-20.0
2020-11-11 22:19:51,25,0.414,4.5,22.2
2020-11-11 22:19:51,26,0.418,4.48,-20.0
2020-11-11 22:19:51,27,0.409,4.47,-20.0
2020-11-11 22:19:51,28,0.427,4.45,-20.0
2020-11-11 22:19:51,29,0.423,4.46,-20.0
2020-11-11 22:19:51,30,0.414,4.48,-20.0
2020-11-11 22:19:51,31,0.418,4.46,-20.0
2020-11-11 22:19:51,32,0.398,4.47,-20.0
2020-11-11 22:19:51,33,0.408,4.49,-20.0
2020-11-11 22:19:51,34,0.422,4.5,-20.0
2020-11-11 22:19:51,35,0.411,4.49,-20.0
2020-11-11 22:19:51,36,0.405,4.5,-20.0
2020-11-11 22:19:51,37,0.4,4.48,22.7
2020-11-11 22:19:51,38,0.405,4.5,-20.0
2020-11-11 22:19:51,39,0.425,4.47,-20.0
2020-11-11 22:19:51,40,0.414,4.48,-20.0
2020-11-11 22:19:51,41,0.411,4.49,-20.0
2020-11-11 22:19:51,42,0.403,4.47,-20.0
2020-11-11 22:19:51,43,0.42,4.48,-20.0
2020-11-11 22:19:51,44,0.425,4.49,-20.0
2020-11-11 22:19:51,45,0.419,4.5,-20.0
2020-11-11 22:19:51,46,0.417,4.49,-20.0
2020-11-11 22:19:51,47,0.396,4.49,-20.0
2020-11-11 22:19:51,48,0.406,4.49,-20.0
2020-11-11 22:19:51,49,0.486,4.47,24.7
2020-11-11 22:19:51,50,0.429,4.47,-20.0
2020-11-11 22:19:51,51,0.411,4.48,-20.0
2020-11-11 22:19:51,52,0.417,4.47,-20.0
2020-11-11 22:19:51,53,0.412,4.46,-20.0
2020-11-11 22:19:51,54,0.415,4.46,-20.0
2020-11-11 22:19:51,55,0.404,4.44,-20.0
2020-11-11 22:19:51,56,0.408,4.43,-20.0
2020-11-11 22:19:51,57,0.419,4.43,-20.0
2020-11-11 22:19:51,58,0.403,4.42,-20.0
2020-11-11 22:19:51,59,0.409,4.45,-20.0
2020-11-11 22:19:51,60,0.394,4.46,-20.0
2020-11-11 22:19:51,61,0.414,4.5,22.2
2020-11-11 22:19:51,62,0.408,4.49,-20.0
2020-11-11 22:19:51,63,0.397,4.48,-20.0
2020-11-11 22:19:51,64,0.422,4.46,-20.0
2020-11-11 22:19:51,65,0.42,4.46,-20.0
2020-11-11 22:19:51,66,0.419,4.46,-20.0
2020-11-11 22:19:51,67,0.412,4.43,-20.0
2020-11-11 22:19:51,68,0.397,4.47,-20.0
2020-11-11 22:19:51,69,0.407,4.45,-20.0
2020-11-11 22:19:51,70,0.426,4.47,-20.0
2020-11-11 22:19:51,71,0.411,4.49,-20.0
2020-11-11 22:19:51,72,0.415,4.49,-20.0
2020-11-11 22:19:51,73,0.402,4.52,22.4
2020-11-11 22:19:51,74,0.393,4.48,-20.0
2020-11-11 22:19:51,75,0.395,4.48,-20.0
2020-11-11 22:19:51,76,0.425,4.45,-20.0
2020-11-11 22:19:51,77,0.425,4.52,-20.0
2020-11-11 22:19:51,78,0.407,4.48,-20.0
2020-11-11 22:19:51,79,0.412,4.48,-20.0
2020-11-11 22:19:51,80,0.435,4.5,-20.0
2020-11-11 22:19:51,81,0.424,4.52,-20.0
2020-11-11 22:19:51,82,0.42,4.52,-20.0
2020-11-11 22:19:51,83,0.421,4.5,-20.0
2020-11-11 22:19:51,84,0.414,4.49,-20.0
2020-11-11 22:19:51,85,0.425,4.48,23.5
2020-11-11 22:19:51,86,0.419,4.47,-20.0
2020-11-11 22:19:51,87,0.44,4.46,-20.0
2020-11-11 22:19:51,88,0.401,4.47,-20.0
2020-11-11 22:19:51,89,0.405,4.49,-20.0
2020-11-11 22:19:51,90,0.413,4.48,-20.0
2020-11-11 22:19:51,91,0.42,4.49,-20.0
2020-11-11 22:19:51,92,0.4,4.5,-20.0
2020-11-11 22:19:51,93,0.413,4.5,-20.0
2020-11-11 22:19:51,94,0.416,4.48,-20.0
2020-11-11 22:19:51,95,0.415,4.46,-20.0
2020-11-11 22:19:51,96,0.41,4.48,-20.0
2020-11-12 10:19:19,1,0.417,4.49,25.5
2020-11-12 10:19:19,2,0.412,4.51,-20.0
2020-11-12 10:19:19,3,0.414,4.51,-20.0
2020-11-12 10:19:19,4,0.414,4.49,-20.0
2020-11-12 10:19:19,5,0.406,4.52,-20.0
2020-11-12 10:19:19,6,0.413,4.5,-20.0
2020-11-12 10:19:19,7,0.402,4.48,-20.0
2020-11-12 10:19:19,8,0.41,4.5,-20.0
2020-11-12 10:19:19,9,0.412,4.48,-20.0
2020-11-12 10:19:19,10,0.416,4.51,-20.0
2020-11-12 10:19:19,11,0.411,4.46,-20.0
2020-11-12 10:19:19,12,0.416,4.47,-20.0
2020-11-12 10:19:19,13,0.412,4.48,24.6
2020-11-12 10:19:19,14,0.415,4.5,-20.0
2020-11-12 10:19:19,15,0.416,4.52,-20.0
2020-11-12 10:19:19,16,0.427,4.52,-20.0
2020-11-12 10:19:19,17,0.428,4.49,-20.0
2020-11-12 10:19:19,18,0.428,4.49,-20.0
2020-11-12 10:19:19,19,0.446,4.49,-20.0
2020-11-12 10:19:19,20,0.416,4.48,-20.0
2020-11-12 10:19:19,21,0.419,4.48,-20.0
2020-11-12 10:19:19,22,0.423,4.47,-20.0
2020-11-12 10:19:19,23,0.453,4.48,-20.0
2020-11-12 10:19:19,24,0.413,4.49,-20.0
2020-11-12 10:19:19,25,0.414,4.51,22.1
2020-11-12 10:19:19,26,0.416,4.48,-20.0
2020-11-12 10:19:19,27,0.409,4.47,-20.0
2020-11-12 10:19:19,28,0.424,4.47,-20.0
2020-11-12 10:19:19,29,0.426,4.47,-20.0
2020-11-12 10:19:19,30,0.415,4.48,-20.0
2020-11-12 10:19:19,31,0.419,4.47,-20.0
2020-11-12 10:19:19,32,0.399,4.47,-20.0
2020-11-12 10:19:19,33,0.408,4.49,-20.0
2020-11-12 10:19:19,34,0.419,4.5,-20.0
2020-11-12 10:19:19,35,0.411,4.49,-20.0
2020-11-12 10:19:19,36,0.402,4.5,-20.0
2020-11-12 10:19:19,37,0.408,4.48,22.6
2020-11-12 10:19:19,38,0.41,4.49,-20.0
2020-11-12 10:19:19,39,0.422,4.47,-20.0
2020-11-12 10:19:19,40,0.412,4.47,-20.0
2020-11-12 10:19:19,41,0.408,4.49,-20.0
2020-11-12 10:19:19,42,0.389,4.47,-20.0
2020-11-12 10:19:19,43,0.399,4.48,-20.0
2020-11-12 10:19:19,44,0.415,4.49,-20.0
2020-11-12 10:19:19,45,0.418,4.49,-20.0
2020-11-12 10:19:19,46,0.416,4.49,-20.0
2020-11-12 10:19:19,47,0.387,4.49,-20.0
2020-11-12 10:19:19,48,0.39,4.48,-20.0
2020-11-12 10:19:19,49,0.49,4.46,24.6
2020-11-12 10:19:19,50,0.428,4.47,-20.0
2020-11-12 10:19:19,51,0.412,4.47,-20.0
2020-11-12 10:19:19,52,0.415,4.46,-20.0
2020-11-12 10:19:19,53,0.413,4.46,-20.0
2020-11-12 10:19:19,54,0.417,4.47,-20.0
2020-11-12 10:19:19,55,0.411,4.43,-20.0
2020-11-12 10:19:19,56,0.411,4.43,-20.0
2020-11-12 10:19:19,57,0.422,4.42,-20.0
2020-11-12 10:19:19,58,0.405,4.43,-20.0
2020-11-12 10:19:19,59,0.413,4.45,-20.0
2020-11-12 10:19:19,60,0.402,4.46,-20.0
2020-11-12 10:19:19,61,0.415,4.49,22.0
2020-11-12 10:19:19,62,0.408,4.5,-20.0
2020-11-12 10:19:19,63,0.404,4.48,-20.0
2020-11-12 10:19:19,64,0.423,4.47,-20.0
2020-11-12 10:19:19,65,0.418,4.45,-20.0
2020-11-12 10:19:19,66,0.418,4.45,-20.0
2020-11-12 10:19:19,67,0.415,4.43,-20.0
2020-11-12 10:19:19,68,0.404,4.46,-20.0
2020-11-12 10:19:19,69,0.41,4.45,-20.0
2020-11-12 10:19:19,70,0.42,4.46,-20.0
2020-11-12 10:19:19,71,0.412,4.49,-20.0
2020-11-12 10:19:19,72,0.412,4.49,-20.0
2020-11-12 10:19:19,73,0.404,4.51,22.0
2020-11-12 10:19:19,74,0.398,4.48,-20.0
2020-11-12 10:19:19,75,0.401,4.47,-20.0
2020-11-12 10:19:19,76,0.424,4.45,-20.0
2020-11-12 10:19:19,77,0.424,4.5,-20.0
2020-11-12 10:19:19,78,0.405,4.47,-20.0
2020-11-12 10:19:19,79,0.413,4.48,-20.0
2020-11-12 10:19:19,80,0.43,4.5,-20.0
2020-11-12 10:19:19,81,0.424,4.52,-20.0
2020-11-12 10:19:19,82,0.42,4.51,-20.0
2020-11-12 10:19:19,83,0.423,4.5,-20.0
2020-11-12 10:19:19,84,0.414,4.5,-20.0
2020-11-12 10:19:19,85,0.427,4.48,22.7
2020-11-12 10:19:19,86,0.42,4.47,-20.0
2020-11-12 10:19:19,87,0.441,4.47,-20.0
2020-11-12 10:19:19,88,0.403,4.47,-20.0
2020-11-12 10:19:19,89,0.408,4.49,-20.0
2020-11-12 10:19:19,90,0.41,4.48,-20.0
2020-11-12 10:19:19,91,0.417,4.49,-20.0
2020-11-12 10:19:19,92,0.397,4.5,-20.0
2020-11-12 10:19:19,93,0.411,4.5,-20.0
2020-11-12 10:19:19,94,0.414,4.47,-20.0
2020-11-12 10:19:19,95,0.415,4.46,-20.0
2020-11-12 10:19:19,96,0.405,4.49,-20.0
2020-11-12 22:18:45,1,0.416,4.5,25.4
2020-11-12 22:18:45,2,0.412,4.51,-20.0
2020-11-12 22:18:45,3,0.418,4.52,-20.0
2020-11-12 22:18:45,4,0.415,4.48,-20.0
2020-11-12 22:18:45,5,0.406,4.51,-20.0
2020-11-12 22:18:45,6,0.417,4.5,-20.0
2020-11-12 22:18:45,7,0.405,4.48,-20.0
2020-11-12 22:18:45,8,0.41,4.5,-20.0
2020-11-12 22:18:45,9,0.412,4.48,-20.0
2020-11-12 22:18:45,10,0.417,4.5,-20.0
2020-11-12 22:18:45,11,0.412,4.46,-20.0
2020-11-12 22:18:45,12,0.418,4.46,-20.0
2020-11-12 22:18:45,13,0.408,4.48,24.8
2020-11-12 22:18:45,14,0.417,4.48,-20.0
2020-11-12 22:18:45,15,0.413,4.51,-20.0
2020-11-12 22:18:45,16,0.426,4.52,-20.0
2020-11-12 22:18:45,17,0.423,4.49,-20.0
2020-11-12 22:18:45,18,0.427,4.49,-20.0
2020-11-12 22:18:45,19,0.446,4.48,-20.0
2020-11-12 22:18:45,20,0.412,4.47,-20.0
2020-11-12 22:18:45,21,0.419,4.48,-20.0
2020-11-12 22:18:45,22,0.422,4.47,-20.0
2020-11-12 22:18:45,23,0.452,4.48,-20.0
2020-11-12 22:18:45,24,0.412,4.49,-20.0
2020-11-12 22:18:45,25,0.416,4.5,22.3
2020-11-12 22:18:45,26,0.416,4.48,-20.0
2020-11-12 22:18:45,27,0.411,4.47,-20.0
2020-11-12 22:18:45,28,0.421,4.46,-20.0
2020-11-12 22:18:45,29,0.422,4.47,-20.0
2020-11-12 22:18:45,30,0.415,4.49,-20.0
2020-11-12 22:18:45,31,0.419,4.47,-20.0
2020-11-12 22:18:45,32,0.404,4.48,-20.0
2020-11-12 22:18:45,33,0.409,4.5,-20.0
2020-11-12 22:18:45,34,0.417,4.5,-20.0
2020-11-12 22:18:45,35,0.412,4.48,-20.0
2020-11-12 22:18:45,36,0.407,4.51,-20.0
2020-11-12 22:18:45,37,0.408,4.48,22.8
2020-11-12 22:18:45,38,0.413,4.49,-20.0
2020-11-12 22:18:45,39,0.421,4.47,-20.0
2020-11-12 22:18:45,40,0.411,4.48,-20.0
2020-11-12 22:18:45,41,0.408,4.49,-20.0
2020-11-12 22:18:45,42,0.39,4.48,-20.0
2020-11-12 22:18:45,43,0.406,4.47,-20.0
2020-11-12 22:18:45,44,0.419,4.5,-20.0
2020-11-12 22:18:45,45,0.418,4.49,-20.0
2020-11-12 22:18:45,46,0.417,4.49,-20.0
2020-11-12 22:18:45,47,0.398,4.49,-20.0
2020-11-12 22:18:45,48,0.4,4.48,-20.0
2020-11-12 22:18:45,49,0.488,4.46,24.8
2020-11-12 22:18:45,50,0.427,4.47,-20.0
2020-11-12 22:18:45,51,0.412,4.48,-20.0
2020-11-12 22:18:45,52,0.416,4.47,-20.0
2020-11-12 22:18:45,53,0.411,4.45,-20.0
2020-11-12 22:18:45,54,0.419,4.47,-20.0
2020-11-12 22:18:45,55,0.415,4.44,-20.0
2020-11-12 22:18:45,56,0.409,4.44,-20.0
2020-11-12 22:18:45,57,0.424,4.43,-20.0
2020-11-12 22:18:45,58,0.41,4.43,-20.0
2020-11-12 22:18:45,59,0.416,4.45,-20.0
2020-11-12 22:18:45,60,0.408,4.46,-20.0
2020-11-12 22:18:45,61,0.413,4.51,22.2
2020-11-12 22:18:45,62,0.408,4.49,-20.0
2020-11-12 22:18:45,63,0.407,4.48,-20.0
2020-11-12 22:18:45,64,0.423,4.46,-20.0
2020-11-12 22:18:45,65,0.413,4.46,-20.0
2020-11-12 22:18:45,66,0.416,4.45,-20.0
2020-11-12 22:18:45,67,0.411,4.43,-20.0
2020-11-12 22:18:45,68,0.405,4.45,-20.0
2020-11-12 22:18:45,69,0.409,4.46,-20.0
2020-11-12 22:18:45,70,0.42,4.47,-20.0
2020-11-12 22:18:45,71,0.411,4.49,-20.0
2020-11-12 22:18:45,72,0.414,4.49,-20.0
2020-11-12 22:18:45,73,0.407,4.51,22.5
2020-11-12 22:18:45,74,0.401,4.49,-20.0
2020-11-12 22:18:45,75,0.405,4.48,-20.0
2020-11-12 22:18:45,76,0.425,4.45,-20.0
2020-11-12 22:18:45,77,0.422,4.52,-20.0
2020-11-12 22:18:45,78,0.405,4.47,-20.0
2020-11-12 22:18:45,79,0.414,4.49,-20.0
2020-11-12 22:18:45,80,0.429,4.52,-20.0
2020-11-12 22:18:45,81,0.423,4.51,-20.0
2020-11-12 22:18:45,82,0.42,4.52,-20.0
2020-11-12 22:18:45,83,0.424,4.5,-20.0
2020-11-12 22:18:45,84,0.417,4.49,-20.0
2020-11-12 22:18:45,85,0.422,4.47,23.9
2020-11-12 22:18:45,86,0.421,4.47,-20.0
2020-11-12 22:18:45,87,0.441,4.47,-20.0
2020-11-12 22:18:45,88,0.402,4.48,-20.0
2020-11-12 22:18:45,89,0.411,4.5,-20.0
2020-11-12 22:18:45,90,0.411,4.48,-20.0
2020-11-12 22:18:45,91,0.416,4.49,-20.0
2020-11-12 22:18:45,92,0.401,4.5,-20.0
2020-11-12 22:18:45,93,0.41,4.5,-20.0
2020-11-12 22:18:45,94,0.415,4.48,-20.0
2020-11-12 22:18:45,95,0.417,4.47,-20.0
2020-11-12 22:18:45,96,0.41,4.49,-20.0
2020-11-13 10:18:17,1,0.416,4.5,25.4
2020-11-13 10:18:17,2,0.413,4.5,-20.0
2020-11-13 10:18:17,3,0.417,4.52,-20.0
2020-11-13 10:18:17,4,0.416,4.49,-20.0
2020-11-13 10:18:17,5,0.407,4.52,-20.0
2020-11-13 10:18:17,6,0.416,4.49,-20.0
2020-11-13 10:18:17,7,0.406,4.48,-20.0
2020-11-13 10:18:17,8,0.408,4.51,-20.0
2020-11-13 10:18:17,9,0.413,4.48,-20.0
2020-11-13 10:18:17,10,0.418,4.5,-20.0
2020-11-13 10:18:17,11,0.415,4.46,-20.0
2020-11-13 10:18:17,12,0.421,4.47,-20.0
2020-11-13 10:18:17,13,0.41,4.47,24.8
2020-11-13 10:18:17,14,0.419,4.5,-20.0
2020-11-13 10:18:17,15,0.413,4.52,-20.0
2020-11-13 10:18:17,16,0.427,4.52,-20.0
2020-11-13 10:18:17,17,0.421,4.5,-20.0
2020-11-13 10:18:17,18,0.427,4.5,-20.0
2020-11-13 10:18:17,19,0.444,4.47,-20.0
2020-11-13 10:18:17,20,0.413,4.47,-20.0
2020-11-13 10:18:17,21,0.417,4.48,-20.0
2020-11-13 10:18:17,22,0.419,4.47,-20.0
2020-11-13 10:18:17,23,0.449,4.47,-20.0
2020-11-13 10:18:17,24,0.411,4.5,-20.0
2020-11-13 10:18:17,25,0.418,4.51,22.3
2020-11-13 10:18:17,26,0.419,4.49,-20.0
2020-11-13 10:18:17,27,0.399,4.46,-20.0
2020-11-13 10:18:17,28,0.412,4.47,-20.0
2020-11-13 10:18:17,29,0.408,4.46,-20.0
2020-11-13 10:18:17,30,0.413,4.47,-20.0
2020-11-13 10:18:17,31,0.414,4.47,-20.0
2020-11-13 10:18:17,32,0.395,4.47,-20.0
2020-11-13 10:18:17,33,0.404,4.49,-20.0
2020-11-13 10:18:17,34,0.401,4.5,-20.0
2020-11-13 10:18:17,35,0.411,4.49,-20.0
2020-11-13 10:18:17,36,0.408,4.5,-20.0
2020-11-13 10:18:17,37,0.399,4.47,22.9
2020-11-13 10:18:17,38,0.413,4.48,-20.0
2020-11-13 10:18:17,39,0.418,4.48,-20.0
2020-11-13 10:18:17,40,0.41,4.48,-20.0
2020-11-13 10:18:17,41,0.409,4.49,-20.0
2020-11-13 10:18:17,42,0.395,4.48,-20.0
2020-11-13 10:18:17,43,0.41,4.48,-20.0
2020-11-13 10:18:17,44,0.421,4.49,-20.0
2020-11-13 10:18:17,45,0.417,4.49,-20.0
2020-11-13 10:18:17,46,0.418,4.48,-20.0
2020-11-13 10:18:17,47,0.404,4.49,-20.0
2020-11-13 10:18:17,48,0.41,4.48,-20.0
2020-11-13 10:18:17,49,0.486,4.46,24.8
2020-11-13 10:18:17,50,0.423,4.48,-20.0
2020-11-13 10:18:17,51,0.409,4.47,-20.0
2020-11-13 10:18:17,52,0.416,4.47,-20.0
2020-11-13 10:18:17,53,0.413,4.46,-20.0
2020-11-13 10:18:17,54,0.42,4.46,-20.0
2020-11-13 10:18:17,55,0.418,4.44,-20.0
2020-11-13 10:18:17,56,0.413,4.44,-20.0
2020-11-13 10:18:17,57,0.424,4.43,-20.0
2020-11-13 10:18:17,58,0.412,4.43,-20.0
2020-11-13 10:18:17,59,0.421,4.44,-20.0
2020-11-13 10:18:17,60,0.421,4.46,-20.0
2020-11-13 10:18:17,61,0.417,4.5,22.3
2020-11-13 10:18:17,62,0.408,4.49,-20.0
2020-11-13 10:18:17,63,0.405,4.48,-20.0
2020-11-13 10:18:17,64,0.412,4.46,-20.0
2020-11-13 10:18:17,65,0.412,4.46,-20.0
2020-11-13 10:18:17,66,0.413,4.45,-20.0
2020-11-13 10:18:17,67,0.41,4.43,-20.0
2020-11-13 10:18:17,68,0.39,4.46,-20.0
2020-11-13 10:18:17,69,0.38,4.45,-20.0
2020-11-13 10:18:17,70,0.397,4.47,-20.0
2020-11-13 10:18:17,71,0.411,4.49,-20.0
2020-11-13 10:18:17,72,0.413,4.49,-20.0
2020-11-13 10:18:17,73,0.424,4.52,22.6
2020-11-13 10:18:17,74,0.364,4.49,-20.0
2020-11-13 10:18:17,75,0.299,4.47,-20.0
2020-11-13 10:18:17,76,0.422,4.45,-20.0
2020-11-13 10:18:17,77,0.417,4.52,-20.0
2020-11-13 10:18:17,78,0.425,4.48,-20.0
2020-11-13 10:18:17,79,0.387,4.49,-20.0
2020-11-13 10:18:17,80,0.412,4.51,-20.0
2020-11-13 10:18:17,81,0.421,4.51,-20.0
2020-11-13 10:18:17,82,0.418,4.52,-20.0
2020-11-13 10:18:17,83,0.436,4.5,-20.0
2020-11-13 10:18:17,84,0.437,4.5,-20.0
2020-11-13 10:18:17,85,0.411,4.48,24.1
2020-11-13 10:18:17,86,0.417,4.46,-20.0
2020-11-13 10:18:17,87,0.439,4.47,-20.0
2020-11-13 10:18:17,88,0.403,4.48,-20.0
2020-11-13 10:18:17,89,0.415,4.5,-20.0
2020-11-13 10:18:17,90,0.409,4.48,-20.0
2020-11-13 10:18:17,91,0.416,4.48,-20.0
2020-11-13 10:18:17,92,0.401,4.5,-20.0
2020-11-13 10:18:17,93,0.414,4.5,-20.0
2020-11-13 10:18:17,94,0.415,4.47,-20.0
2020-11-13 10:18:17,95,0.418,4.46,-20.0
2020-11-13 10:18:17,96,0.412,4.49,-20.0
2020-11-13 22:17:48,1,0.414,4.5,25.4
2020-11-13 22:17:48,2,0.413,4.51,-20.0
2020-11-13 22:17:48,3,0.418,4.52,-20.0
2020-11-13 22:17:48,4,0.416,4.49,-20.0
2020-11-13 22:17:48,5,0.41,4.52,-20.0
2020-11-13 22:17:48,6,0.419,4.49,-20.0
2020-11-13 22:17:48,7,0.409,4.48,-20.0
2020-11-13 22:17:48,8,0.407,4.5,-20.0
2020-11-13 22:17:48,9,0.412,4.48,-20.0
2020-11-13 22:17:48,10,0.419,4.5,-20.0
2020-11-13 22:17:48,11,0.416,4.46,-20.0
2020-11-13 22:17:48,12,0.421,4.46,-20.0
2020-11-13 22:17:48,13,0.412,4.48,24.6
2020-11-13 22:17:48,14,0.419,4.48,-20.0
2020-11-13 22:17:48,15,0.41,4.51,-20.0
2020-11-13 22:17:48,16,0.426,4.52,-20.0
2020-11-13 22:17:48,17,0.42,4.49,-20.0
2020-11-13 22:17:48,18,0.425,4.49,-20.0
2020-11-13 22:17:48,19,0.447,4.48,-20.0
2020-11-13 22:17:48,20,0.414,4.48,-20.0
2020-11-13 22:17:48,21,0.421,4.49,-20.0
2020-11-13 22:17:48,22,0.416,4.48,-20.0
2020-11-13 22:17:48,23,0.442,4.49,-20.0
2020-11-13 22:17:48,24,0.401,4.49,-20.0
2020-11-13 22:17:48,25,0.419,4.5,22.2
2020-11-13 22:17:48,26,0.418,4.48,-20.0
2020-11-13 22:17:48,27,0.4,4.47,-20.0
2020-11-13 22:17:48,28,0.401,4.46,-20.0
2020-11-13 22:17:48,29,0.403,4.47,-20.0
2020-11-13 22:17:48,30,0.416,4.48,-20.0
2020-11-13 22:17:48,31,0.416,4.46,-20.0
2020-11-13 22:17:48,32,0.398,4.48,-20.0
2020-11-13 22:17:48,33,0.404,4.48,-20.0
2020-11-13 22:17:48,34,0.403,4.48,-20.0
2020-11-13 22:17:48,35,0.41,4.49,-20.0
2020-11-13 22:17:48,36,0.41,4.5,-20.0
2020-11-13 22:17:48,37,0.395,4.49,22.8
2020-11-13 22:17:48,38,0.423,4.48,-20.0
2020-11-13 22:17:48,39,0.421,4.47,-20.0
2020-11-13 22:17:48,40,0.412,4.48,-20.0
2020-11-13 22:17:48,41,0.408,4.49,-20.0
2020-11-13 22:17:48,42,0.391,4.47,-20.0
2020-11-13 22:17:48,43,0.41,4.48,-20.0
2020-11-13 22:17:48,44,0.422,4.49,-20.0
2020-11-13 22:17:48,45,0.413,4.49,-20.0
2020-11-13 22:17:48,46,0.42,4.48,-20.0
2020-11-13 22:17:48,47,0.409,4.49,-20.0
2020-11-13 22:17:48,48,0.413,4.48,-20.0
2020-11-13 22:17:48,49,0.483,4.46,24.5
2020-11-13 22:17:48,50,0.42,4.47,-20.0
2020-11-13 22:17:48,51,0.411,4.47,-20.0
2020-11-13 22:17:48,52,0.417,4.47,-20.0
2020-11-13 22:17:48,53,0.415,4.46,-20.0
2020-11-13 22:17:48,54,0.42,4.47,-20.0
2020-11-13 22:17:48,55,0.426,4.43,-20.0
2020-11-13 22:17:48,56,0.416,4.43,-20.0
2020-11-13 22:17:48,57,0.427,4.43,-20.0
2020-11-13 22:17:48,58,0.423,4.43,-20.0
2020-11-13 22:17:48,59,0.408,4.44,-20.0
2020-11-13 22:17:48,60,0.406,4.46,-20.0
2020-11-13 22:17:48,61,0.417,4.5,22.2
2020-11-13 22:17:48,62,0.409,4.49,-20.0
2020-11-13 22:17:48,63,0.392,4.48,-20.0
2020-11-13 22:17:48,64,0.397,4.46,-20.0
2020-11-13 22:17:48,65,0.398,4.45,-20.0
2020-11-13 22:17:48,66,0.416,4.46,-20.0
2020-11-13 22:17:48,67,0.41,4.43,-20.0
2020-11-13 22:17:48,68,0.386,4.46,-20.0
2020-11-13 22:17:48,69,0.382,4.45,-20.0
2020-11-13 22:17:48,70,0.393,4.47,-20.0
2020-11-13 22:17:48,71,0.411,4.49,-20.0
2020-11-13 22:17:48,72,0.414,4.48,-20.0
2020-11-13 22:17:48,73,0.413,4.52,22.4
2020-11-13 22:17:48,74,0.37,4.48,-20.0
2020-11-13 22:17:48,75,0.409,4.47,-20.0
2020-11-13 22:17:48,76,0.422,4.45,-20.0
2020-11-13 22:17:48,77,0.413,4.51,-20.0
2020-11-13 22:17:48,78,0.421,4.48,-20.0
2020-11-13 22:17:48,79,0.392,4.48,-20.0
2020-11-13 22:17:48,80,0.416,4.51,-20.0
2020-11-13 22:17:48,81,0.424,4.52,-20.0
2020-11-13 22:17:48,82,0.422,4.51,-20.0
2020-11-13 22:17:48,83,0.434,4.51,-20.0
2020-11-13 22:17:48,84,0.435,4.5,-20.0
2020-11-13 22:17:48,85,0.413,4.47,23.5
2020-11-13 22:17:48,86,0.418,4.47,-20.0
2020-11-13 22:17:48,87,0.441,4.47,-20.0
2020-11-13 22:17:48,88,0.403,4.47,-20.0
2020-11-13 22:17:48,89,0.41,4.49,-20.0
2020-11-13 22:17:48,90,0.406,4.48,-20.0
2020-11-13 22:17:48,91,0.416,4.49,-20.0
2020-11-13 22:17:48,92,0.405,4.5,-20.0
2020-11-13 22:17:48,93,0.411,4.5,-20.0
2020-11-13 22:17:48,94,0.414,4.48,-20.0
2020-11-13 22:17:48,95,0.415,4.47,-20.0
2020-11-13 22:17:48,96,0.411,4.49,-20.0
2020-11-14 10:17:29,1,0.416,4.5,25.5
2020-11-14 10:17:29,2,0.413,4.5,-20.0
2020-11-14 10:17:29,3,0.418,4.51,-20.0
2020-11-14 10:17:29,4,0.417,4.49,-20.0
2020-11-14 10:17:29,5,0.412,4.52,-20.0
2020-11-14 10:17:29,6,0.423,4.49,-20.0
2020-11-14 10:17:29,7,0.408,4.48,-20.0
2020-11-14 10:17:29,8,0.407,4.51,-20.0
2020-11-14 10:17:29,9,0.413,4.47,-20.0
2020-11-14 10:17:29,10,0.417,4.5,-20.0
2020-11-14 10:17:29,11,0.412,4.45,-20.0
2020-11-14 10:17:29,12,0.419,4.46,-20.0
2020-11-14 10:17:29,13,0.408,4.48,24.7
2020-11-14 10:17:29,14,0.417,4.49,-20.0
2020-11-14 10:17:29,15,0.411,4.52,-20.0
2020-11-14 10:17:29,16,0.429,4.52,-20.0
2020-11-14 10:17:29,17,0.414,4.49,-20.0
2020-11-14 10:17:29,18,0.423,4.5,-20.0
2020-11-14 10:17:29,19,0.434,4.47,-20.0
2020-11-14 10:17:29,20,0.41,4.48,-20.0
2020-11-14 10:17:29,21,0.417,4.49,-20.0
2020-11-14 10:17:29,22,0.419,4.47,-20.0
2020-11-14 10:17:29,23,0.435,4.48,-20.0
2020-11-14 10:17:29,24,0.384,4.5,-20.0
2020-11-14 10:17:29,25,0.416,4.5,22.3
2020-11-14 10:17:29,26,0.411,4.49,-20.0
2020-11-14 10:17:29,27,0.399,4.48,-20.0
2020-11-14 10:17:29,28,0.405,4.46,-20.0
2020-11-14 10:17:29,29,0.404,4.46,-20.0
2020-11-14 10:17:29,30,0.418,4.49,-20.0
2020-11-14 10:17:29,31,0.418,4.45,-20.0
2020-11-14 10:17:29,32,0.403,4.48,-20.0
2020-11-14 10:17:29,33,0.408,4.49,-20.0
2020-11-14 10:17:29,34,0.409,4.49,-20.0
2020-11-14 10:17:29,35,0.412,4.48,-20.0
2020-11-14 10:17:29,36,0.407,4.51,-20.0
2020-11-14 10:17:29,37,0.397,4.48,22.8
2020-11-14 10:17:29,38,0.42,4.49,-20.0
2020-11-14 10:17:29,39,0.423,4.47,-20.0
2020-11-14 10:17:29,40,0.411,4.48,-20.0
2020-11-14 10:17:29,41,0.409,4.49,-20.0
2020-11-14 10:17:29,42,0.394,4.47,-20.0
2020-11-14 10:17:29,43,0.414,4.48,-20.0
2020-11-14 10:17:29,44,0.424,4.49,-20.0
2020-11-14 10:17:29,45,0.416,4.49,-20.0
2020-11-14 10:17:29,46,0.418,4.5,-20.0
2020-11-14 10:17:29,47,0.409,4.49,-20.0
2020-11-14 10:17:29,48,0.408,4.48,-20.0
2020-11-14 10:17:29,49,0.485,4.46,24.6
2020-11-14 10:17:29,50,0.419,4.48,-20.0
2020-11-14 10:17:29,51,0.409,4.48,-20.0
2020-11-14 10:17:29,52,0.418,4.47,-20.0
2020-11-14 10:17:29,53,0.413,4.46,-20.0
2020-11-14 10:17:29,54,0.421,4.47,-20.0
2020-11-14 10:17:29,55,0.427,4.44,-20.0
2020-11-14 10:17:29,56,0.415,4.43,-20.0
2020-11-14 10:17:29,57,0.427,4.43,-20.0
2020-11-14 10:17:29,58,0.423,4.44,-20.0
2020-11-14 10:17:29,59,0.413,4.45,-20.0
2020-11-14 10:17:29,60,0.412,4.46,-20.0
2020-11-14 10:17:29,61,0.417,4.49,22.3
2020-11-14 10:17:29,62,0.41,4.49,-20.0
2020-11-14 10:17:29,63,0.399,4.48,-20.0
2020-11-14 10:17:29,64,0.401,4.46,-20.0
2020-11-14 10:17:29,65,0.405,4.45,-20.0
2020-11-14 10:17:29,66,0.414,4.45,-20.0
2020-11-14 10:17:29,67,0.409,4.43,-20.0
2020-11-14 10:17:29,68,0.378,4.46,-20.0
2020-11-14 10:17:29,69,0.386,4.45,-20.0
2020-11-14 10:17:29,70,0.389,4.47,-20.0
2020-11-14 10:17:29,71,0.41,4.49,-20.0
2020-11-14 10:17:29,72,0.414,4.49,-20.0
2020-11-14 10:17:29,73,0.401,4.52,22.3
2020-11-14 10:17:29,74,0.372,4.48,-20.0
2020-11-14 10:17:29,75,0.417,4.47,-20.0
2020-11-14 10:17:29,76,0.421,4.45,-20.0
2020-11-14 10:17:29,77,0.414,4.52,-20.0
2020-11-14 10:17:29,78,0.421,4.47,-20.0
2020-11-14 10:17:29,79,0.397,4.48,-20.0
2020-11-14 10:17:29,80,0.419,4.51,-20.0
2020-11-14 10:17:29,81,0.426,4.51,-20.0
2020-11-14 10:17:29,82,0.421,4.52,-20.0
2020-11-14 10:17:29,83,0.432,4.51,-20.0
2020-11-14 10:17:29,84,0.433,4.5,-20.0
2020-11-14 10:17:29,85,0.411,4.48,23.1
2020-11-14 10:17:29,86,0.416,4.47,-20.0
2020-11-14 10:17:29,87,0.442,4.46,-20.0
2020-11-14 10:17:29,88,0.4,4.48,-20.0
2020-11-14 10:17:29,89,0.413,4.49,-20.0
2020-11-14 10:17:29,90,0.407,4.48,-20.0
2020-11-14 10:17:29,91,0.416,4.49,-20.0
2020-11-14 10:17:29,92,0.406,4.5,-20.0
2020-11-14 10:17:29,93,0.413,4.5,-20.0
2020-11-14 10:17:29,94,0.412,4.48,-20.0
2020-11-14 10:17:29,95,0.412,4.47,-20.0
2020-11-14 10:17:29,96,0.412,4.49,-20.0
2020-11-14 22:16:57,1,0.415,4.5,25.5
2020-11-14 22:16:57,2,0.413,4.51,-20.0
2020-11-14 22:16:57,3,0.417,4.52,-20.0
2020-11-14 22:16:57,4,0.419,4.49,-20.0
2020-11-14 22:16:57,5,0.409,4.51,-20.0
2020-11-14 22:16:57,6,0.421,4.49,-20.0
2020-11-14 22:16:57,7,0.41,4.48,-20.0
2020-11-14 22:16:57,8,0.408,4.5,-20.0
2020-11-14 22:16:57,9,0.413,4.49,-20.0
2020-11-14 22:16:57,10,0.419,4.5,-20.0
2020-11-14 22:16:57,11,0.413,4.45,-20.0
2020-11-14 22:16:57,12,0.419,4.47,-20.0
2020-11-14 22:16:57,13,0.41,4.49,24.7
2020-11-14 22:16:57,14,0.416,4.49,-20.0
2020-11-14 22:16:57,15,0.408,4.52,-20.0
2020-11-14 22:16:57,16,0.426,4.51,-20.0
2020-11-14 22:16:57,17,0.412,4.48,-20.0
2020-11-14 22:16:57,18,0.424,4.5,-20.0
2020-11-14 22:16:57,19,0.435,4.47,-20.0
2020-11-14 22:16:57,20,0.41,4.48,-20.0
2020-11-14 22:16:57,21,0.416,4.48,-20.0
2020-11-14 22:16:57,22,0.418,4.48,-20.0
2020-11-14 22:16:57,23,0.438,4.49,-20.0
2020-11-14 22:16:57,24,0.39,4.49,-20.0
2020-11-14 22:16:57,25,0.414,4.5,22.3
2020-11-14 22:16:57,26,0.413,4.48,-20.0
2020-11-14 22:16:57,27,0.4,4.47,-20.0
2020-11-14 22:16:57,28,0.41,4.46,-20.0
2020-11-14 22:16:57,29,0.406,4.45,-20.0
2020-11-14 22:16:57,30,0.42,4.48,-20.0
2020-11-14 22:16:57,31,0.422,4.46,-20.0
2020-11-14 22:16:57,32,0.405,4.47,-20.0
2020-11-14 22:16:57,33,0.408,4.48,-20.0
2020-11-14 22:16:57,34,0.41,4.49,-20.0
2020-11-14 22:16:57,35,0.412,4.48,-20.0
2020-11-14 22:16:57,36,0.408,4.5,-20.0
2020-11-14 22:16:57,37,0.403,4.48,22.8
2020-11-14 22:16:57,38,0.417,4.49,-20.0
2020-11-14 22:16:57,39,0.421,4.48,-20.0
2020-11-14 22:16:57,40,0.412,4.48,-20.0
2020-11-14 22:16:57,41,0.41,4.49,-20.0
2020-11-14 22:16:57,42,0.401,4.48,-20.0
2020-11-14 22:16:57,43,0.414,4.48,-20.0
2020-11-14 22:16:57,44,0.423,4.49,-20.0
2020-11-14 22:16:57,45,0.415,4.49,-20.0
2020-11-14 22:16:57,46,0.418,4.49,-20.0
2020-11-14 22:16:57,47,0.413,4.48,-20.0
2020-11-14 22:16:57,48,0.414,4.48,-20.0
2020-11-14 22:16:57,49,0.488,4.47,24.7
2020-11-14 22:16:57,50,0.42,4.47,-20.0
2020-11-14 22:16:57,51,0.41,4.47,-20.0
2020-11-14 22:16:57,52,0.418,4.47,-20.0
2020-11-14 22:16:57,53,0.413,4.46,-20.0
2020-11-14 22:16:57,54,0.42,4.46,-20.0
2020-11-14 22:16:57,55,0.425,4.44,-20.0
2020-11-14 22:16:57,56,0.416,4.44,-20.0
2020-11-14 22:16:57,57,0.425,4.43,-20.0
2020-11-14 22:16:57,58,0.421,4.43,-20.0
2020-11-14 22:16:57,59,0.416,4.45,-20.0
2020-11-14 22:16:57,60,0.413,4.46,-20.0
2020-11-14 22:16:57,61,0.416,4.5,22.3
2020-11-14 22:16:57,62,0.411,4.49,-20.0
2020-11-14 22:16:57,63,0.402,4.48,-20.0
2020-11-14 22:16:57,64,0.403,4.46,-20.0
2020-11-14 22:16:57,65,0.406,4.45,-20.0
2020-11-14 22:16:57,66,0.413,4.46,-20.0
2020-11-14 22:16:57,67,0.411,4.43,-20.0
2020-11-14 22:16:57,68,0.389,4.46,-20.0
2020-11-14 22:16:57,69,0.394,4.45,-20.0
2020-11-14 22:16:57,70,0.393,4.47,-20.0
2020-11-14 22:16:57,71,0.409,4.49,-20.0
2020-11-14 22:16:57,72,0.413,4.49,-20.0
2020-11-14 22:16:57,73,0.402,4.52,22.4
2020-11-14 22:16:57,74,0.379,4.49,-20.0
2020-11-14 22:16:57,75,0.418,4.47,-20.0
2020-11-14 22:16:57,76,0.422,4.45,-20.0
2020-11-14 22:16:57,77,0.418,4.52,-20.0
2020-11-14 22:16:57,78,0.419,4.47,-20.0
2020-11-14 22:16:57,79,0.402,4.49,-20.0
2020-11-14 22:16:57,80,0.421,4.51,-20.0
2020-11-14 22:16:57,81,0.424,4.52,-20.0
2020-11-14 22:16:57,82,0.421,4.51,-20.0
2020-11-14 22:16:57,83,0.432,4.5,-20.0
2020-11-14 22:16:57,84,0.43,4.5,-20.0
2020-11-14 22:16:57,85,0.413,4.48,23.3
2020-11-14 22:16:57,86,0.418,4.47,-20.0
2020-11-14 22:16:57,87,0.441,4.47,-20.0
2020-11-14 22:16:57,88,0.402,4.48,-20.0
2020-11-14 22:16:57,89,0.414,4.49,-20.0
2020-11-14 22:16:57,90,0.409,4.47,-20.0
2020-11-14 22:16:57,91,0.417,4.48,-20.0
2020-11-14 22:16:57,92,0.407,4.5,-20.0
2020-11-14 22:16:57,93,0.414,4.5,-20.0
2020-11-14 22:16:57,94,0.414,4.48,-20.0
2020-11-14 22:16:57,95,0.415,4.46,-20.0
2020-11-14 22:16:57,96,0.411,4.49,-20.0
2020-11-15 10:16:22,1,0.416,4.49,25.5
2020-11-15 10:16:22,2,0.41,4.51,-20.0
2020-11-15 10:16:22,3,0.418,4.51,-20.0
2020-11-15 10:16:22,4,0.419,4.49,-20.0
2020-11-15 10:16:22,5,0.41,4.5,-20.0
2020-11-15 10:16:22,6,0.421,4.5,-20.0
2020-11-15 10:16:22,7,0.408,4.49,-20.0
2020-11-15 10:16:22,8,0.411,4.5,-20.0
2020-11-15 10:16:22,9,0.413,4.48,-20.0
2020-11-15 10:16:22,10,0.416,4.51,-20.0
2020-11-15 10:16:22,11,0.417,4.46,-20.0
2020-11-15 10:16:22,12,0.416,4.46,-20.0
2020-11-15 10:16:22,13,0.409,4.48,24.6
2020-11-15 10:16:22,14,0.415,4.49,-20.0
2020-11-15 10:16:22,15,0.41,4.52,-20.0
2020-11-15 10:16:22,16,0.423,4.52,-20.0
2020-11-15 10:16:22,17,0.41,4.49,-20.0
2020-11-15 10:16:22,18,0.422,4.49,-20.0
2020-11-15 10:16:22,19,0.433,4.47,-20.0
2020-11-15 10:16:22,20,0.412,4.48,-20.0
2020-11-15 10:16:22,21,0.419,4.48,-20.0
2020-11-15 10:16:22,22,0.42,4.47,-20.0
2020-11-15 10:16:22,23,0.44,4.48,-20.0
2020-11-15 10:16:22,24,0.397,4.49,-20.0
2020-11-15 10:16:22,25,0.415,4.5,22.2
2020-11-15 10:16:22,26,0.412,4.48,-20.0
2020-11-15 10:16:22,27,0.404,4.47,-20.0
2020-11-15 10:16:22,28,0.412,4.47,-20.0
2020-11-15 10:16:22,29,0.411,4.46,-20.0
2020-11-15 10:16:22,30,0.418,4.48,-20.0
2020-11-15 10:16:22,31,0.419,4.47,-20.0
2020-11-15 10:16:22,32,0.407,4.47,-20.0
2020-11-15 10:16:22,33,0.409,4.48,-20.0
2020-11-15 10:16:22,34,0.411,4.48,-20.0
2020-11-15 10:16:22,35,0.414,4.49,-20.0
2020-11-15 10:16:22,36,0.407,4.51,-20.0
2020-11-15 10:16:22,37,0.409,4.49,22.7
2020-11-15 10:16:22,38,0.419,4.49,-20.0
2020-11-15 10:16:22,39,0.419,4.47,-20.0
2020-11-15 10:16:22,40,0.413,4.48,-20.0
2020-11-15 10:16:22,41,0.408,4.5,-20.0
2020-11-15 10:16:22,42,0.403,4.47,-20.0
2020-11-15 10:16:22,43,0.416,4.47,-20.0
2020-11-15 10:16:22,44,0.425,4.49,-20.0
2020-11-15 10:16:22,45,0.415,4.5,-20.0
2020-11-15 10:16:22,46,0.419,4.48,-20.0
2020-11-15 10:16:22,47,0.421,4.48,-20.0
2020-11-15 10:16:22,48,0.416,4.49,-20.0
2020-11-15 10:16:22,49,0.488,4.46,24.6
2020-11-15 10:16:22,50,0.421,4.47,-20.0
2020-11-15 10:16:22,51,0.41,4.47,-20.0
2020-11-15 10:16:22,52,0.419,4.46,-20.0
2020-11-15 10:16:22,53,0.414,4.46,-20.0
2020-11-15 10:16:22,54,0.423,4.46,-20.0
2020-11-15 10:16:22,55,0.427,4.44,-20.0
2020-11-15 10:16:22,56,0.414,4.44,-20.0
2020-11-15 10:16:22,57,0.423,4.43,-20.0
2020-11-15 10:16:22,58,0.423,4.42,-20.0
2020-11-15 10:16:22,59,0.417,4.45,-20.0
2020-11-15 10:16:22,60,0.402,4.47,-20.0
2020-11-15 10:16:22,61,0.417,4.5,22.1
2020-11-15 10:16:22,62,0.41,4.49,-20.0
2020-11-15 10:16:22,63,0.39,4.48,-20.0
2020-11-15 10:16:22,64,0.401,4.47,-20.0
2020-11-15 10:16:22,65,0.4,4.45,-20.0
2020-11-15 10:16:22,66,0.41,4.46,-20.0
2020-11-15 10:16:22,67,0.41,4.43,-20.0
2020-11-15 10:16:22,68,0.401,4.46,-20.0
2020-11-15 10:16:22,69,0.411,4.45,-20.0
2020-11-15 10:16:22,70,0.385,4.47,-20.0
2020-11-15 10:16:22,71,0.41,4.49,-20.0
2020-11-15 10:16:22,72,0.414,4.48,-20.0
2020-11-15 10:16:22,73,0.389,4.51,22.0
2020-11-15 10:16:22,74,0.401,4.48,-20.0
2020-11-15 10:16:22,75,0.417,4.47,-20.0
2020-11-15 10:16:22,76,0.422,4.45,-20.0
2020-11-15 10:16:22,77,0.424,4.51,-20.0
2020-11-15 10:16:22,78,0.401,4.48,-20.0
2020-11-15 10:16:22,79,0.388,4.49,-20.0
2020-11-15 10:16:22,80,0.422,4.5,-20.0
2020-11-15 10:16:22,81,0.427,4.52,-20.0
2020-11-15 10:16:22,82,0.423,4.52,-20.0
2020-11-15 10:16:22,83,0.421,4.5,-20.0
2020-11-15 10:16:22,84,0.417,4.49,-20.0
2020-11-15 10:16:22,85,0.406,4.48,22.8
2020-11-15 10:16:22,86,0.418,4.47,-20.0
2020-11-15 10:16:22,87,0.441,4.47,-20.0
2020-11-15 10:16:22,88,0.4,4.48,-20.0
2020-11-15 10:16:22,89,0.407,4.49,-20.0
2020-11-15 10:16:22,90,0.405,4.47,-20.0
2020-11-15 10:16:22,91,0.417,4.48,-20.0
2020-11-15 10:16:22,92,0.408,4.5,-20.0
2020-11-15 10:16:22,93,0.413,4.5,-20.0
2020-11-15 10:16:22,94,0.417,4.48,-20.0
2020-11-15 10:16:22,95,0.419,4.47,-20.0
2020-11-15 10:16:22,96,0.41,4.49,-20.0
2020-11-15 22:15:55,1,0.415,4.5,25.5
2020-11-15 22:15:55,2,0.411,4.51,-20.0
2020-11-15 22:15:55,3,0.418,4.51,-20.0
2020-11-15 22:15:55,4,0.418,4.49,-20.0
2020-11-15 22:15:55,5,0.408,4.51,-20.0
2020-11-15 22:15:55,6,0.417,4.49,-20.0
2020-11-15 22:15:55,7,0.406,4.48,-20.0
2020-11-15 22:15:55,8,0.409,4.5,-20.0
2020-11-15 22:15:55,9,0.412,4.48,-20.0
2020-11-15 22:15:55,10,0.415,4.5,-20.0
2020-11-15 22:15:55,11,0.415,4.46,-20.0
2020-11-15 22:15:55,12,0.414,4.47,-20.0
2020-11-15 22:15:55,13,0.408,4.48,24.6
2020-11-15 22:15:55,14,0.415,4.48,-20.0
2020-11-15 22:15:55,15,0.409,4.52,-20.0
2020-11-15 22:15:55,16,0.42,4.52,-20.0
2020-11-15 22:15:55,17,0.409,4.5,-20.0
2020-11-15 22:15:55,18,0.431,4.5,-20.0
2020-11-15 22:15:55,19,0.44,4.47,-20.0
2020-11-15 22:15:55,20,0.414,4.48,-20.0
2020-11-15 22:15:55,21,0.419,4.48,-20.0
2020-11-15 22:15:55,22,0.416,4.47,-20.0
2020-11-15 22:15:55,23,0.437,4.48,-20.0
2020-11-15 22:15:55,24,0.408,4.5,-20.0
2020-11-15 22:15:55,25,0.412,4.51,22.2
2020-11-15 22:15:55,26,0.414,4.48,-20.0
2020-11-15 22:15:55,27,0.398,4.47,-20.0
2020-11-15 22:15:55,28,0.405,4.46,-20.0
2020-11-15 22:15:55,29,0.412,4.46,-20.0
2020-11-15 22:15:55,30,0.418,4.49,-20.0
2020-11-15 22:15:55,31,0.42,4.47,-20.0
2020-11-15 22:15:55,32,0.398,4.47,-20.0
2020-11-15 22:15:55,33,0.402,4.48,-20.0
2020-11-15 22:15:55,34,0.401,4.48,-20.0
2020-11-15 22:15:55,35,0.411,4.48,-20.0
2020-11-15 22:15:55,36,0.403,4.5,-20.0
2020-11-15 22:15:55,37,0.401,4.48,22.6
2020-11-15 22:15:55,38,0.409,4.5,-20.0
2020-11-15 22:15:55,39,0.427,4.47,-20.0
2020-11-15 22:15:55,40,0.411,4.48,-20.0
2020-11-15 22:15:55,41,0.409,4.5,-20.0
2020-11-15 22:15:55,42,0.406,4.47,-20.0
2020-11-15 22:15:55,43,0.413,4.47,-20.0
2020-11-15 22:15:55,44,0.424,4.49,-20.0
2020-11-15 22:15:55,45,0.417,4.49,-20.0
2020-11-15 22:15:55,46,0.419,4.48,-20.0
2020-11-15 22:15:55,47,0.417,4.48,-20.0
2020-11-15 22:15:55,48,0.395,4.48,-20.0
2020-11-15 22:15:55,49,0.485,4.47,24.6
2020-11-15 22:15:55,50,0.418,4.48,-20.0
2020-11-15 22:15:55,51,0.412,4.47,-20.0
2020-11-15 22:15:55,52,0.419,4.47,-20.0
2020-11-15 22:15:55,53,0.418,4.46,-20.0
2020-11-15 22:15:55,54,0.432,4.46,-20.0
2020-11-15 22:15:55,55,0.435,4.44,-20.0
2020-11-15 22:15:55,56,0.413,4.44,-20.0
2020-11-15 22:15:55,57,0.425,4.43,-20.0
2020-11-15 22:15:55,58,0.431,4.43,-20.0
2020-11-15 22:15:55,59,0.41,4.45,-20.0
2020-11-15 22:15:55,60,0.416,4.46,-20.0
2020-11-15 22:15:55,61,0.417,4.5,22.0
2020-11-15 22:15:55,62,0.412,4.49,-20.0
2020-11-15 22:15:55,63,0.378,4.48,-20.0
2020-11-15 22:15:55,64,0.392,4.46,-20.0
2020-11-15 22:15:55,65,0.389,4.45,-20.0
2020-11-15 22:15:55,66,0.416,4.45,-20.0
2020-11-15 22:15:55,67,0.41,4.43,-20.0
2020-11-15 22:15:55,68,0.397,4.46,-20.0
2020-11-15 22:15:55,69,0.403,4.45,-20.0
2020-11-15 22:15:55,70,0.38,4.47,-20.0
2020-11-15 22:15:55,71,0.413,4.49,-20.0
2020-11-15 22:15:55,72,0.414,4.49,-20.0
2020-11-15 22:15:55,73,0.388,4.51,22.0
2020-11-15 22:15:55,74,0.397,4.48,-20.0
2020-11-15 22:15:55,75,0.416,4.47,-20.0
2020-11-15 22:15:55,76,0.421,4.45,-20.0
2020-11-15 22:15:55,77,0.424,4.51,-20.0
2020-11-15 22:15:55,78,0.399,4.48,-20.0
2020-11-15 22:15:55,79,0.393,4.48,-20.0
2020-11-15 22:15:55,80,0.423,4.5,-20.0
2020-11-15 22:15:55,81,0.429,4.51,-20.0
2020-11-15 22:15:55,82,0.424,4.52,-20.0
2020-11-15 22:15:55,83,0.423,4.5,-20.0
2020-11-15 22:15:55,84,0.419,4.49,-20.0
2020-11-15 22:15:55,85,0.409,4.48,22.8
2020-11-15 22:15:55,86,0.418,4.46,-20.0
2020-11-15 22:15:55,87,0.44,4.47,-20.0
2020-11-15 22:15:55,88,0.397,4.47,-20.0
2020-11-15 22:15:55,89,0.408,4.49,-20.0
2020-11-15 22:15:55,90,0.408,4.47,-20.0
2020-11-15 22:15:55,91,0.419,4.48,-20.0
2020-11-15 22:15:55,92,0.408,4.5,-20.0
2020-11-15 22:15:55,93,0.414,4.5,-20.0
2020-11-15 22:15:55,94,0.418,4.47,-20.0
2020-11-15 22:15:55,95,0.418,4.46,-20.0
2020-11-15 22:15:55,96,0.412,4.49,-20.0
2020-11-16 10:15:25,1,0.408,4.5,25.5
2020-11-16 10:15:25,2,0.41,4.51,-20.0
2020-11-16 10:15:25,3,0.418,4.51,-20.0
2020-11-16 10:15:25,4,0.417,4.49,-20.0
2020-11-16 10:15:25,5,0.408,4.51,-20.0
2020-11-16 10:15:25,6,0.413,4.49,-20.0
2020-11-16 10:15:25,7,0.402,4.48,-20.0
2020-11-16 10:15:25,8,0.404,4.5,-20.0
2020-11-16 10:15:25,9,0.412,4.47,-20.0
2020-11-16 10:15:25,10,0.417,4.5,-20.0
2020-11-16 10:15:25,11,0.416,4.46,-20.0
2020-11-16 10:15:25,12,0.415,4.46,-20.0
2020-11-16 10:15:25,13,0.408,4.48,24.8
2020-11-16 10:15:25,14,0.417,4.49,-20.0
2020-11-16 10:15:25,15,0.409,4.52,-20.0
2020-11-16 10:15:25,16,0.419,4.52,-20.0
2020-11-16 10:15:25,17,0.413,4.49,-20.0
2020-11-16 10:15:25,18,0.43,4.5,-20.0
2020-11-16 10:15:25,19,0.442,4.47,-20.0
2020-11-16 10:15:25,20,0.416,4.48,-20.0
2020-11-16 10:15:25,21,0.418,4.48,-20.0
2020-11-16 10:15:25,22,0.419,4.48,-20.0
2020-11-16 10:15:25,23,0.44,4.48,-20.0
2020-11-16 10:15:25,24,0.411,4.49,-20.0
2020-11-16 10:15:25,25,0.412,4.51,22.3
2020-11-16 10:15:25,26,0.415,4.48,-20.0
2020-11-16 10:15:25,27,0.4,4.47,-20.0
2020-11-16 10:15:25,28,0.41,4.46,-20.0
2020-11-16 10:15:25,29,0.414,4.47,-20.0
2020-11-16 10:15:25,30,0.417,4.48,-20.0
2020-11-16 10:15:25,31,0.417,4.46,-20.0
2020-11-16 10:15:25,32,0.403,4.47,-20.0
2020-11-16 10:15:25,33,0.405,4.48,-20.0
2020-11-16 10:15:25,34,0.406,4.48,-20.0
2020-11-16 10:15:25,35,0.414,4.49,-20.0
2020-11-16 10:15:25,36,0.406,4.5,-20.0
2020-11-16 10:15:25,37,0.406,4.49,22.8
2020-11-16 10:15:25,38,0.411,4.49,-20.0
2020-11-16 10:15:25,39,0.427,4.47,-20.0
2020-11-16 10:15:25,40,0.412,4.47,-20.0
2020-11-16 10:15:25,41,0.411,4.49,-20.0
2020-11-16 10:15:25,42,0.405,4.47,-20.0
2020-11-16 10:15:25,43,0.414,4.48,-20.0
2020-11-16 10:15:25,44,0.427,4.49,-20.0
2020-11-16 10:15:25,45,0.42,4.49,-20.0
2020-11-16 10:15:25,46,0.42,4.49,-20.0
2020-11-16 10:15:25,47,0.42,4.5,-20.0
2020-11-16 10:15:25,48,0.403,4.49,-20.0
2020-11-16 10:15:25,49,0.485,4.46,24.7
2020-11-16 10:15:25,50,0.42,4.47,-20.0
2020-11-16 10:15:25,51,0.412,4.47,-20.0
2020-11-16 10:15:25,52,0.418,4.47,-20.0
2020-11-16 10:15:25,53,0.418,4.45,-20.0
2020-11-16 10:15:25,54,0.427,4.46,-20.0
2020-11-16 10:15:25,55,0.422,4.44,-20.0
2020-11-16 10:15:25,56,0.411,4.44,-20.0
2020-11-16 10:15:25,57,0.42,4.43,-20.0
2020-11-16 10:15:25,58,0.418,4.43,-20.0
2020-11-16 10:15:25,59,0.402,4.45,-20.0
2020-11-16 10:15:25,60,0.398,4.46,-20.0
2020-11-16 10:15:25,61,0.418,4.5,22.3
2020-11-16 10:15:25,62,0.413,4.49,-20.0
2020-11-16 10:15:25,63,0.388,4.48,-20.0
2020-11-16 10:15:25,64,0.395,4.46,-20.0
2020-11-16 10:15:25,65,0.392,4.45,-20.0
2020-11-16 10:15:25,66,0.417,4.45,-20.0
2020-11-16 10:15:25,67,0.412,4.43,-20.0
2020-11-16 10:15:25,68,0.401,4.45,-20.0
2020-11-16 10:15:25,69,0.404,4.45,-20.0
2020-11-16 10:15:25,70,0.386,4.47,-20.0
2020-11-16 10:15:25,71,0.412,4.49,-20.0
2020-11-16 10:15:25,72,0.417,4.49,-20.0
2020-11-16 10:15:25,73,0.397,4.51,22.6
2020-11-16 10:15:25,74,0.401,4.48,-20.0
2020-11-16 10:15:25,75,0.416,4.47,-20.0
2020-11-16 10:15:25,76,0.419,4.45,-20.0
2020-11-16 10:15:25,77,0.422,4.51,-20.0
2020-11-16 10:15:25,78,0.401,4.47,-20.0
2020-11-16 10:15:25,79,0.398,4.48,-20.0
2020-11-16 10:15:25,80,0.424,4.51,-20.0
2020-11-16 10:15:25,81,0.429,4.51,-20.0
2020-11-16 10:15:25,82,0.423,4.52,-20.0
2020-11-16 10:15:25,83,0.423,4.51,-20.0
2020-11-16 10:15:25,84,0.421,4.5,-20.0
2020-11-16 10:15:25,85,0.412,4.48,23.5
2020-11-16 10:15:25,86,0.414,4.47,-20.0
2020-11-16 10:15:25,87,0.438,4.46,-20.0
2020-11-16 10:15:25,88,0.398,4.48,-20.0
2020-11-16 10:15:25,89,0.41,4.49,-20.0
2020-11-16 10:15:25,90,0.406,4.48,-20.0
2020-11-16 10:15:25,91,0.419,4.49,-20.0
2020-11-16 10:15:25,92,0.408,4.5,-20.0
2020-11-16 10:15:25,93,0.415,4.5,-20.0
2020-11-16 10:15:25,94,0.416,4.47,-20.0
2020-11-16 10:15:25,95,0.419,4.46,-20.0
2020-11-16 10:15:25,96,0.412,4.49,-20.0
2020-11-16 22:14:57,1,0.407,4.5,25.4
2020-11-16 22:14:57,2,0.414,4.5,-20.0
2020-11-16 22:14:57,3,0.418,4.51,-20.0
2020-11-16 22:14:57,4,0.415,4.49,-20.0
2020-11-16 22:14:57,5,0.407,4.51,-20.0
2020-11-16 22:14:57,6,0.414,4.49,-20.0
2020-11-16 22:14:57,7,0.404,4.48,-20.0
2020-11-16 22:14:57,8,0.406,4.5,-20.0
2020-11-16 22:14:57,9,0.414,4.48,-20.0
2020-11-16 22:14:57,10,0.419,4.5,-20.0
2020-11-16 22:14:57,11,0.416,4.46,-20.0
2020-11-16 22:14:57,12,0.416,4.46,-20.0
2020-11-16 22:14:57,13,0.41,4.48,24.8
2020-11-16 22:14:57,14,0.42,4.49,-20.0
2020-11-16 22:14:57,15,0.411,4.51,-20.0
2020-11-16 22:14:57,16,0.418,4.52,-20.0
2020-11-16 22:14:57,17,0.415,4.49,-20.0
2020-11-16 22:14:57,18,0.432,4.49,-20.0
2020-11-16 22:14:57,19,0.442,4.46,-20.0
2020-11-16 22:14:57,20,0.415,4.48,-20.0
2020-11-16 22:14:57,21,0.419,4.47,-20.0
2020-11-16 22:14:57,22,0.422,4.48,-20.0
2020-11-16 22:14:57,23,0.444,4.47,-20.0
2020-11-16 22:14:57,24,0.411,4.49,-20.0
2020-11-16 22:14:57,25,0.413,4.5,22.5
2020-11-16 22:14:57,26,0.414,4.48,-20.0
2020-11-16 22:14:57,27,0.409,4.47,-20.0
2020-11-16 22:14:57,28,0.413,4.47,-20.0
2020-11-16 22:14:57,29,0.415,4.47,-20.0
2020-11-16 22:14:57,30,0.417,4.48,-20.0
2020-11-16 22:14:57,31,0.418,4.46,-20.0
2020-11-16 22:14:57,32,0.402,4.48,-20.0
2020-11-16 22:14:57,33,0.406,4.48,-20.0
2020-11-16 22:14:57,34,0.408,4.5,-20.0
2020-11-16 22:14:57,35,0.413,4.48,-20.0
2020-11-16 22:14:57,36,0.407,4.5,-20.0
2020-11-16 22:14:57,37,0.406,4.48,23.0
2020-11-16 22:14:57,38,0.412,4.49,-20.0
2020-11-16 22:14:57,39,0.427,4.48,-20.0
2020-11-16 22:14:57,40,0.413,4.48,-20.0
2020-11-16 22:14:57,41,0.412,4.48,-20.0
2020-11-16 22:14:57,42,0.391,4.47,-20.0
2020-11-16 22:14:57,43,0.395,4.48,-20.0
2020-11-16 22:14:57,44,0.417,4.49,-20.0
2020-11-16 22:14:57,45,0.419,4.49,-20.0
2020-11-16 22:14:57,46,0.421,4.49,-20.0
2020-11-16 22:14:57,47,0.409,4.5,-20.0
2020-11-16 22:14:57,48,0.389,4.48,-20.0
2020-11-16 22:14:57,49,0.484,4.46,24.8
2020-11-16 22:14:57,50,0.42,4.46,-20.0
2020-11-16 22:14:57,51,0.411,4.47,-20.0
2020-11-16 22:14:57,52,0.418,4.47,-20.0
2020-11-16 22:14:57,53,0.418,4.45,-20.0
2020-11-16 22:14:57,54,0.424,4.46,-20.0
2020-11-16 22:14:57,55,0.422,4.44,-20.0
2020-11-16 22:14:57,56,0.415,4.44,-20.0
2020-11-16 22:14:57,57,0.421,4.43,-20.0
2020-11-16 22:14:57,58,0.416,4.43,-20.0
2020-11-16 22:14:57,59,0.408,4.45,-20.0
2020-11-16 22:14:57,60,0.402,4.46,-20.0
2020-11-16 22:14:57,61,0.416,4.5,22.5
2020-11-16 22:14:57,62,0.409,4.49,-20.0
2020-11-16 22:14:57,63,0.396,4.48,-20.0
2020-11-16 22:14:57,64,0.395,4.46,-20.0
2020-11-16 22:14:57,65,0.396,4.45,-20.0
2020-11-16 22:14:57,66,0.419,4.45,-20.0
2020-11-16 22:14:57,67,0.411,4.43,-20.0
2020-11-16 22:14:57,68,0.404,4.46,-20.0
2020-11-16 22:14:57,69,0.404,4.45,-20.0
2020-11-16 22:14:57,70,0.39,4.47,-20.0
2020-11-16 22:14:57,71,0.415,4.48,-20.0
2020-11-16 22:14:57,72,0.417,4.49,-20.0
2020-11-16 22:14:57,73,0.402,4.52,22.7
2020-11-16 22:14:57,74,0.402,4.49,-20.0
2020-11-16 22:14:57,75,0.419,4.48,-20.0
2020-11-16 22:14:57,76,0.42,4.46,-20.0
2020-11-16 22:14:57,77,0.42,4.51,-20.0
2020-11-16 22:14:57,78,0.405,4.47,-20.0
2020-11-16 22:14:57,79,0.401,4.48,-20.0
2020-11-16 22:14:57,80,0.426,4.51,-20.0
2020-11-16 22:14:57,81,0.429,4.51,-20.0
2020-11-16 22:14:57,82,0.419,4.52,-20.0
2020-11-16 22:14:57,83,0.421,4.5,-20.0
2020-11-16 22:14:57,84,0.423,4.5,-20.0
2020-11-16 22:14:57,85,0.414,4.47,24.0
2020-11-16 22:14:57,86,0.414,4.47,-20.0
2020-11-16 22:14:57,87,0.437,4.46,-20.0
2020-11-16 22:14:57,88,0.402,4.48,-20.0
2020-11-16 22:14:57,89,0.41,4.49,-20.0
2020-11-16 22:14:57,90,0.406,4.47,-20.0
2020-11-16 22:14:57,91,0.418,4.49,-20.0
2020-11-16 22:14:57,92,0.405,4.5,-20.0
2020-11-16 22:14:57,93,0.415,4.5,-20.0
2020-11-16 22:14:57,94,0.416,4.48,-20.0
2020-11-16 22:14:57,95,0.415,4.47,-20.0
2020-11-16 22:14:57,96,0.405,4.49,-20.0
2020-11-17 10:14:36,1,0.408,4.49,25.5
2020-11-17 10:14:36,2,0.416,4.51,-20.0
2020-11-17 10:14:36,3,0.418,4.52,-20.0
2020-11-17 10:14:36,4,0.418,4.49,-20.0
2020-11-17 10:14:36,5,0.407,4.51,-20.0
2020-11-17 10:14:36,6,0.415,4.49,-20.0
2020-11-17 10:14:36,7,0.404,4.49,-20.0
2020-11-17 10:14:36,8,0.406,4.51,-20.0
2020-11-17 10:14:36,9,0.415,4.48,-20.0
2020-11-17 10:14:36,10,0.418,4.5,-20.0
2020-11-17 10:14:36,11,0.415,4.45,-20.0
2020-11-17 10:14:36,12,0.416,4.46,-20.0
2020-11-17 10:14:36,13,0.41,4.48,24.8
2020-11-17 10:14:36,14,0.419,4.5,-20.0
2020-11-17 10:14:36,15,0.411,4.52,-20.0
2020-11-17 10:14:36,16,0.421,4.52,-20.0
2020-11-17 10:14:36,17,0.414,4.49,-20.0
2020-11-17 10:14:36,18,0.43,4.5,-20.0
2020-11-17 10:14:36,19,0.44,4.48,-20.0
2020-11-17 10:14:36,20,0.413,4.47,-20.0
2020-11-17 10:14:36,21,0.416,4.49,-20.0
2020-11-17 10:14:36,22,0.42,4.47,-20.0
2020-11-17 10:14:36,23,0.444,4.48,-20.0
2020-11-17 10:14:36,24,0.406,4.49,-20.0
2020-11-17 10:14:36,25,0.413,4.49,22.6
2020-11-17 10:14:36,26,0.414,4.48,-20.0
2020-11-17 10:14:36,27,0.414,4.47,-20.0
2020-11-17 10:14:36,28,0.414,4.46,-20.0
2020-11-17 10:14:36,29,0.421,4.47,-20.0
2020-11-17 10:14:36,30,0.418,4.48,-20.0
2020-11-17 10:14:36,31,0.417,4.45,-20.0
2020-11-17 10:14:36,32,0.405,4.47,-20.0
2020-11-17 10:14:36,33,0.406,4.49,-20.0
2020-11-17 10:14:36,34,0.411,4.49,-20.0
2020-11-17 10:14:36,35,0.415,4.49,-20.0
2020-11-17 10:14:36,36,0.408,4.5,-20.0
2020-11-17 10:14:36,37,0.41,4.48,23.1
2020-11-17 10:14:36,38,0.413,4.48,-20.0
2020-11-17 10:14:36,39,0.425,4.48,-20.0
2020-11-17 10:14:36,40,0.413,4.48,-20.0
2020-11-17 10:14:36,41,0.414,4.49,-20.0
2020-11-17 10:14:36,42,0.397,4.47,-20.0
2020-11-17 10:14:36,43,0.402,4.48,-20.0
2020-11-17 10:14:36,44,0.42,4.49,-20.0
2020-11-17 10:14:36,45,0.417,4.49,-20.0
2020-11-17 10:14:36,46,0.42,4.49,-20.0
2020-11-17 10:14:36,47,0.415,4.49,-20.0
2020-11-17 10:14:36,48,0.396,4.48,-20.0
2020-11-17 10:14:36,49,0.483,4.46,24.6
2020-11-17 10:14:36,50,0.427,4.47,-20.0
2020-11-17 10:14:36,51,0.407,4.48,-20.0
2020-11-17 10:14:36,52,0.416,4.47,-20.0
2020-11-17 10:14:36,53,0.434,4.45,-20.0
2020-11-17 10:14:36,54,0.439,4.47,-20.0
2020-11-17 10:14:36,55,0.425,4.44,-20.0
2020-11-17 10:14:36,56,0.416,4.44,-20.0
2020-11-17 10:14:36,57,0.422,4.43,-20.0
2020-11-17 10:14:36,58,0.431,4.43,-20.0
2020-11-17 10:14:36,59,0.445,4.45,-20.0
2020-11-17 10:14:36,60,0.434,4.47,-20.0
2020-11-17 10:14:36,61,0.416,4.49,22.5
2020-11-17 10:14:36,62,0.41,4.5,-20.0
2020-11-17 10:14:36,63,0.362,4.48,-20.0
2020-11-17 10:14:36,64,0.363,4.46,-20.0
2020-11-17 10:14:36,65,0.447,4.45,-20.0
2020-11-17 10:14:36,66,0.419,4.45,-20.0
2020-11-17 10:14:36,67,0.414,4.44,-20.0
2020-11-17 10:14:36,68,0.363,4.46,-20.0
2020-11-17 10:14:36,69,0.372,4.46,-20.0
2020-11-17 10:14:36,70,0.359,4.48,-20.0
2020-11-17 10:14:36,71,0.412,4.49,-20.0
2020-11-17 10:14:36,72,0.415,4.49,-20.0
2020-11-17 10:14:36,73,0.383,4.52,22.6
2020-11-17 10:14:36,74,0.377,4.48,-20.0
2020-11-17 10:14:36,75,0.363,4.47,-20.0
2020-11-17 10:14:36,76,0.42,4.45,-20.0
2020-11-17 10:14:36,77,0.42,4.51,-20.0
2020-11-17 10:14:36,78,0.403,4.48,-20.0
2020-11-17 10:14:36,79,0.402,4.48,-20.0
2020-11-17 10:14:36,80,0.421,4.51,-20.0
2020-11-17 10:14:36,81,0.429,4.51,-20.0
2020-11-17 10:14:36,82,0.417,4.51,-20.0
2020-11-17 10:14:36,83,0.422,4.51,-20.0
2020-11-17 10:14:36,84,0.423,4.49,-20.0
2020-11-17 10:14:36,85,0.413,4.47,23.8
2020-11-17 10:14:36,86,0.415,4.47,-20.0
2020-11-17 10:14:36,87,0.441,4.47,-20.0
2020-11-17 10:14:36,88,0.403,4.48,-20.0
2020-11-17 10:14:36,89,0.414,4.49,-20.0
2020-11-17 10:14:36,90,0.404,4.47,-20.0
2020-11-17 10:14:36,91,0.418,4.48,-20.0
2020-11-17 10:14:36,92,0.403,4.51,-20.0
2020-11-17 10:14:36,93,0.414,4.5,-20.0
2020-11-17 10:14:36,94,0.416,4.47,-20.0
2020-11-17 10:14:36,95,0.417,4.46,-20.0
2020-11-17 10:14:36,96,0.406,4.49,-20.0
2020-11-17 22:13:58,1,0.411,4.5,25.5
2020-11-17 22:13:58,2,0.415,4.51,-20.0
2020-11-17 22:13:58,3,0.418,4.51,-20.0
2020-11-17 22:13:58,4,0.416,4.48,-20.0
2020-11-17 22:13:58,5,0.407,4.51,-20.0
2020-11-17 22:13:58,6,0.417,4.48,-20.0
2020-11-17 22:13:58,7,0.404,4.49,-20.0
2020-11-17 22:13:58,8,0.406,4.51,-20.0
2020-11-17 22:13:58,9,0.414,4.48,-20.0
2020-11-17 22:13:58,10,0.419,4.5,-20.0
2020-11-17 22:13:58,11,0.419,4.46,-20.0
2020-11-17 22:13:58,12,0.418,4.47,-20.0
2020-11-17 22:13:58,13,0.41,4.47,24.8
2020-11-17 22:13:58,14,0.418,4.49,-20.0
2020-11-17 22:13:58,15,0.41,4.52,-20.0
2020-11-17 22:13:58,16,0.42,4.51,-20.0
2020-11-17 22:13:58,17,0.414,4.49,-20.0
2020-11-17 22:13:58,18,0.43,4.49,-20.0
2020-11-17 22:13:58,19,0.439,4.47,-20.0
2020-11-17 22:13:58,20,0.414,4.48,-20.0
2020-11-17 22:13:58,21,0.414,4.48,-20.0
2020-11-17 22:13:58,22,0.425,4.47,-20.0
2020-11-17 22:13:58,23,0.449,4.48,-20.0
2020-11-17 22:13:58,24,0.409,4.49,-20.0
2020-11-17 22:13:58,25,0.413,4.51,22.4
2020-11-17 22:13:58,26,0.415,4.47,-20.0
2020-11-17 22:13:58,27,0.419,4.46,-20.0
2020-11-17 22:13:58,28,0.42,4.47,-20.0
2020-11-17 22:13:58,29,0.426,4.47,-20.0
2020-11-17 22:13:58,30,0.42,4.47,-20.0
2020-11-17 22:13:58,31,0.416,4.46,-20.0
2020-11-17 22:13:58,32,0.408,4.47,-20.0
2020-11-17 22:13:58,33,0.412,4.5,-20.0
2020-11-17 22:13:58,34,0.413,4.49,-20.0
2020-11-17 22:13:58,35,0.411,4.48,-20.0
2020-11-17 22:13:58,36,0.407,4.5,-20.0
2020-11-17 22:13:58,37,0.39,4.48,22.9
2020-11-17 22:13:58,38,0.397,4.48,-20.0
2020-11-17 22:13:58,39,0.412,4.48,-20.0
2020-11-17 22:13:58,40,0.411,4.48,-20.0
2020-11-17 22:13:58,41,0.412,4.49,-20.0
2020-11-17 22:13:58,42,0.387,4.47,-20.0
2020-11-17 22:13:58,43,0.394,4.48,-20.0
2020-11-17 22:13:58,44,0.408,4.49,-20.0
2020-11-17 22:13:58,45,0.417,4.49,-20.0
2020-11-17 22:13:58,46,0.418,4.48,-20.0
2020-11-17 22:13:58,47,0.406,4.49,-20.0
2020-11-17 22:13:58,48,0.404,4.48,-20.0
2020-11-17 22:13:58,49,0.496,4.46,24.7
2020-11-17 22:13:58,50,0.422,4.46,-20.0
2020-11-17 22:13:58,51,0.409,4.47,-20.0
2020-11-17 22:13:58,52,0.415,4.47,-20.0
2020-11-17 22:13:58,53,0.43,4.46,-20.0
2020-11-17 22:13:58,54,0.443,4.47,-20.0
2020-11-17 22:13:58,55,0.432,4.44,-20.0
2020-11-17 22:13:58,56,0.415,4.43,-20.0
2020-11-17 22:13:58,57,0.421,4.43,-20.0
2020-11-17 22:13:58,58,0.423,4.43,-20.0
2020-11-17 22:13:58,59,0.448,4.44,-20.0
2020-11-17 22:13:58,60,0.43,4.46,-20.0
2020-11-17 22:13:58,61,0.417,4.49,22.2
2020-11-17 22:13:58,62,0.408,4.49,-20.0
2020-11-17 22:13:58,63,0.378,4.48,-20.0
2020-11-17 22:13:58,64,0.375,4.46,-20.0
2020-11-17 22:13:58,65,0.437,4.45,-20.0
2020-11-17 22:13:58,66,0.417,4.45,-20.0
2020-11-17 22:13:58,67,0.416,4.43,-20.0
2020-11-17 22:13:58,68,0.356,4.46,-20.0
2020-11-17 22:13:58,69,0.37,4.46,-20.0
2020-11-17 22:13:58,70,0.369,4.47,-20.0
2020-11-17 22:13:58,71,0.413,4.49,-20.0
2020-11-17 22:13:58,72,0.417,4.48,-20.0
2020-11-17 22:13:58,73,0.39,4.52,22.1
2020-11-17 22:13:58,74,0.385,4.48,-20.0
2020-11-17 22:13:58,75,0.408,4.48,-20.0
2020-11-17 22:13:58,76,0.422,4.46,-20.0
2020-11-17 22:13:58,77,0.422,4.51,-20.0
2020-11-17 22:13:58,78,0.406,4.47,-20.0
2020-11-17 22:13:58,79,0.404,4.48,-20.0
2020-11-17 22:13:58,80,0.417,4.5,-20.0
2020-11-17 22:13:58,81,0.43,4.51,-20.0
2020-11-17 22:13:58,82,0.418,4.51,-20.0
2020-11-17 22:13:58,83,0.422,4.5,-20.0
2020-11-17 22:13:58,84,0.423,4.5,-20.0
2020-11-17 22:13:58,85,0.414,4.47,23.0
2020-11-17 22:13:58,86,0.414,4.47,-20.0
2020-11-17 22:13:58,87,0.438,4.47,-20.0
2020-11-17 22:13:58,88,0.406,4.48,-20.0
2020-11-17 22:13:58,89,0.41,4.48,-20.0
2020-11-17 22:13:58,90,0.403,4.48,-20.0
2020-11-17 22:13:58,91,0.418,4.49,-20.0
2020-11-17 22:13:58,92,0.402,4.5,-20.0
2020-11-17 22:13:58,93,0.412,4.49,-20.0
2020-11-17 22:13:58,94,0.415,4.47,-20.0
2020-11-17 22:13:58,95,0.414,4.46,-20.0
2020-11-17 22:13:58,96,0.404,4.49,-20.0
2020-11-18 10:13:31,1,0.414,4.5,25.5
2020-11-18 10:13:31,2,0.416,4.51,-20.0
2020-11-18 10:13:31,3,0.418,4.51,-20.0
2020-11-18 10:13:31,4,0.416,4.48,-20.0
2020-11-18 10:13:31,5,0.407,4.51,-20.0
2020-11-18 10:13:31,6,0.415,4.49,-20.0
2020-11-18 10:13:31,7,0.404,4.48,-20.0
2020-11-18 10:13:31,8,0.408,4.49,-20.0
2020-11-18 10:13:31,9,0.413,4.47,-20.0
2020-11-18 10:13:31,10,0.418,4.5,-20.0
2020-11-18 10:13:31,11,0.417,4.46,-20.0
2020-11-18 10:13:31,12,0.418,4.46,-20.0
2020-11-18 10:13:31,13,0.409,4.49,24.8
2020-11-18 10:13:31,14,0.417,4.48,-20.0
2020-11-18 10:13:31,15,0.41,4.51,-20.0
2020-11-18 10:13:31,16,0.421,4.51,-20.0
2020-11-18 10:13:31,17,0.417,4.5,-20.0
2020-11-18 10:13:31,18,0.432,4.49,-20.0
2020-11-18 10:13:31,19,0.44,4.48,-20.0
2020-11-18 10:13:31,20,0.413,4.48,-20.0
2020-11-18 10:13:31,21,0.414,4.48,-20.0
2020-11-18 10:13:31,22,0.423,4.48,-20.0
2020-11-18 10:13:31,23,0.45,4.48,-20.0
2020-11-18 10:13:31,24,0.41,4.49,-20.0
2020-11-18 10:13:31,25,0.415,4.49,22.5
2020-11-18 10:13:31,26,0.415,4.48,-20.0
2020-11-18 10:13:31,27,0.416,4.47,-20.0
2020-11-18 10:13:31,28,0.418,4.47,-20.0
2020-11-18 10:13:31,29,0.428,4.46,-20.0
2020-11-18 10:13:31,30,0.419,4.48,-20.0
2020-11-18 10:13:31,31,0.419,4.46,-20.0
2020-11-18 10:13:31,32,0.412,4.47,-20.0
2020-11-18 10:13:31,33,0.412,4.48,-20.0
2020-11-18 10:13:31,34,0.415,4.49,-20.0
2020-11-18 10:13:31,35,0.41,4.48,-20.0
2020-11-18 10:13:31,36,0.405,4.5,-20.0
2020-11-18 10:13:31,37,0.394,4.48,23.0
2020-11-18 10:13:31,38,0.402,4.49,-20.0
2020-11-18 10:13:31,39,0.413,4.47,-20.0
2020-11-18 10:13:31,40,0.413,4.48,-20.0
2020-11-18 10:13:31,41,0.412,4.49,-20.0
2020-11-18 10:13:31,42,0.397,4.47,-20.0
2020-11-18 10:13:31,43,0.401,4.48,-20.0
2020-11-18 10:13:31,44,0.411,4.49,-20.0
2020-11-18 10:13:31,45,0.416,4.49,-20.0
2020-11-18 10:13:31,46,0.418,4.49,-20.0
2020-11-18 10:13:31,47,0.409,4.5,-20.0
2020-11-18 10:13:31,48,0.41,4.48,-20.0
2020-11-18 10:13:31,49,0.493,4.46,24.8
2020-11-18 10:13:31,50,0.422,4.47,-20.0
2020-11-18 10:13:31,51,0.412,4.47,-20.0
2020-11-18 10:13:31,52,0.414,4.47,-20.0
2020-11-18 10:13:31,53,0.428,4.46,-20.0
2020-11-18 10:13:31,54,0.436,4.46,-20.0
2020-11-18 10:13:31,55,0.431,4.44,-20.0
2020-11-18 10:13:31,56,0.417,4.43,-20.0
2020-11-18 10:13:31,57,0.422,4.43,-20.0
2020-11-18 10:13:31,58,0.423,4.43,-20.0
2020-11-18 10:13:31,59,0.44,4.44,-20.0
2020-11-18 10:13:31,60,0.429,4.46,-20.0
2020-11-18 10:13:31,61,0.415,4.5,22.5
2020-11-18 10:13:31,62,0.408,4.49,-20.0
2020-11-18 10:13:31,63,0.388,4.48,-20.0
2020-11-18 10:13:31,64,0.384,4.46,-20.0
2020-11-18 10:13:31,65,0.431,4.45,-20.0
2020-11-18 10:13:31,66,0.416,4.45,-20.0
2020-11-18 10:13:31,67,0.415,4.43,-20.0
2020-11-18 10:13:31,68,0.375,4.46,-20.0
2020-11-18 10:13:31,69,0.382,4.46,-20.0
2020-11-18 10:13:31,70,0.377,4.46,-20.0
2020-11-18 10:13:31,71,0.414,4.49,-20.0
2020-11-18 10:13:31,72,0.417,4.49,-20.0
2020-11-18 10:13:31,73,0.395,4.51,22.7
2020-11-18 10:13:31,74,0.39,4.48,-20.0
2020-11-18 10:13:31,75,0.411,4.48,-20.0
2020-11-18 10:13:31,76,0.423,4.45,-20.0
2020-11-18 10:13:31,77,0.421,4.51,-20.0
2020-11-18 10:13:31,78,0.409,4.47,-20.0
2020-11-18 10:13:31,79,0.408,4.49,-20.0
2020-11-18 10:13:31,80,0.417,4.5,-20.0
2020-11-18 10:13:31,81,0.429,4.51,-20.0
2020-11-18 10:13:31,82,0.418,4.52,-20.0
2020-11-18 10:13:31,83,0.421,4.5,-20.0
2020-11-18 10:13:31,84,0.422,4.5,-20.0
2020-11-18 10:13:31,85,0.416,4.47,23.9
2020-11-18 10:13:31,86,0.414,4.47,-20.0
2020-11-18 10:13:31,87,0.436,4.47,-20.0
2020-11-18 10:13:31,88,0.405,4.48,-20.0
2020-11-18 10:13:31,89,0.412,4.49,-20.0
2020-11-18 10:13:31,90,0.406,4.48,-20.0
2020-11-18 10:13:31,91,0.42,4.49,-20.0
2020-11-18 10:13:31,92,0.399,4.5,-20.0
2020-11-18 10:13:31,93,0.411,4.49,-20.0
2020-11-18 10:13:31,94,0.415,4.48,-20.0
2020-11-18 10:13:31,95,0.414,4.47,-20.0
2020-11-18 10:13:31,96,0.407,4.49,-20.0
2020-11-18 22:13:03,1,0.416,4.5,25.5
2020-11-18 22:13:03,2,0.417,4.51,-20.0
2020-11-18 22:13:03,3,0.419,4.52,-20.0
2020-11-18 22:13:03,4,0.416,4.48,-20.0
2020-11-18 22:13:03,5,0.405,4.51,-20.0
2020-11-18 22:13:03,6,0.417,4.49,-20.0
2020-11-18 22:13:03,7,0.404,4.48,-20.0
2020-11-18 22:13:03,8,0.41,4.5,-20.0
2020-11-18 22:13:03,9,0.413,4.48,-20.0
2020-11-18 22:13:03,10,0.418,4.5,-20.0
2020-11-18 22:13:03,11,0.414,4.46,-20.0
2020-11-18 22:13:03,12,0.419,4.46,-20.0
2020-11-18 22:13:03,13,0.411,4.49,24.9
2020-11-18 22:13:03,14,0.418,4.49,-20.0
2020-11-18 22:13:03,15,0.412,4.51,-20.0
2020-11-18 22:13:03,16,0.424,4.5,-20.0
2020-11-18 22:13:03,17,0.415,4.49,-20.0
2020-11-18 22:13:03,18,0.429,4.49,-20.0
2020-11-18 22:13:03,19,0.439,4.47,-20.0
2020-11-18 22:13:03,20,0.411,4.48,-20.0
2020-11-18 22:13:03,21,0.415,4.49,-20.0
2020-11-18 22:13:03,22,0.421,4.47,-20.0
2020-11-18 22:13:03,23,0.452,4.49,-20.0
2020-11-18 22:13:03,24,0.412,4.49,-20.0
2020-11-18 22:13:03,25,0.414,4.51,22.7
2020-11-18 22:13:03,26,0.418,4.48,-20.0
2020-11-18 22:13:03,27,0.417,4.47,-20.0
2020-11-18 22:13:03,28,0.416,4.46,-20.0
2020-11-18 22:13:03,29,0.424,4.46,-20.0
2020-11-18 22:13:03,30,0.416,4.48,-20.0
2020-11-18 22:13:03,31,0.414,4.47,-20.0
2020-11-18 22:13:03,32,0.396,4.48,-20.0
2020-11-18 22:13:03,33,0.406,4.48,-20.0
2020-11-18 22:13:03,34,0.404,4.49,-20.0
2020-11-18 22:13:03,35,0.407,4.49,-20.0
2020-11-18 22:13:03,36,0.402,4.5,-20.0
2020-11-18 22:13:03,37,0.387,4.49,23.2
2020-11-18 22:13:03,38,0.392,4.49,-20.0
2020-11-18 22:13:03,39,0.412,4.47,-20.0
2020-11-18 22:13:03,40,0.413,4.48,-20.0
2020-11-18 22:13:03,41,0.413,4.49,-20.0
2020-11-18 22:13:03,42,0.401,4.47,-20.0
2020-11-18 22:13:03,43,0.403,4.48,-20.0
2020-11-18 22:13:03,44,0.411,4.5,-20.0
2020-11-18 22:13:03,45,0.417,4.49,-20.0
2020-11-18 22:13:03,46,0.421,4.5,-20.0
2020-11-18 22:13:03,47,0.413,4.49,-20.0
2020-11-18 22:13:03,48,0.411,4.48,-20.0
2020-11-18 22:13:03,49,0.494,4.46,24.8
2020-11-18 22:13:03,50,0.425,4.47,-20.0
2020-11-18 22:13:03,51,0.412,4.47,-20.0
2020-11-18 22:13:03,52,0.414,4.46,-20.0
2020-11-18 22:13:03,53,0.422,4.46,-20.0
2020-11-18 22:13:03,54,0.43,4.46,-20.0
2020-11-18 22:13:03,55,0.43,4.44,-20.0
2020-11-18 22:13:03,56,0.42,4.43,-20.0
2020-11-18 22:13:03,57,0.422,4.43,-20.0
2020-11-18 22:13:03,58,0.421,4.43,-20.0
2020-11-18 22:13:03,59,0.434,4.45,-20.0
2020-11-18 22:13:03,60,0.426,4.47,-20.0
2020-11-18 22:13:03,61,0.414,4.5,22.7
2020-11-18 22:13:03,62,0.408,4.49,-20.0
2020-11-18 22:13:03,63,0.393,4.48,-20.0
2020-11-18 22:13:03,64,0.388,4.46,-20.0
2020-11-18 22:13:03,65,0.427,4.46,-20.0
2020-11-18 22:13:03,66,0.414,4.45,-20.0
2020-11-18 22:13:03,67,0.414,4.44,-20.0
2020-11-18 22:13:03,68,0.383,4.47,-20.0
2020-11-18 22:13:03,69,0.388,4.46,-20.0
2020-11-18 22:13:03,70,0.388,4.47,-20.0
2020-11-18 22:13:03,71,0.416,4.49,-20.0
2020-11-18 22:13:03,72,0.416,4.49,-20.0
2020-11-18 22:13:03,73,0.398,4.52,22.9
2020-11-18 22:13:03,74,0.396,4.48,-20.0
2020-11-18 22:13:03,75,0.416,4.47,-20.0
2020-11-18 22:13:03,76,0.424,4.46,-20.0
2020-11-18 22:13:03,77,0.42,4.51,-20.0
2020-11-18 22:13:03,78,0.402,4.48,-20.0
2020-11-18 22:13:03,79,0.408,4.49,-20.0
2020-11-18 22:13:03,80,0.418,4.51,-20.0
2020-11-18 22:13:03,81,0.427,4.51,-20.0
2020-11-18 22:13:03,82,0.416,4.51,-20.0
2020-11-18 22:13:03,83,0.417,4.5,-20.0
2020-11-18 22:13:03,84,0.422,4.5,-20.0
2020-11-18 22:13:03,85,0.413,4.48,23.8
2020-11-18 22:13:03,86,0.415,4.47,-20.0
2020-11-18 22:13:03,87,0.437,4.47,-20.0
2020-11-18 22:13:03,88,0.403,4.48,-20.0
2020-11-18 22:13:03,89,0.412,4.48,-20.0
2020-11-18 22:13:03,90,0.408,4.48,-20.0
2020-11-18 22:13:03,91,0.423,4.48,-20.0
2020-11-18 22:13:03,92,0.395,4.51,-20.0
2020-11-18 22:13:03,93,0.41,4.49,-20.0
2020-11-18 22:13:03,94,0.419,4.48,-20.0
2020-11-18 22:13:03,95,0.419,4.46,-20.0
2020-11-18 22:13:03,96,0.408,4.48,-20.0
2020-11-19 10:12:30,1,0.416,4.5,25.5
2020-11-19 10:12:30,2,0.416,4.51,-20.0
2020-11-19 10:12:30,3,0.417,4.51,-20.0
2020-11-19 10:12:30,4,0.417,4.49,-20.0
2020-11-19 10:12:30,5,0.401,4.51,-20.0
2020-11-19 10:12:30,6,0.416,4.49,-20.0
2020-11-19 10:12:30,7,0.405,4.49,-20.0
2020-11-19 10:12:30,8,0.405,4.51,-20.0
2020-11-19 10:12:30,9,0.412,4.48,-20.0
2020-11-19 10:12:30,10,0.418,4.5,-20.0
2020-11-19 10:12:30,11,0.416,4.46,-20.0
2020-11-19 10:12:30,12,0.418,4.46,-20.0
2020-11-19 10:12:30,13,0.41,4.48,24.9
2020-11-19 10:12:30,14,0.416,4.49,-20.0
2020-11-19 10:12:30,15,0.411,4.52,-20.0
2020-11-19 10:12:30,16,0.423,4.52,-20.0
2020-11-19 10:12:30,17,0.417,4.49,-20.0
2020-11-19 10:12:30,18,0.428,4.5,-20.0
2020-11-19 10:12:30,19,0.436,4.47,-20.0
2020-11-19 10:12:30,20,0.411,4.48,-20.0
2020-11-19 10:12:30,21,0.418,4.49,-20.0
2020-11-19 10:12:30,22,0.417,4.48,-20.0
2020-11-19 10:12:30,23,0.451,4.48,-20.0
2020-11-19 10:12:30,24,0.412,4.5,-20.0
2020-11-19 10:12:30,25,0.417,4.51,22.7
2020-11-19 10:12:30,26,0.422,4.49,-20.0
2020-11-19 10:12:30,27,0.413,4.47,-20.0
2020-11-19 10:12:30,28,0.416,4.46,-20.0
2020-11-19 10:12:30,29,0.422,4.47,-20.0
2020-11-19 10:12:30,30,0.416,4.48,-20.0
2020-11-19 10:12:30,31,0.412,4.46,-20.0
2020-11-19 10:12:30,32,0.398,4.48,-20.0
2020-11-19 10:12:30,33,0.408,4.49,-20.0
2020-11-19 10:12:30,34,0.404,4.49,-20.0
2020-11-19 10:12:30,35,0.407,4.48,-20.0
2020-11-19 10:12:30,36,0.404,4.51,-20.0
2020-11-19 10:12:30,37,0.394,4.49,23.2
2020-11-19 10:12:30,38,0.4,4.49,-20.0
2020-11-19 10:12:30,39,0.413,4.47,-20.0
2020-11-19 10:12:30,40,0.415,4.48,-20.0
2020-11-19 10:12:30,41,0.413,4.5,-20.0
2020-11-19 10:12:30,42,0.404,4.47,-20.0
2020-11-19 10:12:30,43,0.405,4.48,-20.0
2020-11-19 10:12:30,44,0.416,4.49,-20.0
2020-11-19 10:12:30,45,0.418,4.49,-20.0
2020-11-19 10:12:30,46,0.42,4.48,-20.0
2020-11-19 10:12:30,47,0.42,4.49,-20.0
2020-11-19 10:12:30,48,0.416,4.49,-20.0
2020-11-19 10:12:30,49,0.503,4.46,24.9
2020-11-19 10:12:30,50,0.431,4.47,-20.0
2020-11-19 10:12:30,51,0.409,4.47,-20.0
2020-11-19 10:12:30,52,0.411,4.47,-20.0
2020-11-19 10:12:30,53,0.446,4.46,-20.0
2020-11-19 10:12:30,54,0.41,4.47,-20.0
2020-11-19 10:12:30,55,0.445,4.44,-20.0
2020-11-19 10:12:30,56,0.42,4.44,-20.0
2020-11-19 10:12:30,57,0.426,4.43,-20.0
2020-11-19 10:12:30,58,0.436,4.43,-20.0
2020-11-19 10:12:30,59,0.45,4.45,-20.0
2020-11-19 10:12:30,60,0.433,4.46,-20.0
2020-11-19 10:12:30,61,0.412,4.49,22.7
2020-11-19 10:12:30,62,0.405,4.49,-20.0
2020-11-19 10:12:30,63,0.377,4.48,-20.0
2020-11-19 10:12:30,64,0.37,4.46,-20.0
2020-11-19 10:12:30,65,0.437,4.45,-20.0
2020-11-19 10:12:30,66,0.419,4.46,-20.0
2020-11-19 10:12:30,67,0.414,4.43,-20.0
2020-11-19 10:12:30,68,0.385,4.46,-20.0
2020-11-19 10:12:30,69,0.373,4.45,-20.0
2020-11-19 10:12:30,70,0.38,4.47,-20.0
2020-11-19 10:12:30,71,0.414,4.49,-20.0
2020-11-19 10:12:30,72,0.417,4.49,-20.0
2020-11-19 10:12:30,73,0.402,4.52,22.8
2020-11-19 10:12:30,74,0.396,4.48,-20.0
2020-11-19 10:12:30,75,0.42,4.48,-20.0
2020-11-19 10:12:30,76,0.425,4.45,-20.0
2020-11-19 10:12:30,77,0.419,4.51,-20.0
2020-11-19 10:12:30,78,0.405,4.47,-20.0
2020-11-19 10:12:30,79,0.411,4.5,-20.0
2020-11-19 10:12:30,80,0.419,4.51,-20.0
2020-11-19 10:12:30,81,0.426,4.51,-20.0
2020-11-19 10:12:30,82,0.422,4.52,-20.0
2020-11-19 10:12:30,83,0.418,4.5,-20.0
2020-11-19 10:12:30,84,0.42,4.5,-20.0
2020-11-19 10:12:30,85,0.412,4.48,23.9
2020-11-19 10:12:30,86,0.415,4.47,-20.0
2020-11-19 10:12:30,87,0.441,4.47,-20.0
2020-11-19 10:12:30,88,0.404,4.48,-20.0
2020-11-19 10:12:30,89,0.412,4.5,-20.0
2020-11-19 10:12:30,90,0.405,4.47,-20.0
2020-11-19 10:12:30,91,0.422,4.49,-20.0
2020-11-19 10:12:30,92,0.398,4.5,-20.0
2020-11-19 10:12:30,93,0.41,4.49,-20.0
2020-11-19 10:12:30,94,0.42,4.47,-20.0
2020-11-19 10:12:30,95,0.419,4.47,-20.0
2020-11-19 10:12:30,96,0.408,4.49,-20.0
2020-11-19 22:12:02,1,0.418,4.51,25.5
2020-11-19 22:12:02,2,0.416,4.51,-20.0
2020-11-19 22:12:02,3,0.419,4.52,-20.0
2020-11-19 22:12:02,4,0.417,4.49,-20.0
2020-11-19 22:12:02,5,0.401,4.51,-20.0
2020-11-19 22:12:02,6,0.417,4.49,-20.0
2020-11-19 22:12:02,7,0.405,4.48,-20.0
2020-11-19 22:12:02,8,0.405,4.5,-20.0
2020-11-19 22:12:02,9,0.414,4.47,-20.0
2020-11-19 22:12:02,10,0.415,4.5,-20.0
2020-11-19 22:12:02,11,0.417,4.46,-20.0
2020-11-19 22:12:02,12,0.417,4.46,-20.0
2020-11-19 22:12:02,13,0.412,4.48,24.9
2020-11-19 22:12:02,14,0.417,4.49,-20.0
2020-11-19 22:12:02,15,0.411,4.51,-20.0
2020-11-19 22:12:02,16,0.425,4.52,-20.0
2020-11-19 22:12:02,17,0.415,4.49,-20.0
2020-11-19 22:12:02,18,0.425,4.49,-20.0
2020-11-19 22:12:02,19,0.432,4.48,-20.0
2020-11-19 22:12:02,20,0.411,4.48,-20.0
2020-11-19 22:12:02,21,0.417,4.49,-20.0
2020-11-19 22:12:02,22,0.42,4.48,-20.0
2020-11-19 22:12:02,23,0.442,4.48,-20.0
2020-11-19 22:12:02,24,0.406,4.5,-20.0
2020-11-19 22:12:02,25,0.413,4.5,22.7
2020-11-19 22:12:02,26,0.418,4.49,-20.0
2020-11-19 22:12:02,27,0.407,4.46,-20.0
2020-11-19 22:12:02,28,0.417,4.47,-20.0
2020-11-19 22:12:02,29,0.417,4.47,-20.0
2020-11-19 22:12:02,30,0.419,4.48,-20.0
2020-11-19 22:12:02,31,0.414,4.47,-20.0
2020-11-19 22:12:02,32,0.405,4.47,-20.0
2020-11-19 22:12:02,33,0.409,4.49,-20.0
2020-11-19 22:12:02,34,0.409,4.5,-20.0
2020-11-19 22:12:02,35,0.409,4.48,-20.0
2020-11-19 22:12:02,36,0.406,4.5,-20.0
2020-11-19 22:12:02,37,0.393,4.47,23.1
2020-11-19 22:12:02,38,0.401,4.49,-20.0
2020-11-19 22:12:02,39,0.414,4.48,-20.0
2020-11-19 22:12:02,40,0.413,4.48,-20.0
2020-11-19 22:12:02,41,0.417,4.5,-20.0
2020-11-19 22:12:02,42,0.406,4.47,-20.0
2020-11-19 22:12:02,43,0.409,4.48,-20.0
2020-11-19 22:12:02,44,0.421,4.49,-20.0
2020-11-19 22:12:02,45,0.42,4.49,-20.0
2020-11-19 22:12:02,46,0.421,4.48,-20.0
2020-11-19 22:12:02,47,0.418,4.48,-20.0
2020-11-19 22:12:02,48,0.42,4.48,-20.0
2020-11-19 22:12:02,49,0.496,4.47,24.9
2020-11-19 22:12:02,50,0.431,4.47,-20.0
2020-11-19 22:12:02,51,0.412,4.48,-20.0
2020-11-19 22:12:02,52,0.412,4.46,-20.0
2020-11-19 22:12:02,53,0.438,4.46,-20.0
2020-11-19 22:12:02,54,0.411,4.46,-20.0
2020-11-19 22:12:02,55,0.438,4.44,-20.0
2020-11-19 22:12:02,56,0.418,4.43,-20.0
2020-11-19 22:12:02,57,0.423,4.43,-20.0
2020-11-19 22:12:02,58,0.431,4.43,-20.0
2020-11-19 22:12:02,59,0.442,4.45,-20.0
2020-11-19 22:12:02,60,0.433,4.46,-20.0
2020-11-19 22:12:02,61,0.414,4.5,22.6
2020-11-19 22:12:02,62,0.408,4.49,-20.0
2020-11-19 22:12:02,63,0.388,4.48,-20.0
2020-11-19 22:12:02,64,0.379,4.46,-20.0
2020-11-19 22:12:02,65,0.43,4.46,-20.0
2020-11-19 22:12:02,66,0.417,4.46,-20.0
2020-11-19 22:12:02,67,0.413,4.43,-20.0
2020-11-19 22:12:02,68,0.382,4.47,-20.0
2020-11-19 22:12:02,69,0.378,4.45,-20.0
2020-11-19 22:12:02,70,0.381,4.47,-20.0
2020-11-19 22:12:02,71,0.411,4.49,-20.0
2020-11-19 22:12:02,72,0.418,4.49,-20.0
2020-11-19 22:12:02,73,0.393,4.52,22.8
2020-11-19 22:12:02,74,0.389,4.49,-20.0
2020-11-19 22:12:02,75,0.423,4.47,-20.0
2020-11-19 22:12:02,76,0.423,4.45,-20.0
2020-11-19 22:12:02,77,0.421,4.52,-20.0
2020-11-19 22:12:02,78,0.404,4.49,-20.0
2020-11-19 22:12:02,79,0.411,4.49,-20.0
2020-11-19 22:12:02,80,0.419,4.51,-20.0
2020-11-19 22:12:02,81,0.423,4.51,-20.0
2020-11-19 22:12:02,82,0.42,4.51,-20.0
2020-11-19 22:12:02,83,0.421,4.5,-20.0
2020-11-19 22:12:02,84,0.424,4.51,-20.0
2020-11-19 22:12:02,85,0.414,4.47,24.0
2020-11-19 22:12:02,86,0.414,4.47,-20.0
2020-11-19 22:12:02,87,0.444,4.47,-20.0
2020-11-19 22:12:02,88,0.402,4.48,-20.0
2020-11-19 22:12:02,89,0.412,4.49,-20.0
2020-11-19 22:12:02,90,0.401,4.47,-20.0
2020-11-19 22:12:02,91,0.421,4.49,-20.0
2020-11-19 22:12:02,92,0.397,4.5,-20.0
2020-11-19 22:12:02,93,0.411,4.49,-20.0
2020-11-19 22:12:02,94,0.418,4.47,-20.0
2020-11-19 22:12:02,95,0.417,4.46,-20.0
2020-11-19 22:12:02,96,0.409,4.49,-20.0
2020-11-20 10:11:26,1,0.419,4.5,25.5
2020-11-20 10:11:26,2,0.414,4.51,-20.0
2020-11-20 10:11:26,3,0.419,4.52,-20.0
2020-11-20 10:11:26,4,0.42,4.49,-20.0
2020-11-20 10:11:26,5,0.402,4.51,-20.0
2020-11-20 10:11:26,6,0.415,4.5,-20.0
2020-11-20 10:11:26,7,0.405,4.49,-20.0
2020-11-20 10:11:26,8,0.407,4.5,-20.0
2020-11-20 10:11:26,9,0.415,4.48,-20.0
2020-11-20 10:11:26,10,0.416,4.49,-20.0
2020-11-20 10:11:26,11,0.416,4.46,-20.0
2020-11-20 10:11:26,12,0.419,4.47,-20.0
2020-11-20 10:11:26,13,0.411,4.48,24.7
2020-11-20 10:11:26,14,0.418,4.5,-20.0
2020-11-20 10:11:26,15,0.412,4.52,-20.0
2020-11-20 10:11:26,16,0.426,4.52,-20.0
2020-11-20 10:11:26,17,0.416,4.49,-20.0
2020-11-20 10:11:26,18,0.425,4.49,-20.0
2020-11-20 10:11:26,19,0.436,4.47,-20.0
2020-11-20 10:11:26,20,0.413,4.48,-20.0
2020-11-20 10:11:26,21,0.417,4.48,-20.0
2020-11-20 10:11:26,22,0.421,4.47,-20.0
2020-11-20 10:11:26,23,0.443,4.48,-20.0
2020-11-20 10:11:26,24,0.406,4.49,-20.0
2020-11-20 10:11:26,25,0.412,4.49,22.4
2020-11-20 10:11:26,26,0.422,4.48,-20.0
2020-11-20 10:11:26,27,0.408,4.47,-20.0
2020-11-20 10:11:26,28,0.417,4.46,-20.0
2020-11-20 10:11:26,29,0.417,4.46,-20.0
2020-11-20 10:11:26,30,0.418,4.48,-20.0
2020-11-20 10:11:26,31,0.419,4.47,-20.0
2020-11-20 10:11:26,32,0.406,4.48,-20.0
2020-11-20 10:11:26,33,0.413,4.48,-20.0
2020-11-20 10:11:26,34,0.41,4.49,-20.0
2020-11-20 10:11:26,35,0.409,4.49,-20.0
2020-11-20 10:11:26,36,0.409,4.5,-20.0
2020-11-20 10:11:26,37,0.4,4.48,22.9
2020-11-20 10:11:26,38,0.409,4.49,-20.0
2020-11-20 10:11:26,39,0.415,4.47,-20.0
2020-11-20 10:11:26,40,0.413,4.48,-20.0
2020-11-20 10:11:26,41,0.416,4.48,-20.0
2020-11-20 10:11:26,42,0.41,4.47,-20.0
2020-11-20 10:11:26,43,0.413,4.48,-20.0
2020-11-20 10:11:26,44,0.424,4.49,-20.0
2020-11-20 10:11:26,45,0.42,4.49,-20.0
2020-11-20 10:11:26,46,0.417,4.48,-20.0
2020-11-20 10:11:26,47,0.422,4.48,-20.0
2020-11-20 10:11:26,48,0.42,4.48,-20.0
2020-11-20 10:11:26,49,0.493,4.47,24.5
2020-11-20 10:11:26,50,0.427,4.47,-20.0
2020-11-20 10:11:26,51,0.414,4.47,-20.0
2020-11-20 10:11:26,52,0.416,4.47,-20.0
2020-11-20 10:11:26,53,0.433,4.46,-20.0
2020-11-20 10:11:26,54,0.412,4.47,-20.0
2020-11-20 10:11:26,55,0.431,4.44,-20.0
2020-11-20 10:11:26,56,0.418,4.43,-20.0
2020-11-20 10:11:26,57,0.426,4.43,-20.0
2020-11-20 10:11:26,58,0.427,4.43,-20.0
2020-11-20 10:11:26,59,0.438,4.45,-20.0
2020-11-20 10:11:26,60,0.427,4.46,-20.0
2020-11-20 10:11:26,61,0.416,4.5,22.3
2020-11-20 10:11:26,62,0.41,4.49,-20.0
2020-11-20 10:11:26,63,0.395,4.47,-20.0
2020-11-20 10:11:26,64,0.388,4.46,-20.0
2020-11-20 10:11:26,65,0.426,4.45,-20.0
2020-11-20 10:11:26,66,0.417,4.46,-20.0
2020-11-20 10:11:26,67,0.414,4.43,-20.0
2020-11-20 10:11:26,68,0.392,4.47,-20.0
2020-11-20 10:11:26,69,0.388,4.45,-20.0
2020-11-20 10:11:26,70,0.392,4.47,-20.0
2020-11-20 10:11:26,71,0.412,4.49,-20.0
2020-11-20 10:11:26,72,0.414,4.48,-20.0
2020-11-20 10:11:26,73,0.4,4.52,22.1
2020-11-20 10:11:26,74,0.395,4.48,-20.0
2020-11-20 10:11:26,75,0.424,4.47,-20.0
2020-11-20 10:11:26,76,0.422,4.45,-20.0
2020-11-20 10:11:26,77,0.419,4.52,-20.0
2020-11-20 10:11:26,78,0.405,4.47,-20.0
2020-11-20 10:11:26,79,0.411,4.48,-20.0
2020-11-20 10:11:26,80,0.42,4.51,-20.0
2020-11-20 10:11:26,81,0.421,4.52,-20.0
2020-11-20 10:11:26,82,0.416,4.52,-20.0
2020-11-20 10:11:26,83,0.421,4.5,-20.0
2020-11-20 10:11:26,84,0.421,4.5,-20.0
2020-11-20 10:11:26,85,0.414,4.48,23.1
2020-11-20 10:11:26,86,0.415,4.47,-20.0
2020-11-20 10:11:26,87,0.441,4.46,-20.0
2020-11-20 10:11:26,88,0.402,4.48,-20.0
2020-11-20 10:11:26,89,0.41,4.5,-20.0
2020-11-20 10:11:26,90,0.404,4.48,-20.0
2020-11-20 10:11:26,91,0.418,4.49,-20.0
2020-11-20 10:11:26,92,0.401,4.5,-20.0
2020-11-20 10:11:26,93,0.412,4.5,-20.0
2020-11-20 10:11:26,94,0.419,4.48,-20.0
2020-11-20 10:11:26,95,0.417,4.46,-20.0
2020-11-20 10:11:26,96,0.41,4.49,-20.0
2020-11-20 22:10:56,1,0.418,4.5,25.5
2020-11-20 22:10:56,2,0.417,4.51,-20.0
2020-11-20 22:10:56,3,0.42,4.51,-20.0
2020-11-20 22:10:56,4,0.416,4.48,-20.0
2020-11-20 22:10:56,5,0.398,4.51,-20.0
2020-11-20 22:10:56,6,0.412,4.5,-20.0
2020-11-20 22:10:56,7,0.402,4.48,-20.0
2020-11-20 22:10:56,8,0.404,4.49,-20.0
2020-11-20 22:10:56,9,0.412,4.49,-20.0
2020-11-20 22:10:56,10,0.415,4.5,-20.0
2020-11-20 22:10:56,11,0.415,4.46,-20.0
2020-11-20 22:10:56,12,0.417,4.47,-20.0
2020-11-20 22:10:56,13,0.411,4.48,24.8
2020-11-20 22:10:56,14,0.416,4.49,-20.0
2020-11-20 22:10:56,15,0.411,4.52,-20.0
2020-11-20 22:10:56,16,0.425,4.51,-20.0
2020-11-20 22:10:56,17,0.419,4.5,-20.0
2020-11-20 22:10:56,18,0.427,4.49,-20.0
2020-11-20 22:10:56,19,0.438,4.47,-20.0
2020-11-20 22:10:56,20,0.415,4.48,-20.0
2020-11-20 22:10:56,21,0.417,4.49,-20.0
2020-11-20 22:10:56,22,0.419,4.48,-20.0
2020-11-20 22:10:56,23,0.445,4.48,-20.0
2020-11-20 22:10:56,24,0.409,4.49,-20.0
2020-11-20 22:10:56,25,0.412,4.5,22.6
2020-11-20 22:10:56,26,0.421,4.49,-20.0
2020-11-20 22:10:56,27,0.407,4.47,-20.0
2020-11-20 22:10:56,28,0.419,4.46,-20.0
2020-11-20 22:10:56,29,0.418,4.47,-20.0
2020-11-20 22:10:56,30,0.421,4.48,-20.0
2020-11-20 22:10:56,31,0.421,4.47,-20.0
2020-11-20 22:10:56,32,0.409,4.48,-20.0
2020-11-20 22:10:56,33,0.41,4.49,-20.0
2020-11-20 22:10:56,34,0.412,4.49,-20.0
2020-11-20 22:10:56,35,0.409,4.49,-20.0
2020-11-20 22:10:56,36,0.405,4.5,-20.0
2020-11-20 22:10:56,37,0.402,4.48,23.1
2020-11-20 22:10:56,38,0.412,4.5,-20.0
2020-11-20 22:10:56,39,0.417,4.46,-20.0
2020-11-20 22:10:56,40,0.411,4.47,-20.0
2020-11-20 22:10:56,41,0.414,4.48,-20.0
2020-11-20 22:10:56,42,0.408,4.47,-20.0
2020-11-20 22:10:56,43,0.416,4.48,-20.0
2020-11-20 22:10:56,44,0.425,4.5,-20.0
2020-11-20 22:10:56,45,0.418,4.49,-20.0
2020-11-20 22:10:56,46,0.417,4.48,-20.0
2020-11-20 22:10:56,47,0.422,4.48,-20.0
2020-11-20 22:10:56,48,0.42,4.48,-20.0
2020-11-20 22:10:56,49,0.494,4.46,24.8
2020-11-20 22:10:56,50,0.426,4.47,-20.0
2020-11-20 22:10:56,51,0.415,4.48,-20.0
2020-11-20 22:10:56,52,0.418,4.47,-20.0
2020-11-20 22:10:56,53,0.427,4.46,-20.0
2020-11-20 22:10:56,54,0.409,4.47,-20.0
2020-11-20 22:10:56,55,0.429,4.43,-20.0
2020-11-20 22:10:56,56,0.42,4.43,-20.0
2020-11-20 22:10:56,57,0.424,4.43,-20.0
2020-11-20 22:10:56,58,0.424,4.43,-20.0
2020-11-20 22:10:56,59,0.434,4.45,-20.0
2020-11-20 22:10:56,60,0.423,4.46,-20.0
2020-11-20 22:10:56,61,0.421,4.49,22.6
2020-11-20 22:10:56,62,0.415,4.49,-20.0
2020-11-20 22:10:56,63,0.398,4.48,-20.0
2020-11-20 22:10:56,64,0.413,4.46,-20.0
2020-11-20 22:10:56,65,0.421,4.45,-20.0
2020-11-20 22:10:56,66,0.416,4.45,-20.0
2020-11-20 22:10:56,67,0.411,4.44,-20.0
2020-11-20 22:10:56,68,0.391,4.46,-20.0
2020-11-20 22:10:56,69,0.39,4.46,-20.0
2020-11-20 22:10:56,70,0.386,4.47,-20.0
2020-11-20 22:10:56,71,0.413,4.5,-20.0
2020-11-20 22:10:56,72,0.413,4.49,-20.0
2020-11-20 22:10:56,73,0.397,4.51,22.8
2020-11-20 22:10:56,74,0.39,4.47,-20.0
2020-11-20 22:10:56,75,0.428,4.48,-20.0
2020-11-20 22:10:56,76,0.421,4.46,-20.0
2020-11-20 22:10:56,77,0.417,4.52,-20.0
2020-11-20 22:10:56,78,0.405,4.47,-20.0
2020-11-20 22:10:56,79,0.414,4.48,-20.0
2020-11-20 22:10:56,80,0.426,4.51,-20.0
2020-11-20 22:10:56,81,0.423,4.52,-20.0
2020-11-20 22:10:56,82,0.418,4.51,-20.0
2020-11-20 22:10:56,83,0.423,4.5,-20.0
2020-11-20 22:10:56,84,0.424,4.5,-20.0
2020-11-20 22:10:56,85,0.418,4.48,23.9
2020-11-20 22:10:56,86,0.415,4.46,-20.0
2020-11-20 22:10:56,87,0.443,4.47,-20.0
2020-11-20 22:10:56,88,0.401,4.48,-20.0
2020-11-20 22:10:56,89,0.413,4.48,-20.0
2020-11-20 22:10:56,90,0.405,4.48,-20.0
2020-11-20 22:10:56,91,0.417,4.49,-20.0
2020-11-20 22:10:56,92,0.398,4.51,-20.0
2020-11-20 22:10:56,93,0.415,4.49,-20.0
2020-11-20 22:10:56,94,0.42,4.47,-20.0
2020-11-20 22:10:56,95,0.417,4.47,-20.0
2020-11-20 22:10:56,96,0.412,4.49,-20.0
2020-11-21 10:10:27,1,0.417,4.5,25.5
2020-11-21 10:10:27,2,0.416,4.51,-20.0
2020-11-21 10:10:27,3,0.419,4.52,-20.0
2020-11-21 10:10:27,4,0.418,4.48,-20.0
2020-11-21 10:10:27,5,0.4,4.51,-20.0
2020-11-21 10:10:27,6,0.414,4.49,-20.0
2020-11-21 10:10:27,7,0.404,4.48,-20.0
2020-11-21 10:10:27,8,0.405,4.5,-20.0
2020-11-21 10:10:27,9,0.411,4.47,-20.0
2020-11-21 10:10:27,10,0.415,4.49,-20.0
2020-11-21 10:10:27,11,0.417,4.45,-20.0
2020-11-21 10:10:27,12,0.418,4.46,-20.0
2020-11-21 10:10:27,13,0.41,4.48,24.8
2020-11-21 10:10:27,14,0.418,4.5,-20.0
2020-11-21 10:10:27,15,0.412,4.52,-20.0
2020-11-21 10:10:27,16,0.423,4.51,-20.0
2020-11-21 10:10:27,17,0.417,4.48,-20.0
2020-11-21 10:10:27,18,0.422,4.5,-20.0
2020-11-21 10:10:27,19,0.441,4.47,-20.0
2020-11-21 10:10:27,20,0.416,4.47,-20.0
2020-11-21 10:10:27,21,0.417,4.48,-20.0
2020-11-21 10:10:27,22,0.417,4.48,-20.0
2020-11-21 10:10:27,23,0.452,4.48,-20.0
2020-11-21 10:10:27,24,0.414,4.49,-20.0
2020-11-21 10:10:27,25,0.413,4.5,22.5
2020-11-21 10:10:27,26,0.42,4.48,-20.0
2020-11-21 10:10:27,27,0.406,4.48,-20.0
2020-11-21 10:10:27,28,0.414,4.47,-20.0
2020-11-21 10:10:27,29,0.419,4.47,-20.0
2020-11-21 10:10:27,30,0.418,4.48,-20.0
2020-11-21 10:10:27,31,0.42,4.46,-20.0
2020-11-21 10:10:27,32,0.411,4.47,-20.0
2020-11-21 10:10:27,33,0.411,4.49,-20.0
2020-11-21 10:10:27,34,0.411,4.48,-20.0
2020-11-21 10:10:27,35,0.408,4.49,-20.0
2020-11-21 10:10:27,36,0.404,4.49,-20.0
2020-11-21 10:10:27,37,0.4,4.47,22.9
2020-11-21 10:10:27,38,0.412,4.5,-20.0
2020-11-21 10:10:27,39,0.407,4.47,-20.0
2020-11-21 10:10:27,40,0.41,4.47,-20.0
2020-11-21 10:10:27,41,0.412,4.49,-20.0
2020-11-21 10:10:27,42,0.397,4.47,-20.0
2020-11-21 10:10:27,43,0.401,4.48,-20.0
2020-11-21 10:10:27,44,0.416,4.49,-20.0
2020-11-21 10:10:27,45,0.419,4.5,-20.0
2020-11-21 10:10:27,46,0.415,4.49,-20.0
2020-11-21 10:10:27,47,0.409,4.48,-20.0
2020-11-21 10:10:27,48,0.399,4.47,-20.0
2020-11-21 10:10:27,49,0.493,4.47,24.6
2020-11-21 10:10:27,50,0.434,4.47,-20.0
2020-11-21 10:10:27,51,0.415,4.47,-20.0
2020-11-21 10:10:27,52,0.421,4.46,-20.0
2020-11-21 10:10:27,53,0.425,4.46,-20.0
2020-11-21 10:10:27,54,0.412,4.47,-20.0
2020-11-21 10:10:27,55,0.436,4.44,-20.0
2020-11-21 10:10:27,56,0.419,4.44,-20.0
2020-11-21 10:10:27,57,0.421,4.43,-20.0
2020-11-21 10:10:27,58,0.424,4.43,-20.0
2020-11-21 10:10:27,59,0.43,4.45,-20.0
2020-11-21 10:10:27,60,0.425,4.46,-20.0
2020-11-21 10:10:27,61,0.418,4.5,22.4
2020-11-21 10:10:27,62,0.414,4.49,-20.0
2020-11-21 10:10:27,63,0.406,4.48,-20.0
2020-11-21 10:10:27,64,0.414,4.47,-20.0
2020-11-21 10:10:27,65,0.425,4.45,-20.0
2020-11-21 10:10:27,66,0.417,4.45,-20.0
2020-11-21 10:10:27,67,0.41,4.43,-20.0
2020-11-21 10:10:27,68,0.401,4.47,-20.0
2020-11-21 10:10:27,69,0.4,4.46,-20.0
2020-11-21 10:10:27,70,0.395,4.47,-20.0
2020-11-21 10:10:27,71,0.411,4.49,-20.0
2020-11-21 10:10:27,72,0.412,4.48,-20.0
2020-11-21 10:10:27,73,0.401,4.51,22.2
2020-11-21 10:10:27,74,0.399,4.48,-20.0
2020-11-21 10:10:27,75,0.428,4.47,-20.0
2020-11-21 10:10:27,76,0.42,4.45,-20.0
2020-11-21 10:10:27,77,0.417,4.51,-20.0
2020-11-21 10:10:27,78,0.404,4.48,-20.0
2020-11-21 10:10:27,79,0.413,4.48,-20.0
2020-11-21 10:10:27,80,0.425,4.51,-20.0
2020-11-21 10:10:27,81,0.424,4.51,-20.0
2020-11-21 10:10:27,82,0.418,4.52,-20.0
2020-11-21 10:10:27,83,0.423,4.51,-20.0
2020-11-21 10:10:27,84,0.424,4.49,-20.0
2020-11-21 10:10:27,85,0.419,4.47,23.3
2020-11-21 10:10:27,86,0.415,4.47,-20.0
2020-11-21 10:10:27,87,0.443,4.46,-20.0
2020-11-21 10:10:27,88,0.401,4.47,-20.0
2020-11-21 10:10:27,89,0.414,4.49,-20.0
2020-11-21 10:10:27,90,0.404,4.48,-20.0
2020-11-21 10:10:27,91,0.416,4.49,-20.0
2020-11-21 10:10:27,92,0.396,4.51,-20.0
2020-11-21 10:10:27,93,0.416,4.5,-20.0
2020-11-21 10:10:27,94,0.422,4.47,-20.0
2020-11-21 10:10:27,95,0.419,4.47,-20.0
2020-11-21 10:10:27,96,0.412,4.49,-20.0
2020-11-21 22:09:51,1,0.415,4.5,25.5
2020-11-21 22:09:51,2,0.417,4.51,-20.0
2020-11-21 22:09:51,3,0.42,4.52,-20.0
2020-11-21 22:09:51,4,0.418,4.48,-20.0
2020-11-21 22:09:51,5,0.402,4.52,-20.0
2020-11-21 22:09:51,6,0.415,4.49,-20.0
2020-11-21 22:09:51,7,0.403,4.48,-20.0
2020-11-21 22:09:51,8,0.404,4.51,-20.0
2020-11-21 22:09:51,9,0.413,4.48,-20.0
2020-11-21 22:09:51,10,0.415,4.5,-20.0
2020-11-21 22:09:51,11,0.42,4.46,-20.0
2020-11-21 22:09:51,12,0.415,4.47,-20.0
2020-11-21 22:09:51,13,0.405,4.48,24.7
2020-11-21 22:09:51,14,0.416,4.49,-20.0
2020-11-21 22:09:51,15,0.413,4.51,-20.0
2020-11-21 22:09:51,16,0.419,4.51,-20.0
2020-11-21 22:09:51,17,0.418,4.49,-20.0
2020-11-21 22:09:51,18,0.418,4.5,-20.0
2020-11-21 22:09:51,19,0.44,4.47,-20.0
2020-11-21 22:09:51,20,0.414,4.48,-20.0
2020-11-21 22:09:51,21,0.416,4.49,-20.0
2020-11-21 22:09:51,22,0.417,4.47,-20.0
2020-11-21 22:09:51,23,0.452,4.48,-20.0
2020-11-21 22:09:51,24,0.409,4.51,-20.0
2020-11-21 22:09:51,25,0.415,4.5,22.5
2020-11-21 22:09:51,26,0.42,4.49,-20.0
2020-11-21 22:09:51,27,0.414,4.47,-20.0
2020-11-21 22:09:51,28,0.413,4.46,-20.0
2020-11-21 22:09:51,29,0.419,4.46,-20.0
2020-11-21 22:09:51,30,0.42,4.48,-20.0
2020-11-21 22:09:51,31,0.42,4.47,-20.0
2020-11-21 22:09:51,32,0.41,4.49,-20.0
2020-11-21 22:09:51,33,0.413,4.49,-20.0
2020-11-21 22:09:51,34,0.415,4.5,-20.0
2020-11-21 22:09:51,35,0.408,4.49,-20.0
2020-11-21 22:09:51,36,0.405,4.5,-20.0
2020-11-21 22:09:51,37,0.404,4.48,22.9
2020-11-21 22:09:51,38,0.414,4.49,-20.0
2020-11-21 22:09:51,39,0.411,4.48,-20.0
2020-11-21 22:09:51,40,0.411,4.48,-20.0
2020-11-21 22:09:51,41,0.41,4.49,-20.0
2020-11-21 22:09:51,42,0.399,4.47,-20.0
2020-11-21 22:09:51,43,0.406,4.48,-20.0
2020-11-21 22:09:51,44,0.421,4.49,-20.0
2020-11-21 22:09:51,45,0.419,4.49,-20.0
2020-11-21 22:09:51,46,0.416,4.48,-20.0
2020-11-21 22:09:51,47,0.414,4.48,-20.0
2020-11-21 22:09:51,48,0.4,4.48,-20.0
2020-11-21 22:09:51,49,0.49,4.47,24.7
2020-11-21 22:09:51,50,0.432,4.48,-20.0
2020-11-21 22:09:51,51,0.413,4.48,-20.0
2020-11-21 22:09:51,52,0.418,4.46,-20.0
2020-11-21 22:09:51,53,0.421,4.46,-20.0
2020-11-21 22:09:51,54,0.414,4.46,-20.0
2020-11-21 22:09:51,55,0.42,4.44,-20.0
2020-11-21 22:09:51,56,0.416,4.43,-20.0
2020-11-21 22:09:51,57,0.418,4.43,-20.0
2020-11-21 22:09:51,58,0.41,4.43,-20.0
2020-11-21 22:09:51,59,0.428,4.45,-20.0
2020-11-21 22:09:51,60,0.422,4.46,-20.0
2020-11-21 22:09:51,61,0.421,4.49,22.3
2020-11-21 22:09:51,62,0.416,4.49,-20.0
2020-11-21 22:09:51,63,0.407,4.48,-20.0
2020-11-21 22:09:51,64,0.414,4.46,-20.0
2020-11-21 22:09:51,65,0.42,4.45,-20.0
2020-11-21 22:09:51,66,0.416,4.45,-20.0
2020-11-21 22:09:51,67,0.412,4.43,-20.0
2020-11-21 22:09:51,68,0.407,4.46,-20.0
2020-11-21 22:09:51,69,0.402,4.45,-20.0
2020-11-21 22:09:51,70,0.401,4.47,-20.0
2020-11-21 22:09:51,71,0.411,4.49,-20.0
2020-11-21 22:09:51,72,0.411,4.49,-20.0
2020-11-21 22:09:51,73,0.406,4.51,22.3
2020-11-21 22:09:51,74,0.4,4.48,-20.0
2020-11-21 22:09:51,75,0.429,4.47,-20.0
2020-11-21 22:09:51,76,0.422,4.45,-20.0
2020-11-21 22:09:51,77,0.418,4.52,-20.0
2020-11-21 22:09:51,78,0.406,4.48,-20.0
2020-11-21 22:09:51,79,0.413,4.48,-20.0
2020-11-21 22:09:51,80,0.422,4.5,-20.0
2020-11-21 22:09:51,81,0.425,4.52,-20.0
2020-11-21 22:09:51,82,0.418,4.52,-20.0
2020-11-21 22:09:51,83,0.42,4.49,-20.0
2020-11-21 22:09:51,84,0.423,4.5,-20.0
2020-11-21 22:09:51,85,0.418,4.48,23.3
2020-11-21 22:09:51,86,0.416,4.47,-20.0
2020-11-21 22:09:51,87,0.443,4.47,-20.0
2020-11-21 22:09:51,88,0.401,4.48,-20.0
2020-11-21 22:09:51,89,0.411,4.48,-20.0
2020-11-21 22:09:51,90,0.405,4.48,-20.0
2020-11-21 22:09:51,91,0.415,4.48,-20.0
2020-11-21 22:09:51,92,0.398,4.51,-20.0
2020-11-21 22:09:51,93,0.415,4.49,-20.0
2020-11-21 22:09:51,94,0.422,4.47,-20.0
2020-11-21 22:09:51,95,0.42,4.46,-20.0
2020-11-21 22:09:51,96,0.411,4.49,-20.0
2020-11-22 10:09:20,1,0.414,4.5,25.5
2020-11-22 10:09:20,2,0.418,4.51,-20.0
2020-11-22 10:09:20,3,0.421,4.51,-20.0
2020-11-22 10:09:20,4,0.418,4.49,-20.0
2020-11-22 10:09:20,5,0.405,4.51,-20.0
2020-11-22 10:09:20,6,0.415,4.5,-20.0
2020-11-22 10:09:20,7,0.403,4.49,-20.0
2020-11-22 10:09:20,8,0.403,4.5,-20.0
2020-11-22 10:09:20,9,0.412,4.48,-20.0
2020-11-22 10:09:20,10,0.415,4.5,-20.0
2020-11-22 10:09:20,11,0.425,4.46,-20.0
2020-11-22 10:09:20,12,0.417,4.47,-20.0
2020-11-22 10:09:20,13,0.406,4.48,24.8
2020-11-22 10:09:20,14,0.415,4.5,-20.0
2020-11-22 10:09:20,15,0.413,4.51,-20.0
2020-11-22 10:09:20,16,0.42,4.51,-20.0
2020-11-22 10:09:20,17,0.418,4.48,-20.0
2020-11-22 10:09:20,18,0.419,4.5,-20.0
2020-11-22 10:09:20,19,0.439,4.47,-20.0
2020-11-22 10:09:20,20,0.414,4.48,-20.0
2020-11-22 10:09:20,21,0.418,4.49,-20.0
2020-11-22 10:09:20,22,0.416,4.48,-20.0
2020-11-22 10:09:20,23,0.45,4.48,-20.0
2020-11-22 10:09:20,24,0.406,4.49,-20.0
2020-11-22 10:09:20,25,0.417,4.51,22.5
2020-11-22 10:09:20,26,0.417,4.48,-20.0
2020-11-22 10:09:20,27,0.417,4.47,-20.0
2020-11-22 10:09:20,28,0.417,4.46,-20.0
2020-11-22 10:09:20,29,0.418,4.47,-20.0
2020-11-22 10:09:20,30,0.418,4.47,-20.0
2020-11-22 10:09:20,31,0.42,4.46,-20.0
2020-11-22 10:09:20,32,0.41,4.47,-20.0
2020-11-22 10:09:20,33,0.405,4.49,-20.0
2020-11-22 10:09:20,34,0.397,4.49,-20.0
2020-11-22 10:09:20,35,0.406,4.48,-20.0
2020-11-22 10:09:20,36,0.403,4.5,-20.0
2020-11-22 10:09:20,37,0.388,4.47,23.0
2020-11-22 10:09:20,38,0.402,4.5,-20.0
2020-11-22 10:09:20,39,0.402,4.48,-20.0
2020-11-22 10:09:20,40,0.412,4.48,-20.0
2020-11-22 10:09:20,41,0.409,4.49,-20.0
2020-11-22 10:09:20,42,0.382,4.48,-20.0
2020-11-22 10:09:20,43,0.408,4.48,-20.0
2020-11-22 10:09:20,44,0.421,4.49,-20.0
2020-11-22 10:09:20,45,0.421,4.49,-20.0
2020-11-22 10:09:20,46,0.419,4.49,-20.0
2020-11-22 10:09:20,47,0.419,4.48,-20.0
2020-11-22 10:09:20,48,0.402,4.47,-20.0
2020-11-22 10:09:20,49,0.493,4.46,24.7
2020-11-22 10:09:20,50,0.433,4.47,-20.0
2020-11-22 10:09:20,51,0.415,4.47,-20.0
2020-11-22 10:09:20,52,0.418,4.46,-20.0
2020-11-22 10:09:20,53,0.422,4.45,-20.0
2020-11-22 10:09:20,54,0.416,4.47,-20.0
2020-11-22 10:09:20,55,0.421,4.44,-20.0
2020-11-22 10:09:20,56,0.414,4.44,-20.0
2020-11-22 10:09:20,57,0.419,4.43,-20.0
2020-11-22 10:09:20,58,0.413,4.43,-20.0
2020-11-22 10:09:20,59,0.429,4.44,-20.0
2020-11-22 10:09:20,60,0.426,4.46,-20.0
2020-11-22 10:09:20,61,0.419,4.5,22.5
2020-11-22 10:09:20,62,0.416,4.49,-20.0
2020-11-22 10:09:20,63,0.407,4.48,-20.0
2020-11-22 10:09:20,64,0.413,4.46,-20.0
2020-11-22 10:09:20,65,0.418,4.45,-20.0
2020-11-22 10:09:20,66,0.416,4.46,-20.0
2020-11-22 10:09:20,67,0.415,4.44,-20.0
2020-11-22 10:09:20,68,0.412,4.46,-20.0
2020-11-22 10:09:20,69,0.406,4.45,-20.0
2020-11-22 10:09:20,70,0.409,4.47,-20.0
2020-11-22 10:09:20,71,0.411,4.49,-20.0
2020-11-22 10:09:20,72,0.416,4.49,-20.0
2020-11-22 10:09:20,73,0.407,4.53,22.4
2020-11-22 10:09:20,74,0.402,4.48,-20.0
2020-11-22 10:09:20,75,0.43,4.47,-20.0
2020-11-22 10:09:20,76,0.423,4.46,-20.0
2020-11-22 10:09:20,77,0.421,4.51,-20.0
2020-11-22 10:09:20,78,0.406,4.48,-20.0
2020-11-22 10:09:20,79,0.412,4.48,-20.0
2020-11-22 10:09:20,80,0.42,4.51,-20.0
2020-11-22 10:09:20,81,0.422,4.51,-20.0
2020-11-22 10:09:20,82,0.424,4.52,-20.0
2020-11-22 10:09:20,83,0.42,4.5,-20.0
2020-11-22 10:09:20,84,0.421,4.5,-20.0
2020-11-22 10:09:20,85,0.415,4.48,23.3
2020-11-22 10:09:20,86,0.415,4.46,-20.0
2020-11-22 10:09:20,87,0.441,4.47,-20.0
2020-11-22 10:09:20,88,0.4,4.48,-20.0
2020-11-22 10:09:20,89,0.408,4.49,-20.0
2020-11-22 10:09:20,90,0.402,4.48,-20.0
2020-11-22 10:09:20,91,0.416,4.49,-20.0
2020-11-22 10:09:20,92,0.397,4.5,-20.0
2020-11-22 10:09:20,93,0.412,4.5,-20.0
2020-11-22 10:09:20,94,0.417,4.47,-20.0
2020-11-22 10:09:20,95,0.416,4.46,-20.0
2020-11-22 10:09:20,96,0.407,4.48,-20.0
2020-11-22 22:08:43,1,0.415,4.49,25.5
2020-11-22 22:08:43,2,0.416,4.51,-20.0
2020-11-22 22:08:43,3,0.418,4.52,-20.0
2020-11-22 22:08:43,4,0.416,4.49,-20.0
2020-11-22 22:08:43,5,0.405,4.51,-20.0
2020-11-22 22:08:43,6,0.415,4.5,-20.0
2020-11-22 22:08:43,7,0.406,4.48,-20.0
2020-11-22 22:08:43,8,0.405,4.51,-20.0
2020-11-22 22:08:43,9,0.411,4.48,-20.0
2020-11-22 22:08:43,10,0.417,4.49,-20.0
2020-11-22 22:08:43,11,0.421,4.46,-20.0
2020-11-22 22:08:43,12,0.418,4.47,-20.0
2020-11-22 22:08:43,13,0.408,4.48,24.7
2020-11-22 22:08:43,14,0.416,4.49,-20.0
2020-11-22 22:08:43,15,0.409,4.51,-20.0
2020-11-22 22:08:43,16,0.42,4.52,-20.0
2020-11-22 22:08:43,17,0.417,4.5,-20.0
2020-11-22 22:08:43,18,0.419,4.5,-20.0
2020-11-22 22:08:43,19,0.436,4.48,-20.0
2020-11-22 22:08:43,20,0.415,4.47,-20.0
2020-11-22 22:08:43,21,0.416,4.48,-20.0
2020-11-22 22:08:43,22,0.416,4.48,-20.0
2020-11-22 22:08:43,23,0.449,4.48,-20.0
2020-11-22 22:08:43,24,0.405,4.49,-20.0
2020-11-22 22:08:43,25,0.415,4.49,22.4
2020-11-22 22:08:43,26,0.421,4.49,-20.0
2020-11-22 22:08:43,27,0.42,4.47,-20.0
2020-11-22 22:08:43,28,0.419,4.47,-20.0
2020-11-22 22:08:43,29,0.42,4.47,-20.0
2020-11-22 22:08:43,30,0.416,4.49,-20.0
2020-11-22 22:08:43,31,0.421,4.46,-20.0
2020-11-22 22:08:43,32,0.408,4.47,-20.0
2020-11-22 22:08:43,33,0.41,4.49,-20.0
2020-11-22 22:08:43,34,0.402,4.48,-20.0
2020-11-22 22:08:43,35,0.409,4.49,-20.0
2020-11-22 22:08:43,36,0.404,4.5,-20.0
2020-11-22 22:08:43,37,0.396,4.49,22.9
2020-11-22 22:08:43,38,0.404,4.48,-20.0
2020-11-22 22:08:43,39,0.405,4.47,-20.0
2020-11-22 22:08:43,40,0.412,4.48,-20.0
2020-11-22 22:08:43,41,0.409,4.49,-20.0
2020-11-22 22:08:43,42,0.39,4.47,-20.0
2020-11-22 22:08:43,43,0.412,4.48,-20.0
2020-11-22 22:08:43,44,0.424,4.49,-20.0
2020-11-22 22:08:43,45,0.417,4.49,-20.0
2020-11-22 22:08:43,46,0.42,4.49,-20.0
2020-11-22 22:08:43,47,0.419,4.49,-20.0
2020-11-22 22:08:43,48,0.41,4.48,-20.0
2020-11-22 22:08:43,49,0.491,4.46,24.6
2020-11-22 22:08:43,50,0.432,4.47,-20.0
2020-11-22 22:08:43,51,0.412,4.47,-20.0
2020-11-22 22:08:43,52,0.411,4.47,-20.0
2020-11-22 22:08:43,53,0.422,4.45,-20.0
2020-11-22 22:08:43,54,0.414,4.47,-20.0
2020-11-22 22:08:43,55,0.421,4.44,-20.0
2020-11-22 22:08:43,56,0.417,4.44,-20.0
2020-11-22 22:08:43,57,0.418,4.43,-20.0
2020-11-22 22:08:43,58,0.405,4.43,-20.0
2020-11-22 22:08:43,59,0.421,4.45,-20.0
2020-11-22 22:08:43,60,0.409,4.46,-20.0
2020-11-22 22:08:43,61,0.418,4.5,22.2
2020-11-22 22:08:43,62,0.418,4.49,-20.0
2020-11-22 22:08:43,63,0.391,4.48,-20.0
2020-11-22 22:08:43,64,0.41,4.47,-20.0
2020-11-22 22:08:43,65,0.415,4.45,-20.0
2020-11-22 22:08:43,66,0.419,4.45,-20.0
2020-11-22 22:08:43,67,0.414,4.43,-20.0
2020-11-22 22:08:43,68,0.417,4.46,-20.0
2020-11-22 22:08:43,69,0.408,4.45,-20.0
2020-11-22 22:08:43,70,0.403,4.47,-20.0
2020-11-22 22:08:43,71,0.409,4.49,-20.0
2020-11-22 22:08:43,72,0.414,4.49,-20.0
2020-11-22 22:08:43,73,0.413,4.52,22.4
2020-11-22 22:08:43,74,0.407,4.49,-20.0
2020-11-22 22:08:43,75,0.431,4.47,-20.0
2020-11-22 22:08:43,76,0.424,4.45,-20.0
2020-11-22 22:08:43,77,0.425,4.52,-20.0
2020-11-22 22:08:43,78,0.408,4.47,-20.0
2020-11-22 22:08:43,79,0.412,4.49,-20.0
2020-11-22 22:08:43,80,0.423,4.5,-20.0
2020-11-22 22:08:43,81,0.424,4.51,-20.0
2020-11-22 22:08:43,82,0.426,4.51,-20.0
2020-11-22 22:08:43,83,0.421,4.5,-20.0
2020-11-22 22:08:43,84,0.421,4.49,-20.0
2020-11-22 22:08:43,85,0.41,4.48,23.5
2020-11-22 22:08:43,86,0.414,4.46,-20.0
2020-11-22 22:08:43,87,0.441,4.46,-20.0
2020-11-22 22:08:43,88,0.4,4.48,-20.0
2020-11-22 22:08:43,89,0.409,4.48,-20.0
2020-11-22 22:08:43,90,0.4,4.47,-20.0
2020-11-22 22:08:43,91,0.416,4.49,-20.0
2020-11-22 22:08:43,92,0.399,4.5,-20.0
2020-11-22 22:08:43,93,0.413,4.51,-20.0
2020-11-22 22:08:43,94,0.416,4.48,-20.0
2020-11-22 22:08:43,95,0.414,4.47,-20.0
2020-11-22 22:08:43,96,0.41,4.5,-20.0
2020-11-23 10:08:11,1,0.417,4.5,25.5
2020-11-23 10:08:11,2,0.415,4.51,-20.0
2020-11-23 10:08:11,3,0.418,4.51,-20.0
2020-11-23 10:08:11,4,0.415,4.48,-20.0
2020-11-23 10:08:11,5,0.405,4.51,-20.0
2020-11-23 10:08:11,6,0.415,4.5,-20.0
2020-11-23 10:08:11,7,0.406,4.49,-20.0
2020-11-23 10:08:11,8,0.403,4.51,-20.0
2020-11-23 10:08:11,9,0.41,4.48,-20.0
2020-11-23 10:08:11,10,0.417,4.5,-20.0
2020-11-23 10:08:11,11,0.419,4.45,-20.0
2020-11-23 10:08:11,12,0.418,4.46,-20.0
2020-11-23 10:08:11,13,0.413,4.49,24.8
2020-11-23 10:08:11,14,0.419,4.47,-20.0
2020-11-23 10:08:11,15,0.412,4.5,-20.0
2020-11-23 10:08:11,16,0.422,4.51,-20.0
2020-11-23 10:08:11,17,0.423,4.48,-20.0
2020-11-23 10:08:11,18,0.433,4.5,-20.0
2020-11-23 10:08:11,19,0.446,4.47,-20.0
2020-11-23 10:08:11,20,0.412,4.47,-20.0
2020-11-23 10:08:11,21,0.413,4.48,-20.0
2020-11-23 10:08:11,22,0.425,4.48,-20.0
2020-11-23 10:08:11,23,0.446,4.49,-20.0
2020-11-23 10:08:11,24,0.404,4.49,-20.0
2020-11-23 10:08:11,25,0.412,4.5,22.6
2020-11-23 10:08:11,26,0.419,4.48,-20.0
2020-11-23 10:08:11,27,0.421,4.47,-20.0
2020-11-23 10:08:11,28,0.426,4.46,-20.0
2020-11-23 10:08:11,29,0.413,4.46,-20.0
2020-11-23 10:08:11,30,0.413,4.49,-20.0
2020-11-23 10:08:11,31,0.418,4.47,-20.0
2020-11-23 10:08:11,32,0.407,4.47,-20.0
2020-11-23 10:08:11,33,0.412,4.49,-20.0
2020-11-23 10:08:11,34,0.407,4.48,-20.0
2020-11-23 10:08:11,35,0.411,4.48,-20.0
2020-11-23 10:08:11,36,0.404,4.5,-20.0
2020-11-23 10:08:11,37,0.401,4.49,23.0
2020-11-23 10:08:11,38,0.409,4.49,-20.0
2020-11-23 10:08:11,39,0.407,4.47,-20.0
2020-11-23 10:08:11,40,0.413,4.48,-20.0
2020-11-23 10:08:11,41,0.411,4.49,-20.0
2020-11-23 10:08:11,42,0.391,4.48,-20.0
2020-11-23 10:08:11,43,0.416,4.47,-20.0
2020-11-23 10:08:11,44,0.427,4.49,-20.0
2020-11-23 10:08:11,45,0.42,4.49,-20.0
2020-11-23 10:08:11,46,0.42,4.49,-20.0
2020-11-23 10:08:11,47,0.418,4.49,-20.0
2020-11-23 10:08:11,48,0.412,4.48,-20.0
2020-11-23 10:08:11,49,0.505,4.47,24.8
2020-11-23 10:08:11,50,0.448,4.47,-20.0
2020-11-23 10:08:11,51,0.414,4.47,-20.0
2020-11-23 10:08:11,52,0.413,4.47,-20.0
2020-11-23 10:08:11,53,0.437,4.46,-20.0
2020-11-23 10:08:11,54,0.434,4.47,-20.0
2020-11-23 10:08:11,55,0.437,4.44,-20.0
2020-11-23 10:08:11,56,0.417,4.43,-20.0
2020-11-23 10:08:11,57,0.42,4.43,-20.0
2020-11-23 10:08:11,58,0.396,4.43,-20.0
2020-11-23 10:08:11,59,0.419,4.45,-20.0
2020-11-23 10:08:11,60,0.418,4.46,-20.0
2020-11-23 10:08:11,61,0.418,4.5,22.5
2020-11-23 10:08:11,62,0.412,4.49,-20.0
2020-11-23 10:08:11,63,0.402,4.47,-20.0
2020-11-23 10:08:11,64,0.418,4.47,-20.0
2020-11-23 10:08:11,65,0.422,4.45,-20.0
2020-11-23 10:08:11,66,0.42,4.46,-20.0
2020-11-23 10:08:11,67,0.414,4.43,-20.0
2020-11-23 10:08:11,68,0.409,4.46,-20.0
2020-11-23 10:08:11,69,0.412,4.45,-20.0
2020-11-23 10:08:11,70,0.406,4.47,-20.0
2020-11-23 10:08:11,71,0.409,4.49,-20.0
2020-11-23 10:08:11,72,0.413,4.48,-20.0
2020-11-23 10:08:11,73,0.408,4.52,22.6
2020-11-23 10:08:11,74,0.405,4.49,-20.0
2020-11-23 10:08:11,75,0.432,4.48,-20.0
2020-11-23 10:08:11,76,0.425,4.45,-20.0
2020-11-23 10:08:11,77,0.425,4.52,-20.0
2020-11-23 10:08:11,78,0.406,4.48,-20.0
2020-11-23 10:08:11,79,0.408,4.49,-20.0
2020-11-23 10:08:11,80,0.418,4.5,-20.0
2020-11-23 10:08:11,81,0.425,4.51,-20.0
2020-11-23 10:08:11,82,0.423,4.51,-20.0
2020-11-23 10:08:11,83,0.422,4.5,-20.0
2020-11-23 10:08:11,84,0.422,4.5,-20.0
2020-11-23 10:08:11,85,0.407,4.48,23.7
2020-11-23 10:08:11,86,0.414,4.47,-20.0
2020-11-23 10:08:11,87,0.439,4.47,-20.0
2020-11-23 10:08:11,88,0.399,4.48,-20.0
2020-11-23 10:08:11,89,0.412,4.48,-20.0
2020-11-23 10:08:11,90,0.407,4.48,-20.0
2020-11-23 10:08:11,91,0.417,4.48,-20.0
2020-11-23 10:08:11,92,0.402,4.5,-20.0
2020-11-23 10:08:11,93,0.411,4.49,-20.0
2020-11-23 10:08:11,94,0.417,4.48,-20.0
2020-11-23 10:08:11,95,0.415,4.47,-20.0
2020-11-23 10:08:11,96,0.408,4.49,-20.0
2020-11-23 22:07:42,1,0.416,4.5,25.5
2020-11-23 22:07:42,2,0.416,4.5,-20.0
2020-11-23 22:07:42,3,0.417,4.51,-20.0
2020-11-23 22:07:42,4,0.415,4.48,-20.0
2020-11-23 22:07:42,5,0.404,4.51,-20.0
2020-11-23 22:07:42,6,0.415,4.5,-20.0
2020-11-23 22:07:42,7,0.407,4.49,-20.0
2020-11-23 22:07:42,8,0.405,4.5,-20.0
2020-11-23 22:07:42,9,0.411,4.48,-20.0
2020-11-23 22:07:42,10,0.418,4.5,-20.0
2020-11-23 22:07:42,11,0.418,4.46,-20.0
2020-11-23 22:07:42,12,0.416,4.46,-20.0
2020-11-23 22:07:42,13,0.411,4.49,24.7
2020-11-23 22:07:42,14,0.421,4.47,-20.0
2020-11-23 22:07:42,15,0.409,4.51,-20.0
2020-11-23 22:07:42,16,0.423,4.5,-20.0
2020-11-23 22:07:42,17,0.42,4.5,-20.0
2020-11-23 22:07:42,18,0.43,4.49,-20.0
2020-11-23 22:07:42,19,0.444,4.47,-20.0
2020-11-23 22:07:42,20,0.414,4.46,-20.0
2020-11-23 22:07:42,21,0.417,4.49,-20.0
2020-11-23 22:07:42,22,0.424,4.48,-20.0
2020-11-23 22:07:42,23,0.448,4.48,-20.0
2020-11-23 22:07:42,24,0.408,4.5,-20.0
2020-11-23 22:07:42,25,0.412,4.5,22.4
2020-11-23 22:07:42,26,0.42,4.49,-20.0
2020-11-23 22:07:42,27,0.42,4.47,-20.0
2020-11-23 22:07:42,28,0.427,4.47,-20.0
2020-11-23 22:07:42,29,0.417,4.46,-20.0
2020-11-23 22:07:42,30,0.413,4.48,-20.0
2020-11-23 22:07:42,31,0.419,4.47,-20.0
2020-11-23 22:07:42,32,0.406,4.47,-20.0
2020-11-23 22:07:42,33,0.412,4.48,-20.0
2020-11-23 22:07:42,34,0.408,4.48,-20.0
2020-11-23 22:07:42,35,0.409,4.49,-20.0
2020-11-23 22:07:42,36,0.405,4.5,-20.0
2020-11-23 22:07:42,37,0.402,4.48,22.8
2020-11-23 22:07:42,38,0.411,4.5,-20.0
2020-11-23 22:07:42,39,0.408,4.48,-20.0
2020-11-23 22:07:42,40,0.414,4.48,-20.0
2020-11-23 22:07:42,41,0.413,4.49,-20.0
2020-11-23 22:07:42,42,0.393,4.47,-20.0
2020-11-23 22:07:42,43,0.417,4.47,-20.0
2020-11-23 22:07:42,44,0.428,4.49,-20.0
2020-11-23 22:07:42,45,0.419,4.5,-20.0
2020-11-23 22:07:42,46,0.419,4.49,-20.0
2020-11-23 22:07:42,47,0.423,4.49,-20.0
2020-11-23 22:07:42,48,0.413,4.48,-20.0
2020-11-23 22:07:42,49,0.505,4.46,24.6
2020-11-23 22:07:42,50,0.441,4.47,-20.0
2020-11-23 22:07:42,51,0.412,4.47,-20.0
2020-11-23 22:07:42,52,0.414,4.47,-20.0
2020-11-23 22:07:42,53,0.433,4.46,-20.0
2020-11-23 22:07:42,54,0.429,4.47,-20.0
2020-11-23 22:07:42,55,0.438,4.44,-20.0
2020-11-23 22:07:42,56,0.417,4.44,-20.0
2020-11-23 22:07:42,57,0.42,4.43,-20.0
2020-11-23 22:07:42,58,0.4,4.43,-20.0
2020-11-23 22:07:42,59,0.419,4.44,-20.0
2020-11-23 22:07:42,60,0.42,4.47,-20.0
2020-11-23 22:07:42,61,0.417,4.49,22.2
2020-11-23 22:07:42,62,0.415,4.49,-20.0
2020-11-23 22:07:42,63,0.404,4.48,-20.0
2020-11-23 22:07:42,64,0.413,4.47,-20.0
2020-11-23 22:07:42,65,0.415,4.45,-20.0
2020-11-23 22:07:42,66,0.419,4.45,-20.0
2020-11-23 22:07:42,67,0.418,4.43,-20.0
2020-11-23 22:07:42,68,0.409,4.46,-20.0
2020-11-23 22:07:42,69,0.413,4.46,-20.0
2020-11-23 22:07:42,70,0.407,4.48,-20.0
2020-11-23 22:07:42,71,0.41,4.49,-20.0
2020-11-23 22:07:42,72,0.41,4.49,-20.0
2020-11-23 22:07:42,73,0.409,4.51,22.1
2020-11-23 22:07:42,74,0.403,4.48,-20.0
2020-11-23 22:07:42,75,0.43,4.47,-20.0
2020-11-23 22:07:42,76,0.425,4.45,-20.0
2020-11-23 22:07:42,77,0.425,4.51,-20.0
2020-11-23 22:07:42,78,0.404,4.47,-20.0
2020-11-23 22:07:42,79,0.405,4.48,-20.0
2020-11-23 22:07:42,80,0.415,4.52,-20.0
2020-11-23 22:07:42,81,0.424,4.51,-20.0
2020-11-23 22:07:42,82,0.422,4.51,-20.0
2020-11-23 22:07:42,83,0.424,4.5,-20.0
2020-11-23 22:07:42,84,0.421,4.5,-20.0
2020-11-23 22:07:42,85,0.409,4.48,23.2
2020-11-23 22:07:42,86,0.413,4.47,-20.0
2020-11-23 22:07:42,87,0.436,4.46,-20.0
2020-11-23 22:07:42,88,0.397,4.48,-20.0
2020-11-23 22:07:42,89,0.411,4.48,-20.0
2020-11-23 22:07:42,90,0.408,4.47,-20.0
2020-11-23 22:07:42,91,0.414,4.49,-20.0
2020-11-23 22:07:42,92,0.405,4.5,-20.0
2020-11-23 22:07:42,93,0.413,4.5,-20.0
2020-11-23 22:07:42,94,0.418,4.47,-20.0
2020-11-23 22:07:42,95,0.418,4.47,-20.0
2020-11-23 22:07:42,96,0.411,4.49,-20.0
2020-11-24 10:07:02,1,0.417,4.5,25.5
2020-11-24 10:07:02,2,0.417,4.5,-20.0
2020-11-24 10:07:02,3,0.419,4.51,-20.0
2020-11-24 10:07:02,4,0.417,4.49,-20.0
2020-11-24 10:07:02,5,0.401,4.51,-20.0
2020-11-24 10:07:02,6,0.417,4.49,-20.0
2020-11-24 10:07:02,7,0.41,4.47,-20.0
2020-11-24 10:07:02,8,0.402,4.5,-20.0
2020-11-24 10:07:02,9,0.412,4.48,-20.0
2020-11-24 10:07:02,10,0.421,4.49,-20.0
2020-11-24 10:07:02,11,0.422,4.46,-20.0
2020-11-24 10:07:02,12,0.418,4.47,-20.0
2020-11-24 10:07:02,13,0.411,4.48,24.8
2020-11-24 10:07:02,14,0.421,4.49,-20.0
2020-11-24 10:07:02,15,0.413,4.52,-20.0
2020-11-24 10:07:02,16,0.42,4.52,-20.0
2020-11-24 10:07:02,17,0.415,4.49,-20.0
2020-11-24 10:07:02,18,0.426,4.49,-20.0
2020-11-24 10:07:02,19,0.439,4.48,-20.0
2020-11-24 10:07:02,20,0.413,4.48,-20.0
2020-11-24 10:07:02,21,0.414,4.48,-20.0
2020-11-24 10:07:02,22,0.423,4.47,-20.0
2020-11-24 10:07:02,23,0.439,4.48,-20.0
2020-11-24 10:07:02,24,0.4,4.49,-20.0
2020-11-24 10:07:02,25,0.411,4.51,22.6
2020-11-24 10:07:02,26,0.419,4.48,-20.0
2020-11-24 10:07:02,27,0.408,4.47,-20.0
2020-11-24 10:07:02,28,0.426,4.46,-20.0
2020-11-24 10:07:02,29,0.419,4.46,-20.0
2020-11-24 10:07:02,30,0.415,4.47,-20.0
2020-11-24 10:07:02,31,0.419,4.46,-20.0
2020-11-24 10:07:02,32,0.408,4.49,-20.0
2020-11-24 10:07:02,33,0.412,4.48,-20.0
2020-11-24 10:07:02,34,0.411,4.5,-20.0
2020-11-24 10:07:02,35,0.411,4.49,-20.0
2020-11-24 10:07:02,36,0.405,4.49,-20.0
2020-11-24 10:07:02,37,0.406,4.48,23.0
2020-11-24 10:07:02,38,0.413,4.49,-20.0
2020-11-24 10:07:02,39,0.407,4.48,-20.0
2020-11-24 10:07:02,40,0.417,4.49,-20.0
2020-11-24 10:07:02,41,0.411,4.49,-20.0
2020-11-24 10:07:02,42,0.398,4.47,-20.0
2020-11-24 10:07:02,43,0.418,4.47,-20.0
2020-11-24 10:07:02,44,0.428,4.49,-20.0
2020-11-24 10:07:02,45,0.422,4.49,-20.0
2020-11-24 10:07:02,46,0.419,4.48,-20.0
2020-11-24 10:07:02,47,0.418,4.48,-20.0
2020-11-24 10:07:02,48,0.412,4.48,-20.0
2020-11-24 10:07:02,49,0.5,4.47,24.8
2020-11-24 10:07:02,50,0.436,4.47,-20.0
2020-11-24 10:07:02,51,0.409,4.47,-20.0
2020-11-24 10:07:02,52,0.414,4.47,-20.0
2020-11-24 10:07:02,53,0.43,4.46,-20.0
2020-11-24 10:07:02,54,0.423,4.47,-20.0
2020-11-24 10:07:02,55,0.439,4.44,-20.0
2020-11-24 10:07:02,56,0.414,4.44,-20.0
2020-11-24 10:07:02,57,0.418,4.43,-20.0
2020-11-24 10:07:02,58,0.406,4.43,-20.0
2020-11-24 10:07:02,59,0.419,4.44,-20.0
2020-11-24 10:07:02,60,0.417,4.46,-20.0
2020-11-24 10:07:02,61,0.417,4.5,22.5
2020-11-24 10:07:02,62,0.414,4.49,-20.0
2020-11-24 10:07:02,63,0.408,4.49,-20.0
2020-11-24 10:07:02,64,0.412,4.46,-20.0
2020-11-24 10:07:02,65,0.411,4.45,-20.0
2020-11-24 10:07:02,66,0.419,4.46,-20.0
2020-11-24 10:07:02,67,0.416,4.44,-20.0
2020-11-24 10:07:02,68,0.409,4.46,-20.0
2020-11-24 10:07:02,69,0.408,4.45,-20.0
2020-11-24 10:07:02,70,0.401,4.48,-20.0
2020-11-24 10:07:02,71,0.408,4.48,-20.0
2020-11-24 10:07:02,72,0.406,4.48,-20.0
2020-11-24 10:07:02,73,0.401,4.52,22.5
2020-11-24 10:07:02,74,0.396,4.48,-20.0
2020-11-24 10:07:02,75,0.429,4.47,-20.0
2020-11-24 10:07:02,76,0.424,4.45,-20.0
2020-11-24 10:07:02,77,0.422,4.5,-20.0
2020-11-24 10:07:02,78,0.405,4.48,-20.0
2020-11-24 10:07:02,79,0.404,4.49,-20.0
2020-11-24 10:07:02,80,0.416,4.5,-20.0
2020-11-24 10:07:02,81,0.423,4.51,-20.0
2020-11-24 10:07:02,82,0.423,4.52,-20.0
2020-11-24 10:07:02,83,0.425,4.5,-20.0
2020-11-24 10:07:02,84,0.422,4.5,-20.0
2020-11-24 10:07:02,85,0.409,4.47,23.5
2020-11-24 10:07:02,86,0.415,4.47,-20.0
2020-11-24 10:07:02,87,0.433,4.46,-20.0
2020-11-24 10:07:02,88,0.398,4.47,-20.0
2020-11-24 10:07:02,89,0.411,4.49,-20.0
2020-11-24 10:07:02,90,0.407,4.48,-20.0
2020-11-24 10:07:02,91,0.415,4.49,-20.0
2020-11-24 10:07:02,92,0.402,4.5,-20.0
2020-11-24 10:07:02,93,0.416,4.5,-20.0
2020-11-24 10:07:02,94,0.42,4.47,-20.0
2020-11-24 10:07:02,95,0.418,4.47,-20.0
2020-11-24 10:07:02,96,0.411,4.49,-20.0
2020-11-24 22:06:25,1,0.418,4.5,25.4
2020-11-24 22:06:25,2,0.414,4.51,-20.0
2020-11-24 22:06:25,3,0.419,4.52,-20.0
2020-11-24 22:06:25,4,0.416,4.49,-20.0
2020-11-24 22:06:25,5,0.402,4.52,-20.0
2020-11-24 22:06:25,6,0.418,4.49,-20.0
2020-11-24 22:06:25,7,0.41,4.48,-20.0
2020-11-24 22:06:25,8,0.401,4.5,-20.0
2020-11-24 22:06:25,9,0.411,4.48,-20.0
2020-11-24 22:06:25,10,0.418,4.49,-20.0
2020-11-24 22:06:25,11,0.421,4.46,-20.0
2020-11-24 22:06:25,12,0.42,4.46,-20.0
2020-11-24 22:06:25,13,0.41,4.48,24.8
2020-11-24 22:06:25,14,0.418,4.5,-20.0
2020-11-24 22:06:25,15,0.412,4.52,-20.0
2020-11-24 22:06:25,16,0.421,4.51,-20.0
2020-11-24 22:06:25,17,0.415,4.49,-20.0
2020-11-24 22:06:25,18,0.427,4.49,-20.0
2020-11-24 22:06:25,19,0.44,4.48,-20.0
2020-11-24 22:06:25,20,0.413,4.48,-20.0
2020-11-24 22:06:25,21,0.416,4.48,-20.0
2020-11-24 22:06:25,22,0.42,4.48,-20.0
2020-11-24 22:06:25,23,0.443,4.49,-20.0
2020-11-24 22:06:25,24,0.402,4.5,-20.0
2020-11-24 22:06:25,25,0.411,4.51,22.5
2020-11-24 22:06:25,26,0.42,4.49,-20.0
2020-11-24 22:06:25,27,0.408,4.47,-20.0
2020-11-24 22:06:25,28,0.426,4.47,-20.0
2020-11-24 22:06:25,29,0.418,4.46,-20.0
2020-11-24 22:06:25,30,0.416,4.48,-20.0
2020-11-24 22:06:25,31,0.416,4.46,-20.0
2020-11-24 22:06:25,32,0.412,4.47,-20.0
2020-11-24 22:06:25,33,0.412,4.48,-20.0
2020-11-24 22:06:25,34,0.41,4.49,-20.0
2020-11-24 22:06:25,35,0.41,4.49,-20.0
2020-11-24 22:06:25,36,0.401,4.5,-20.0
2020-11-24 22:06:25,37,0.407,4.48,23.0
2020-11-24 22:06:25,38,0.415,4.49,-20.0
2020-11-24 22:06:25,39,0.412,4.48,-20.0
2020-11-24 22:06:25,40,0.415,4.47,-20.0
2020-11-24 22:06:25,41,0.41,4.49,-20.0
2020-11-24 22:06:25,42,0.399,4.47,-20.0
2020-11-24 22:06:25,43,0.42,4.48,-20.0
2020-11-24 22:06:25,44,0.428,4.49,-20.0
2020-11-24 22:06:25,45,0.422,4.49,-20.0
2020-11-24 22:06:25,46,0.42,4.49,-20.0
2020-11-24 22:06:25,47,0.422,4.48,-20.0
2020-11-24 22:06:25,48,0.413,4.48,-20.0
2020-11-24 22:06:25,49,0.504,4.47,24.6
2020-11-24 22:06:25,50,0.44,4.47,-20.0
2020-11-24 22:06:25,51,0.411,4.47,-20.0
2020-11-24 22:06:25,52,0.415,4.47,-20.0
2020-11-24 22:06:25,53,0.436,4.46,-20.0
2020-11-24 22:06:25,54,0.448,4.47,-20.0
2020-11-24 22:06:25,55,0.453,4.44,-20.0
2020-11-24 22:06:25,56,0.417,4.44,-20.0
2020-11-24 22:06:25,57,0.419,4.43,-20.0
2020-11-24 22:06:25,58,0.402,4.43,-20.0
2020-11-24 22:06:25,59,0.461,4.45,-20.0
2020-11-24 22:06:25,60,0.448,4.46,-20.0
2020-11-24 22:06:25,61,0.413,4.5,22.4
2020-11-24 22:06:25,62,0.411,4.49,-20.0
2020-11-24 22:06:25,63,0.399,4.48,-20.0
2020-11-24 22:06:25,64,0.416,4.47,-20.0
2020-11-24 22:06:25,65,0.431,4.45,-20.0
2020-11-24 22:06:25,66,0.421,4.46,-20.0
2020-11-24 22:06:25,67,0.418,4.43,-20.0
2020-11-24 22:06:25,68,0.4,4.46,-20.0
2020-11-24 22:06:25,69,0.372,4.45,-20.0
2020-11-24 22:06:25,70,0.416,4.46,-20.0
2020-11-24 22:06:25,71,0.408,4.49,-20.0
2020-11-24 22:06:25,72,0.407,4.49,-20.0
2020-11-24 22:06:25,73,0.394,4.51,22.6
2020-11-24 22:06:25,74,0.409,4.48,-20.0
2020-11-24 22:06:25,75,0.426,4.47,-20.0
2020-11-24 22:06:25,76,0.424,4.45,-20.0
2020-11-24 22:06:25,77,0.423,4.51,-20.0
2020-11-24 22:06:25,78,0.405,4.48,-20.0
2020-11-24 22:06:25,79,0.404,4.49,-20.0
2020-11-24 22:06:25,80,0.42,4.51,-20.0
2020-11-24 22:06:25,81,0.424,4.51,-20.0
2020-11-24 22:06:25,82,0.422,4.52,-20.0
2020-11-24 22:06:25,83,0.424,4.5,-20.0
2020-11-24 22:06:25,84,0.424,4.5,-20.0
2020-11-24 22:06:25,85,0.408,4.47,23.8
2020-11-24 22:06:25,86,0.416,4.47,-20.0
2020-11-24 22:06:25,87,0.435,4.47,-20.0
2020-11-24 22:06:25,88,0.398,4.48,-20.0
2020-11-24 22:06:25,89,0.41,4.49,-20.0
2020-11-24 22:06:25,90,0.406,4.47,-20.0
2020-11-24 22:06:25,91,0.417,4.49,-20.0
2020-11-24 22:06:25,92,0.399,4.51,-20.0
2020-11-24 22:06:25,93,0.415,4.5,-20.0
2020-11-24 22:06:25,94,0.421,4.47,-20.0
2020-11-24 22:06:25,95,0.417,4.47,-20.0
2020-11-24 22:06:25,96,0.407,4.49,-20.0
2020-11-25 10:05:51,1,0.418,4.5,25.5
2020-11-25 10:05:51,2,0.413,4.5,-20.0
2020-11-25 10:05:51,3,0.42,4.51,-20.0
2020-11-25 10:05:51,4,0.416,4.49,-20.0
2020-11-25 10:05:51,5,0.407,4.51,-20.0
2020-11-25 10:05:51,6,0.422,4.49,-20.0
2020-11-25 10:05:51,7,0.408,4.48,-20.0
2020-11-25 10:05:51,8,0.398,4.5,-20.0
2020-11-25 10:05:51,9,0.41,4.48,-20.0
2020-11-25 10:05:51,10,0.416,4.5,-20.0
2020-11-25 10:05:51,11,0.42,4.46,-20.0
2020-11-25 10:05:51,12,0.415,4.46,-20.0
2020-11-25 10:05:51,13,0.412,4.48,24.8
2020-11-25 10:05:51,14,0.417,4.49,-20.0
2020-11-25 10:05:51,15,0.41,4.52,-20.0
2020-11-25 10:05:51,16,0.419,4.52,-20.0
2020-11-25 10:05:51,17,0.411,4.49,-20.0
2020-11-25 10:05:51,18,0.43,4.49,-20.0
2020-11-25 10:05:51,19,0.439,4.47,-20.0
2020-11-25 10:05:51,20,0.41,4.48,-20.0
2020-11-25 10:05:51,21,0.416,4.49,-20.0
2020-11-25 10:05:51,22,0.422,4.48,-20.0
2020-11-25 10:05:51,23,0.448,4.48,-20.0
2020-11-25 10:05:51,24,0.406,4.5,-20.0
2020-11-25 10:05:51,25,0.414,4.5,22.5
2020-11-25 10:05:51,26,0.419,4.48,-20.0
2020-11-25 10:05:51,27,0.407,4.47,-20.0
2020-11-25 10:05:51,28,0.425,4.46,-20.0
2020-11-25 10:05:51,29,0.42,4.46,-20.0
2020-11-25 10:05:51,30,0.417,4.48,-20.0
2020-11-25 10:05:51,31,0.421,4.46,-20.0
2020-11-25 10:05:51,32,0.414,4.48,-20.0
2020-11-25 10:05:51,33,0.414,4.48,-20.0
2020-11-25 10:05:51,34,0.412,4.49,-20.0
2020-11-25 10:05:51,35,0.408,4.49,-20.0
2020-11-25 10:05:51,36,0.404,4.5,-20.0
2020-11-25 10:05:51,37,0.405,4.48,22.9
2020-11-25 10:05:51,38,0.415,4.5,-20.0
2020-11-25 10:05:51,39,0.417,4.47,-20.0
2020-11-25 10:05:51,40,0.414,4.49,-20.0
2020-11-25 10:05:51,41,0.413,4.5,-20.0
2020-11-25 10:05:51,42,0.398,4.47,-20.0
2020-11-25 10:05:51,43,0.42,4.48,-20.0
2020-11-25 10:05:51,44,0.428,4.49,-20.0
2020-11-25 10:05:51,45,0.42,4.49,-20.0
2020-11-25 10:05:51,46,0.418,4.48,-20.0
2020-11-25 10:05:51,47,0.415,4.49,-20.0
2020-11-25 10:05:51,48,0.413,4.47,-20.0
2020-11-25 10:05:51,49,0.515,4.47,24.8
2020-11-25 10:05:51,50,0.455,4.46,-20.0
2020-11-25 10:05:51,51,0.412,4.48,-20.0
2020-11-25 10:05:51,52,0.419,4.47,-20.0
2020-11-25 10:05:51,53,0.431,4.46,-20.0
2020-11-25 10:05:51,54,0.453,4.46,-20.0
2020-11-25 10:05:51,55,0.443,4.44,-20.0
2020-11-25 10:05:51,56,0.413,4.44,-20.0
2020-11-25 10:05:51,57,0.413,4.43,-20.0
2020-11-25 10:05:51,58,0.401,4.43,-20.0
2020-11-25 10:05:51,59,0.423,4.45,-20.0
2020-11-25 10:05:51,60,0.43,4.46,-20.0
2020-11-25 10:05:51,61,0.413,4.5,22.4
2020-11-25 10:05:51,62,0.406,4.49,-20.0
2020-11-25 10:05:51,63,0.379,4.48,-20.0
2020-11-25 10:05:51,64,0.411,4.46,-20.0
2020-11-25 10:05:51,65,0.427,4.45,-20.0
2020-11-25 10:05:51,66,0.419,4.45,-20.0
2020-11-25 10:05:51,67,0.42,4.43,-20.0
2020-11-25 10:05:51,68,0.407,4.46,-20.0
2020-11-25 10:05:51,69,0.384,4.45,-20.0
2020-11-25 10:05:51,70,0.414,4.48,-20.0
2020-11-25 10:05:51,71,0.408,4.49,-20.0
2020-11-25 10:05:51,72,0.41,4.49,-20.0
2020-11-25 10:05:51,73,0.401,4.51,22.4
2020-11-25 10:05:51,74,0.405,4.49,-20.0
2020-11-25 10:05:51,75,0.427,4.48,-20.0
2020-11-25 10:05:51,76,0.425,4.45,-20.0
2020-11-25 10:05:51,77,0.423,4.52,-20.0
2020-11-25 10:05:51,78,0.407,4.48,-20.0
2020-11-25 10:05:51,79,0.406,4.48,-20.0
2020-11-25 10:05:51,80,0.42,4.5,-20.0
2020-11-25 10:05:51,81,0.426,4.51,-20.0
2020-11-25 10:05:51,82,0.422,4.51,-20.0
2020-11-25 10:05:51,83,0.425,4.5,-20.0
2020-11-25 10:05:51,84,0.422,4.5,-20.0
2020-11-25 10:05:51,85,0.41,4.47,23.2
2020-11-25 10:05:51,86,0.417,4.47,-20.0
2020-11-25 10:05:51,87,0.434,4.47,-20.0
2020-11-25 10:05:51,88,0.399,4.48,-20.0
2020-11-25 10:05:51,89,0.41,4.49,-20.0
2020-11-25 10:05:51,90,0.405,4.47,-20.0
2020-11-25 10:05:51,91,0.417,4.49,-20.0
2020-11-25 10:05:51,92,0.399,4.5,-20.0
2020-11-25 10:05:51,93,0.414,4.49,-20.0
2020-11-25 10:05:51,94,0.42,4.47,-20.0
2020-11-25 10:05:51,95,0.415,4.46,-20.0
2020-11-25 10:05:51,96,0.409,4.49,-20.0
2020-11-25 22:05:19,1,0.418,4.5,25.5
2020-11-25 22:05:19,2,0.415,4.5,-20.0
2020-11-25 22:05:19,3,0.417,4.52,-20.0
2020-11-25 22:05:19,4,0.418,4.48,-20.0
2020-11-25 22:05:19,5,0.407,4.52,-20.0
2020-11-25 22:05:19,6,0.419,4.49,-20.0
2020-11-25 22:05:19,7,0.406,4.49,-20.0
2020-11-25 22:05:19,8,0.401,4.51,-20.0
2020-11-25 22:05:19,9,0.411,4.47,-20.0
2020-11-25 22:05:19,10,0.415,4.5,-20.0
2020-11-25 22:05:19,11,0.418,4.45,-20.0
2020-11-25 22:05:19,12,0.413,4.46,-20.0
2020-11-25 22:05:19,13,0.406,4.49,24.7
2020-11-25 22:05:19,14,0.416,4.49,-20.0
2020-11-25 22:05:19,15,0.409,4.51,-20.0
2020-11-25 22:05:19,16,0.423,4.52,-20.0
2020-11-25 22:05:19,17,0.413,4.49,-20.0
2020-11-25 22:05:19,18,0.428,4.5,-20.0
2020-11-25 22:05:19,19,0.439,4.47,-20.0
2020-11-25 22:05:19,20,0.41,4.47,-20.0
2020-11-25 22:05:19,21,0.415,4.48,-20.0
2020-11-25 22:05:19,22,0.419,4.48,-20.0
2020-11-25 22:05:19,23,0.449,4.48,-20.0
2020-11-25 22:05:19,24,0.406,4.48,-20.0
2020-11-25 22:05:19,25,0.413,4.5,22.4
2020-11-25 22:05:19,26,0.418,4.49,-20.0
2020-11-25 22:05:19,27,0.409,4.47,-20.0
2020-11-25 22:05:19,28,0.426,4.46,-20.0
2020-11-25 22:05:19,29,0.419,4.46,-20.0
2020-11-25 22:05:19,30,0.419,4.47,-20.0
2020-11-25 22:05:19,31,0.42,4.46,-20.0
2020-11-25 22:05:19,32,0.414,4.48,-20.0
2020-11-25 22:05:19,33,0.412,4.49,-20.0
2020-11-25 22:05:19,34,0.414,4.48,-20.0
2020-11-25 22:05:19,35,0.41,4.49,-20.0
2020-11-25 22:05:19,36,0.402,4.5,-20.0
2020-11-25 22:05:19,37,0.409,4.48,22.9
2020-11-25 22:05:19,38,0.414,4.49,-20.0
2020-11-25 22:05:19,39,0.417,4.48,-20.0
2020-11-25 22:05:19,40,0.413,4.48,-20.0
2020-11-25 22:05:19,41,0.409,4.49,-20.0
2020-11-25 22:05:19,42,0.4,4.48,-20.0
2020-11-25 22:05:19,43,0.418,4.48,-20.0
2020-11-25 22:05:19,44,0.429,4.49,-20.0
2020-11-25 22:05:19,45,0.421,4.49,-20.0
2020-11-25 22:05:19,46,0.417,4.49,-20.0
2020-11-25 22:05:19,47,0.417,4.48,-20.0
2020-11-25 22:05:19,48,0.414,4.48,-20.0
2020-11-25 22:05:19,49,0.509,4.46,24.6
2020-11-25 22:05:19,50,0.447,4.47,-20.0
2020-11-25 22:05:19,51,0.41,4.47,-20.0
2020-11-25 22:05:19,52,0.419,4.47,-20.0
2020-11-25 22:05:19,53,0.427,4.46,-20.0
2020-11-25 22:05:19,54,0.444,4.46,-20.0
2020-11-25 22:05:19,55,0.44,4.44,-20.0
2020-11-25 22:05:19,56,0.415,4.44,-20.0
2020-11-25 22:05:19,57,0.412,4.44,-20.0
2020-11-25 22:05:19,58,0.403,4.43,-20.0
2020-11-25 22:05:19,59,0.425,4.45,-20.0
2020-11-25 22:05:19,60,0.425,4.47,-20.0
2020-11-25 22:05:19,61,0.414,4.5,22.4
2020-11-25 22:05:19,62,0.406,4.49,-20.0
2020-11-25 22:05:19,63,0.388,4.48,-20.0
2020-11-25 22:05:19,64,0.413,4.46,-20.0
2020-11-25 22:05:19,65,0.426,4.45,-20.0
2020-11-25 22:05:19,66,0.42,4.45,-20.0
2020-11-25 22:05:19,67,0.419,4.43,-20.0
2020-11-25 22:05:19,68,0.411,4.46,-20.0
2020-11-25 22:05:19,69,0.392,4.46,-20.0
2020-11-25 22:05:19,70,0.411,4.47,-20.0
2020-11-25 22:05:19,71,0.411,4.48,-20.0
2020-11-25 22:05:19,72,0.414,4.49,-20.0
2020-11-25 22:05:19,73,0.405,4.52,22.4
2020-11-25 22:05:19,74,0.405,4.48,-20.0
2020-11-25 22:05:19,75,0.423,4.47,-20.0
2020-11-25 22:05:19,76,0.423,4.45,-20.0
2020-11-25 22:05:19,77,0.421,4.52,-20.0
2020-11-25 22:05:19,78,0.406,4.47,-20.0
2020-11-25 22:05:19,79,0.408,4.48,-20.0
2020-11-25 22:05:19,80,0.422,4.51,-20.0
2020-11-25 22:05:19,81,0.425,4.51,-20.0
2020-11-25 22:05:19,82,0.422,4.51,-20.0
2020-11-25 22:05:19,83,0.425,4.5,-20.0
2020-11-25 22:05:19,84,0.423,4.49,-20.0
2020-11-25 22:05:19,85,0.415,4.48,23.0
2020-11-25 22:05:19,86,0.417,4.47,-20.0
2020-11-25 22:05:19,87,0.437,4.46,-20.0
2020-11-25 22:05:19,88,0.399,4.48,-20.0
2020-11-25 22:05:19,89,0.409,4.49,-20.0
2020-11-25 22:05:19,90,0.405,4.48,-20.0
2020-11-25 22:05:19,91,0.415,4.48,-20.0
2020-11-25 22:05:19,92,0.398,4.5,-20.0
2020-11-25 22:05:19,93,0.414,4.49,-20.0
2020-11-25 22:05:19,94,0.419,4.48,-20.0
2020-11-25 22:05:19,95,0.413,4.46,-20.0
2020-11-25 22:05:19,96,0.404,4.48,-20.0
2020-11-26 10:04:46,1,0.416,4.49,25.5
2020-11-26 10:04:46,2,0.412,4.51,-20.0
2020-11-26 10:04:46,3,0.415,4.51,-20.0
2020-11-26 10:04:46,4,0.418,4.48,-20.0
2020-11-26 10:04:46,5,0.406,4.52,-20.0
2020-11-26 10:04:46,6,0.416,4.5,-20.0
2020-11-26 10:04:46,7,0.404,4.48,-20.0
2020-11-26 10:04:46,8,0.403,4.5,-20.0
2020-11-26 10:04:46,9,0.411,4.47,-20.0
2020-11-26 10:04:46,10,0.415,4.5,-20.0
2020-11-26 10:04:46,11,0.419,4.46,-20.0
2020-11-26 10:04:46,12,0.415,4.47,-20.0
2020-11-26 10:04:46,13,0.408,4.48,24.8
2020-11-26 10:04:46,14,0.417,4.49,-20.0
2020-11-26 10:04:46,15,0.41,4.52,-20.0
2020-11-26 10:04:46,16,0.424,4.52,-20.0
2020-11-26 10:04:46,17,0.416,4.5,-20.0
2020-11-26 10:04:46,18,0.431,4.49,-20.0
2020-11-26 10:04:46,19,0.438,4.47,-20.0
2020-11-26 10:04:46,20,0.41,4.48,-20.0
2020-11-26 10:04:46,21,0.418,4.48,-20.0
2020-11-26 10:04:46,22,0.419,4.48,-20.0
2020-11-26 10:04:46,23,0.449,4.49,-20.0
2020-11-26 10:04:46,24,0.406,4.49,-20.0
2020-11-26 10:04:46,25,0.416,4.5,22.5
2020-11-26 10:04:46,26,0.415,4.48,-20.0
2020-11-26 10:04:46,27,0.413,4.46,-20.0
2020-11-26 10:04:46,28,0.429,4.46,-20.0
2020-11-26 10:04:46,29,0.417,4.46,-20.0
2020-11-26 10:04:46,30,0.416,4.48,-20.0
2020-11-26 10:04:46,31,0.419,4.47,-20.0
2020-11-26 10:04:46,32,0.415,4.47,-20.0
2020-11-26 10:04:46,33,0.414,4.48,-20.0
2020-11-26 10:04:46,34,0.416,4.49,-20.0
2020-11-26 10:04:46,35,0.413,4.49,-20.0
2020-11-26 10:04:46,36,0.403,4.5,-20.0
2020-11-26 10:04:46,37,0.412,4.49,23.0
2020-11-26 10:04:46,38,0.416,4.49,-20.0
2020-11-26 10:04:46,39,0.42,4.48,-20.0
2020-11-26 10:04:46,40,0.413,4.48,-20.0
2020-11-26 10:04:46,41,0.409,4.48,-20.0
2020-11-26 10:04:46,42,0.399,4.48,-20.0
2020-11-26 10:04:46,43,0.417,4.48,-20.0
2020-11-26 10:04:46,44,0.428,4.49,-20.0
2020-11-26 10:04:46,45,0.419,4.48,-20.0
2020-11-26 10:04:46,46,0.417,4.49,-20.0
2020-11-26 10:04:46,47,0.418,4.48,-20.0
2020-11-26 10:04:46,48,0.418,4.48,-20.0
2020-11-26 10:04:46,49,0.496,4.46,24.8
2020-11-26 10:04:46,50,0.44,4.47,-20.0
2020-11-26 10:04:46,51,0.406,4.48,-20.0
2020-11-26 10:04:46,52,0.414,4.47,-20.0
2020-11-26 10:04:46,53,0.424,4.45,-20.0
2020-11-26 10:04:46,54,0.437,4.47,-20.0
2020-11-26 10:04:46,55,0.435,4.44,-20.0
2020-11-26 10:04:46,56,0.418,4.44,-20.0
2020-11-26 10:04:46,57,0.414,4.43,-20.0
2020-11-26 10:04:46,58,0.407,4.42,-20.0
2020-11-26 10:04:46,59,0.427,4.45,-20.0
2020-11-26 10:04:46,60,0.427,4.46,-20.0
2020-11-26 10:04:46,61,0.414,4.49,22.5
2020-11-26 10:04:46,62,0.411,4.49,-20.0
2020-11-26 10:04:46,63,0.394,4.48,-20.0
2020-11-26 10:04:46,64,0.407,4.46,-20.0
2020-11-26 10:04:46,65,0.423,4.45,-20.0
2020-11-26 10:04:46,66,0.419,4.45,-20.0
2020-11-26 10:04:46,67,0.416,4.44,-20.0
2020-11-26 10:04:46,68,0.411,4.46,-20.0
2020-11-26 10:04:46,69,0.4,4.46,-20.0
2020-11-26 10:04:46,70,0.413,4.47,-20.0
2020-11-26 10:04:46,71,0.411,4.48,-20.0
2020-11-26 10:04:46,72,0.414,4.49,-20.0
2020-11-26 10:04:46,73,0.411,4.51,22.8
2020-11-26 10:04:46,74,0.407,4.48,-20.0
2020-11-26 10:04:46,75,0.426,4.48,-20.0
2020-11-26 10:04:46,76,0.426,4.45,-20.0
2020-11-26 10:04:46,77,0.42,4.5,-20.0
2020-11-26 10:04:46,78,0.409,4.47,-20.0
2020-11-26 10:04:46,79,0.41,4.49,-20.0
2020-11-26 10:04:46,80,0.427,4.51,-20.0
2020-11-26 10:04:46,81,0.426,4.51,-20.0
2020-11-26 10:04:46,82,0.419,4.52,-20.0
2020-11-26 10:04:46,83,0.426,4.51,-20.0
2020-11-26 10:04:46,84,0.426,4.5,-20.0
2020-11-26 10:04:46,85,0.412,4.48,23.9
2020-11-26 10:04:46,86,0.421,4.47,-20.0
2020-11-26 10:04:46,87,0.439,4.47,-20.0
2020-11-26 10:04:46,88,0.4,4.48,-20.0
2020-11-26 10:04:46,89,0.41,4.49,-20.0
2020-11-26 10:04:46,90,0.405,4.47,-20.0
2020-11-26 10:04:46,91,0.418,4.48,-20.0
2020-11-26 10:04:46,92,0.398,4.5,-20.0
2020-11-26 10:04:46,93,0.415,4.5,-20.0
2020-11-26 10:04:46,94,0.421,4.48,-20.0
2020-11-26 10:04:46,95,0.415,4.46,-20.0
2020-11-26 10:04:46,96,0.408,4.49,-20.0
2020-11-26 22:04:18,1,0.416,4.5,25.5
2020-11-26 22:04:18,2,0.409,4.51,-20.0
2020-11-26 22:04:18,3,0.415,4.51,-20.0
2020-11-26 22:04:18,4,0.417,4.49,-20.0
2020-11-26 22:04:18,5,0.405,4.51,-20.0
2020-11-26 22:04:18,6,0.415,4.49,-20.0
2020-11-26 22:04:18,7,0.406,4.48,-20.0
2020-11-26 22:04:18,8,0.402,4.51,-20.0
2020-11-26 22:04:18,9,0.41,4.48,-20.0
2020-11-26 22:04:18,10,0.414,4.51,-20.0
2020-11-26 22:04:18,11,0.419,4.45,-20.0
2020-11-26 22:04:18,12,0.418,4.47,-20.0
2020-11-26 22:04:18,13,0.412,4.48,24.7
2020-11-26 22:04:18,14,0.419,4.5,-20.0
2020-11-26 22:04:18,15,0.41,4.51,-20.0
2020-11-26 22:04:18,16,0.426,4.51,-20.0
2020-11-26 22:04:18,17,0.416,4.49,-20.0
2020-11-26 22:04:18,18,0.429,4.49,-20.0
2020-11-26 22:04:18,19,0.437,4.47,-20.0
2020-11-26 22:04:18,20,0.41,4.47,-20.0
2020-11-26 22:04:18,21,0.416,4.48,-20.0
2020-11-26 22:04:18,22,0.416,4.47,-20.0
2020-11-26 22:04:18,23,0.449,4.49,-20.0
2020-11-26 22:04:18,24,0.408,4.5,-20.0
2020-11-26 22:04:18,25,0.415,4.5,22.3
2020-11-26 22:04:18,26,0.421,4.49,-20.0
2020-11-26 22:04:18,27,0.418,4.47,-20.0
2020-11-26 22:04:18,28,0.428,4.47,-20.0
2020-11-26 22:04:18,29,0.417,4.46,-20.0
2020-11-26 22:04:18,30,0.417,4.47,-20.0
2020-11-26 22:04:18,31,0.417,4.47,-20.0
2020-11-26 22:04:18,32,0.412,4.47,-20.0
2020-11-26 22:04:18,33,0.413,4.5,-20.0
2020-11-26 22:04:18,34,0.415,4.49,-20.0
2020-11-26 22:04:18,35,0.413,4.49,-20.0
2020-11-26 22:04:18,36,0.404,4.5,-20.0
2020-11-26 22:04:18,37,0.414,4.47,22.8
2020-11-26 22:04:18,38,0.415,4.49,-20.0
2020-11-26 22:04:18,39,0.405,4.47,-20.0
2020-11-26 22:04:18,40,0.411,4.48,-20.0
2020-11-26 22:04:18,41,0.408,4.49,-20.0
2020-11-26 22:04:18,42,0.389,4.47,-20.0
2020-11-26 22:04:18,43,0.399,4.48,-20.0
2020-11-26 22:04:18,44,0.417,4.5,-20.0
2020-11-26 22:04:18,45,0.419,4.49,-20.0
2020-11-26 22:04:18,46,0.417,4.49,-20.0
2020-11-26 22:04:18,47,0.407,4.48,-20.0
2020-11-26 22:04:18,48,0.4,4.48,-20.0
2020-11-26 22:04:18,49,0.494,4.46,24.5
2020-11-26 22:04:18,50,0.415,4.47,-20.0
2020-11-26 22:04:18,51,0.408,4.48,-20.0
2020-11-26 22:04:18,52,0.415,4.46,-20.0
2020-11-26 22:04:18,53,0.445,4.46,-20.0
2020-11-26 22:04:18,54,0.459,4.46,-20.0
2020-11-26 22:04:18,55,0.435,4.44,-20.0
2020-11-26 22:04:18,56,0.418,4.44,-20.0
2020-11-26 22:04:18,57,0.419,4.43,-20.0
2020-11-26 22:04:18,58,0.272,4.43,-20.0
2020-11-26 22:04:18,59,0.431,4.45,-20.0
2020-11-26 22:04:18,60,0.424,4.47,-20.0
2020-11-26 22:04:18,61,0.416,4.5,22.2
2020-11-26 22:04:18,62,0.411,4.49,-20.0
2020-11-26 22:04:18,63,0.399,4.48,-20.0
2020-11-26 22:04:18,64,0.408,4.47,-20.0
2020-11-26 22:04:18,65,0.418,4.45,-20.0
2020-11-26 22:04:18,66,0.417,4.45,-20.0
2020-11-26 22:04:18,67,0.414,4.43,-20.0
2020-11-26 22:04:18,68,0.411,4.46,-20.0
2020-11-26 22:04:18,69,0.399,4.46,-20.0
2020-11-26 22:04:18,70,0.435,4.47,-20.0
2020-11-26 22:04:18,71,0.413,4.48,-20.0
2020-11-26 22:04:18,72,0.415,4.5,-20.0
2020-11-26 22:04:18,73,0.414,4.51,22.2
2020-11-26 22:04:18,74,0.408,4.49,-20.0
2020-11-26 22:04:18,75,0.428,4.47,-20.0
2020-11-26 22:04:18,76,0.425,4.45,-20.0
2020-11-26 22:04:18,77,0.422,4.51,-20.0
2020-11-26 22:04:18,78,0.408,4.47,-20.0
2020-11-26 22:04:18,79,0.411,4.48,-20.0
2020-11-26 22:04:18,80,0.423,4.51,-20.0
2020-11-26 22:04:18,81,0.424,4.51,-20.0
2020-11-26 22:04:18,82,0.419,4.52,-20.0
2020-11-26 22:04:18,83,0.425,4.5,-20.0
2020-11-26 22:04:18,84,0.424,4.5,-20.0
2020-11-26 22:04:18,85,0.411,4.48,23.1
2020-11-26 22:04:18,86,0.415,4.47,-20.0
2020-11-26 22:04:18,87,0.438,4.47,-20.0
2020-11-26 22:04:18,88,0.4,4.47,-20.0
2020-11-26 22:04:18,89,0.402,4.49,-20.0
2020-11-26 22:04:18,90,0.399,4.47,-20.0
2020-11-26 22:04:18,91,0.416,4.49,-20.0
2020-11-26 22:04:18,92,0.396,4.51,-20.0
2020-11-26 22:04:18,93,0.413,4.49,-20.0
2020-11-26 22:04:18,94,0.416,4.47,-20.0
2020-11-26 22:04:18,95,0.413,4.47,-20.0
2020-11-26 22:04:18,96,0.403,4.49,-20.0
2020-11-27 10:03:49,1,0.414,4.5,25.5
2020-11-27 10:03:49,2,0.41,4.5,-20.0
2020-11-27 10:03:49,3,0.415,4.52,-20.0
2020-11-27 10:03:49,4,0.419,4.49,-20.0
2020-11-27 10:03:49,5,0.408,4.51,-20.0
2020-11-27 10:03:49,6,0.415,4.5,-20.0
2020-11-27 10:03:49,7,0.407,4.48,-20.0
2020-11-27 10:03:49,8,0.4,4.51,-20.0
2020-11-27 10:03:49,9,0.409,4.48,-20.0
2020-11-27 10:03:49,10,0.414,4.5,-20.0
2020-11-27 10:03:49,11,0.414,4.46,-20.0
2020-11-27 10:03:49,12,0.419,4.46,-20.0
2020-11-27 10:03:49,13,0.418,4.48,24.8
2020-11-27 10:03:49,14,0.416,4.5,-20.0
2020-11-27 10:03:49,15,0.41,4.52,-20.0
2020-11-27 10:03:49,16,0.431,4.52,-20.0
2020-11-27 10:03:49,17,0.418,4.49,-20.0
2020-11-27 10:03:49,18,0.435,4.49,-20.0
2020-11-27 10:03:49,19,0.437,4.47,-20.0
2020-11-27 10:03:49,20,0.411,4.46,-20.0
2020-11-27 10:03:49,21,0.417,4.48,-20.0
2020-11-27 10:03:49,22,0.418,4.47,-20.0
2020-11-27 10:03:49,23,0.448,4.48,-20.0
2020-11-27 10:03:49,24,0.409,4.5,-20.0
2020-11-27 10:03:49,25,0.419,4.5,22.5
2020-11-27 10:03:49,26,0.418,4.48,-20.0
2020-11-27 10:03:49,27,0.42,4.47,-20.0
2020-11-27 10:03:49,28,0.428,4.47,-20.0
2020-11-27 10:03:49,29,0.419,4.47,-20.0
2020-11-27 10:03:49,30,0.419,4.47,-20.0
2020-11-27 10:03:49,31,0.419,4.46,-20.0
2020-11-27 10:03:49,32,0.412,4.48,-20.0
2020-11-27 10:03:49,33,0.412,4.49,-20.0
2020-11-27 10:03:49,34,0.413,4.49,-20.0
2020-11-27 10:03:49,35,0.409,4.48,-20.0
2020-11-27 10:03:49,36,0.404,4.5,-20.0
2020-11-27 10:03:49,37,0.419,4.47,22.9
2020-11-27 10:03:49,38,0.412,4.49,-20.0
2020-11-27 10:03:49,39,0.405,4.47,-20.0
2020-11-27 10:03:49,40,0.413,4.48,-20.0
2020-11-27 10:03:49,41,0.408,4.48,-20.0
2020-11-27 10:03:49,42,0.392,4.48,-20.0
2020-11-27 10:03:49,43,0.404,4.47,-20.0
2020-11-27 10:03:49,44,0.419,4.49,-20.0
2020-11-27 10:03:49,45,0.421,4.49,-20.0
2020-11-27 10:03:49,46,0.417,4.49,-20.0
2020-11-27 10:03:49,47,0.408,4.49,-20.0
2020-11-27 10:03:49,48,0.406,4.48,-20.0
2020-11-27 10:03:49,49,0.502,4.46,24.8
2020-11-27 10:03:49,50,0.415,4.47,-20.0
2020-11-27 10:03:49,51,0.409,4.47,-20.0
2020-11-27 10:03:49,52,0.419,4.47,-20.0
2020-11-27 10:03:49,53,0.448,4.46,-20.0
2020-11-27 10:03:49,54,0.455,4.47,-20.0
2020-11-27 10:03:49,55,0.431,4.43,-20.0
2020-11-27 10:03:49,56,0.419,4.44,-20.0
2020-11-27 10:03:49,57,0.422,4.44,-20.0
2020-11-27 10:03:49,58,0.303,4.43,-20.0
2020-11-27 10:03:49,59,0.428,4.45,-20.0
2020-11-27 10:03:49,60,0.421,4.46,-20.0
2020-11-27 10:03:49,61,0.414,4.5,22.5
2020-11-27 10:03:49,62,0.409,4.49,-20.0
2020-11-27 10:03:49,63,0.4,4.48,-20.0
2020-11-27 10:03:49,64,0.407,4.46,-20.0
2020-11-27 10:03:49,65,0.414,4.45,-20.0
2020-11-27 10:03:49,66,0.418,4.46,-20.0
2020-11-27 10:03:49,67,0.414,4.43,-20.0
2020-11-27 10:03:49,68,0.408,4.46,-20.0
2020-11-27 10:03:49,69,0.404,4.45,-20.0
2020-11-27 10:03:49,70,0.433,4.47,-20.0
2020-11-27 10:03:49,71,0.413,4.49,-20.0
2020-11-27 10:03:49,72,0.415,4.49,-20.0
2020-11-27 10:03:49,73,0.417,4.52,22.6
2020-11-27 10:03:49,74,0.406,4.48,-20.0
2020-11-27 10:03:49,75,0.43,4.48,-20.0
2020-11-27 10:03:49,76,0.424,4.45,-20.0
2020-11-27 10:03:49,77,0.42,4.51,-20.0
2020-11-27 10:03:49,78,0.407,4.47,-20.0
2020-11-27 10:03:49,79,0.41,4.49,-20.0
2020-11-27 10:03:49,80,0.42,4.51,-20.0
2020-11-27 10:03:49,81,0.424,4.51,-20.0
2020-11-27 10:03:49,82,0.422,4.52,-20.0
2020-11-27 10:03:49,83,0.426,4.5,-20.0
2020-11-27 10:03:49,84,0.421,4.5,-20.0
2020-11-27 10:03:49,85,0.412,4.47,23.5
2020-11-27 10:03:49,86,0.414,4.47,-20.0
2020-11-27 10:03:49,87,0.443,4.47,-20.0
2020-11-27 10:03:49,88,0.4,4.47,-20.0
2020-11-27 10:03:49,89,0.405,4.49,-20.0
2020-11-27 10:03:49,90,0.4,4.48,-20.0
2020-11-27 10:03:49,91,0.418,4.48,-20.0
2020-11-27 10:03:49,92,0.397,4.5,-20.0
2020-11-27 10:03:49,93,0.413,4.5,-20.0
2020-11-27 10:03:49,94,0.415,4.48,-20.0
2020-11-27 10:03:49,95,0.411,4.46,-20.0
2020-11-27 10:03:49,96,0.405,4.49,-20.0
2020-11-27 22:03:29,1,0.414,4.5,25.5
2020-11-27 22:03:29,2,0.411,4.5,-20.0
2020-11-27 22:03:29,3,0.414,4.51,-20.0
2020-11-27 22:03:29,4,0.42,4.47,-20.0
2020-11-27 22:03:29,5,0.41,4.51,-20.0
2020-11-27 22:03:29,6,0.417,4.49,-20.0
2020-11-27 22:03:29,7,0.405,4.48,-20.0
2020-11-27 22:03:29,8,0.401,4.51,-20.0
2020-11-27 22:03:29,9,0.411,4.49,-20.0
2020-11-27 22:03:29,10,0.415,4.5,-20.0
2020-11-27 22:03:29,11,0.415,4.46,-20.0
2020-11-27 22:03:29,12,0.421,4.46,-20.0
2020-11-27 22:03:29,13,0.416,4.48,24.9
2020-11-27 22:03:29,14,0.415,4.49,-20.0
2020-11-27 22:03:29,15,0.408,4.52,-20.0
2020-11-27 22:03:29,16,0.43,4.51,-20.0
2020-11-27 22:03:29,17,0.421,4.49,-20.0
2020-11-27 22:03:29,18,0.435,4.49,-20.0
2020-11-27 22:03:29,19,0.434,4.48,-20.0
2020-11-27 22:03:29,20,0.409,4.47,-20.0
2020-11-27 22:03:29,21,0.415,4.49,-20.0
2020-11-27 22:03:29,22,0.416,4.47,-20.0
2020-11-27 22:03:29,23,0.447,4.49,-20.0
2020-11-27 22:03:29,24,0.411,4.5,-20.0
2020-11-27 22:03:29,25,0.42,4.49,22.5
2020-11-27 22:03:29,26,0.417,4.49,-20.0
2020-11-27 22:03:29,27,0.416,4.46,-20.0
2020-11-27 22:03:29,28,0.42,4.46,-20.0
2020-11-27 22:03:29,29,0.404,4.45,-20.0
2020-11-27 22:03:29,30,0.415,4.47,-20.0
2020-11-27 22:03:29,31,0.415,4.47,-20.0
2020-11-27 22:03:29,32,0.403,4.47,-20.0
2020-11-27 22:03:29,33,0.407,4.49,-20.0
2020-11-27 22:03:29,34,0.402,4.49,-20.0
2020-11-27 22:03:29,35,0.411,4.49,-20.0
2020-11-27 22:03:29,36,0.403,4.5,-20.0
2020-11-27 22:03:29,37,0.415,4.48,23.0
2020-11-27 22:03:29,38,0.411,4.48,-20.0
2020-11-27 22:03:29,39,0.41,4.46,-20.0
2020-11-27 22:03:29,40,0.412,4.47,-20.0
2020-11-27 22:03:29,41,0.411,4.5,-20.0
2020-11-27 22:03:29,42,0.396,4.48,-20.0
2020-11-27 22:03:29,43,0.407,4.49,-20.0
2020-11-27 22:03:29,44,0.419,4.49,-20.0
2020-11-27 22:03:29,45,0.423,4.5,-20.0
2020-11-27 22:03:29,46,0.415,4.49,-20.0
2020-11-27 22:03:29,47,0.407,4.48,-20.0
2020-11-27 22:03:29,48,0.408,4.48,-20.0
2020-11-27 22:03:29,49,0.499,4.46,24.9
2020-11-27 22:03:29,50,0.418,4.47,-20.0
2020-11-27 22:03:29,51,0.41,4.47,-20.0
2020-11-27 22:03:29,52,0.416,4.47,-20.0
2020-11-27 22:03:29,53,0.44,4.46,-20.0
2020-11-27 22:03:29,54,0.446,4.47,-20.0
2020-11-27 22:03:29,55,0.433,4.44,-20.0
2020-11-27 22:03:29,56,0.414,4.44,-20.0
2020-11-27 22:03:29,57,0.426,4.43,-20.0
2020-11-27 22:03:29,58,0.334,4.43,-20.0
2020-11-27 22:03:29,59,0.426,4.45,-20.0
2020-11-27 22:03:29,60,0.42,4.46,-20.0
2020-11-27 22:03:29,61,0.416,4.5,22.5
2020-11-27 22:03:29,62,0.409,4.49,-20.0
2020-11-27 22:03:29,63,0.403,4.48,-20.0
2020-11-27 22:03:29,64,0.406,4.46,-20.0
2020-11-27 22:03:29,65,0.417,4.45,-20.0
2020-11-27 22:03:29,66,0.419,4.45,-20.0
2020-11-27 22:03:29,67,0.413,4.44,-20.0
2020-11-27 22:03:29,68,0.411,4.46,-20.0
2020-11-27 22:03:29,69,0.405,4.46,-20.0
2020-11-27 22:03:29,70,0.428,4.47,-20.0
2020-11-27 22:03:29,71,0.415,4.49,-20.0
2020-11-27 22:03:29,72,0.417,4.49,-20.0
2020-11-27 22:03:29,73,0.416,4.52,22.8
2020-11-27 22:03:29,74,0.409,4.48,-20.0
2020-11-27 22:03:29,75,0.429,4.47,-20.0
2020-11-27 22:03:29,76,0.423,4.45,-20.0
2020-11-27 22:03:29,77,0.423,4.51,-20.0
2020-11-27 22:03:29,78,0.409,4.48,-20.0
2020-11-27 22:03:29,79,0.413,4.49,-20.0
2020-11-27 22:03:29,80,0.419,4.51,-20.0
2020-11-27 22:03:29,81,0.421,4.5,-20.0
2020-11-27 22:03:29,82,0.421,4.52,-20.0
2020-11-27 22:03:29,83,0.423,4.5,-20.0
2020-11-27 22:03:29,84,0.421,4.5,-20.0
2020-11-27 22:03:29,85,0.408,4.48,24.1
2020-11-27 22:03:29,86,0.412,4.47,-20.0
2020-11-27 22:03:29,87,0.44,4.46,-20.0
2020-11-27 22:03:29,88,0.401,4.48,-20.0
2020-11-27 22:03:29,89,0.401,4.48,-20.0
2020-11-27 22:03:29,90,0.405,4.48,-20.0
2020-11-27 22:03:29,91,0.419,4.49,-20.0
2020-11-27 22:03:29,92,0.4,4.5,-20.0
2020-11-27 22:03:29,93,0.415,4.5,-20.0
2020-11-27 22:03:29,94,0.418,4.48,-20.0
2020-11-27 22:03:29,95,0.412,4.46,-20.0
2020-11-27 22:03:29,96,0.408,4.49,-20.0
2020-11-28 10:03:07,1,0.415,4.5,25.5
2020-11-28 10:03:07,2,0.412,4.51,-20.0
2020-11-28 10:03:07,3,0.413,4.52,-20.0
2020-11-28 10:03:07,4,0.419,4.49,-20.0
2020-11-28 10:03:07,5,0.409,4.51,-20.0
2020-11-28 10:03:07,6,0.42,4.49,-20.0
2020-11-28 10:03:07,7,0.408,4.49,-20.0
2020-11-28 10:03:07,8,0.405,4.51,-20.0
2020-11-28 10:03:07,9,0.411,4.49,-20.0
2020-11-28 10:03:07,10,0.416,4.49,-20.0
2020-11-28 10:03:07,11,0.417,4.46,-20.0
2020-11-28 10:03:07,12,0.42,4.48,-20.0
2020-11-28 10:03:07,13,0.414,4.48,24.8
2020-11-28 10:03:07,14,0.415,4.48,-20.0
2020-11-28 10:03:07,15,0.407,4.52,-20.0
2020-11-28 10:03:07,16,0.429,4.51,-20.0
2020-11-28 10:03:07,17,0.417,4.49,-20.0
2020-11-28 10:03:07,18,0.433,4.49,-20.0
2020-11-28 10:03:07,19,0.436,4.48,-20.0
2020-11-28 10:03:07,20,0.407,4.47,-20.0
2020-11-28 10:03:07,21,0.416,4.49,-20.0
2020-11-28 10:03:07,22,0.416,4.47,-20.0
2020-11-28 10:03:07,23,0.45,4.47,-20.0
2020-11-28 10:03:07,24,0.406,4.49,-20.0
2020-11-28 10:03:07,25,0.42,4.51,22.7
2020-11-28 10:03:07,26,0.42,4.48,-20.0
2020-11-28 10:03:07,27,0.416,4.47,-20.0
2020-11-28 10:03:07,28,0.42,4.46,-20.0
2020-11-28 10:03:07,29,0.407,4.46,-20.0
2020-11-28 10:03:07,30,0.416,4.49,-20.0
2020-11-28 10:03:07,31,0.419,4.47,-20.0
2020-11-28 10:03:07,32,0.408,4.47,-20.0
2020-11-28 10:03:07,33,0.409,4.49,-20.0
2020-11-28 10:03:07,34,0.406,4.49,-20.0
2020-11-28 10:03:07,35,0.414,4.48,-20.0
2020-11-28 10:03:07,36,0.405,4.51,-20.0
2020-11-28 10:03:07,37,0.415,4.49,23.1
2020-11-28 10:03:07,38,0.413,4.49,-20.0
2020-11-28 10:03:07,39,0.415,4.47,-20.0
2020-11-28 10:03:07,40,0.412,4.48,-20.0
2020-11-28 10:03:07,41,0.409,4.49,-20.0
2020-11-28 10:03:07,42,0.399,4.48,-20.0
2020-11-28 10:03:07,43,0.411,4.48,-20.0
2020-11-28 10:03:07,44,0.42,4.49,-20.0
2020-11-28 10:03:07,45,0.419,4.49,-20.0
2020-11-28 10:03:07,46,0.415,4.48,-20.0
2020-11-28 10:03:07,47,0.411,4.48,-20.0
2020-11-28 10:03:07,48,0.409,4.49,-20.0
2020-11-28 10:03:07,49,0.495,4.46,24.7
2020-11-28 10:03:07,50,0.422,4.48,-20.0
2020-11-28 10:03:07,51,0.41,4.47,-20.0
2020-11-28 10:03:07,52,0.416,4.47,-20.0
2020-11-28 10:03:07,53,0.434,4.46,-20.0
2020-11-28 10:03:07,54,0.439,4.46,-20.0
2020-11-28 10:03:07,55,0.429,4.44,-20.0
2020-11-28 10:03:07,56,0.412,4.44,-20.0
2020-11-28 10:03:07,57,0.426,4.44,-20.0
2020-11-28 10:03:07,58,0.358,4.43,-20.0
2020-11-28 10:03:07,59,0.426,4.45,-20.0
2020-11-28 10:03:07,60,0.418,4.46,-20.0
2020-11-28 10:03:07,61,0.417,4.49,22.7
2020-11-28 10:03:07,62,0.409,4.49,-20.0
2020-11-28 10:03:07,63,0.405,4.48,-20.0
2020-11-28 10:03:07,64,0.406,4.46,-20.0
2020-11-28 10:03:07,65,0.421,4.45,-20.0
2020-11-28 10:03:07,66,0.42,4.45,-20.0
2020-11-28 10:03:07,67,0.413,4.44,-20.0
2020-11-28 10:03:07,68,0.411,4.47,-20.0
2020-11-28 10:03:07,69,0.406,4.46,-20.0
2020-11-28 10:03:07,70,0.423,4.47,-20.0
2020-11-28 10:03:07,71,0.415,4.49,-20.0
2020-11-28 10:03:07,72,0.419,4.49,-20.0
2020-11-28 10:03:07,73,0.415,4.52,22.6
2020-11-28 10:03:07,74,0.408,4.48,-20.0
2020-11-28 10:03:07,75,0.427,4.48,-20.0
2020-11-28 10:03:07,76,0.424,4.45,-20.0
2020-11-28 10:03:07,77,0.42,4.51,-20.0
2020-11-28 10:03:07,78,0.41,4.47,-20.0
2020-11-28 10:03:07,79,0.413,4.48,-20.0
2020-11-28 10:03:07,80,0.42,4.52,-20.0
2020-11-28 10:03:07,81,0.423,4.51,-20.0
2020-11-28 10:03:07,82,0.42,4.51,-20.0
2020-11-28 10:03:07,83,0.422,4.5,-20.0
2020-11-28 10:03:07,84,0.423,4.5,-20.0
2020-11-28 10:03:07,85,0.412,4.47,23.8
2020-11-28 10:03:07,86,0.414,4.47,-20.0
2020-11-28 10:03:07,87,0.44,4.47,-20.0
2020-11-28 10:03:07,88,0.401,4.48,-20.0
2020-11-28 10:03:07,89,0.403,4.49,-20.0
2020-11-28 10:03:07,90,0.405,4.48,-20.0
2020-11-28 10:03:07,91,0.418,4.49,-20.0
2020-11-28 10:03:07,92,0.398,4.5,-20.0
2020-11-28 10:03:07,93,0.411,4.5,-20.0
2020-11-28 10:03:07,94,0.417,4.47,-20.0
2020-11-28 10:03:07,95,0.413,4.47,-20.0
2020-11-28 10:03:07,96,0.408,4.49,-20.0
2020-11-28 22:02:41,1,0.414,4.5,25.5
2020-11-28 22:02:41,2,0.413,4.51,-20.0
2020-11-28 22:02:41,3,0.415,4.52,-20.0
2020-11-28 22:02:41,4,0.419,4.48,-20.0
2020-11-28 22:02:41,5,0.409,4.51,-20.0
2020-11-28 22:02:41,6,0.42,4.48,-20.0
2020-11-28 22:02:41,7,0.409,4.47,-20.0
2020-11-28 22:02:41,8,0.408,4.5,-20.0
2020-11-28 22:02:41,9,0.41,4.48,-20.0
2020-11-28 22:02:41,10,0.417,4.5,-20.0
2020-11-28 22:02:41,11,0.417,4.46,-20.0
2020-11-28 22:02:41,12,0.422,4.47,-20.0
2020-11-28 22:02:41,13,0.414,4.48,24.8
2020-11-28 22:02:41,14,0.416,4.49,-20.0
2020-11-28 22:02:41,15,0.409,4.5,-20.0
2020-11-28 22:02:41,16,0.427,4.51,-20.0
2020-11-28 22:02:41,17,0.414,4.49,-20.0
2020-11-28 22:02:41,18,0.425,4.49,-20.0
2020-11-28 22:02:41,19,0.432,4.47,-20.0
2020-11-28 22:02:41,20,0.408,4.48,-20.0
2020-11-28 22:02:41,21,0.412,4.49,-20.0
2020-11-28 22:02:41,22,0.416,4.47,-20.0
2020-11-28 22:02:41,23,0.436,4.48,-20.0
2020-11-28 22:02:41,24,0.408,4.5,-20.0
2020-11-28 22:02:41,25,0.419,4.5,22.9
2020-11-28 22:02:41,26,0.418,4.48,-20.0
2020-11-28 22:02:41,27,0.417,4.46,-20.0
2020-11-28 22:02:41,28,0.421,4.46,-20.0
2020-11-28 22:02:41,29,0.408,4.46,-20.0
2020-11-28 22:02:41,30,0.414,4.48,-20.0
2020-11-28 22:02:41,31,0.42,4.46,-20.0
2020-11-28 22:02:41,32,0.41,4.48,-20.0
2020-11-28 22:02:41,33,0.41,4.49,-20.0
2020-11-28 22:02:41,34,0.408,4.49,-20.0
2020-11-28 22:02:41,35,0.412,4.5,-20.0
2020-11-28 22:02:41,36,0.406,4.49,-20.0
2020-11-28 22:02:41,37,0.416,4.48,23.2
2020-11-28 22:02:41,38,0.42,4.5,-20.0
2020-11-28 22:02:41,39,0.416,4.47,-20.0
2020-11-28 22:02:41,40,0.413,4.48,-20.0
2020-11-28 22:02:41,41,0.408,4.5,-20.0
2020-11-28 22:02:41,42,0.399,4.48,-20.0
2020-11-28 22:02:41,43,0.416,4.48,-20.0
2020-11-28 22:02:41,44,0.421,4.49,-20.0
2020-11-28 22:02:41,45,0.419,4.5,-20.0
2020-11-28 22:02:41,46,0.417,4.48,-20.0
2020-11-28 22:02:41,47,0.409,4.48,-20.0
2020-11-28 22:02:41,48,0.416,4.49,-20.0
2020-11-28 22:02:41,49,0.474,4.46,24.6
2020-11-28 22:02:41,50,0.409,4.47,-20.0
2020-11-28 22:02:41,51,0.409,4.47,-20.0
2020-11-28 22:02:41,52,0.417,4.46,-20.0
2020-11-28 22:02:41,53,0.257,4.46,-20.0
2020-11-28 22:02:41,54,0.415,4.47,-20.0
2020-11-28 22:02:41,55,0.409,4.44,-20.0
2020-11-28 22:02:41,56,0.416,4.44,-20.0
2020-11-28 22:02:41,57,0.422,4.43,-20.0
2020-11-28 22:02:41,58,0.397,4.43,-20.0
2020-11-28 22:02:41,59,0.385,4.44,-20.0
2020-11-28 22:02:41,60,0.381,4.46,-20.0
2020-11-28 22:02:41,61,0.417,4.49,22.8
2020-11-28 22:02:41,62,0.408,4.49,-20.0
2020-11-28 22:02:41,63,0.409,4.48,-20.0
2020-11-28 22:02:41,64,0.408,4.46,-20.0
2020-11-28 22:02:41,65,0.418,4.46,-20.0
2020-11-28 22:02:41,66,0.418,4.45,-20.0
2020-11-28 22:02:41,67,0.414,4.43,-20.0
2020-11-28 22:02:41,68,0.411,4.47,-20.0
2020-11-28 22:02:41,69,0.406,4.46,-20.0
2020-11-28 22:02:41,70,0.413,4.47,-20.0
2020-11-28 22:02:41,71,0.414,4.48,-20.0
2020-11-28 22:02:41,72,0.414,4.49,-20.0
2020-11-28 22:02:41,73,0.4,4.51,22.5
2020-11-28 22:02:41,74,0.399,4.49,-20.0
2020-11-28 22:02:41,75,0.429,4.48,-20.0
2020-11-28 22:02:41,76,0.422,4.46,-20.0
2020-11-28 22:02:41,77,0.416,4.52,-20.0
2020-11-28 22:02:41,78,0.404,4.48,-20.0
2020-11-28 22:02:41,79,0.412,4.49,-20.0
2020-11-28 22:02:41,80,0.421,4.51,-20.0
2020-11-28 22:02:41,81,0.422,4.52,-20.0
2020-11-28 22:02:41,82,0.42,4.51,-20.0
2020-11-28 22:02:41,83,0.424,4.51,-20.0
2020-11-28 22:02:41,84,0.424,4.5,-20.0
2020-11-28 22:02:41,85,0.413,4.47,23.5
2020-11-28 22:02:41,86,0.414,4.47,-20.0
2020-11-28 22:02:41,87,0.441,4.47,-20.0
2020-11-28 22:02:41,88,0.401,4.47,-20.0
2020-11-28 22:02:41,89,0.409,4.49,-20.0
2020-11-28 22:02:41,90,0.406,4.47,-20.0
2020-11-28 22:02:41,91,0.414,4.49,-20.0
2020-11-28 22:02:41,92,0.398,4.5,-20.0
2020-11-28 22:02:41,93,0.412,4.5,-20.0
2020-11-28 22:02:41,94,0.418,4.47,-20.0
2020-11-28 22:02:41,95,0.413,4.47,-20.0
2020-11-28 22:02:41,96,0.41,4.49,-20.0
2020-11-29 10:02:10,1,0.415,4.51,25.5
2020-11-29 10:02:10,2,0.414,4.51,-20.0
2020-11-29 10:02:10,3,0.417,4.52,-20.0
2020-11-29 10:02:10,4,0.419,4.49,-20.0
2020-11-29 10:02:10,5,0.411,4.51,-20.0
2020-11-29 10:02:10,6,0.418,4.49,-20.0
2020-11-29 10:02:10,7,0.403,4.49,-20.0
2020-11-29 10:02:10,8,0.405,4.5,-20.0
2020-11-29 10:02:10,9,0.406,4.48,-20.0
2020-11-29 10:02:10,10,0.419,4.5,-20.0
2020-11-29 10:02:10,11,0.417,4.46,-20.0
2020-11-29 10:02:10,12,0.422,4.47,-20.0
2020-11-29 10:02:10,13,0.412,4.49,24.8
2020-11-29 10:02:10,14,0.413,4.49,-20.0
2020-11-29 10:02:10,15,0.41,4.52,-20.0
2020-11-29 10:02:10,16,0.428,4.51,-20.0
2020-11-29 10:02:10,17,0.422,4.49,-20.0
2020-11-29 10:02:10,18,0.429,4.5,-20.0
2020-11-29 10:02:10,19,0.436,4.47,-20.0
2020-11-29 10:02:10,20,0.409,4.48,-20.0
2020-11-29 10:02:10,21,0.413,4.49,-20.0
2020-11-29 10:02:10,22,0.42,4.48,-20.0
2020-11-29 10:02:10,23,0.44,4.49,-20.0
2020-11-29 10:02:10,24,0.409,4.49,-20.0
2020-11-29 10:02:10,25,0.419,4.49,22.9
2020-11-29 10:02:10,26,0.422,4.48,-20.0
2020-11-29 10:02:10,27,0.412,4.48,-20.0
2020-11-29 10:02:10,28,0.423,4.47,-20.0
2020-11-29 10:02:10,29,0.411,4.47,-20.0
2020-11-29 10:02:10,30,0.416,4.48,-20.0
2020-11-29 10:02:10,31,0.419,4.47,-20.0
2020-11-29 10:02:10,32,0.413,4.47,-20.0
2020-11-29 10:02:10,33,0.413,4.49,-20.0
2020-11-29 10:02:10,34,0.409,4.49,-20.0
2020-11-29 10:02:10,35,0.411,4.49,-20.0
2020-11-29 10:02:10,36,0.408,4.5,-20.0
2020-11-29 10:02:10,37,0.415,4.49,23.3
2020-11-29 10:02:10,38,0.421,4.5,-20.0
2020-11-29 10:02:10,39,0.417,4.48,-20.0
2020-11-29 10:02:10,40,0.412,4.48,-20.0
2020-11-29 10:02:10,41,0.406,4.49,-20.0
2020-11-29 10:02:10,42,0.401,4.48,-20.0
2020-11-29 10:02:10,43,0.414,4.48,-20.0
2020-11-29 10:02:10,44,0.422,4.49,-20.0
2020-11-29 10:02:10,45,0.42,4.49,-20.0
2020-11-29 10:02:10,46,0.416,4.48,-20.0
2020-11-29 10:02:10,47,0.413,4.48,-20.0
2020-11-29 10:02:10,48,0.415,4.49,-20.0
2020-11-29 10:02:10,49,0.473,4.46,24.7
2020-11-29 10:02:10,50,0.404,4.47,-20.0
2020-11-29 10:02:10,51,0.41,4.47,-20.0
2020-11-29 10:02:10,52,0.418,4.46,-20.0
2020-11-29 10:02:10,53,0.45,4.46,-20.0
2020-11-29 10:02:10,54,0.424,4.47,-20.0
2020-11-29 10:02:10,55,0.41,4.44,-20.0
2020-11-29 10:02:10,56,0.418,4.44,-20.0
2020-11-29 10:02:10,57,0.42,4.43,-20.0
2020-11-29 10:02:10,58,0.402,4.43,-20.0
2020-11-29 10:02:10,59,0.393,4.45,-20.0
2020-11-29 10:02:10,60,0.394,4.47,-20.0
2020-11-29 10:02:10,61,0.417,4.5,22.9
2020-11-29 10:02:10,62,0.41,4.48,-20.0
2020-11-29 10:02:10,63,0.409,4.49,-20.0
2020-11-29 10:02:10,64,0.407,4.46,-20.0
2020-11-29 10:02:10,65,0.417,4.45,-20.0
2020-11-29 10:02:10,66,0.419,4.46,-20.0
2020-11-29 10:02:10,67,0.415,4.44,-20.0
2020-11-29 10:02:10,68,0.414,4.46,-20.0
2020-11-29 10:02:10,69,0.407,4.45,-20.0
2020-11-29 10:02:10,70,0.407,4.47,-20.0
2020-11-29 10:02:10,71,0.415,4.48,-20.0
2020-11-29 10:02:10,72,0.416,4.49,-20.0
2020-11-29 10:02:10,73,0.401,4.52,22.7
2020-11-29 10:02:10,74,0.401,4.49,-20.0
2020-11-29 10:02:10,75,0.427,4.47,-20.0
2020-11-29 10:02:10,76,0.423,4.45,-20.0
2020-11-29 10:02:10,77,0.418,4.51,-20.0
2020-11-29 10:02:10,78,0.405,4.48,-20.0
2020-11-29 10:02:10,79,0.408,4.49,-20.0
2020-11-29 10:02:10,80,0.422,4.52,-20.0
2020-11-29 10:02:10,81,0.422,4.51,-20.0
2020-11-29 10:02:10,82,0.42,4.52,-20.0
2020-11-29 10:02:10,83,0.426,4.5,-20.0
2020-11-29 10:02:10,84,0.422,4.5,-20.0
2020-11-29 10:02:10,85,0.414,4.48,23.8
2020-11-29 10:02:10,86,0.416,4.47,-20.0
2020-11-29 10:02:10,87,0.438,4.47,-20.0
2020-11-29 10:02:10,88,0.401,4.47,-20.0
2020-11-29 10:02:10,89,0.408,4.5,-20.0
2020-11-29 10:02:10,90,0.408,4.48,-20.0
2020-11-29 10:02:10,91,0.411,4.48,-20.0
2020-11-29 10:02:10,92,0.398,4.5,-20.0
2020-11-29 10:02:10,93,0.412,4.49,-20.0
2020-11-29 10:02:10,94,0.419,4.47,-20.0
2020-11-29 10:02:10,95,0.413,4.46,-20.0
2020-11-29 10:02:10,96,0.411,4.49,-20.0
2020-11-29 22:01:42,1,0.416,4.49,25.5
2020-11-29 22:01:42,2,0.413,4.51,-20.0
2020-11-29 22:01:42,3,0.415,4.52,-20.0
2020-11-29 22:01:42,4,0.415,4.48,-20.0
2020-11-29 22:01:42,5,0.411,4.5,-20.0
2020-11-29 22:01:42,6,0.416,4.48,-20.0
2020-11-29 22:01:42,7,0.405,4.49,-20.0
2020-11-29 22:01:42,8,0.407,4.51,-20.0
2020-11-29 22:01:42,9,0.408,4.49,-20.0
2020-11-29 22:01:42,10,0.419,4.5,-20.0
2020-11-29 22:01:42,11,0.418,4.46,-20.0
2020-11-29 22:01:42,12,0.419,4.46,-20.0
2020-11-29 22:01:42,13,0.409,4.48,24.9
2020-11-29 22:01:42,14,0.411,4.5,-20.0
2020-11-29 22:01:42,15,0.408,4.51,-20.0
2020-11-29 22:01:42,16,0.427,4.51,-20.0
2020-11-29 22:01:42,17,0.417,4.48,-20.0
2020-11-29 22:01:42,18,0.424,4.49,-20.0
2020-11-29 22:01:42,19,0.434,4.47,-20.0
2020-11-29 22:01:42,20,0.408,4.49,-20.0
2020-11-29 22:01:42,21,0.413,4.48,-20.0
2020-11-29 22:01:42,22,0.418,4.47,-20.0
2020-11-29 22:01:42,23,0.434,4.48,-20.0
2020-11-29 22:01:42,24,0.399,4.5,-20.0
2020-11-29 22:01:42,25,0.418,4.51,23.1
2020-11-29 22:01:42,26,0.423,4.48,-20.0
2020-11-29 22:01:42,27,0.413,4.47,-20.0
2020-11-29 22:01:42,28,0.425,4.46,-20.0
2020-11-29 22:01:42,29,0.414,4.46,-20.0
2020-11-29 22:01:42,30,0.417,4.48,-20.0
2020-11-29 22:01:42,31,0.417,4.47,-20.0
2020-11-29 22:01:42,32,0.413,4.48,-20.0
2020-11-29 22:01:42,33,0.413,4.49,-20.0
2020-11-29 22:01:42,34,0.411,4.49,-20.0
2020-11-29 22:01:42,35,0.41,4.49,-20.0
2020-11-29 22:01:42,36,0.405,4.49,-20.0
2020-11-29 22:01:42,37,0.411,4.48,23.5
2020-11-29 22:01:42,38,0.417,4.49,-20.0
2020-11-29 22:01:42,39,0.417,4.48,-20.0
2020-11-29 22:01:42,40,0.414,4.47,-20.0
2020-11-29 22:01:42,41,0.407,4.49,-20.0
2020-11-29 22:01:42,42,0.402,4.48,-20.0
2020-11-29 22:01:42,43,0.416,4.49,-20.0
2020-11-29 22:01:42,44,0.423,4.49,-20.0
2020-11-29 22:01:42,45,0.42,4.49,-20.0
2020-11-29 22:01:42,46,0.418,4.48,-20.0
2020-11-29 22:01:42,47,0.416,4.48,-20.0
2020-11-29 22:01:42,48,0.416,4.47,-20.0
2020-11-29 22:01:42,49,0.475,4.45,24.7
2020-11-29 22:01:42,50,0.407,4.47,-20.0
2020-11-29 22:01:42,51,0.411,4.47,-20.0
2020-11-29 22:01:42,52,0.416,4.46,-20.0
2020-11-29 22:01:42,53,0.443,4.46,-20.0
2020-11-29 22:01:42,54,0.423,4.47,-20.0
2020-11-29 22:01:42,55,0.411,4.44,-20.0
2020-11-29 22:01:42,56,0.418,4.43,-20.0
2020-11-29 22:01:42,57,0.42,4.44,-20.0
2020-11-29 22:01:42,58,0.404,4.43,-20.0
2020-11-29 22:01:42,59,0.404,4.45,-20.0
2020-11-29 22:01:42,60,0.399,4.47,-20.0
2020-11-29 22:01:42,61,0.414,4.49,23.1
2020-11-29 22:01:42,62,0.41,4.49,-20.0
2020-11-29 22:01:42,63,0.41,4.48,-20.0
2020-11-29 22:01:42,64,0.406,4.47,-20.0
2020-11-29 22:01:42,65,0.404,4.45,-20.0
2020-11-29 22:01:42,66,0.417,4.46,-20.0
2020-11-29 22:01:42,67,0.411,4.44,-20.0
2020-11-29 22:01:42,68,0.399,4.46,-20.0
2020-11-29 22:01:42,69,0.404,4.46,-20.0
2020-11-29 22:01:42,70,0.402,4.47,-20.0
2020-11-29 22:01:42,71,0.412,4.49,-20.0
2020-11-29 22:01:42,72,0.414,4.49,-20.0
2020-11-29 22:01:42,73,0.392,4.52,22.9
2020-11-29 22:01:42,74,0.39,4.48,-20.0
2020-11-29 22:01:42,75,0.427,4.48,-20.0
2020-11-29 22:01:42,76,0.425,4.45,-20.0
2020-11-29 22:01:42,77,0.419,4.52,-20.0
2020-11-29 22:01:42,78,0.405,4.48,-20.0
2020-11-29 22:01:42,79,0.41,4.49,-20.0
2020-11-29 22:01:42,80,0.419,4.51,-20.0
2020-11-29 22:01:42,81,0.422,4.5,-20.0
2020-11-29 22:01:42,82,0.419,4.51,-20.0
2020-11-29 22:01:42,83,0.423,4.5,-20.0
2020-11-29 22:01:42,84,0.423,4.5,-20.0
2020-11-29 22:01:42,85,0.414,4.48,24.1
2020-11-29 22:01:42,86,0.416,4.47,-20.0
2020-11-29 22:01:42,87,0.439,4.47,-20.0
2020-11-29 22:01:42,88,0.401,4.48,-20.0
2020-11-29 22:01:42,89,0.409,4.49,-20.0
2020-11-29 22:01:42,90,0.411,4.48,-20.0
2020-11-29 22:01:42,91,0.414,4.48,-20.0
2020-11-29 22:01:42,92,0.4,4.5,-20.0
2020-11-29 22:01:42,93,0.413,4.49,-20.0
2020-11-29 22:01:42,94,0.418,4.48,-20.0
2020-11-29 22:01:42,95,0.416,4.46,-20.0
2020-11-29 22:01:42,96,0.411,4.49,-20.0
2020-11-30 10:01:08,1,0.416,4.5,25.5
2020-11-30 10:01:08,2,0.413,4.5,-20.0
2020-11-30 10:01:08,3,0.415,4.52,-20.0
2020-11-30 10:01:08,4,0.415,4.48,-20.0
2020-11-30 10:01:08,5,0.41,4.52,-20.0
2020-11-30 10:01:08,6,0.417,4.49,-20.0
2020-11-30 10:01:08,7,0.407,4.49,-20.0
2020-11-30 10:01:08,8,0.407,4.5,-20.0
2020-11-30 10:01:08,9,0.408,4.48,-20.0
2020-11-30 10:01:08,10,0.419,4.51,-20.0
2020-11-30 10:01:08,11,0.42,4.45,-20.0
2020-11-30 10:01:08,12,0.419,4.46,-20.0
2020-11-30 10:01:08,13,0.409,4.48,24.9
2020-11-30 10:01:08,14,0.41,4.48,-20.0
2020-11-30 10:01:08,15,0.408,4.52,-20.0
2020-11-30 10:01:08,16,0.426,4.51,-20.0
2020-11-30 10:01:08,17,0.418,4.49,-20.0
2020-11-30 10:01:08,18,0.425,4.49,-20.0
2020-11-30 10:01:08,19,0.435,4.47,-20.0
2020-11-30 10:01:08,20,0.41,4.47,-20.0
2020-11-30 10:01:08,21,0.414,4.48,-20.0
2020-11-30 10:01:08,22,0.418,4.48,-20.0
2020-11-30 10:01:08,23,0.437,4.49,-20.0
2020-11-30 10:01:08,24,0.403,4.5,-20.0
2020-11-30 10:01:08,25,0.418,4.49,23.1
2020-11-30 10:01:08,26,0.418,4.48,-20.0
2020-11-30 10:01:08,27,0.412,4.47,-20.0
2020-11-30 10:01:08,28,0.423,4.47,-20.0
2020-11-30 10:01:08,29,0.417,4.47,-20.0
2020-11-30 10:01:08,30,0.417,4.49,-20.0
2020-11-30 10:01:08,31,0.416,4.46,-20.0
2020-11-30 10:01:08,32,0.413,4.47,-20.0
2020-11-30 10:01:08,33,0.413,4.49,-20.0
2020-11-30 10:01:08,34,0.411,4.48,-20.0
2020-11-30 10:01:08,35,0.41,4.48,-20.0
2020-11-30 10:01:08,36,0.404,4.5,-20.0
2020-11-30 10:01:08,37,0.412,4.49,23.5
2020-11-30 10:01:08,38,0.417,4.5,-20.0
2020-11-30 10:01:08,39,0.418,4.47,-20.0
2020-11-30 10:01:08,40,0.416,4.48,-20.0
2020-11-30 10:01:08,41,0.413,4.49,-20.0
2020-11-30 10:01:08,42,0.401,4.48,-20.0
2020-11-30 10:01:08,43,0.417,4.48,-20.0
2020-11-30 10:01:08,44,0.425,4.49,-20.0
2020-11-30 10:01:08,45,0.416,4.5,-20.0
2020-11-30 10:01:08,46,0.418,4.48,-20.0
2020-11-30 10:01:08,47,0.417,4.48,-20.0
2020-11-30 10:01:08,48,0.417,4.48,-20.0
2020-11-30 10:01:08,49,0.476,4.46,24.8
2020-11-30 10:01:08,50,0.41,4.47,-20.0
2020-11-30 10:01:08,51,0.411,4.47,-20.0
2020-11-30 10:01:08,52,0.416,4.46,-20.0
2020-11-30 10:01:08,53,0.437,4.46,-20.0
2020-11-30 10:01:08,54,0.423,4.47,-20.0
2020-11-30 10:01:08,55,0.414,4.44,-20.0
2020-11-30 10:01:08,56,0.417,4.44,-20.0
2020-11-30 10:01:08,57,0.419,4.44,-20.0
2020-11-30 10:01:08,58,0.409,4.43,-20.0
2020-11-30 10:01:08,59,0.41,4.45,-20.0
2020-11-30 10:01:08,60,0.406,4.46,-20.0
2020-11-30 10:01:08,61,0.416,4.49,23.1
2020-11-30 10:01:08,62,0.41,4.48,-20.0
2020-11-30 10:01:08,63,0.412,4.48,-20.0
2020-11-30 10:01:08,64,0.407,4.47,-20.0
2020-11-30 10:01:08,65,0.409,4.46,-20.0
2020-11-30 10:01:08,66,0.42,4.46,-20.0
2020-11-30 10:01:08,67,0.411,4.44,-20.0
2020-11-30 10:01:08,68,0.403,4.46,-20.0
2020-11-30 10:01:08,69,0.408,4.45,-20.0
2020-11-30 10:01:08,70,0.406,4.47,-20.0
2020-11-30 10:01:08,71,0.411,4.48,-20.0
2020-11-30 10:01:08,72,0.413,4.48,-20.0
2020-11-30 10:01:08,73,0.397,4.51,23.0
2020-11-30 10:01:08,74,0.395,4.49,-20.0
2020-11-30 10:01:08,75,0.428,4.47,-20.0
2020-11-30 10:01:08,76,0.422,4.45,-20.0
2020-11-30 10:01:08,77,0.419,4.52,-20.0
2020-11-30 10:01:08,78,0.403,4.47,-20.0
2020-11-30 10:01:08,79,0.412,4.49,-20.0
2020-11-30 10:01:08,80,0.422,4.51,-20.0
2020-11-30 10:01:08,81,0.421,4.51,-20.0
2020-11-30 10:01:08,82,0.418,4.51,-20.0
2020-11-30 10:01:08,83,0.42,4.51,-20.0
2020-11-30 10:01:08,84,0.425,4.5,-20.0
2020-11-30 10:01:08,85,0.413,4.48,24.6
2020-11-30 10:01:08,86,0.416,4.47,-20.0
2020-11-30 10:01:08,87,0.436,4.47,-20.0
2020-11-30 10:01:08,88,0.398,4.48,-20.0
2020-11-30 10:01:08,89,0.409,4.48,-20.0
2020-11-30 10:01:08,90,0.411,4.47,-20.0
2020-11-30 10:01:08,91,0.417,4.49,-20.0
2020-11-30 10:01:08,92,0.396,4.5,-20.0
2020-11-30 10:01:08,93,0.412,4.5,-20.0
2020-11-30 10:01:08,94,0.419,4.47,-20.0
2020-11-30 10:01:08,95,0.418,4.46,-20.0
2020-11-30 10:01:08,96,0.412,4.49,-20.0
2020-11-30 22:00:29,1,0.415,4.5,25.5
2020-11-30 22:00:29,2,0.409,4.5,-20.0
2020-11-30 22:00:29,3,0.415,4.51,-20.0
2020-11-30 22:00:29,4,0.417,4.48,-20.0
2020-11-30 22:00:29,5,0.409,4.51,-20.0
2020-11-30 22:00:29,6,0.418,4.49,-20.0
2020-11-30 22:00:29,7,0.408,4.48,-20.0
2020-11-30 22:00:29,8,0.402,4.5,-20.0
2020-11-30 22:00:29,9,0.407,4.48,-20.0
2020-11-30 22:00:29,10,0.419,4.51,-20.0
2020-11-30 22:00:29,11,0.418,4.46,-20.0
2020-11-30 22:00:29,12,0.415,4.47,-20.0
2020-11-30 22:00:29,13,0.408,4.49,24.9
2020-11-30 22:00:29,14,0.41,4.5,-20.0
2020-11-30 22:00:29,15,0.406,4.52,-20.0
2020-11-30 22:00:29,16,0.421,4.52,-20.0
2020-11-30 22:00:29,17,0.414,4.48,-20.0
2020-11-30 22:00:29,18,0.421,4.49,-20.0
2020-11-30 22:00:29,19,0.436,4.48,-20.0
2020-11-30 22:00:29,20,0.409,4.48,-20.0
2020-11-30 22:00:29,21,0.413,4.48,-20.0
2020-11-30 22:00:29,22,0.416,4.47,-20.0
2020-11-30 22:00:29,23,0.441,4.48,-20.0
2020-11-30 22:00:29,24,0.407,4.5,-20.0
2020-11-30 22:00:29,25,0.42,4.5,22.9
2020-11-30 22:00:29,26,0.422,4.48,-20.0
2020-11-30 22:00:29,27,0.415,4.46,-20.0
2020-11-30 22:00:29,28,0.421,4.46,-20.0
2020-11-30 22:00:29,29,0.415,4.46,-20.0
2020-11-30 22:00:29,30,0.419,4.47,-20.0
2020-11-30 22:00:29,31,0.413,4.47,-20.0
2020-11-30 22:00:29,32,0.412,4.48,-20.0
2020-11-30 22:00:29,33,0.411,4.49,-20.0
2020-11-30 22:00:29,34,0.411,4.48,-20.0
2020-11-30 22:00:29,35,0.408,4.48,-20.0
2020-11-30 22:00:29,36,0.402,4.49,-20.0
2020-11-30 22:00:29,37,0.413,4.48,23.4
2020-11-30 22:00:29,38,0.417,4.49,-20.0
2020-11-30 22:00:29,39,0.42,4.48,-20.0
2020-11-30 22:00:29,40,0.417,4.47,-20.0
2020-11-30 22:00:29,41,0.414,4.49,-20.0
2020-11-30 22:00:29,42,0.402,4.48,-20.0
2020-11-30 22:00:29,43,0.419,4.48,-20.0
2020-11-30 22:00:29,44,0.428,4.49,-20.0
2020-11-30 22:00:29,45,0.416,4.49,-20.0
2020-11-30 22:00:29,46,0.419,4.49,-20.0
2020-11-30 22:00:29,47,0.418,4.5,-20.0
2020-11-30 22:00:29,48,0.414,4.49,-20.0
2020-11-30 22:00:29,49,0.48,4.46,24.7
2020-11-30 22:00:29,50,0.414,4.47,-20.0
2020-11-30 22:00:29,51,0.413,4.47,-20.0
2020-11-30 22:00:29,52,0.415,4.46,-20.0
2020-11-30 22:00:29,53,0.429,4.46,-20.0
2020-11-30 22:00:29,54,0.42,4.47,-20.0
2020-11-30 22:00:29,55,0.404,4.44,-20.0
2020-11-30 22:00:29,56,0.418,4.44,-20.0
2020-11-30 22:00:29,57,0.418,4.44,-20.0
2020-11-30 22:00:29,58,0.397,4.43,-20.0
2020-11-30 22:00:29,59,0.393,4.45,-20.0
2020-11-30 22:00:29,60,0.395,4.46,-20.0
2020-11-30 22:00:29,61,0.414,4.5,23.0
2020-11-30 22:00:29,62,0.409,4.49,-20.0
2020-11-30 22:00:29,63,0.396,4.48,-20.0
2020-11-30 22:00:29,64,0.404,4.46,-20.0
2020-11-30 22:00:29,65,0.406,4.45,-20.0
2020-11-30 22:00:29,66,0.418,4.45,-20.0
2020-11-30 22:00:29,67,0.412,4.44,-20.0
2020-11-30 22:00:29,68,0.408,4.47,-20.0
2020-11-30 22:00:29,69,0.407,4.46,-20.0
2020-11-30 22:00:29,70,0.405,4.47,-20.0
2020-11-30 22:00:29,71,0.409,4.48,-20.0
2020-11-30 22:00:29,72,0.412,4.49,-20.0
2020-11-30 22:00:29,73,0.401,4.52,22.8
2020-11-30 22:00:29,74,0.399,4.49,-20.0
2020-11-30 22:00:29,75,0.428,4.47,-20.0
2020-11-30 22:00:29,76,0.422,4.45,-20.0
2020-11-30 22:00:29,77,0.418,4.5,-20.0
2020-11-30 22:00:29,78,0.405,4.48,-20.0
2020-11-30 22:00:29,79,0.412,4.49,-20.0
2020-11-30 22:00:29,80,0.422,4.51,-20.0
2020-11-30 22:00:29,81,0.422,4.51,-20.0
2020-11-30 22:00:29,82,0.423,4.52,-20.0
2020-11-30 22:00:29,83,0.423,4.5,-20.0
2020-11-30 22:00:29,84,0.422,4.49,-20.0
2020-11-30 22:00:29,85,0.414,4.48,23.8
2020-11-30 22:00:29,86,0.416,4.47,-20.0
2020-11-30 22:00:29,87,0.439,4.47,-20.0
2020-11-30 22:00:29,88,0.398,4.48,-20.0
2020-11-30 22:00:29,89,0.408,4.48,-20.0
2020-11-30 22:00:29,90,0.411,4.47,-20.0
2020-11-30 22:00:29,91,0.416,4.48,-20.0
2020-11-30 22:00:29,92,0.397,4.5,-20.0
2020-11-30 22:00:29,93,0.415,4.5,-20.0
2020-11-30 22:00:29,94,0.418,4.47,-20.0
2020-11-30 22:00:29,95,0.417,4.46,-20.0
2020-11-30 22:00:29,96,0.41,4.49,-20.0
2020-12-01 09:59:53,1,0.415,4.5,25.5
2020-12-01 09:59:53,2,0.411,4.51,-20.0
2020-12-01 09:59:53,3,0.417,4.52,-20.0
2020-12-01 09:59:53,4,0.418,4.48,-20.0
2020-12-01 09:59:53,5,0.41,4.51,-20.0
2020-12-01 09:59:53,6,0.418,4.49,-20.0
2020-12-01 09:59:53,7,0.407,4.48,-20.0
2020-12-01 09:59:53,8,0.402,4.5,-20.0
2020-12-01 09:59:53,9,0.409,4.48,-20.0
2020-12-01 09:59:53,10,0.418,4.51,-20.0
2020-12-01 09:59:53,11,0.421,4.46,-20.0
2020-12-01 09:59:53,12,0.417,4.47,-20.0
2020-12-01 09:59:53,13,0.409,4.48,24.9
2020-12-01 09:59:53,14,0.412,4.48,-20.0
2020-12-01 09:59:53,15,0.41,4.52,-20.0
2020-12-01 09:59:53,16,0.421,4.5,-20.0
2020-12-01 09:59:53,17,0.415,4.48,-20.0
2020-12-01 09:59:53,18,0.421,4.49,-20.0
2020-12-01 09:59:53,19,0.435,4.46,-20.0
2020-12-01 09:59:53,20,0.41,4.48,-20.0
2020-12-01 09:59:53,21,0.413,4.48,-20.0
2020-12-01 09:59:53,22,0.415,4.47,-20.0
2020-12-01 09:59:53,23,0.441,4.48,-20.0
2020-12-01 09:59:53,24,0.406,4.48,-20.0
2020-12-01 09:59:53,25,0.42,4.5,23.0
2020-12-01 09:59:53,26,0.423,4.48,-20.0
2020-12-01 09:59:53,27,0.418,4.47,-20.0
2020-12-01 09:59:53,28,0.417,4.46,-20.0
2020-12-01 09:59:53,29,0.415,4.46,-20.0
2020-12-01 09:59:53,30,0.42,4.48,-20.0
2020-12-01 09:59:53,31,0.415,4.47,-20.0
2020-12-01 09:59:53,32,0.413,4.47,-20.0
2020-12-01 09:59:53,33,0.412,4.48,-20.0
2020-12-01 09:59:53,34,0.413,4.48,-20.0
2020-12-01 09:59:53,35,0.409,4.48,-20.0
2020-12-01 09:59:53,36,0.403,4.49,-20.0
2020-12-01 09:59:53,37,0.411,4.49,23.5
2020-12-01 09:59:53,38,0.414,4.49,-20.0
2020-12-01 09:59:53,39,0.417,4.47,-20.0
2020-12-01 09:59:53,40,0.418,4.48,-20.0
2020-12-01 09:59:53,41,0.413,4.49,-20.0
2020-12-01 09:59:53,42,0.404,4.47,-20.0
2020-12-01 09:59:53,43,0.417,4.48,-20.0
2020-12-01 09:59:53,44,0.412,4.5,-20.0
2020-12-01 09:59:53,45,0.412,4.49,-20.0
2020-12-01 09:59:53,46,0.417,4.48,-20.0
2020-12-01 09:59:53,47,0.397,4.5,-20.0
2020-12-01 09:59:53,48,0.402,4.48,-20.0
2020-12-01 09:59:53,49,0.479,4.46,24.8
2020-12-01 09:59:53,50,0.418,4.46,-20.0
2020-12-01 09:59:53,51,0.413,4.47,-20.0
2020-12-01 09:59:53,52,0.416,4.47,-20.0
2020-12-01 09:59:53,53,0.427,4.46,-20.0
2020-12-01 09:59:53,54,0.419,4.47,-20.0
2020-12-01 09:59:53,55,0.409,4.44,-20.0
2020-12-01 09:59:53,56,0.418,4.43,-20.0
2020-12-01 09:59:53,57,0.42,4.43,-20.0
2020-12-01 09:59:53,58,0.401,4.43,-20.0
2020-12-01 09:59:53,59,0.403,4.45,-20.0
2020-12-01 09:59:53,60,0.396,4.46,-20.0
2020-12-01 09:59:53,61,0.415,4.49,23.1
2020-12-01 09:59:53,62,0.408,4.49,-20.0
2020-12-01 09:59:53,63,0.4,4.47,-20.0
2020-12-01 09:59:53,64,0.404,4.47,-20.0
2020-12-01 09:59:53,65,0.407,4.45,-20.0
2020-12-01 09:59:53,66,0.416,4.45,-20.0
2020-12-01 09:59:53,67,0.411,4.43,-20.0
2020-12-01 09:59:53,68,0.413,4.46,-20.0
2020-12-01 09:59:53,69,0.409,4.45,-20.0
2020-12-01 09:59:53,70,0.402,4.47,-20.0
2020-12-01 09:59:53,71,0.406,4.48,-20.0
2020-12-01 09:59:53,72,0.413,4.49,-20.0
2020-12-01 09:59:53,73,0.404,4.52,23.0
2020-12-01 09:59:53,74,0.402,4.49,-20.0
2020-12-01 09:59:53,75,0.429,4.48,-20.0
2020-12-01 09:59:53,76,0.421,4.46,-20.0
2020-12-01 09:59:53,77,0.419,4.51,-20.0
2020-12-01 09:59:53,78,0.405,4.48,-20.0
2020-12-01 09:59:53,79,0.414,4.48,-20.0
2020-12-01 09:59:53,80,0.421,4.51,-20.0
2020-12-01 09:59:53,81,0.42,4.51,-20.0
2020-12-01 09:59:53,82,0.422,4.52,-20.0
2020-12-01 09:59:53,83,0.424,4.5,-20.0
2020-12-01 09:59:53,84,0.422,4.5,-20.0
2020-12-01 09:59:53,85,0.416,4.48,24.3
2020-12-01 09:59:53,86,0.416,4.47,-20.0
2020-12-01 09:59:53,87,0.443,4.47,-20.0
2020-12-01 09:59:53,88,0.399,4.48,-20.0
2020-12-01 09:59:53,89,0.406,4.49,-20.0
2020-12-01 09:59:53,90,0.412,4.47,-20.0
2020-12-01 09:59:53,91,0.418,4.48,-20.0
2020-12-01 09:59:53,92,0.395,4.51,-20.0
2020-12-01 09:59:53,93,0.413,4.5,-20.0
2020-12-01 09:59:53,94,0.415,4.48,-20.0
2020-12-01 09:59:53,95,0.415,4.46,-20.0
2020-12-01 09:59:53,96,0.405,4.49,-20.0
2020-12-01 21:59:32,1,0.41,4.5,25.5
2020-12-01 21:59:32,2,0.414,4.5,-20.0
2020-12-01 21:59:32,3,0.412,4.51,-20.0
2020-12-01 21:59:32,4,0.416,4.48,-20.0
2020-12-01 21:59:32,5,0.406,4.51,-20.0
2020-12-01 21:59:32,6,0.419,4.5,-20.0
2020-12-01 21:59:32,7,0.407,4.48,-20.0
2020-12-01 21:59:32,8,0.402,4.51,-20.0
2020-12-01 21:59:32,9,0.409,4.48,-20.0
2020-12-01 21:59:32,10,0.418,4.5,-20.0
2020-12-01 21:59:32,11,0.421,4.45,-20.0
2020-12-01 21:59:32,12,0.419,4.47,-20.0
2020-12-01 21:59:32,13,0.41,4.48,24.9
2020-12-01 21:59:32,14,0.413,4.49,-20.0
2020-12-01 21:59:32,15,0.409,4.51,-20.0
2020-12-01 21:59:32,16,0.417,4.51,-20.0
2020-12-01 21:59:32,17,0.412,4.49,-20.0
2020-12-01 21:59:32,18,0.421,4.49,-20.0
2020-12-01 21:59:32,19,0.436,4.48,-20.0
2020-12-01 21:59:32,20,0.411,4.48,-20.0
2020-12-01 21:59:32,21,0.414,4.49,-20.0
2020-12-01 21:59:32,22,0.418,4.48,-20.0
2020-12-01 21:59:32,23,0.441,4.49,-20.0
2020-12-01 21:59:32,24,0.408,4.49,-20.0
2020-12-01 21:59:32,25,0.417,4.5,22.9
2020-12-01 21:59:32,26,0.423,4.48,-20.0
2020-12-01 21:59:32,27,0.414,4.46,-20.0
2020-12-01 21:59:32,28,0.419,4.47,-20.0
2020-12-01 21:59:32,29,0.418,4.47,-20.0
2020-12-01 21:59:32,30,0.419,4.48,-20.0
2020-12-01 21:59:32,31,0.417,4.47,-20.0
2020-12-01 21:59:32,32,0.415,4.47,-20.0
2020-12-01 21:59:32,33,0.414,4.48,-20.0
2020-12-01 21:59:32,34,0.413,4.49,-20.0
2020-12-01 21:59:32,35,0.407,4.48,-20.0
2020-12-01 21:59:32,36,0.405,4.5,-20.0
2020-12-01 21:59:32,37,0.413,4.47,23.4
2020-12-01 21:59:32,38,0.418,4.5,-20.0
2020-12-01 21:59:32,39,0.417,4.48,-20.0
2020-12-01 21:59:32,40,0.414,4.48,-20.0
2020-12-01 21:59:32,41,0.414,4.49,-20.0
2020-12-01 21:59:32,42,0.406,4.47,-20.0
2020-12-01 21:59:32,43,0.418,4.48,-20.0
2020-12-01 21:59:32,44,0.417,4.49,-20.0
2020-12-01 21:59:32,45,0.41,4.48,-20.0
2020-12-01 21:59:32,46,0.416,4.47,-20.0
2020-12-01 21:59:32,47,0.398,4.48,-20.0
2020-12-01 21:59:32,48,0.406,4.48,-20.0
2020-12-01 21:59:32,49,0.477,4.46,24.8
2020-12-01 21:59:32,50,0.421,4.48,-20.0
2020-12-01 21:59:32,51,0.414,4.47,-20.0
2020-12-01 21:59:32,52,0.411,4.46,-20.0
2020-12-01 21:59:32,53,0.422,4.46,-20.0
2020-12-01 21:59:32,54,0.419,4.46,-20.0
2020-12-01 21:59:32,55,0.413,4.44,-20.0
2020-12-01 21:59:32,56,0.419,4.44,-20.0
2020-12-01 21:59:32,57,0.423,4.43,-20.0
2020-12-01 21:59:32,58,0.406,4.43,-20.0
2020-12-01 21:59:32,59,0.406,4.45,-20.0
2020-12-01 21:59:32,60,0.401,4.46,-20.0
2020-12-01 21:59:32,61,0.417,4.49,23.0
2020-12-01 21:59:32,62,0.413,4.49,-20.0
2020-12-01 21:59:32,63,0.404,4.48,-20.0
2020-12-01 21:59:32,64,0.406,4.46,-20.0
2020-12-01 21:59:32,65,0.41,4.45,-20.0
2020-12-01 21:59:32,66,0.415,4.45,-20.0
2020-12-01 21:59:32,67,0.412,4.43,-20.0
2020-12-01 21:59:32,68,0.412,4.46,-20.0
2020-12-01 21:59:32,69,0.413,4.45,-20.0
2020-12-01 21:59:32,70,0.407,4.48,-20.0
2020-12-01 21:59:32,71,0.406,4.49,-20.0
2020-12-01 21:59:32,72,0.414,4.49,-20.0
2020-12-01 21:59:32,73,0.408,4.52,22.9
2020-12-01 21:59:32,74,0.405,4.48,-20.0
2020-12-01 21:59:32,75,0.426,4.47,-20.0
2020-12-01 21:59:32,76,0.42,4.46,-20.0
2020-12-01 21:59:32,77,0.419,4.51,-20.0
2020-12-01 21:59:32,78,0.403,4.48,-20.0
2020-12-01 21:59:32,79,0.415,4.49,-20.0
2020-12-01 21:59:32,80,0.423,4.5,-20.0
2020-12-01 21:59:32,81,0.424,4.51,-20.0
2020-12-01 21:59:32,82,0.421,4.51,-20.0
2020-12-01 21:59:32,83,0.423,4.51,-20.0
2020-12-01 21:59:32,84,0.423,4.5,-20.0
2020-12-01 21:59:32,85,0.415,4.47,24.6
2020-12-01 21:59:32,86,0.416,4.48,-20.0
2020-12-01 21:59:32,87,0.442,4.47,-20.0
2020-12-01 21:59:32,88,0.399,4.48,-20.0
2020-12-01 21:59:32,89,0.409,4.48,-20.0
2020-12-01 21:59:32,90,0.409,4.47,-20.0
2020-12-01 21:59:32,91,0.42,4.49,-20.0
2020-12-01 21:59:32,92,0.396,4.5,-20.0
2020-12-01 21:59:32,93,0.415,4.5,-20.0
2020-12-01 21:59:32,94,0.417,4.48,-20.0
2020-12-01 21:59:32,95,0.415,4.46,-20.0
2020-12-01 21:59:32,96,0.408,4.49,-20.0
2020-12-02 09:59:04,1,0.414,4.5,25.4
2020-12-02 09:59:04,2,0.414,4.51,-20.0
2020-12-02 09:59:04,3,0.414,4.51,-20.0
2020-12-02 09:59:04,4,0.415,4.49,-20.0
2020-12-02 09:59:04,5,0.406,4.51,-20.0
2020-12-02 09:59:04,6,0.417,4.49,-20.0
2020-12-02 09:59:04,7,0.408,4.48,-20.0
2020-12-02 09:59:04,8,0.404,4.5,-20.0
2020-12-02 09:59:04,9,0.412,4.48,-20.0
2020-12-02 09:59:04,10,0.419,4.5,-20.0
2020-12-02 09:59:04,11,0.422,4.46,-20.0
2020-12-02 09:59:04,12,0.424,4.46,-20.0
2020-12-02 09:59:04,13,0.413,4.48,24.9
2020-12-02 09:59:04,14,0.414,4.49,-20.0
2020-12-02 09:59:04,15,0.409,4.51,-20.0
2020-12-02 09:59:04,16,0.418,4.52,-20.0
2020-12-02 09:59:04,17,0.414,4.49,-20.0
2020-12-02 09:59:04,18,0.421,4.5,-20.0
2020-12-02 09:59:04,19,0.44,4.48,-20.0
2020-12-02 09:59:04,20,0.411,4.48,-20.0
2020-12-02 09:59:04,21,0.416,4.49,-20.0
2020-12-02 09:59:04,22,0.415,4.48,-20.0
2020-12-02 09:59:04,23,0.443,4.48,-20.0
2020-12-02 09:59:04,24,0.408,4.5,-20.0
2020-12-02 09:59:04,25,0.417,4.5,23.0
2020-12-02 09:59:04,26,0.422,4.49,-20.0
2020-12-02 09:59:04,27,0.414,4.47,-20.0
2020-12-02 09:59:04,28,0.417,4.47,-20.0
2020-12-02 09:59:04,29,0.419,4.47,-20.0
2020-12-02 09:59:04,30,0.417,4.49,-20.0
2020-12-02 09:59:04,31,0.417,4.46,-20.0
2020-12-02 09:59:04,32,0.416,4.48,-20.0
2020-12-02 09:59:04,33,0.413,4.49,-20.0
2020-12-02 09:59:04,34,0.414,4.49,-20.0
2020-12-02 09:59:04,35,0.406,4.48,-20.0
2020-12-02 09:59:04,36,0.404,4.49,-20.0
2020-12-02 09:59:04,37,0.402,4.47,23.4
2020-12-02 09:59:04,38,0.4,4.49,-20.0
2020-12-02 09:59:04,39,0.409,4.47,-20.0
2020-12-02 09:59:04,40,0.412,4.48,-20.0
2020-12-02 09:59:04,41,0.416,4.49,-20.0
2020-12-02 09:59:04,42,0.393,4.48,-20.0
2020-12-02 09:59:04,43,0.4,4.47,-20.0
2020-12-02 09:59:04,44,0.411,4.49,-20.0
2020-12-02 09:59:04,45,0.412,4.49,-20.0
2020-12-02 09:59:04,46,0.414,4.48,-20.0
2020-12-02 09:59:04,47,0.404,4.49,-20.0
2020-12-02 09:59:04,48,0.41,4.48,-20.0
2020-12-02 09:59:04,49,0.478,4.46,24.8
2020-12-02 09:59:04,50,0.426,4.46,-20.0
2020-12-02 09:59:04,51,0.412,4.47,-20.0
2020-12-02 09:59:04,52,0.413,4.46,-20.0
2020-12-02 09:59:04,53,0.421,4.46,-20.0
2020-12-02 09:59:04,54,0.419,4.47,-20.0
2020-12-02 09:59:04,55,0.416,4.44,-20.0
2020-12-02 09:59:04,56,0.418,4.44,-20.0
2020-12-02 09:59:04,57,0.424,4.43,-20.0
2020-12-02 09:59:04,58,0.41,4.44,-20.0
2020-12-02 09:59:04,59,0.41,4.45,-20.0
2020-12-02 09:59:04,60,0.403,4.46,-20.0
2020-12-02 09:59:04,61,0.419,4.49,23.0
2020-12-02 09:59:04,62,0.411,4.49,-20.0
2020-12-02 09:59:04,63,0.408,4.47,-20.0
2020-12-02 09:59:04,64,0.404,4.46,-20.0
2020-12-02 09:59:04,65,0.411,4.45,-20.0
2020-12-02 09:59:04,66,0.416,4.46,-20.0
2020-12-02 09:59:04,67,0.412,4.44,-20.0
2020-12-02 09:59:04,68,0.414,4.46,-20.0
2020-12-02 09:59:04,69,0.414,4.45,-20.0
2020-12-02 09:59:04,70,0.404,4.47,-20.0
2020-12-02 09:59:04,71,0.408,4.48,-20.0
2020-12-02 09:59:04,72,0.412,4.48,-20.0
2020-12-02 09:59:04,73,0.411,4.52,22.9
2020-12-02 09:59:04,74,0.407,4.48,-20.0
2020-12-02 09:59:04,75,0.424,4.48,-20.0
2020-12-02 09:59:04,76,0.423,4.46,-20.0
2020-12-02 09:59:04,77,0.421,4.51,-20.0
2020-12-02 09:59:04,78,0.393,4.48,-20.0
2020-12-02 09:59:04,79,0.41,4.49,-20.0
2020-12-02 09:59:04,80,0.422,4.51,-20.0
2020-12-02 09:59:04,81,0.424,4.52,-20.0
2020-12-02 09:59:04,82,0.419,4.52,-20.0
2020-12-02 09:59:04,83,0.421,4.5,-20.0
2020-12-02 09:59:04,84,0.42,4.49,-20.0
2020-12-02 09:59:04,85,0.411,4.48,24.6
2020-12-02 09:59:04,86,0.414,4.47,-20.0
2020-12-02 09:59:04,87,0.438,4.47,-20.0
2020-12-02 09:59:04,88,0.396,4.48,-20.0
2020-12-02 09:59:04,89,0.408,4.48,-20.0
2020-12-02 09:59:04,90,0.409,4.48,-20.0
2020-12-02 09:59:04,91,0.419,4.48,-20.0
2020-12-02 09:59:04,92,0.4,4.5,-20.0
2020-12-02 09:59:04,93,0.416,4.5,-20.0
2020-12-02 09:59:04,94,0.418,4.47,-20.0
2020-12-02 09:59:04,95,0.416,4.47,-20.0
2020-12-02 09:59:04,96,0.408,4.49,-20.0
2020-12-02 21:58:28,1,0.414,4.5,25.5
2020-12-02 21:58:28,2,0.412,4.51,-20.0
2020-12-02 21:58:28,3,0.416,4.52,-20.0
2020-12-02 21:58:28,4,0.419,4.48,-20.0
2020-12-02 21:58:28,5,0.406,4.51,-20.0
2020-12-02 21:58:28,6,0.413,4.5,-20.0
2020-12-02 21:58:28,7,0.406,4.49,-20.0
2020-12-02 21:58:28,8,0.403,4.51,-20.0
2020-12-02 21:58:28,9,0.41,4.48,-20.0
2020-12-02 21:58:28,10,0.418,4.5,-20.0
2020-12-02 21:58:28,11,0.421,4.46,-20.0
2020-12-02 21:58:28,12,0.422,4.47,-20.0
2020-12-02 21:58:28,13,0.413,4.48,24.9
2020-12-02 21:58:28,14,0.415,4.5,-20.0
2020-12-02 21:58:28,15,0.408,4.52,-20.0
2020-12-02 21:58:28,16,0.419,4.52,-20.0
2020-12-02 21:58:28,17,0.417,4.49,-20.0
2020-12-02 21:58:28,18,0.423,4.5,-20.0
2020-12-02 21:58:28,19,0.442,4.48,-20.0
2020-12-02 21:58:28,20,0.41,4.48,-20.0
2020-12-02 21:58:28,21,0.415,4.48,-20.0
2020-12-02 21:58:28,22,0.418,4.48,-20.0
2020-12-02 21:58:28,23,0.446,4.48,-20.0
2020-12-02 21:58:28,24,0.406,4.49,-20.0
2020-12-02 21:58:28,25,0.416,4.49,22.9
2020-12-02 21:58:28,26,0.421,4.47,-20.0
2020-12-02 21:58:28,27,0.411,4.47,-20.0
2020-12-02 21:58:28,28,0.417,4.46,-20.0
2020-12-02 21:58:28,29,0.419,4.47,-20.0
2020-12-02 21:58:28,30,0.415,4.48,-20.0
2020-12-02 21:58:28,31,0.414,4.48,-20.0
2020-12-02 21:58:28,32,0.415,4.48,-20.0
2020-12-02 21:58:28,33,0.414,4.49,-20.0
2020-12-02 21:58:28,34,0.413,4.48,-20.0
2020-12-02 21:58:28,35,0.408,4.48,-20.0
2020-12-02 21:58:28,36,0.404,4.5,-20.0
2020-12-02 21:58:28,37,0.402,4.49,23.4
2020-12-02 21:58:28,38,0.404,4.49,-20.0
2020-12-02 21:58:28,39,0.409,4.47,-20.0
2020-12-02 21:58:28,40,0.414,4.49,-20.0
2020-12-02 21:58:28,41,0.414,4.49,-20.0
2020-12-02 21:58:28,42,0.399,4.48,-20.0
2020-12-02 21:58:28,43,0.408,4.48,-20.0
2020-12-02 21:58:28,44,0.413,4.49,-20.0
2020-12-02 21:58:28,45,0.413,4.5,-20.0
2020-12-02 21:58:28,46,0.416,4.48,-20.0
2020-12-02 21:58:28,47,0.41,4.49,-20.0
2020-12-02 21:58:28,48,0.414,4.48,-20.0
2020-12-02 21:58:28,49,0.48,4.47,24.8
2020-12-02 21:58:28,50,0.425,4.47,-20.0
2020-12-02 21:58:28,51,0.412,4.47,-20.0
2020-12-02 21:58:28,52,0.413,4.47,-20.0
2020-12-02 21:58:28,53,0.42,4.46,-20.0
2020-12-02 21:58:28,54,0.419,4.47,-20.0
2020-12-02 21:58:28,55,0.418,4.44,-20.0
2020-12-02 21:58:28,56,0.421,4.44,-20.0
2020-12-02 21:58:28,57,0.423,4.44,-20.0
2020-12-02 21:58:28,58,0.415,4.43,-20.0
2020-12-02 21:58:28,59,0.415,4.45,-20.0
2020-12-02 21:58:28,60,0.408,4.46,-20.0
2020-12-02 21:58:28,61,0.418,4.49,22.9
2020-12-02 21:58:28,62,0.412,4.49,-20.0
2020-12-02 21:58:28,63,0.41,4.48,-20.0
2020-12-02 21:58:28,64,0.407,4.47,-20.0
2020-12-02 21:58:28,65,0.41,4.45,-20.0
2020-12-02 21:58:28,66,0.418,4.45,-20.0
2020-12-02 21:58:28,67,0.408,4.43,-20.0
2020-12-02 21:58:28,68,0.412,4.46,-20.0
2020-12-02 21:58:28,69,0.412,4.46,-20.0
2020-12-02 21:58:28,70,0.407,4.47,-20.0
2020-12-02 21:58:28,71,0.412,4.49,-20.0
2020-12-02 21:58:28,72,0.414,4.48,-20.0
2020-12-02 21:58:28,73,0.412,4.52,22.8
2020-12-02 21:58:28,74,0.407,4.49,-20.0
2020-12-02 21:58:28,75,0.425,4.48,-20.0
2020-12-02 21:58:28,76,0.423,4.45,-20.0
2020-12-02 21:58:28,77,0.422,4.52,-20.0
2020-12-02 21:58:28,78,0.397,4.47,-20.0
2020-12-02 21:58:28,79,0.409,4.49,-20.0
2020-12-02 21:58:28,80,0.42,4.52,-20.0
2020-12-02 21:58:28,81,0.422,4.51,-20.0
2020-12-02 21:58:28,82,0.421,4.51,-20.0
2020-12-02 21:58:28,83,0.423,4.5,-20.0
2020-12-02 21:58:28,84,0.42,4.49,-20.0
2020-12-02 21:58:28,85,0.412,4.48,24.5
2020-12-02 21:58:28,86,0.417,4.47,-20.0
2020-12-02 21:58:28,87,0.441,4.47,-20.0
2020-12-02 21:58:28,88,0.396,4.47,-20.0
2020-12-02 21:58:28,89,0.407,4.49,-20.0
2020-12-02 21:58:28,90,0.407,4.47,-20.0
2020-12-02 21:58:28,91,0.417,4.48,-20.0
2020-12-02 21:58:28,92,0.402,4.5,-20.0
2020-12-02 21:58:28,93,0.416,4.5,-20.0
2020-12-02 21:58:28,94,0.418,4.47,-20.0
2020-12-02 21:58:28,95,0.416,4.46,-20.0
2020-12-02 21:58:28,96,0.408,4.5,-20.0
2020-12-03 09:57:58,1,0.414,4.5,25.5
2020-12-03 09:57:58,2,0.413,4.5,-20.0
2020-12-03 09:57:58,3,0.416,4.52,-20.0
2020-12-03 09:57:58,4,0.419,4.49,-20.0
2020-12-03 09:57:58,5,0.408,4.51,-20.0
2020-12-03 09:57:58,6,0.416,4.48,-20.0
2020-12-03 09:57:58,7,0.41,4.49,-20.0
2020-12-03 09:57:58,8,0.403,4.51,-20.0
2020-12-03 09:57:58,9,0.414,4.47,-20.0
2020-12-03 09:57:58,10,0.42,4.51,-20.0
2020-12-03 09:57:58,11,0.417,4.46,-20.0
2020-12-03 09:57:58,12,0.421,4.46,-20.0
2020-12-03 09:57:58,13,0.413,4.48,24.9
2020-12-03 09:57:58,14,0.414,4.49,-20.0
2020-12-03 09:57:58,15,0.41,4.51,-20.0
2020-12-03 09:57:58,16,0.42,4.52,-20.0
2020-12-03 09:57:58,17,0.413,4.49,-20.0
2020-12-03 09:57:58,18,0.423,4.49,-20.0
2020-12-03 09:57:58,19,0.441,4.48,-20.0
2020-12-03 09:57:58,20,0.41,4.48,-20.0
2020-12-03 09:57:58,21,0.414,4.49,-20.0
2020-12-03 09:57:58,22,0.415,4.48,-20.0
2020-12-03 09:57:58,23,0.447,4.49,-20.0
2020-12-03 09:57:58,24,0.41,4.49,-20.0
2020-12-03 09:57:58,25,0.42,4.5,22.8
2020-12-03 09:57:58,26,0.418,4.47,-20.0
2020-12-03 09:57:58,27,0.405,4.46,-20.0
2020-12-03 09:57:58,28,0.415,4.47,-20.0
2020-12-03 09:57:58,29,0.402,4.46,-20.0
2020-12-03 09:57:58,30,0.408,4.48,-20.0
2020-12-03 09:57:58,31,0.41,4.46,-20.0
2020-12-03 09:57:58,32,0.403,4.47,-20.0
2020-12-03 09:57:58,33,0.409,4.49,-20.0
2020-12-03 09:57:58,34,0.398,4.48,-20.0
2020-12-03 09:57:58,35,0.408,4.48,-20.0
2020-12-03 09:57:58,36,0.405,4.5,-20.0
2020-12-03 09:57:58,37,0.405,4.48,23.3
2020-12-03 09:57:58,38,0.407,4.49,-20.0
2020-12-03 09:57:58,39,0.41,4.48,-20.0
2020-12-03 09:57:58,40,0.416,4.48,-20.0
2020-12-03 09:57:58,41,0.412,4.49,-20.0
2020-12-03 09:57:58,42,0.402,4.48,-20.0
2020-12-03 09:57:58,43,0.411,4.48,-20.0
2020-12-03 09:57:58,44,0.416,4.49,-20.0
2020-12-03 09:57:58,45,0.416,4.49,-20.0
2020-12-03 09:57:58,46,0.415,4.48,-20.0
2020-12-03 09:57:58,47,0.414,4.49,-20.0
2020-12-03 09:57:58,48,0.417,4.49,-20.0
2020-12-03 09:57:58,49,0.479,4.46,24.7
2020-12-03 09:57:58,50,0.424,4.47,-20.0
2020-12-03 09:57:58,51,0.412,4.47,-20.0
2020-12-03 09:57:58,52,0.414,4.46,-20.0
2020-12-03 09:57:58,53,0.419,4.46,-20.0
2020-12-03 09:57:58,54,0.418,4.47,-20.0
2020-12-03 09:57:58,55,0.42,4.44,-20.0
2020-12-03 09:57:58,56,0.42,4.44,-20.0
2020-12-03 09:57:58,57,0.425,4.44,-20.0
2020-12-03 09:57:58,58,0.417,4.43,-20.0
2020-12-03 09:57:58,59,0.42,4.45,-20.0
2020-12-03 09:57:58,60,0.41,4.47,-20.0
2020-12-03 09:57:58,61,0.417,4.49,22.8
2020-12-03 09:57:58,62,0.41,4.49,-20.0
2020-12-03 09:57:58,63,0.412,4.48,-20.0
2020-12-03 09:57:58,64,0.404,4.46,-20.0
2020-12-03 09:57:58,65,0.413,4.45,-20.0
2020-12-03 09:57:58,66,0.417,4.45,-20.0
2020-12-03 09:57:58,67,0.405,4.44,-20.0
2020-12-03 09:57:58,68,0.413,4.46,-20.0
2020-12-03 09:57:58,69,0.413,4.45,-20.0
2020-12-03 09:57:58,70,0.409,4.47,-20.0
2020-12-03 09:57:58,71,0.412,4.49,-20.0
2020-12-03 09:57:58,72,0.414,4.49,-20.0
2020-12-03 09:57:58,73,0.411,4.52,22.7
2020-12-03 09:57:58,74,0.408,4.49,-20.0
2020-12-03 09:57:58,75,0.433,4.47,-20.0
2020-12-03 09:57:58,76,0.423,4.45,-20.0
2020-12-03 09:57:58,77,0.418,4.51,-20.0
2020-12-03 09:57:58,78,0.391,4.48,-20.0
2020-12-03 09:57:58,79,0.405,4.49,-20.0
2020-12-03 09:57:58,80,0.415,4.5,-20.0
2020-12-03 09:57:58,81,0.42,4.51,-20.0
2020-12-03 09:57:58,82,0.419,4.51,-20.0
2020-12-03 09:57:58,83,0.421,4.49,-20.0
2020-12-03 09:57:58,84,0.418,4.5,-20.0
2020-12-03 09:57:58,85,0.41,4.47,24.4
2020-12-03 09:57:58,86,0.419,4.47,-20.0
2020-12-03 09:57:58,87,0.443,4.46,-20.0
2020-12-03 09:57:58,88,0.398,4.48,-20.0
2020-12-03 09:57:58,89,0.411,4.48,-20.0
2020-12-03 09:57:58,90,0.408,4.47,-20.0
2020-12-03 09:57:58,91,0.417,4.49,-20.0
2020-12-03 09:57:58,92,0.404,4.5,-20.0
2020-12-03 09:57:58,93,0.416,4.5,-20.0
2020-12-03 09:57:58,94,0.418,4.47,-20.0
2020-12-03 09:57:58,95,0.418,4.46,-20.0
2020-12-03 09:57:58,96,0.408,4.49,-20.0
2020-12-03 21:57:21,1,0.415,4.5,25.5
2020-12-03 21:57:21,2,0.414,4.51,-20.0
2020-12-03 21:57:21,3,0.417,4.51,-20.0
2020-12-03 21:57:21,4,0.419,4.49,-20.0
2020-12-03 21:57:21,5,0.409,4.5,-20.0
2020-12-03 21:57:21,6,0.415,4.5,-20.0
2020-12-03 21:57:21,7,0.412,4.49,-20.0
2020-12-03 21:57:21,8,0.403,4.51,-20.0
2020-12-03 21:57:21,9,0.411,4.48,-20.0
2020-12-03 21:57:21,10,0.419,4.5,-20.0
2020-12-03 21:57:21,11,0.418,4.46,-20.0
2020-12-03 21:57:21,12,0.422,4.46,-20.0
2020-12-03 21:57:21,13,0.414,4.49,25.0
2020-12-03 21:57:21,14,0.415,4.5,-20.0
2020-12-03 21:57:21,15,0.411,4.52,-20.0
2020-12-03 21:57:21,16,0.421,4.51,-20.0
2020-12-03 21:57:21,17,0.414,4.5,-20.0
2020-12-03 21:57:21,18,0.427,4.5,-20.0
2020-12-03 21:57:21,19,0.439,4.47,-20.0
2020-12-03 21:57:21,20,0.409,4.48,-20.0
2020-12-03 21:57:21,21,0.416,4.49,-20.0
2020-12-03 21:57:21,22,0.414,4.46,-20.0
2020-12-03 21:57:21,23,0.446,4.49,-20.0
2020-12-03 21:57:21,24,0.407,4.49,-20.0
2020-12-03 21:57:21,25,0.418,4.5,23.0
2020-12-03 21:57:21,26,0.419,4.47,-20.0
2020-12-03 21:57:21,27,0.408,4.46,-20.0
2020-12-03 21:57:21,28,0.417,4.46,-20.0
2020-12-03 21:57:21,29,0.408,4.47,-20.0
2020-12-03 21:57:21,30,0.411,4.49,-20.0
2020-12-03 21:57:21,31,0.41,4.46,-20.0
2020-12-03 21:57:21,32,0.404,4.49,-20.0
2020-12-03 21:57:21,33,0.409,4.49,-20.0
2020-12-03 21:57:21,34,0.403,4.49,-20.0
2020-12-03 21:57:21,35,0.41,4.48,-20.0
2020-12-03 21:57:21,36,0.402,4.5,-20.0
2020-12-03 21:57:21,37,0.406,4.49,23.5
2020-12-03 21:57:21,38,0.41,4.5,-20.0
2020-12-03 21:57:21,39,0.413,4.48,-20.0
2020-12-03 21:57:21,40,0.417,4.49,-20.0
2020-12-03 21:57:21,41,0.413,4.5,-20.0
2020-12-03 21:57:21,42,0.402,4.49,-20.0
2020-12-03 21:57:21,43,0.414,4.48,-20.0
2020-12-03 21:57:21,44,0.42,4.49,-20.0
2020-12-03 21:57:21,45,0.415,4.49,-20.0
2020-12-03 21:57:21,46,0.414,4.48,-20.0
2020-12-03 21:57:21,47,0.418,4.49,-20.0
2020-12-03 21:57:21,48,0.419,4.48,-20.0
2020-12-03 21:57:21,49,0.481,4.46,24.8
2020-12-03 21:57:21,50,0.424,4.47,-20.0
2020-12-03 21:57:21,51,0.413,4.47,-20.0
2020-12-03 21:57:21,52,0.416,4.46,-20.0
2020-12-03 21:57:21,53,0.418,4.46,-20.0
2020-12-03 21:57:21,54,0.419,4.47,-20.0
2020-12-03 21:57:21,55,0.423,4.44,-20.0
2020-12-03 21:57:21,56,0.419,4.44,-20.0
2020-12-03 21:57:21,57,0.421,4.44,-20.0
2020-12-03 21:57:21,58,0.419,4.43,-20.0
2020-12-03 21:57:21,59,0.419,4.45,-20.0
2020-12-03 21:57:21,60,0.413,4.46,-20.0
2020-12-03 21:57:21,61,0.418,4.5,23.1
2020-12-03 21:57:21,62,0.411,4.49,-20.0
2020-12-03 21:57:21,63,0.409,4.48,-20.0
2020-12-03 21:57:21,64,0.405,4.47,-20.0
2020-12-03 21:57:21,65,0.411,4.45,-20.0
2020-12-03 21:57:21,66,0.419,4.45,-20.0
2020-12-03 21:57:21,67,0.408,4.43,-20.0
2020-12-03 21:57:21,68,0.416,4.46,-20.0
2020-12-03 21:57:21,69,0.412,4.45,-20.0
2020-12-03 21:57:21,70,0.407,4.47,-20.0
2020-12-03 21:57:21,71,0.409,4.49,-20.0
2020-12-03 21:57:21,72,0.412,4.49,-20.0
2020-12-03 21:57:21,73,0.408,4.52,23.0
2020-12-03 21:57:21,74,0.408,4.48,-20.0
2020-12-03 21:57:21,75,0.431,4.47,-20.0
2020-12-03 21:57:21,76,0.425,4.45,-20.0
2020-12-03 21:57:21,77,0.422,4.52,-20.0
2020-12-03 21:57:21,78,0.395,4.47,-20.0
2020-12-03 21:57:21,79,0.408,4.49,-20.0
2020-12-03 21:57:21,80,0.417,4.51,-20.0
2020-12-03 21:57:21,81,0.423,4.51,-20.0
2020-12-03 21:57:21,82,0.419,4.52,-20.0
2020-12-03 21:57:21,83,0.421,4.51,-20.0
2020-12-03 21:57:21,84,0.419,4.5,-20.0
2020-12-03 21:57:21,85,0.412,4.47,24.3
2020-12-03 21:57:21,86,0.418,4.47,-20.0
2020-12-03 21:57:21,87,0.441,4.47,-20.0
2020-12-03 21:57:21,88,0.401,4.48,-20.0
2020-12-03 21:57:21,89,0.41,4.48,-20.0
2020-12-03 21:57:21,90,0.408,4.47,-20.0
2020-12-03 21:57:21,91,0.42,4.48,-20.0
2020-12-03 21:57:21,92,0.403,4.5,-20.0
2020-12-03 21:57:21,93,0.415,4.49,-20.0
2020-12-03 21:57:21,94,0.416,4.48,-20.0
2020-12-03 21:57:21,95,0.418,4.46,-20.0
2020-12-03 21:57:21,96,0.41,4.49,-20.0
2020-12-04 09:56:58,1,0.416,4.5,25.5
2020-12-04 09:56:58,2,0.411,4.5,-20.0
2020-12-04 09:56:58,3,0.416,4.51,-20.0
2020-12-04 09:56:58,4,0.417,4.48,-20.0
2020-12-04 09:56:58,5,0.408,4.51,-20.0
2020-12-04 09:56:58,6,0.416,4.49,-20.0
2020-12-04 09:56:58,7,0.41,4.48,-20.0
2020-12-04 09:56:58,8,0.406,4.5,-20.0
2020-12-04 09:56:58,9,0.412,4.48,-20.0
2020-12-04 09:56:58,10,0.42,4.5,-20.0
2020-12-04 09:56:58,11,0.416,4.46,-20.0
2020-12-04 09:56:58,12,0.422,4.47,-20.0
2020-12-04 09:56:58,13,0.413,4.49,25.0
2020-12-04 09:56:58,14,0.414,4.5,-20.0
2020-12-04 09:56:58,15,0.41,4.51,-20.0
2020-12-04 09:56:58,16,0.419,4.52,-20.0
2020-12-04 09:56:58,17,0.414,4.48,-20.0
2020-12-04 09:56:58,18,0.426,4.49,-20.0
2020-12-04 09:56:58,19,0.431,4.48,-20.0
2020-12-04 09:56:58,20,0.408,4.48,-20.0
2020-12-04 09:56:58,21,0.414,4.49,-20.0
2020-12-04 09:56:58,22,0.415,4.48,-20.0
2020-12-04 09:56:58,23,0.443,4.48,-20.0
2020-12-04 09:56:58,24,0.408,4.49,-20.0
2020-12-04 09:56:58,25,0.417,4.5,23.0
2020-12-04 09:56:58,26,0.423,4.48,-20.0
2020-12-04 09:56:58,27,0.411,4.47,-20.0
2020-12-04 09:56:58,28,0.418,4.46,-20.0
2020-12-04 09:56:58,29,0.409,4.48,-20.0
2020-12-04 09:56:58,30,0.412,4.48,-20.0
2020-12-04 09:56:58,31,0.415,4.46,-20.0
2020-12-04 09:56:58,32,0.407,4.48,-20.0
2020-12-04 09:56:58,33,0.41,4.48,-20.0
2020-12-04 09:56:58,34,0.409,4.49,-20.0
2020-12-04 09:56:58,35,0.41,4.48,-20.0
2020-12-04 09:56:58,36,0.405,4.49,-20.0
2020-12-04 09:56:58,37,0.405,4.49,23.5
2020-12-04 09:56:58,38,0.412,4.48,-20.0
2020-12-04 09:56:58,39,0.414,4.47,-20.0
2020-12-04 09:56:58,40,0.417,4.47,-20.0
2020-12-04 09:56:58,41,0.412,4.5,-20.0
2020-12-04 09:56:58,42,0.404,4.48,-20.0
2020-12-04 09:56:58,43,0.416,4.48,-20.0
2020-12-04 09:56:58,44,0.418,4.5,-20.0
2020-12-04 09:56:58,45,0.415,4.49,-20.0
2020-12-04 09:56:58,46,0.412,4.49,-20.0
2020-12-04 09:56:58,47,0.42,4.49,-20.0
2020-12-04 09:56:58,48,0.419,4.49,-20.0
2020-12-04 09:56:58,49,0.482,4.46,24.8
2020-12-04 09:56:58,50,0.427,4.47,-20.0
2020-12-04 09:56:58,51,0.41,4.47,-20.0
2020-12-04 09:56:58,52,0.418,4.47,-20.0
2020-12-04 09:56:58,53,0.419,4.46,-20.0
2020-12-04 09:56:58,54,0.417,4.47,-20.0
2020-12-04 09:56:58,55,0.422,4.43,-20.0
2020-12-04 09:56:58,56,0.417,4.43,-20.0
2020-12-04 09:56:58,57,0.42,4.43,-20.0
2020-12-04 09:56:58,58,0.419,4.44,-20.0
2020-12-04 09:56:58,59,0.421,4.45,-20.0
2020-12-04 09:56:58,60,0.413,4.46,-20.0
2020-12-04 09:56:58,61,0.416,4.49,23.1
2020-12-04 09:56:58,62,0.411,4.49,-20.0
2020-12-04 09:56:58,63,0.412,4.48,-20.0
2020-12-04 09:56:58,64,0.407,4.47,-20.0
2020-12-04 09:56:58,65,0.396,4.45,-20.0
2020-12-04 09:56:58,66,0.419,4.45,-20.0
2020-12-04 09:56:58,67,0.406,4.43,-20.0
2020-12-04 09:56:58,68,0.406,4.47,-20.0
2020-12-04 09:56:58,69,0.405,4.46,-20.0
2020-12-04 09:56:58,70,0.404,4.47,-20.0
2020-12-04 09:56:58,71,0.407,4.49,-20.0
2020-12-04 09:56:58,72,0.407,4.49,-20.0
2020-12-04 09:56:58,73,0.402,4.52,22.9
2020-12-04 09:56:58,74,0.399,4.48,-20.0
2020-12-04 09:56:58,75,0.431,4.48,-20.0
2020-12-04 09:56:58,76,0.422,4.46,-20.0
2020-12-04 09:56:58,77,0.421,4.51,-20.0
2020-12-04 09:56:58,78,0.398,4.48,-20.0
2020-12-04 09:56:58,79,0.408,4.49,-20.0
2020-12-04 09:56:58,80,0.419,4.5,-20.0
2020-12-04 09:56:58,81,0.421,4.51,-20.0
2020-12-04 09:56:58,82,0.419,4.52,-20.0
2020-12-04 09:56:58,83,0.421,4.5,-20.0
2020-12-04 09:56:58,84,0.419,4.5,-20.0
2020-12-04 09:56:58,85,0.411,4.48,24.2
2020-12-04 09:56:58,86,0.42,4.47,-20.0
2020-12-04 09:56:58,87,0.441,4.46,-20.0
2020-12-04 09:56:58,88,0.399,4.48,-20.0
2020-12-04 09:56:58,89,0.409,4.48,-20.0
2020-12-04 09:56:58,90,0.408,4.47,-20.0
2020-12-04 09:56:58,91,0.42,4.48,-20.0
2020-12-04 09:56:58,92,0.402,4.51,-20.0
2020-12-04 09:56:58,93,0.416,4.5,-20.0
2020-12-04 09:56:58,94,0.415,4.47,-20.0
2020-12-04 09:56:58,95,0.419,4.46,-20.0
2020-12-04 09:56:58,96,0.412,4.49,-20.0
2020-12-04 21:56:20,1,0.416,4.5,25.5
2020-12-04 21:56:20,2,0.411,4.51,-20.0
2020-12-04 21:56:20,3,0.417,4.51,-20.0
2020-12-04 21:56:20,4,0.415,4.49,-20.0
2020-12-04 21:56:20,5,0.405,4.51,-20.0
2020-12-04 21:56:20,6,0.416,4.49,-20.0
2020-12-04 21:56:20,7,0.411,4.48,-20.0
2020-12-04 21:56:20,8,0.404,4.51,-20.0
2020-12-04 21:56:20,9,0.411,4.48,-20.0
2020-12-04 21:56:20,10,0.42,4.5,-20.0
2020-12-04 21:56:20,11,0.418,4.46,-20.0
2020-12-04 21:56:20,12,0.419,4.47,-20.0
2020-12-04 21:56:20,13,0.412,4.48,25.0
2020-12-04 21:56:20,14,0.416,4.49,-20.0
2020-12-04 21:56:20,15,0.409,4.52,-20.0
2020-12-04 21:56:20,16,0.421,4.51,-20.0
2020-12-04 21:56:20,17,0.412,4.49,-20.0
2020-12-04 21:56:20,18,0.428,4.5,-20.0
2020-12-04 21:56:20,19,0.434,4.48,-20.0
2020-12-04 21:56:20,20,0.41,4.48,-20.0
2020-12-04 21:56:20,21,0.416,4.49,-20.0
2020-12-04 21:56:20,22,0.417,4.48,-20.0
2020-12-04 21:56:20,23,0.445,4.48,-20.0
2020-12-04 21:56:20,24,0.412,4.49,-20.0
2020-12-04 21:56:20,25,0.417,4.5,23.1
2020-12-04 21:56:20,26,0.422,4.49,-20.0
2020-12-04 21:56:20,27,0.415,4.47,-20.0
2020-12-04 21:56:20,28,0.417,4.47,-20.0
2020-12-04 21:56:20,29,0.411,4.47,-20.0
2020-12-04 21:56:20,30,0.412,4.47,-20.0
2020-12-04 21:56:20,31,0.412,4.47,-20.0
2020-12-04 21:56:20,32,0.409,4.47,-20.0
2020-12-04 21:56:20,33,0.412,4.48,-20.0
2020-12-04 21:56:20,34,0.411,4.49,-20.0
2020-12-04 21:56:20,35,0.41,4.48,-20.0
2020-12-04 21:56:20,36,0.406,4.49,-20.0
2020-12-04 21:56:20,37,0.41,4.48,23.5
2020-12-04 21:56:20,38,0.415,4.49,-20.0
2020-12-04 21:56:20,39,0.415,4.48,-20.0
2020-12-04 21:56:20,40,0.418,4.48,-20.0
2020-12-04 21:56:20,41,0.412,4.5,-20.0
2020-12-04 21:56:20,42,0.406,4.48,-20.0
2020-12-04 21:56:20,43,0.416,4.47,-20.0
2020-12-04 21:56:20,44,0.421,4.49,-20.0
2020-12-04 21:56:20,45,0.419,4.48,-20.0
2020-12-04 21:56:20,46,0.414,4.49,-20.0
2020-12-04 21:56:20,47,0.421,4.48,-20.0
2020-12-04 21:56:20,48,0.418,4.48,-20.0
2020-12-04 21:56:20,49,0.483,4.47,24.8
2020-12-04 21:56:20,50,0.43,4.47,-20.0
2020-12-04 21:56:20,51,0.413,4.47,-20.0
2020-12-04 21:56:20,52,0.416,4.47,-20.0
2020-12-04 21:56:20,53,0.418,4.45,-20.0
2020-12-04 21:56:20,54,0.418,4.47,-20.0
2020-12-04 21:56:20,55,0.424,4.44,-20.0
2020-12-04 21:56:20,56,0.414,4.44,-20.0
2020-12-04 21:56:20,57,0.42,4.43,-20.0
2020-12-04 21:56:20,58,0.42,4.44,-20.0
2020-12-04 21:56:20,59,0.419,4.45,-20.0
2020-12-04 21:56:20,60,0.413,4.46,-20.0
2020-12-04 21:56:20,61,0.415,4.49,23.2
2020-12-04 21:56:20,62,0.411,4.49,-20.0
2020-12-04 21:56:20,63,0.412,4.48,-20.0
2020-12-04 21:56:20,64,0.408,4.46,-20.0
2020-12-04 21:56:20,65,0.402,4.45,-20.0
2020-12-04 21:56:20,66,0.416,4.45,-20.0
2020-12-04 21:56:20,67,0.404,4.43,-20.0
2020-12-04 21:56:20,68,0.404,4.46,-20.0
2020-12-04 21:56:20,69,0.408,4.46,-20.0
2020-12-04 21:56:20,70,0.404,4.48,-20.0
2020-12-04 21:56:20,71,0.407,4.48,-20.0
2020-12-04 21:56:20,72,0.412,4.49,-20.0
2020-12-04 21:56:20,73,0.403,4.52,23.0
2020-12-04 21:56:20,74,0.401,4.49,-20.0
2020-12-04 21:56:20,75,0.432,4.47,-20.0
2020-12-04 21:56:20,76,0.423,4.45,-20.0
2020-12-04 21:56:20,77,0.424,4.51,-20.0
2020-12-04 21:56:20,78,0.4,4.47,-20.0
2020-12-04 21:56:20,79,0.413,4.49,-20.0
2020-12-04 21:56:20,80,0.42,4.51,-20.0
2020-12-04 21:56:20,81,0.423,4.51,-20.0
2020-12-04 21:56:20,82,0.42,4.51,-20.0
2020-12-04 21:56:20,83,0.422,4.5,-20.0
2020-12-04 21:56:20,84,0.419,4.5,-20.0
2020-12-04 21:56:20,85,0.412,4.47,24.4
2020-12-04 21:56:20,86,0.418,4.46,-20.0
2020-12-04 21:56:20,87,0.443,4.47,-20.0
2020-12-04 21:56:20,88,0.399,4.47,-20.0
2020-12-04 21:56:20,89,0.41,4.49,-20.0
2020-12-04 21:56:20,90,0.407,4.47,-20.0
2020-12-04 21:56:20,91,0.418,4.48,-20.0
2020-12-04 21:56:20,92,0.4,4.5,-20.0
2020-12-04 21:56:20,93,0.416,4.5,-20.0
2020-12-04 21:56:20,94,0.414,4.47,-20.0
2020-12-04 21:56:20,95,0.42,4.46,-20.0
2020-12-04 21:56:20,96,0.41,4.5,-20.0
2020-12-05 09:55:37,1,0.418,4.5,25.4
2020-12-05 09:55:37,2,0.414,4.51,-20.0
2020-12-05 09:55:37,3,0.418,4.51,-20.0
2020-12-05 09:55:37,4,0.415,4.48,-20.0
2020-12-05 09:55:37,5,0.404,4.51,-20.0
2020-12-05 09:55:37,6,0.418,4.49,-20.0
2020-12-05 09:55:37,7,0.404,4.48,-20.0
2020-12-05 09:55:37,8,0.4,4.5,-20.0
2020-12-05 09:55:37,9,0.41,4.49,-20.0
2020-12-05 09:55:37,10,0.418,4.51,-20.0
2020-12-05 09:55:37,11,0.418,4.46,-20.0
2020-12-05 09:55:37,12,0.415,4.47,-20.0
2020-12-05 09:55:37,13,0.408,4.48,24.9
2020-12-05 09:55:37,14,0.415,4.5,-20.0
2020-12-05 09:55:37,15,0.409,4.52,-20.0
2020-12-05 09:55:37,16,0.418,4.5,-20.0
2020-12-05 09:55:37,17,0.415,4.49,-20.0
2020-12-05 09:55:37,18,0.427,4.49,-20.0
2020-12-05 09:55:37,19,0.436,4.47,-20.0
2020-12-05 09:55:37,20,0.412,4.48,-20.0
2020-12-05 09:55:37,21,0.414,4.49,-20.0
2020-12-05 09:55:37,22,0.417,4.47,-20.0
2020-12-05 09:55:37,23,0.445,4.48,-20.0
2020-12-05 09:55:37,24,0.411,4.49,-20.0
2020-12-05 09:55:37,25,0.419,4.51,22.9
2020-12-05 09:55:37,26,0.418,4.49,-20.0
2020-12-05 09:55:37,27,0.413,4.47,-20.0
2020-12-05 09:55:37,28,0.417,4.47,-20.0
2020-12-05 09:55:37,29,0.413,4.46,-20.0
2020-12-05 09:55:37,30,0.416,4.49,-20.0
2020-12-05 09:55:37,31,0.416,4.47,-20.0
2020-12-05 09:55:37,32,0.411,4.47,-20.0
2020-12-05 09:55:37,33,0.412,4.48,-20.0
2020-12-05 09:55:37,34,0.412,4.48,-20.0
2020-12-05 09:55:37,35,0.408,4.48,-20.0
2020-12-05 09:55:37,36,0.407,4.5,-20.0
2020-12-05 09:55:37,37,0.41,4.47,23.4
2020-12-05 09:55:37,38,0.416,4.49,-20.0
2020-12-05 09:55:37,39,0.416,4.48,-20.0
2020-12-05 09:55:37,40,0.418,4.48,-20.0
2020-12-05 09:55:37,41,0.412,4.5,-20.0
2020-12-05 09:55:37,42,0.407,4.47,-20.0
2020-12-05 09:55:37,43,0.418,4.48,-20.0
2020-12-05 09:55:37,44,0.422,4.49,-20.0
2020-12-05 09:55:37,45,0.42,4.5,-20.0
2020-12-05 09:55:37,46,0.413,4.48,-20.0
2020-12-05 09:55:37,47,0.417,4.48,-20.0
2020-12-05 09:55:37,48,0.418,4.48,-20.0
2020-12-05 09:55:37,49,0.489,4.47,24.7
2020-12-05 09:55:37,50,0.429,4.47,-20.0
2020-12-05 09:55:37,51,0.411,4.46,-20.0
2020-12-05 09:55:37,52,0.415,4.46,-20.0
2020-12-05 09:55:37,53,0.417,4.46,-20.0
2020-12-05 09:55:37,54,0.419,4.47,-20.0
2020-12-05 09:55:37,55,0.421,4.44,-20.0
2020-12-05 09:55:37,56,0.415,4.44,-20.0
2020-12-05 09:55:37,57,0.414,4.44,-20.0
2020-12-05 09:55:37,58,0.409,4.43,-20.0
2020-12-05 09:55:37,59,0.405,4.45,-20.0
2020-12-05 09:55:37,60,0.391,4.46,-20.0
2020-12-05 09:55:37,61,0.414,4.5,22.9
2020-12-05 09:55:37,62,0.406,4.49,-20.0
2020-12-05 09:55:37,63,0.396,4.47,-20.0
2020-12-05 09:55:37,64,0.404,4.47,-20.0
2020-12-05 09:55:37,65,0.405,4.46,-20.0
2020-12-05 09:55:37,66,0.417,4.46,-20.0
2020-12-05 09:55:37,67,0.407,4.44,-20.0
2020-12-05 09:55:37,68,0.409,4.47,-20.0
2020-12-05 09:55:37,69,0.411,4.46,-20.0
2020-12-05 09:55:37,70,0.406,4.48,-20.0
2020-12-05 09:55:37,71,0.406,4.48,-20.0
2020-12-05 09:55:37,72,0.414,4.49,-20.0
2020-12-05 09:55:37,73,0.406,4.52,22.9
2020-12-05 09:55:37,74,0.403,4.49,-20.0
2020-12-05 09:55:37,75,0.43,4.47,-20.0
2020-12-05 09:55:37,76,0.423,4.46,-20.0
2020-12-05 09:55:37,77,0.425,4.52,-20.0
2020-12-05 09:55:37,78,0.401,4.47,-20.0
2020-12-05 09:55:37,79,0.416,4.48,-20.0
2020-12-05 09:55:37,80,0.421,4.5,-20.0
2020-12-05 09:55:37,81,0.423,4.51,-20.0
2020-12-05 09:55:37,82,0.42,4.51,-20.0
2020-12-05 09:55:37,83,0.424,4.5,-20.0
2020-12-05 09:55:37,84,0.419,4.5,-20.0
2020-12-05 09:55:37,85,0.411,4.48,24.4
2020-12-05 09:55:37,86,0.418,4.47,-20.0
2020-12-05 09:55:37,87,0.443,4.47,-20.0
2020-12-05 09:55:37,88,0.399,4.47,-20.0
2020-12-05 09:55:37,89,0.409,4.48,-20.0
2020-12-05 09:55:37,90,0.408,4.48,-20.0
2020-12-05 09:55:37,91,0.417,4.48,-20.0
2020-12-05 09:55:37,92,0.401,4.5,-20.0
2020-12-05 09:55:37,93,0.417,4.49,-20.0
2020-12-05 09:55:37,94,0.419,4.47,-20.0
2020-12-05 09:55:37,95,0.418,4.46,-20.0
2020-12-05 09:55:37,96,0.41,4.49,-20.0
2020-12-05 21:55:10,1,0.417,4.5,25.5
2020-12-05 21:55:10,2,0.415,4.51,-20.0
2020-12-05 21:55:10,3,0.421,4.51,-20.0
2020-12-05 21:55:10,4,0.413,4.48,-20.0
2020-12-05 21:55:10,5,0.405,4.51,-20.0
2020-12-05 21:55:10,6,0.42,4.49,-20.0
2020-12-05 21:55:10,7,0.405,4.48,-20.0
2020-12-05 21:55:10,8,0.4,4.51,-20.0
2020-12-05 21:55:10,9,0.41,4.48,-20.0
2020-12-05 21:55:10,10,0.416,4.5,-20.0
2020-12-05 21:55:10,11,0.416,4.45,-20.0
2020-12-05 21:55:10,12,0.417,4.47,-20.0
2020-12-05 21:55:10,13,0.409,4.49,25.0
2020-12-05 21:55:10,14,0.415,4.5,-20.0
2020-12-05 21:55:10,15,0.41,4.52,-20.0
2020-12-05 21:55:10,16,0.42,4.52,-20.0
2020-12-05 21:55:10,17,0.416,4.5,-20.0
2020-12-05 21:55:10,18,0.426,4.49,-20.0
2020-12-05 21:55:10,19,0.437,4.48,-20.0
2020-12-05 21:55:10,20,0.414,4.48,-20.0
2020-12-05 21:55:10,21,0.417,4.48,-20.0
2020-12-05 21:55:10,22,0.417,4.48,-20.0
2020-12-05 21:55:10,23,0.447,4.49,-20.0
2020-12-05 21:55:10,24,0.411,4.49,-20.0
2020-12-05 21:55:10,25,0.417,4.5,23.0
2020-12-05 21:55:10,26,0.42,4.48,-20.0
2020-12-05 21:55:10,27,0.414,4.46,-20.0
2020-12-05 21:55:10,28,0.414,4.46,-20.0
2020-12-05 21:55:10,29,0.415,4.47,-20.0
2020-12-05 21:55:10,30,0.416,4.49,-20.0
2020-12-05 21:55:10,31,0.415,4.47,-20.0
2020-12-05 21:55:10,32,0.409,4.49,-20.0
2020-12-05 21:55:10,33,0.413,4.48,-20.0
2020-12-05 21:55:10,34,0.411,4.49,-20.0
2020-12-05 21:55:10,35,0.41,4.49,-20.0
2020-12-05 21:55:10,36,0.406,4.5,-20.0
2020-12-05 21:55:10,37,0.412,4.49,23.5
2020-12-05 21:55:10,38,0.414,4.49,-20.0
2020-12-05 21:55:10,39,0.414,4.47,-20.0
2020-12-05 21:55:10,40,0.414,4.48,-20.0
2020-12-05 21:55:10,41,0.416,4.49,-20.0
2020-12-05 21:55:10,42,0.41,4.47,-20.0
2020-12-05 21:55:10,43,0.419,4.48,-20.0
2020-12-05 21:55:10,44,0.422,4.49,-20.0
2020-12-05 21:55:10,45,0.419,4.5,-20.0
2020-12-05 21:55:10,46,0.415,4.48,-20.0
2020-12-05 21:55:10,47,0.415,4.48,-20.0
2020-12-05 21:55:10,48,0.42,4.49,-20.0
2020-12-05 21:55:10,49,0.489,4.46,24.7
2020-12-05 21:55:10,50,0.431,4.47,-20.0
2020-12-05 21:55:10,51,0.412,4.47,-20.0
2020-12-05 21:55:10,52,0.415,4.47,-20.0
2020-12-05 21:55:10,53,0.416,4.45,-20.0
2020-12-05 21:55:10,54,0.418,4.47,-20.0
2020-12-05 21:55:10,55,0.421,4.44,-20.0
2020-12-05 21:55:10,56,0.417,4.44,-20.0
2020-12-05 21:55:10,57,0.417,4.43,-20.0
2020-12-05 21:55:10,58,0.411,4.44,-20.0
2020-12-05 21:55:10,59,0.412,4.45,-20.0
2020-12-05 21:55:10,60,0.403,4.46,-20.0
2020-12-05 21:55:10,61,0.414,4.49,23.1
2020-12-05 21:55:10,62,0.406,4.49,-20.0
2020-12-05 21:55:10,63,0.401,4.48,-20.0
2020-12-05 21:55:10,64,0.405,4.46,-20.0
2020-12-05 21:55:10,65,0.403,4.46,-20.0
2020-12-05 21:55:10,66,0.417,4.45,-20.0
2020-12-05 21:55:10,67,0.409,4.43,-20.0
2020-12-05 21:55:10,68,0.413,4.46,-20.0
2020-12-05 21:55:10,69,0.414,4.45,-20.0
2020-12-05 21:55:10,70,0.408,4.47,-20.0
2020-12-05 21:55:10,71,0.408,4.49,-20.0
2020-12-05 21:55:10,72,0.415,4.48,-20.0
2020-12-05 21:55:10,73,0.409,4.52,23.0
2020-12-05 21:55:10,74,0.406,4.48,-20.0
2020-12-05 21:55:10,75,0.428,4.47,-20.0
2020-12-05 21:55:10,76,0.42,4.45,-20.0
2020-12-05 21:55:10,77,0.424,4.51,-20.0
2020-12-05 21:55:10,78,0.402,4.48,-20.0
2020-12-05 21:55:10,79,0.415,4.48,-20.0
2020-12-05 21:55:10,80,0.419,4.5,-20.0
2020-12-05 21:55:10,81,0.422,4.51,-20.0
2020-12-05 21:55:10,82,0.419,4.51,-20.0
2020-12-05 21:55:10,83,0.425,4.5,-20.0
2020-12-05 21:55:10,84,0.418,4.49,-20.0
2020-12-05 21:55:10,85,0.413,4.47,24.6
2020-12-05 21:55:10,86,0.419,4.47,-20.0
2020-12-05 21:55:10,87,0.446,4.47,-20.0
2020-12-05 21:55:10,88,0.402,4.47,-20.0
2020-12-05 21:55:10,89,0.412,4.48,-20.0
2020-12-05 21:55:10,90,0.412,4.47,-20.0
2020-12-05 21:55:10,91,0.417,4.48,-20.0
2020-12-05 21:55:10,92,0.404,4.5,-20.0
2020-12-05 21:55:10,93,0.415,4.5,-20.0
2020-12-05 21:55:10,94,0.416,4.47,-20.0
2020-12-05 21:55:10,95,0.418,4.46,-20.0
2020-12-05 21:55:10,96,0.409,4.49,-20.0
2020-12-06 09:54:40,1,0.414,4.5,25.5
2020-12-06 09:54:40,2,0.413,4.51,-20.0
2020-12-06 09:54:40,3,0.414,4.52,-20.0
2020-12-06 09:54:40,4,0.414,4.49,-20.0
2020-12-06 09:54:40,5,0.407,4.51,-20.0
2020-12-06 09:54:40,6,0.415,4.5,-20.0
2020-12-06 09:54:40,7,0.401,4.48,-20.0
2020-12-06 09:54:40,8,0.399,4.51,-20.0
2020-12-06 09:54:40,9,0.41,4.48,-20.0
2020-12-06 09:54:40,10,0.417,4.5,-20.0
2020-12-06 09:54:40,11,0.418,4.46,-20.0
2020-12-06 09:54:40,12,0.421,4.47,-20.0
2020-12-06 09:54:40,13,0.412,4.48,24.9
2020-12-06 09:54:40,14,0.416,4.49,-20.0
2020-12-06 09:54:40,15,0.411,4.51,-20.0
2020-12-06 09:54:40,16,0.422,4.52,-20.0
2020-12-06 09:54:40,17,0.415,4.48,-20.0
2020-12-06 09:54:40,18,0.426,4.5,-20.0
2020-12-06 09:54:40,19,0.438,4.48,-20.0
2020-12-06 09:54:40,20,0.411,4.49,-20.0
2020-12-06 09:54:40,21,0.42,4.48,-20.0
2020-12-06 09:54:40,22,0.416,4.47,-20.0
2020-12-06 09:54:40,23,0.447,4.49,-20.0
2020-12-06 09:54:40,24,0.409,4.5,-20.0
2020-12-06 09:54:40,25,0.418,4.5,23.0
2020-12-06 09:54:40,26,0.421,4.47,-20.0
2020-12-06 09:54:40,27,0.414,4.48,-20.0
2020-12-06 09:54:40,28,0.417,4.47,-20.0
2020-12-06 09:54:40,29,0.416,4.47,-20.0
2020-12-06 09:54:40,30,0.418,4.48,-20.0
2020-12-06 09:54:40,31,0.414,4.47,-20.0
2020-12-06 09:54:40,32,0.409,4.47,-20.0
2020-12-06 09:54:40,33,0.41,4.5,-20.0
2020-12-06 09:54:40,34,0.412,4.49,-20.0
2020-12-06 09:54:40,35,0.411,4.49,-20.0
2020-12-06 09:54:40,36,0.405,4.49,-20.0
2020-12-06 09:54:40,37,0.41,4.49,23.5
2020-12-06 09:54:40,38,0.413,4.5,-20.0
2020-12-06 09:54:40,39,0.416,4.48,-20.0
2020-12-06 09:54:40,40,0.413,4.47,-20.0
2020-12-06 09:54:40,41,0.418,4.5,-20.0
2020-12-06 09:54:40,42,0.412,4.48,-20.0
2020-12-06 09:54:40,43,0.418,4.48,-20.0
2020-12-06 09:54:40,44,0.424,4.49,-20.0
2020-12-06 09:54:40,45,0.418,4.49,-20.0
2020-12-06 09:54:40,46,0.411,4.48,-20.0
2020-12-06 09:54:40,47,0.413,4.49,-20.0
2020-12-06 09:54:40,48,0.423,4.48,-20.0
2020-12-06 09:54:40,49,0.486,4.47,24.8
2020-12-06 09:54:40,50,0.43,4.46,-20.0
2020-12-06 09:54:40,51,0.41,4.47,-20.0
2020-12-06 09:54:40,52,0.414,4.46,-20.0
2020-12-06 09:54:40,53,0.415,4.46,-20.0
2020-12-06 09:54:40,54,0.417,4.47,-20.0
2020-12-06 09:54:40,55,0.41,4.44,-20.0
2020-12-06 09:54:40,56,0.418,4.44,-20.0
2020-12-06 09:54:40,57,0.417,4.43,-20.0
2020-12-06 09:54:40,58,0.407,4.44,-20.0
2020-12-06 09:54:40,59,0.401,4.45,-20.0
2020-12-06 09:54:40,60,0.387,4.46,-20.0
2020-12-06 09:54:40,61,0.415,4.49,23.0
2020-12-06 09:54:40,62,0.402,4.48,-20.0
2020-12-06 09:54:40,63,0.395,4.48,-20.0
2020-12-06 09:54:40,64,0.407,4.46,-20.0
2020-12-06 09:54:40,65,0.405,4.45,-20.0
2020-12-06 09:54:40,66,0.42,4.46,-20.0
2020-12-06 09:54:40,67,0.41,4.44,-20.0
2020-12-06 09:54:40,68,0.415,4.46,-20.0
2020-12-06 09:54:40,69,0.417,4.46,-20.0
2020-12-06 09:54:40,70,0.411,4.47,-20.0
2020-12-06 09:54:40,71,0.408,4.48,-20.0
2020-12-06 09:54:40,72,0.416,4.49,-20.0
2020-12-06 09:54:40,73,0.411,4.53,22.9
2020-12-06 09:54:40,74,0.409,4.48,-20.0
2020-12-06 09:54:40,75,0.426,4.47,-20.0
2020-12-06 09:54:40,76,0.422,4.45,-20.0
2020-12-06 09:54:40,77,0.425,4.51,-20.0
2020-12-06 09:54:40,78,0.404,4.48,-20.0
2020-12-06 09:54:40,79,0.415,4.49,-20.0
2020-12-06 09:54:40,80,0.42,4.5,-20.0
2020-12-06 09:54:40,81,0.423,4.51,-20.0
2020-12-06 09:54:40,82,0.424,4.51,-20.0
2020-12-06 09:54:40,83,0.426,4.5,-20.0
2020-12-06 09:54:40,84,0.418,4.49,-20.0
2020-12-06 09:54:40,85,0.412,4.48,24.5
2020-12-06 09:54:40,86,0.419,4.48,-20.0
2020-12-06 09:54:40,87,0.447,4.47,-20.0
2020-12-06 09:54:40,88,0.405,4.47,-20.0
2020-12-06 09:54:40,89,0.413,4.48,-20.0
2020-12-06 09:54:40,90,0.411,4.47,-20.0
2020-12-06 09:54:40,91,0.417,4.49,-20.0
2020-12-06 09:54:40,92,0.403,4.5,-20.0
2020-12-06 09:54:40,93,0.415,4.5,-20.0
2020-12-06 09:54:40,94,0.415,4.48,-20.0
2020-12-06 09:54:40,95,0.42,4.47,-20.0
2020-12-06 09:54:40,96,0.405,4.49,-20.0
2020-12-06 21:53:54,1,0.415,4.5,25.5
2020-12-06 21:53:54,2,0.41,4.51,-20.0
2020-12-06 21:53:54,3,0.417,4.51,-20.0
2020-12-06 21:53:54,4,0.413,4.49,-20.0
2020-12-06 21:53:54,5,0.403,4.51,-20.0
2020-12-06 21:53:54,6,0.416,4.49,-20.0
2020-12-06 21:53:54,7,0.402,4.49,-20.0
2020-12-06 21:53:54,8,0.401,4.5,-20.0
2020-12-06 21:53:54,9,0.409,4.49,-20.0
2020-12-06 21:53:54,10,0.418,4.5,-20.0
2020-12-06 21:53:54,11,0.419,4.46,-20.0
2020-12-06 21:53:54,12,0.42,4.47,-20.0
2020-12-06 21:53:54,13,0.412,4.49,24.9
2020-12-06 21:53:54,14,0.415,4.5,-20.0
2020-12-06 21:53:54,15,0.406,4.52,-20.0
2020-12-06 21:53:54,16,0.423,4.52,-20.0
2020-12-06 21:53:54,17,0.414,4.49,-20.0
2020-12-06 21:53:54,18,0.424,4.49,-20.0
2020-12-06 21:53:54,19,0.436,4.48,-20.0
2020-12-06 21:53:54,20,0.408,4.48,-20.0
2020-12-06 21:53:54,21,0.416,4.49,-20.0
2020-12-06 21:53:54,22,0.412,4.48,-20.0
2020-12-06 21:53:54,23,0.449,4.48,-20.0
2020-12-06 21:53:54,24,0.407,4.49,-20.0
2020-12-06 21:53:54,25,0.419,4.5,23.2
2020-12-06 21:53:54,26,0.422,4.47,-20.0
2020-12-06 21:53:54,27,0.414,4.47,-20.0
2020-12-06 21:53:54,28,0.419,4.46,-20.0
2020-12-06 21:53:54,29,0.413,4.47,-20.0
2020-12-06 21:53:54,30,0.419,4.47,-20.0
2020-12-06 21:53:54,31,0.417,4.46,-20.0
2020-12-06 21:53:54,32,0.412,4.47,-20.0
2020-12-06 21:53:54,33,0.41,4.49,-20.0
2020-12-06 21:53:54,34,0.396,4.5,-20.0
2020-12-06 21:53:54,35,0.41,4.48,-20.0
2020-12-06 21:53:54,36,0.407,4.5,-20.0
2020-12-06 21:53:54,37,0.397,4.48,23.6
2020-12-06 21:53:54,38,0.393,4.49,-20.0
2020-12-06 21:53:54,39,0.409,4.48,-20.0
2020-12-06 21:53:54,40,0.413,4.48,-20.0
2020-12-06 21:53:54,41,0.413,4.5,-20.0
2020-12-06 21:53:54,42,0.396,4.48,-20.0
2020-12-06 21:53:54,43,0.419,4.48,-20.0
2020-12-06 21:53:54,44,0.426,4.49,-20.0
2020-12-06 21:53:54,45,0.419,4.49,-20.0
2020-12-06 21:53:54,46,0.415,4.48,-20.0
2020-12-06 21:53:54,47,0.42,4.49,-20.0
2020-12-06 21:53:54,48,0.42,4.48,-20.0
2020-12-06 21:53:54,49,0.487,4.46,24.8
2020-12-06 21:53:54,50,0.425,4.47,-20.0
2020-12-06 21:53:54,51,0.411,4.48,-20.0
2020-12-06 21:53:54,52,0.416,4.46,-20.0
2020-12-06 21:53:54,53,0.414,4.46,-20.0
2020-12-06 21:53:54,54,0.416,4.47,-20.0
2020-12-06 21:53:54,55,0.416,4.44,-20.0
2020-12-06 21:53:54,56,0.416,4.44,-20.0
2020-12-06 21:53:54,57,0.419,4.43,-20.0
2020-12-06 21:53:54,58,0.412,4.43,-20.0
2020-12-06 21:53:54,59,0.406,4.45,-20.0
2020-12-06 21:53:54,60,0.397,4.46,-20.0
2020-12-06 21:53:54,61,0.414,4.49,23.2
2020-12-06 21:53:54,62,0.405,4.49,-20.0
2020-12-06 21:53:54,63,0.399,4.48,-20.0
2020-12-06 21:53:54,64,0.405,4.46,-20.0
2020-12-06 21:53:54,65,0.406,4.45,-20.0
2020-12-06 21:53:54,66,0.419,4.45,-20.0
2020-12-06 21:53:54,67,0.41,4.43,-20.0
2020-12-06 21:53:54,68,0.418,4.46,-20.0
2020-12-06 21:53:54,69,0.413,4.45,-20.0
2020-12-06 21:53:54,70,0.406,4.47,-20.0
2020-12-06 21:53:54,71,0.41,4.48,-20.0
2020-12-06 21:53:54,72,0.41,4.49,-20.0
2020-12-06 21:53:54,73,0.414,4.52,23.1
2020-12-06 21:53:54,74,0.41,4.48,-20.0
2020-12-06 21:53:54,75,0.43,4.47,-20.0
2020-12-06 21:53:54,76,0.423,4.46,-20.0
2020-12-06 21:53:54,77,0.422,4.51,-20.0
2020-12-06 21:53:54,78,0.404,4.48,-20.0
2020-12-06 21:53:54,79,0.419,4.48,-20.0
2020-12-06 21:53:54,80,0.416,4.5,-20.0
2020-12-06 21:53:54,81,0.425,4.5,-20.0
2020-12-06 21:53:54,82,0.421,4.51,-20.0
2020-12-06 21:53:54,83,0.425,4.5,-20.0
2020-12-06 21:53:54,84,0.421,4.5,-20.0
2020-12-06 21:53:54,85,0.413,4.47,24.7
2020-12-06 21:53:54,86,0.418,4.47,-20.0
2020-12-06 21:53:54,87,0.445,4.47,-20.0
2020-12-06 21:53:54,88,0.402,4.48,-20.0
2020-12-06 21:53:54,89,0.41,4.48,-20.0
2020-12-06 21:53:54,90,0.407,4.48,-20.0
2020-12-06 21:53:54,91,0.416,4.48,-20.0
2020-12-06 21:53:54,92,0.402,4.5,-20.0
2020-12-06 21:53:54,93,0.413,4.5,-20.0
2020-12-06 21:53:54,94,0.414,4.47,-20.0
2020-12-06 21:53:54,95,0.416,4.46,-20.0
2020-12-06 21:53:54,96,0.404,4.5,-20.0
2020-12-07 09:53:21,1,0.417,4.5,25.5
2020-12-07 09:53:21,2,0.415,4.51,-20.0
2020-12-07 09:53:21,3,0.418,4.51,-20.0
2020-12-07 09:53:21,4,0.416,4.49,-20.0
2020-12-07 09:53:21,5,0.405,4.51,-20.0
2020-12-07 09:53:21,6,0.417,4.49,-20.0
2020-12-07 09:53:21,7,0.406,4.48,-20.0
2020-12-07 09:53:21,8,0.406,4.5,-20.0
2020-12-07 09:53:21,9,0.408,4.48,-20.0
2020-12-07 09:53:21,10,0.418,4.5,-20.0
2020-12-07 09:53:21,11,0.419,4.46,-20.0
2020-12-07 09:53:21,12,0.418,4.47,-20.0
2020-12-07 09:53:21,13,0.412,4.48,25.0
2020-12-07 09:53:21,14,0.416,4.48,-20.0
2020-12-07 09:53:21,15,0.408,4.51,-20.0
2020-12-07 09:53:21,16,0.422,4.5,-20.0
2020-12-07 09:53:21,17,0.414,4.49,-20.0
2020-12-07 09:53:21,18,0.426,4.49,-20.0
2020-12-07 09:53:21,19,0.436,4.47,-20.0
2020-12-07 09:53:21,20,0.407,4.47,-20.0
2020-12-07 09:53:21,21,0.416,4.49,-20.0
2020-12-07 09:53:21,22,0.412,4.47,-20.0
2020-12-07 09:53:21,23,0.449,4.48,-20.0
2020-12-07 09:53:21,24,0.412,4.5,-20.0
2020-12-07 09:53:21,25,0.419,4.5,23.0
2020-12-07 09:53:21,26,0.422,4.48,-20.0
2020-12-07 09:53:21,27,0.414,4.47,-20.0
2020-12-07 09:53:21,28,0.419,4.46,-20.0
2020-12-07 09:53:21,29,0.414,4.48,-20.0
2020-12-07 09:53:21,30,0.419,4.48,-20.0
2020-12-07 09:53:21,31,0.413,4.46,-20.0
2020-12-07 09:53:21,32,0.414,4.48,-20.0
2020-12-07 09:53:21,33,0.412,4.49,-20.0
2020-12-07 09:53:21,34,0.4,4.48,-20.0
2020-12-07 09:53:21,35,0.41,4.49,-20.0
2020-12-07 09:53:21,36,0.405,4.49,-20.0
2020-12-07 09:53:21,37,0.4,4.47,23.5
2020-12-07 09:53:21,38,0.398,4.49,-20.0
2020-12-07 09:53:21,39,0.414,4.47,-20.0
2020-12-07 09:53:21,40,0.412,4.48,-20.0
2020-12-07 09:53:21,41,0.413,4.5,-20.0
2020-12-07 09:53:21,42,0.398,4.48,-20.0
2020-12-07 09:53:21,43,0.422,4.48,-20.0
2020-12-07 09:53:21,44,0.427,4.49,-20.0
2020-12-07 09:53:21,45,0.422,4.48,-20.0
2020-12-07 09:53:21,46,0.412,4.48,-20.0
2020-12-07 09:53:21,47,0.418,4.49,-20.0
2020-12-07 09:53:21,48,0.417,4.48,-20.0
2020-12-07 09:53:21,49,0.483,4.47,24.8
2020-12-07 09:53:21,50,0.425,4.47,-20.0
2020-12-07 09:53:21,51,0.408,4.47,-20.0
2020-12-07 09:53:21,52,0.414,4.46,-20.0
2020-12-07 09:53:21,53,0.413,4.46,-20.0
2020-12-07 09:53:21,54,0.416,4.47,-20.0
2020-12-07 09:53:21,55,0.421,4.44,-20.0
2020-12-07 09:53:21,56,0.416,4.44,-20.0
2020-12-07 09:53:21,57,0.415,4.43,-20.0
2020-12-07 09:53:21,58,0.414,4.43,-20.0
2020-12-07 09:53:21,59,0.411,4.45,-20.0
2020-12-07 09:53:21,60,0.397,4.46,-20.0
2020-12-07 09:53:21,61,0.418,4.5,23.0
2020-12-07 09:53:21,62,0.407,4.49,-20.0
2020-12-07 09:53:21,63,0.405,4.48,-20.0
2020-12-07 09:53:21,64,0.403,4.46,-20.0
2020-12-07 09:53:21,65,0.408,4.46,-20.0
2020-12-07 09:53:21,66,0.42,4.46,-20.0
2020-12-07 09:53:21,67,0.414,4.44,-20.0
2020-12-07 09:53:21,68,0.416,4.47,-20.0
2020-12-07 09:53:21,69,0.411,4.46,-20.0
2020-12-07 09:53:21,70,0.409,4.47,-20.0
2020-12-07 09:53:21,71,0.413,4.48,-20.0
2020-12-07 09:53:21,72,0.411,4.48,-20.0
2020-12-07 09:53:21,73,0.413,4.51,23.0
2020-12-07 09:53:21,74,0.41,4.48,-20.0
2020-12-07 09:53:21,75,0.428,4.47,-20.0
2020-12-07 09:53:21,76,0.422,4.45,-20.0
2020-12-07 09:53:21,77,0.419,4.52,-20.0
2020-12-07 09:53:21,78,0.404,4.47,-20.0
2020-12-07 09:53:21,79,0.417,4.49,-20.0
2020-12-07 09:53:21,80,0.417,4.51,-20.0
2020-12-07 09:53:21,81,0.428,4.51,-20.0
2020-12-07 09:53:21,82,0.424,4.51,-20.0
2020-12-07 09:53:21,83,0.428,4.5,-20.0
2020-12-07 09:53:21,84,0.42,4.5,-20.0
2020-12-07 09:53:21,85,0.416,4.48,24.5
2020-12-07 09:53:21,86,0.417,4.47,-20.0
2020-12-07 09:53:21,87,0.445,4.47,-20.0
2020-12-07 09:53:21,88,0.399,4.48,-20.0
2020-12-07 09:53:21,89,0.407,4.49,-20.0
2020-12-07 09:53:21,90,0.405,4.48,-20.0
2020-12-07 09:53:21,91,0.417,4.48,-20.0
2020-12-07 09:53:21,92,0.402,4.5,-20.0
2020-12-07 09:53:21,93,0.415,4.49,-20.0
2020-12-07 09:53:21,94,0.416,4.47,-20.0
2020-12-07 09:53:21,95,0.414,4.46,-20.0
2020-12-07 09:53:21,96,0.405,4.49,-20.0
2020-12-07 21:52:47,1,0.417,4.5,25.5
2020-12-07 21:52:47,2,0.413,4.51,-20.0
2020-12-07 21:52:47,3,0.418,4.51,-20.0
2020-12-07 21:52:47,4,0.413,4.49,-20.0
2020-12-07 21:52:47,5,0.402,4.51,-20.0
2020-12-07 21:52:47,6,0.417,4.5,-20.0
2020-12-07 21:52:47,7,0.407,4.49,-20.0
2020-12-07 21:52:47,8,0.406,4.5,-20.0
2020-12-07 21:52:47,9,0.41,4.48,-20.0
2020-12-07 21:52:47,10,0.419,4.5,-20.0
2020-12-07 21:52:47,11,0.421,4.45,-20.0
2020-12-07 21:52:47,12,0.415,4.46,-20.0
2020-12-07 21:52:47,13,0.409,4.49,24.9
2020-12-07 21:52:47,14,0.415,4.5,-20.0
2020-12-07 21:52:47,15,0.412,4.51,-20.0
2020-12-07 21:52:47,16,0.422,4.51,-20.0
2020-12-07 21:52:47,17,0.416,4.48,-20.0
2020-12-07 21:52:47,18,0.427,4.49,-20.0
2020-12-07 21:52:47,19,0.438,4.47,-20.0
2020-12-07 21:52:47,20,0.408,4.48,-20.0
2020-12-07 21:52:47,21,0.418,4.48,-20.0
2020-12-07 21:52:47,22,0.413,4.47,-20.0
2020-12-07 21:52:47,23,0.437,4.48,-20.0
2020-12-07 21:52:47,24,0.401,4.51,-20.0
2020-12-07 21:52:47,25,0.418,4.49,23.1
2020-12-07 21:52:47,26,0.415,4.48,-20.0
2020-12-07 21:52:47,27,0.404,4.47,-20.0
2020-12-07 21:52:47,28,0.417,4.47,-20.0
2020-12-07 21:52:47,29,0.398,4.46,-20.0
2020-12-07 21:52:47,30,0.416,4.48,-20.0
2020-12-07 21:52:47,31,0.412,4.46,-20.0
2020-12-07 21:52:47,32,0.399,4.47,-20.0
2020-12-07 21:52:47,33,0.405,4.48,-20.0
2020-12-07 21:52:47,34,0.38,4.5,-20.0
2020-12-07 21:52:47,35,0.412,4.49,-20.0
2020-12-07 21:52:47,36,0.405,4.5,-20.0
2020-12-07 21:52:47,37,0.405,4.49,23.5
2020-12-07 21:52:47,38,0.397,4.5,-20.0
2020-12-07 21:52:47,39,0.413,4.47,-20.0
2020-12-07 21:52:47,40,0.411,4.48,-20.0
2020-12-07 21:52:47,41,0.413,4.49,-20.0
2020-12-07 21:52:47,42,0.403,4.48,-20.0
2020-12-07 21:52:47,43,0.425,4.49,-20.0
2020-12-07 21:52:47,44,0.428,4.49,-20.0
2020-12-07 21:52:47,45,0.42,4.5,-20.0
2020-12-07 21:52:47,46,0.414,4.48,-20.0
2020-12-07 21:52:47,47,0.417,4.48,-20.0
2020-12-07 21:52:47,48,0.417,4.49,-20.0
2020-12-07 21:52:47,49,0.488,4.46,24.6
2020-12-07 21:52:47,50,0.427,4.47,-20.0
2020-12-07 21:52:47,51,0.409,4.46,-20.0
2020-12-07 21:52:47,52,0.412,4.46,-20.0
2020-12-07 21:52:47,53,0.414,4.45,-20.0
2020-12-07 21:52:47,54,0.418,4.47,-20.0
2020-12-07 21:52:47,55,0.423,4.44,-20.0
2020-12-07 21:52:47,56,0.416,4.44,-20.0
2020-12-07 21:52:47,57,0.415,4.43,-20.0
2020-12-07 21:52:47,58,0.417,4.43,-20.0
2020-12-07 21:52:47,59,0.415,4.45,-20.0
2020-12-07 21:52:47,60,0.398,4.46,-20.0
2020-12-07 21:52:47,61,0.417,4.5,23.1
2020-12-07 21:52:47,62,0.411,4.49,-20.0
2020-12-07 21:52:47,63,0.406,4.48,-20.0
2020-12-07 21:52:47,64,0.406,4.47,-20.0
2020-12-07 21:52:47,65,0.408,4.45,-20.0
2020-12-07 21:52:47,66,0.418,4.46,-20.0
2020-12-07 21:52:47,67,0.416,4.44,-20.0
2020-12-07 21:52:47,68,0.417,4.47,-20.0
2020-12-07 21:52:47,69,0.415,4.46,-20.0
2020-12-07 21:52:47,70,0.414,4.47,-20.0
2020-12-07 21:52:47,71,0.415,4.49,-20.0
2020-12-07 21:52:47,72,0.409,4.49,-20.0
2020-12-07 21:52:47,73,0.412,4.52,22.9
2020-12-07 21:52:47,74,0.407,4.48,-20.0
2020-12-07 21:52:47,75,0.427,4.48,-20.0
2020-12-07 21:52:47,76,0.423,4.45,-20.0
2020-12-07 21:52:47,77,0.42,4.51,-20.0
2020-12-07 21:52:47,78,0.405,4.49,-20.0
2020-12-07 21:52:47,79,0.412,4.48,-20.0
2020-12-07 21:52:47,80,0.416,4.51,-20.0
2020-12-07 21:52:47,81,0.425,4.51,-20.0
2020-12-07 21:52:47,82,0.424,4.52,-20.0
2020-12-07 21:52:47,83,0.428,4.5,-20.0
2020-12-07 21:52:47,84,0.42,4.5,-20.0
2020-12-07 21:52:47,85,0.416,4.47,24.6
2020-12-07 21:52:47,86,0.418,4.47,-20.0
2020-12-07 21:52:47,87,0.442,4.47,-20.0
2020-12-07 21:52:47,88,0.4,4.48,-20.0
2020-12-07 21:52:47,89,0.405,4.49,-20.0
2020-12-07 21:52:47,90,0.404,4.47,-20.0
2020-12-07 21:52:47,91,0.413,4.49,-20.0
2020-12-07 21:52:47,92,0.398,4.5,-20.0
2020-12-07 21:52:47,93,0.411,4.5,-20.0
2020-12-07 21:52:47,94,0.415,4.47,-20.0
2020-12-07 21:52:47,95,0.407,4.46,-20.0
2020-12-07 21:52:47,96,0.4,4.49,-20.0
2020-12-08 09:52:19,1,0.418,4.5,25.5
2020-12-08 09:52:19,2,0.412,4.51,-20.0
2020-12-08 09:52:19,3,0.417,4.51,-20.0
2020-12-08 09:52:19,4,0.415,4.49,-20.0
2020-12-08 09:52:19,5,0.403,4.51,-20.0
2020-12-08 09:52:19,6,0.421,4.49,-20.0
2020-12-08 09:52:19,7,0.408,4.48,-20.0
2020-12-08 09:52:19,8,0.408,4.5,-20.0
2020-12-08 09:52:19,9,0.411,4.48,-20.0
2020-12-08 09:52:19,10,0.422,4.5,-20.0
2020-12-08 09:52:19,11,0.422,4.46,-20.0
2020-12-08 09:52:19,12,0.416,4.47,-20.0
2020-12-08 09:52:19,13,0.409,4.49,24.9
2020-12-08 09:52:19,14,0.416,4.49,-20.0
2020-12-08 09:52:19,15,0.414,4.52,-20.0
2020-12-08 09:52:19,16,0.421,4.5,-20.0
2020-12-08 09:52:19,17,0.413,4.5,-20.0
2020-12-08 09:52:19,18,0.424,4.48,-20.0
2020-12-08 09:52:19,19,0.438,4.48,-20.0
2020-12-08 09:52:19,20,0.411,4.47,-20.0
2020-12-08 09:52:19,21,0.42,4.49,-20.0
2020-12-08 09:52:19,22,0.415,4.48,-20.0
2020-12-08 09:52:19,23,0.44,4.48,-20.0
2020-12-08 09:52:19,24,0.403,4.49,-20.0
2020-12-08 09:52:19,25,0.414,4.51,23.1
2020-12-08 09:52:19,26,0.415,4.48,-20.0
2020-12-08 09:52:19,27,0.404,4.47,-20.0
2020-12-08 09:52:19,28,0.422,4.46,-20.0
2020-12-08 09:52:19,29,0.405,4.47,-20.0
2020-12-08 09:52:19,30,0.417,4.48,-20.0
2020-12-08 09:52:19,31,0.415,4.47,-20.0
2020-12-08 09:52:19,32,0.4,4.47,-20.0
2020-12-08 09:52:19,33,0.409,4.49,-20.0
2020-12-08 09:52:19,34,0.388,4.48,-20.0
2020-12-08 09:52:19,35,0.412,4.48,-20.0
2020-12-08 09:52:19,36,0.403,4.5,-20.0
2020-12-08 09:52:19,37,0.406,4.49,23.5
2020-12-08 09:52:19,38,0.4,4.5,-20.0
2020-12-08 09:52:19,39,0.418,4.48,-20.0
2020-12-08 09:52:19,40,0.411,4.48,-20.0
2020-12-08 09:52:19,41,0.411,4.5,-20.0
2020-12-08 09:52:19,42,0.401,4.48,-20.0
2020-12-08 09:52:19,43,0.424,4.49,-20.0
2020-12-08 09:52:19,44,0.428,4.48,-20.0
2020-12-08 09:52:19,45,0.42,4.5,-20.0
2020-12-08 09:52:19,46,0.414,4.48,-20.0
2020-12-08 09:52:19,47,0.421,4.48,-20.0
2020-12-08 09:52:19,48,0.42,4.48,-20.0
2020-12-08 09:52:19,49,0.485,4.47,24.7
2020-12-08 09:52:19,50,0.421,4.47,-20.0
2020-12-08 09:52:19,51,0.41,4.47,-20.0
2020-12-08 09:52:19,52,0.414,4.46,-20.0
2020-12-08 09:52:19,53,0.413,4.46,-20.0
2020-12-08 09:52:19,54,0.418,4.47,-20.0
2020-12-08 09:52:19,55,0.424,4.44,-20.0
2020-12-08 09:52:19,56,0.417,4.43,-20.0
2020-12-08 09:52:19,57,0.42,4.43,-20.0
2020-12-08 09:52:19,58,0.416,4.43,-20.0
2020-12-08 09:52:19,59,0.418,4.45,-20.0
2020-12-08 09:52:19,60,0.406,4.46,-20.0
2020-12-08 09:52:19,61,0.418,4.5,23.0
2020-12-08 09:52:19,62,0.409,4.49,-20.0
2020-12-08 09:52:19,63,0.406,4.48,-20.0
2020-12-08 09:52:19,64,0.408,4.46,-20.0
2020-12-08 09:52:19,65,0.411,4.45,-20.0
2020-12-08 09:52:19,66,0.418,4.45,-20.0
2020-12-08 09:52:19,67,0.415,4.44,-20.0
2020-12-08 09:52:19,68,0.414,4.46,-20.0
2020-12-08 09:52:19,69,0.416,4.45,-20.0
2020-12-08 09:52:19,70,0.415,4.47,-20.0
2020-12-08 09:52:19,71,0.415,4.49,-20.0
2020-12-08 09:52:19,72,0.406,4.49,-20.0
2020-12-08 09:52:19,73,0.412,4.52,22.9
2020-12-08 09:52:19,74,0.405,4.48,-20.0
2020-12-08 09:52:19,75,0.426,4.47,-20.0
2020-12-08 09:52:19,76,0.425,4.44,-20.0
2020-12-08 09:52:19,77,0.422,4.51,-20.0
2020-12-08 09:52:19,78,0.403,4.47,-20.0
2020-12-08 09:52:19,79,0.413,4.48,-20.0
2020-12-08 09:52:19,80,0.417,4.52,-20.0
2020-12-08 09:52:19,81,0.425,4.51,-20.0
2020-12-08 09:52:19,82,0.42,4.51,-20.0
2020-12-08 09:52:19,83,0.426,4.5,-20.0
2020-12-08 09:52:19,84,0.418,4.49,-20.0
2020-12-08 09:52:19,85,0.416,4.47,24.6
2020-12-08 09:52:19,86,0.418,4.46,-20.0
2020-12-08 09:52:19,87,0.441,4.47,-20.0
2020-12-08 09:52:19,88,0.401,4.48,-20.0
2020-12-08 09:52:19,89,0.407,4.49,-20.0
2020-12-08 09:52:19,90,0.404,4.48,-20.0
2020-12-08 09:52:19,91,0.415,4.48,-20.0
2020-12-08 09:52:19,92,0.4,4.5,-20.0
2020-12-08 09:52:19,93,0.413,4.5,-20.0
2020-12-08 09:52:19,94,0.417,4.48,-20.0
2020-12-08 09:52:19,95,0.412,4.46,-20.0
2020-12-08 09:52:19,96,0.406,4.49,-20.0
2020-12-08 21:51:50,1,0.421,4.5,25.6
2020-12-08 21:51:50,2,0.412,4.51,-20.0
2020-12-08 21:51:50,3,0.416,4.52,-20.0
2020-12-08 21:51:50,4,0.415,4.47,-20.0
2020-12-08 21:51:50,5,0.406,4.51,-20.0
2020-12-08 21:51:50,6,0.419,4.5,-20.0
2020-12-08 21:51:50,7,0.411,4.48,-20.0
2020-12-08 21:51:50,8,0.407,4.51,-20.0
2020-12-08 21:51:50,9,0.41,4.49,-20.0
2020-12-08 21:51:50,10,0.416,4.5,-20.0
2020-12-08 21:51:50,11,0.417,4.46,-20.0
2020-12-08 21:51:50,12,0.415,4.47,-20.0
2020-12-08 21:51:50,13,0.409,4.48,25.0
2020-12-08 21:51:50,14,0.416,4.5,-20.0
2020-12-08 21:51:50,15,0.411,4.52,-20.0
2020-12-08 21:51:50,16,0.425,4.51,-20.0
2020-12-08 21:51:50,17,0.415,4.49,-20.0
2020-12-08 21:51:50,18,0.421,4.5,-20.0
2020-12-08 21:51:50,19,0.436,4.47,-20.0
2020-12-08 21:51:50,20,0.41,4.48,-20.0
2020-12-08 21:51:50,21,0.417,4.49,-20.0
2020-12-08 21:51:50,22,0.418,4.48,-20.0
2020-12-08 21:51:50,23,0.429,4.48,-20.0
2020-12-08 21:51:50,24,0.394,4.5,-20.0
2020-12-08 21:51:50,25,0.414,4.49,23.6
2020-12-08 21:51:50,26,0.414,4.47,-20.0
2020-12-08 21:51:50,27,0.405,4.46,-20.0
2020-12-08 21:51:50,28,0.418,4.46,-20.0
2020-12-08 21:51:50,29,0.412,4.46,-20.0
2020-12-08 21:51:50,30,0.417,4.48,-20.0
2020-12-08 21:51:50,31,0.417,4.47,-20.0
2020-12-08 21:51:50,32,0.402,4.48,-20.0
2020-12-08 21:51:50,33,0.411,4.48,-20.0
2020-12-08 21:51:50,34,0.394,4.49,-20.0
2020-12-08 21:51:50,35,0.411,4.48,-20.0
2020-12-08 21:51:50,36,0.404,4.5,-20.0
2020-12-08 21:51:50,37,0.406,4.48,24.0
2020-12-08 21:51:50,38,0.402,4.49,-20.0
2020-12-08 21:51:50,39,0.42,4.48,-20.0
2020-12-08 21:51:50,40,0.413,4.47,-20.0
2020-12-08 21:51:50,41,0.411,4.51,-20.0
2020-12-08 21:51:50,42,0.399,4.48,-20.0
2020-12-08 21:51:50,43,0.424,4.48,-20.0
2020-12-08 21:51:50,44,0.428,4.49,-20.0
2020-12-08 21:51:50,45,0.419,4.5,-20.0
2020-12-08 21:51:50,46,0.413,4.48,-20.0
2020-12-08 21:51:50,47,0.42,4.49,-20.0
2020-12-08 21:51:50,48,0.417,4.49,-20.0
2020-12-08 21:51:50,49,0.482,4.46,24.8
2020-12-08 21:51:50,50,0.422,4.47,-20.0
2020-12-08 21:51:50,51,0.408,4.47,-20.0
2020-12-08 21:51:50,52,0.413,4.46,-20.0
2020-12-08 21:51:50,53,0.414,4.46,-20.0
2020-12-08 21:51:50,54,0.418,4.47,-20.0
2020-12-08 21:51:50,55,0.427,4.44,-20.0
2020-12-08 21:51:50,56,0.417,4.44,-20.0
2020-12-08 21:51:50,57,0.418,4.43,-20.0
2020-12-08 21:51:50,58,0.419,4.43,-20.0
2020-12-08 21:51:50,59,0.42,4.45,-20.0
2020-12-08 21:51:50,60,0.41,4.46,-20.0
2020-12-08 21:51:50,61,0.418,4.49,23.7
2020-12-08 21:51:50,62,0.408,4.49,-20.0
2020-12-08 21:51:50,63,0.405,4.47,-20.0
2020-12-08 21:51:50,64,0.406,4.46,-20.0
2020-12-08 21:51:50,65,0.412,4.46,-20.0
2020-12-08 21:51:50,66,0.42,4.45,-20.0
2020-12-08 21:51:50,67,0.412,4.43,-20.0
2020-12-08 21:51:50,68,0.416,4.47,-20.0
2020-12-08 21:51:50,69,0.412,4.46,-20.0
2020-12-08 21:51:50,70,0.415,4.47,-20.0
2020-12-08 21:51:50,71,0.414,4.48,-20.0
2020-12-08 21:51:50,72,0.41,4.48,-20.0
2020-12-08 21:51:50,73,0.41,4.52,23.5
2020-12-08 21:51:50,74,0.406,4.49,-20.0
2020-12-08 21:51:50,75,0.426,4.47,-20.0
2020-12-08 21:51:50,76,0.426,4.46,-20.0
2020-12-08 21:51:50,77,0.424,4.51,-20.0
2020-12-08 21:51:50,78,0.394,4.47,-20.0
2020-12-08 21:51:50,79,0.408,4.49,-20.0
2020-12-08 21:51:50,80,0.415,4.51,-20.0
2020-12-08 21:51:50,81,0.421,4.5,-20.0
2020-12-08 21:51:50,82,0.421,4.52,-20.0
2020-12-08 21:51:50,83,0.427,4.5,-20.0
2020-12-08 21:51:50,84,0.418,4.5,-20.0
2020-12-08 21:51:50,85,0.41,4.48,25.0
2020-12-08 21:51:50,86,0.414,4.47,-20.0
2020-12-08 21:51:50,87,0.438,4.47,-20.0
2020-12-08 21:51:50,88,0.402,4.48,-20.0
2020-12-08 21:51:50,89,0.404,4.49,-20.0
2020-12-08 21:51:50,90,0.405,4.47,-20.0
2020-12-08 21:51:50,91,0.415,4.49,-20.0
2020-12-08 21:51:50,92,0.399,4.5,-20.0
2020-12-08 21:51:50,93,0.409,4.49,-20.0
2020-12-08 21:51:50,94,0.418,4.47,-20.0
2020-12-08 21:51:50,95,0.412,4.46,-20.0
2020-12-08 21:51:50,96,0.408,4.49,-20.0
2020-12-09 09:51:21,1,0.42,4.51,25.7
2020-12-09 09:51:21,2,0.416,4.52,-20.0
2020-12-09 09:51:21,3,0.418,4.53,-20.0
2020-12-09 09:51:21,4,0.416,4.49,-20.0
2020-12-09 09:51:21,5,0.406,4.51,-20.0
2020-12-09 09:51:21,6,0.419,4.49,-20.0
2020-12-09 09:51:21,7,0.412,4.49,-20.0
2020-12-09 09:51:21,8,0.405,4.51,-20.0
2020-12-09 09:51:21,9,0.41,4.48,-20.0
2020-12-09 09:51:21,10,0.414,4.51,-20.0
2020-12-09 09:51:21,11,0.416,4.46,-20.0
2020-12-09 09:51:21,12,0.418,4.47,-20.0
2020-12-09 09:51:21,13,0.41,4.49,25.1
2020-12-09 09:51:21,14,0.419,4.49,-20.0
2020-12-09 09:51:21,15,0.409,4.5,-20.0
2020-12-09 09:51:21,16,0.426,4.5,-20.0
2020-12-09 09:51:21,17,0.416,4.48,-20.0
2020-12-09 09:51:21,18,0.423,4.49,-20.0
2020-12-09 09:51:21,19,0.438,4.48,-20.0
2020-12-09 09:51:21,20,0.411,4.48,-20.0
2020-12-09 09:51:21,21,0.417,4.49,-20.0
2020-12-09 09:51:21,22,0.416,4.47,-20.0
2020-12-09 09:51:21,23,0.433,4.48,-20.0
2020-12-09 09:51:21,24,0.397,4.5,-20.0
2020-12-09 09:51:21,25,0.414,4.49,24.0
2020-12-09 09:51:21,26,0.415,4.48,-20.0
2020-12-09 09:51:21,27,0.407,4.46,-20.0
2020-12-09 09:51:21,28,0.422,4.47,-20.0
2020-12-09 09:51:21,29,0.416,4.46,-20.0
2020-12-09 09:51:21,30,0.418,4.48,-20.0
2020-12-09 09:51:21,31,0.416,4.47,-20.0
2020-12-09 09:51:21,32,0.403,4.49,-20.0
2020-12-09 09:51:21,33,0.41,4.49,-20.0
2020-12-09 09:51:21,34,0.401,4.49,-20.0
2020-12-09 09:51:21,35,0.412,4.48,-20.0
2020-12-09 09:51:21,36,0.401,4.49,-20.0
2020-12-09 09:51:21,37,0.406,4.48,24.4
2020-12-09 09:51:21,38,0.402,4.5,-20.0
2020-12-09 09:51:21,39,0.417,4.48,-20.0
2020-12-09 09:51:21,40,0.414,4.47,-20.0
2020-12-09 09:51:21,41,0.409,4.5,-20.0
2020-12-09 09:51:21,42,0.403,4.48,-20.0
2020-12-09 09:51:21,43,0.424,4.48,-20.0
2020-12-09 09:51:21,44,0.429,4.49,-20.0
2020-12-09 09:51:21,45,0.42,4.5,-20.0
2020-12-09 09:51:21,46,0.413,4.47,-20.0
2020-12-09 09:51:21,47,0.415,4.49,-20.0
2020-12-09 09:51:21,48,0.415,4.48,-20.0
2020-12-09 09:51:21,49,0.483,4.47,24.9
2020-12-09 09:51:21,50,0.424,4.47,-20.0
2020-12-09 09:51:21,51,0.408,4.46,-20.0
2020-12-09 09:51:21,52,0.415,4.46,-20.0
2020-12-09 09:51:21,53,0.412,4.46,-20.0
2020-12-09 09:51:21,54,0.417,4.47,-20.0
2020-12-09 09:51:21,55,0.429,4.44,-20.0
2020-12-09 09:51:21,56,0.418,4.44,-20.0
2020-12-09 09:51:21,57,0.418,4.43,-20.0
2020-12-09 09:51:21,58,0.419,4.43,-20.0
2020-12-09 09:51:21,59,0.418,4.45,-20.0
2020-12-09 09:51:21,60,0.414,4.47,-20.0
2020-12-09 09:51:21,61,0.414,4.49,24.1
2020-12-09 09:51:21,62,0.409,4.48,-20.0
2020-12-09 09:51:21,63,0.407,4.48,-20.0
2020-12-09 09:51:21,64,0.406,4.46,-20.0
2020-12-09 09:51:21,65,0.409,4.46,-20.0
2020-12-09 09:51:21,66,0.421,4.45,-20.0
2020-12-09 09:51:21,67,0.409,4.44,-20.0
2020-12-09 09:51:21,68,0.414,4.47,-20.0
2020-12-09 09:51:21,69,0.41,4.45,-20.0
2020-12-09 09:51:21,70,0.409,4.47,-20.0
2020-12-09 09:51:21,71,0.412,4.48,-20.0
2020-12-09 09:51:21,72,0.411,4.48,-20.0
2020-12-09 09:51:21,73,0.404,4.53,23.9
2020-12-09 09:51:21,74,0.406,4.49,-20.0
2020-12-09 09:51:21,75,0.427,4.48,-20.0
2020-12-09 09:51:21,76,0.425,4.45,-20.0
2020-12-09 09:51:21,77,0.425,4.52,-20.0
2020-12-09 09:51:21,78,0.396,4.48,-20.0
2020-12-09 09:51:21,79,0.409,4.49,-20.0
2020-12-09 09:51:21,80,0.415,4.52,-20.0
2020-12-09 09:51:21,81,0.422,4.51,-20.0
2020-12-09 09:51:21,82,0.42,4.5,-20.0
2020-12-09 09:51:21,83,0.426,4.5,-20.0
2020-12-09 09:51:21,84,0.417,4.49,-20.0
2020-12-09 09:51:21,85,0.413,4.47,25.1
2020-12-09 09:51:21,86,0.412,4.47,-20.0
2020-12-09 09:51:21,87,0.436,4.47,-20.0
2020-12-09 09:51:21,88,0.402,4.48,-20.0
2020-12-09 09:51:21,89,0.404,4.49,-20.0
2020-12-09 09:51:21,90,0.406,4.47,-20.0
2020-12-09 09:51:21,91,0.415,4.48,-20.0
2020-12-09 09:51:21,92,0.4,4.5,-20.0
2020-12-09 09:51:21,93,0.412,4.5,-20.0
2020-12-09 09:51:21,94,0.418,4.47,-20.0
2020-12-09 09:51:21,95,0.414,4.46,-20.0
2020-12-09 09:51:21,96,0.406,4.5,-20.0
2020-12-09 21:50:51,1,0.422,4.51,25.8
2020-12-09 21:50:51,2,0.417,4.51,-20.0
2020-12-09 21:50:51,3,0.417,4.52,-20.0
2020-12-09 21:50:51,4,0.417,4.49,-20.0
2020-12-09 21:50:51,5,0.403,4.5,-20.0
2020-12-09 21:50:51,6,0.415,4.49,-20.0
2020-12-09 21:50:51,7,0.409,4.48,-20.0
2020-12-09 21:50:51,8,0.402,4.5,-20.0
2020-12-09 21:50:51,9,0.406,4.49,-20.0
2020-12-09 21:50:51,10,0.414,4.5,-20.0
2020-12-09 21:50:51,11,0.414,4.46,-20.0
2020-12-09 21:50:51,12,0.413,4.47,-20.0
2020-12-09 21:50:51,13,0.411,4.49,25.2
2020-12-09 21:50:51,14,0.419,4.48,-20.0
2020-12-09 21:50:51,15,0.408,4.51,-20.0
2020-12-09 21:50:51,16,0.422,4.5,-20.0
2020-12-09 21:50:51,17,0.415,4.49,-20.0
2020-12-09 21:50:51,18,0.425,4.49,-20.0
2020-12-09 21:50:51,19,0.438,4.48,-20.0
2020-12-09 21:50:51,20,0.411,4.48,-20.0
2020-12-09 21:50:51,21,0.417,4.48,-20.0
2020-12-09 21:50:51,22,0.414,4.48,-20.0
2020-12-09 21:50:51,23,0.436,4.48,-20.0
2020-12-09 21:50:51,24,0.401,4.5,-20.0
2020-12-09 21:50:51,25,0.415,4.5,24.1
2020-12-09 21:50:51,26,0.417,4.48,-20.0
2020-12-09 21:50:51,27,0.406,4.47,-20.0
2020-12-09 21:50:51,28,0.424,4.47,-20.0
2020-12-09 21:50:51,29,0.415,4.47,-20.0
2020-12-09 21:50:51,30,0.418,4.48,-20.0
2020-12-09 21:50:51,31,0.417,4.47,-20.0
2020-12-09 21:50:51,32,0.411,4.48,-20.0
2020-12-09 21:50:51,33,0.411,4.49,-20.0
2020-12-09 21:50:51,34,0.407,4.49,-20.0
2020-12-09 21:50:51,35,0.413,4.48,-20.0
2020-12-09 21:50:51,36,0.402,4.49,-20.0
2020-12-09 21:50:51,37,0.408,4.49,24.4
2020-12-09 21:50:51,38,0.404,4.49,-20.0
2020-12-09 21:50:51,39,0.416,4.47,-20.0
2020-12-09 21:50:51,40,0.414,4.49,-20.0
2020-12-09 21:50:51,41,0.411,4.5,-20.0
2020-12-09 21:50:51,42,0.403,4.48,-20.0
2020-12-09 21:50:51,43,0.422,4.48,-20.0
2020-12-09 21:50:51,44,0.429,4.49,-20.0
2020-12-09 21:50:51,45,0.418,4.48,-20.0
2020-12-09 21:50:51,46,0.409,4.47,-20.0
2020-12-09 21:50:51,47,0.419,4.49,-20.0
2020-12-09 21:50:51,48,0.416,4.48,-20.0
2020-12-09 21:50:51,49,0.487,4.47,25.0
2020-12-09 21:50:51,50,0.428,4.47,-20.0
2020-12-09 21:50:51,51,0.405,4.46,-20.0
2020-12-09 21:50:51,52,0.415,4.45,-20.0
2020-12-09 21:50:51,53,0.412,4.45,-20.0
2020-12-09 21:50:51,54,0.416,4.47,-20.0
2020-12-09 21:50:51,55,0.42,4.45,-20.0
2020-12-09 21:50:51,56,0.416,4.44,-20.0
2020-12-09 21:50:51,57,0.418,4.44,-20.0
2020-12-09 21:50:51,58,0.421,4.44,-20.0
2020-12-09 21:50:51,59,0.423,4.45,-20.0
2020-12-09 21:50:51,60,0.417,4.46,-20.0
2020-12-09 21:50:51,61,0.415,4.48,24.2
2020-12-09 21:50:51,62,0.407,4.48,-20.0
2020-12-09 21:50:51,63,0.408,4.47,-20.0
2020-12-09 21:50:51,64,0.407,4.47,-20.0
2020-12-09 21:50:51,65,0.409,4.46,-20.0
2020-12-09 21:50:51,66,0.42,4.46,-20.0
2020-12-09 21:50:51,67,0.408,4.44,-20.0
2020-12-09 21:50:51,68,0.417,4.46,-20.0
2020-12-09 21:50:51,69,0.412,4.46,-20.0
2020-12-09 21:50:51,70,0.409,4.47,-20.0
2020-12-09 21:50:51,71,0.411,4.47,-20.0
2020-12-09 21:50:51,72,0.409,4.48,-20.0
2020-12-09 21:50:51,73,0.398,4.52,23.9
2020-12-09 21:50:51,74,0.396,4.5,-20.0
2020-12-09 21:50:51,75,0.428,4.47,-20.0
2020-12-09 21:50:51,76,0.421,4.45,-20.0
2020-12-09 21:50:51,77,0.421,4.52,-20.0
2020-12-09 21:50:51,78,0.392,4.49,-20.0
2020-12-09 21:50:51,79,0.406,4.5,-20.0
2020-12-09 21:50:51,80,0.417,4.51,-20.0
2020-12-09 21:50:51,81,0.421,4.5,-20.0
2020-12-09 21:50:51,82,0.419,4.51,-20.0
2020-12-09 21:50:51,83,0.427,4.5,-20.0
2020-12-09 21:50:51,84,0.417,4.5,-20.0
2020-12-09 21:50:51,85,0.415,4.48,25.2
2020-12-09 21:50:51,86,0.412,4.47,-20.0
2020-12-09 21:50:51,87,0.435,4.47,-20.0
2020-12-09 21:50:51,88,0.401,4.48,-20.0
2020-12-09 21:50:51,89,0.406,4.48,-20.0
2020-12-09 21:50:51,90,0.41,4.47,-20.0
2020-12-09 21:50:51,91,0.417,4.49,-20.0
2020-12-09 21:50:51,92,0.401,4.5,-20.0
2020-12-09 21:50:51,93,0.413,4.49,-20.0
2020-12-09 21:50:51,94,0.42,4.47,-20.0
2020-12-09 21:50:51,95,0.415,4.46,-20.0
2020-12-09 21:50:51,96,0.408,4.49,-20.0
2020-12-10 09:50:22,1,0.42,4.5,25.8
2020-12-10 09:50:22,2,0.415,4.51,-20.0
2020-12-10 09:50:22,3,0.415,4.53,-20.0
2020-12-10 09:50:22,4,0.416,4.48,-20.0
2020-12-10 09:50:22,5,0.407,4.51,-20.0
2020-12-10 09:50:22,6,0.417,4.48,-20.0
2020-12-10 09:50:22,7,0.407,4.48,-20.0
2020-12-10 09:50:22,8,0.402,4.51,-20.0
2020-12-10 09:50:22,9,0.406,4.48,-20.0
2020-12-10 09:50:22,10,0.414,4.51,-20.0
2020-12-10 09:50:22,11,0.416,4.46,-20.0
2020-12-10 09:50:22,12,0.414,4.47,-20.0
2020-12-10 09:50:22,13,0.412,4.48,25.3
2020-12-10 09:50:22,14,0.419,4.5,-20.0
2020-12-10 09:50:22,15,0.408,4.51,-20.0
2020-12-10 09:50:22,16,0.423,4.51,-20.0
2020-12-10 09:50:22,17,0.413,4.49,-20.0
2020-12-10 09:50:22,18,0.428,4.5,-20.0
2020-12-10 09:50:22,19,0.437,4.48,-20.0
2020-12-10 09:50:22,20,0.413,4.49,-20.0
2020-12-10 09:50:22,21,0.415,4.49,-20.0
2020-12-10 09:50:22,22,0.417,4.47,-20.0
2020-12-10 09:50:22,23,0.441,4.48,-20.0
2020-12-10 09:50:22,24,0.404,4.48,-20.0
2020-12-10 09:50:22,25,0.414,4.49,24.3
2020-12-10 09:50:22,26,0.417,4.46,-20.0
2020-12-10 09:50:22,27,0.408,4.47,-20.0
2020-12-10 09:50:22,28,0.423,4.48,-20.0
2020-12-10 09:50:22,29,0.415,4.47,-20.0
2020-12-10 09:50:22,30,0.421,4.49,-20.0
2020-12-10 09:50:22,31,0.418,4.47,-20.0
2020-12-10 09:50:22,32,0.412,4.48,-20.0
2020-12-10 09:50:22,33,0.411,4.48,-20.0
2020-12-10 09:50:22,34,0.409,4.49,-20.0
2020-12-10 09:50:22,35,0.413,4.48,-20.0
2020-12-10 09:50:22,36,0.403,4.49,-20.0
2020-12-10 09:50:22,37,0.413,4.49,24.6
2020-12-10 09:50:22,38,0.406,4.49,-20.0
2020-12-10 09:50:22,39,0.416,4.46,-20.0
2020-12-10 09:50:22,40,0.415,4.48,-20.0
2020-12-10 09:50:22,41,0.411,4.49,-20.0
2020-12-10 09:50:22,42,0.408,4.48,-20.0
2020-12-10 09:50:22,43,0.421,4.48,-20.0
2020-12-10 09:50:22,44,0.43,4.49,-20.0
2020-12-10 09:50:22,45,0.415,4.48,-20.0
2020-12-10 09:50:22,46,0.41,4.47,-20.0
2020-12-10 09:50:22,47,0.419,4.49,-20.0
2020-12-10 09:50:22,48,0.415,4.48,-20.0
2020-12-10 09:50:22,49,0.487,4.47,25.1
2020-12-10 09:50:22,50,0.428,4.46,-20.0
2020-12-10 09:50:22,51,0.404,4.47,-20.0
2020-12-10 09:50:22,52,0.415,4.46,-20.0
2020-12-10 09:50:22,53,0.415,4.46,-20.0
2020-12-10 09:50:22,54,0.416,4.47,-20.0
2020-12-10 09:50:22,55,0.42,4.44,-20.0
2020-12-10 09:50:22,56,0.416,4.44,-20.0
2020-12-10 09:50:22,57,0.42,4.44,-20.0
2020-12-10 09:50:22,58,0.419,4.43,-20.0
2020-12-10 09:50:22,59,0.423,4.45,-20.0
2020-12-10 09:50:22,60,0.421,4.46,-20.0
2020-12-10 09:50:22,61,0.416,4.49,24.3
2020-12-10 09:50:22,62,0.411,4.48,-20.0
2020-12-10 09:50:22,63,0.411,4.48,-20.0
2020-12-10 09:50:22,64,0.406,4.46,-20.0
2020-12-10 09:50:22,65,0.409,4.46,-20.0
2020-12-10 09:50:22,66,0.417,4.46,-20.0
2020-12-10 09:50:22,67,0.41,4.44,-20.0
2020-12-10 09:50:22,68,0.413,4.47,-20.0
2020-12-10 09:50:22,69,0.414,4.46,-20.0
2020-12-10 09:50:22,70,0.41,4.47,-20.0
2020-12-10 09:50:22,71,0.411,4.48,-20.0
2020-12-10 09:50:22,72,0.407,4.48,-20.0
2020-12-10 09:50:22,73,0.401,4.52,24.1
2020-12-10 09:50:22,74,0.393,4.49,-20.0
2020-12-10 09:50:22,75,0.425,4.48,-20.0
2020-12-10 09:50:22,76,0.422,4.46,-20.0
2020-12-10 09:50:22,77,0.421,4.52,-20.0
2020-12-10 09:50:22,78,0.397,4.48,-20.0
2020-12-10 09:50:22,79,0.406,4.49,-20.0
2020-12-10 09:50:22,80,0.417,4.52,-20.0
2020-12-10 09:50:22,81,0.42,4.51,-20.0
2020-12-10 09:50:22,82,0.42,4.5,-20.0
2020-12-10 09:50:22,83,0.426,4.5,-20.0
2020-12-10 09:50:22,84,0.418,4.5,-20.0
2020-12-10 09:50:22,85,0.413,4.47,25.2
2020-12-10 09:50:22,86,0.414,4.47,-20.0
2020-12-10 09:50:22,87,0.433,4.47,-20.0
2020-12-10 09:50:22,88,0.401,4.48,-20.0
2020-12-10 09:50:22,89,0.408,4.48,-20.0
2020-12-10 09:50:22,90,0.411,4.47,-20.0
2020-12-10 09:50:22,91,0.417,4.48,-20.0
2020-12-10 09:50:22,92,0.402,4.49,-20.0
2020-12-10 09:50:22,93,0.415,4.5,-20.0
2020-12-10 09:50:22,94,0.423,4.47,-20.0
2020-12-10 09:50:22,95,0.418,4.47,-20.0
2020-12-10 09:50:22,96,0.413,4.49,-20.0
2020-12-10 21:49:45,1,0.419,4.5,25.8
2020-12-10 21:49:45,2,0.413,4.51,-20.0
2020-12-10 21:49:45,3,0.416,4.52,-20.0
2020-12-10 21:49:45,4,0.414,4.49,-20.0
2020-12-10 21:49:45,5,0.404,4.5,-20.0
2020-12-10 21:49:45,6,0.415,4.49,-20.0
2020-12-10 21:49:45,7,0.403,4.48,-20.0
2020-12-10 21:49:45,8,0.397,4.51,-20.0
2020-12-10 21:49:45,9,0.404,4.49,-20.0
2020-12-10 21:49:45,10,0.415,4.51,-20.0
2020-12-10 21:49:45,11,0.417,4.47,-20.0
2020-12-10 21:49:45,12,0.418,4.47,-20.0
2020-12-10 21:49:45,13,0.411,4.49,25.3
2020-12-10 21:49:45,14,0.416,4.49,-20.0
2020-12-10 21:49:45,15,0.408,4.51,-20.0
2020-12-10 21:49:45,16,0.421,4.51,-20.0
2020-12-10 21:49:45,17,0.416,4.49,-20.0
2020-12-10 21:49:45,18,0.425,4.5,-20.0
2020-12-10 21:49:45,19,0.437,4.48,-20.0
2020-12-10 21:49:45,20,0.41,4.48,-20.0
2020-12-10 21:49:45,21,0.413,4.49,-20.0
2020-12-10 21:49:45,22,0.416,4.47,-20.0
2020-12-10 21:49:45,23,0.446,4.48,-20.0
2020-12-10 21:49:45,24,0.409,4.49,-20.0
2020-12-10 21:49:45,25,0.411,4.5,24.2
2020-12-10 21:49:45,26,0.418,4.47,-20.0
2020-12-10 21:49:45,27,0.412,4.46,-20.0
2020-12-10 21:49:45,28,0.425,4.48,-20.0
2020-12-10 21:49:45,29,0.418,4.48,-20.0
2020-12-10 21:49:45,30,0.421,4.48,-20.0
2020-12-10 21:49:45,31,0.42,4.47,-20.0
2020-12-10 21:49:45,32,0.412,4.49,-20.0
2020-12-10 21:49:45,33,0.411,4.48,-20.0
2020-12-10 21:49:45,34,0.406,4.48,-20.0
2020-12-10 21:49:45,35,0.411,4.48,-20.0
2020-12-10 21:49:45,36,0.404,4.49,-20.0
2020-12-10 21:49:45,37,0.407,4.47,24.5
2020-12-10 21:49:45,38,0.414,4.49,-20.0
2020-12-10 21:49:45,39,0.418,4.48,-20.0
2020-12-10 21:49:45,40,0.415,4.48,-20.0
2020-12-10 21:49:45,41,0.416,4.5,-20.0
2020-12-10 21:49:45,42,0.406,4.48,-20.0
2020-12-10 21:49:45,43,0.422,4.49,-20.0
2020-12-10 21:49:45,44,0.433,4.48,-20.0
2020-12-10 21:49:45,45,0.417,4.48,-20.0
2020-12-10 21:49:45,46,0.411,4.47,-20.0
2020-12-10 21:49:45,47,0.413,4.49,-20.0
2020-12-10 21:49:45,48,0.419,4.48,-20.0
2020-12-10 21:49:45,49,0.485,4.46,25.1
2020-12-10 21:49:45,50,0.425,4.47,-20.0
2020-12-10 21:49:45,51,0.403,4.46,-20.0
2020-12-10 21:49:45,52,0.417,4.46,-20.0
2020-12-10 21:49:45,53,0.414,4.45,-20.0
2020-12-10 21:49:45,54,0.415,4.47,-20.0
2020-12-10 21:49:45,55,0.422,4.44,-20.0
2020-12-10 21:49:45,56,0.415,4.44,-20.0
2020-12-10 21:49:45,57,0.419,4.44,-20.0
2020-12-10 21:49:45,58,0.419,4.44,-20.0
2020-12-10 21:49:45,59,0.427,4.45,-20.0
2020-12-10 21:49:45,60,0.421,4.46,-20.0
2020-12-10 21:49:45,61,0.42,4.5,24.3
2020-12-10 21:49:45,62,0.406,4.48,-20.0
2020-12-10 21:49:45,63,0.397,4.48,-20.0
2020-12-10 21:49:45,64,0.401,4.47,-20.0
2020-12-10 21:49:45,65,0.393,4.46,-20.0
2020-12-10 21:49:45,66,0.415,4.46,-20.0
2020-12-10 21:49:45,67,0.407,4.44,-20.0
2020-12-10 21:49:45,68,0.404,4.47,-20.0
2020-12-10 21:49:45,69,0.411,4.46,-20.0
2020-12-10 21:49:45,70,0.397,4.47,-20.0
2020-12-10 21:49:45,71,0.413,4.49,-20.0
2020-12-10 21:49:45,72,0.406,4.48,-20.0
2020-12-10 21:49:45,73,0.404,4.52,24.1
2020-12-10 21:49:45,74,0.395,4.49,-20.0
2020-12-10 21:49:45,75,0.424,4.48,-20.0
2020-12-10 21:49:45,76,0.421,4.46,-20.0
2020-12-10 21:49:45,77,0.42,4.52,-20.0
2020-12-10 21:49:45,78,0.4,4.48,-20.0
2020-12-10 21:49:45,79,0.407,4.5,-20.0
2020-12-10 21:49:45,80,0.415,4.51,-20.0
2020-12-10 21:49:45,81,0.422,4.5,-20.0
2020-12-10 21:49:45,82,0.419,4.51,-20.0
2020-12-10 21:49:45,83,0.426,4.5,-20.0
2020-12-10 21:49:45,84,0.418,4.5,-20.0
2020-12-10 21:49:45,85,0.415,4.48,25.2
2020-12-10 21:49:45,86,0.415,4.47,-20.0
2020-12-10 21:49:45,87,0.436,4.47,-20.0
2020-12-10 21:49:45,88,0.402,4.47,-20.0
2020-12-10 21:49:45,89,0.41,4.49,-20.0
2020-12-10 21:49:45,90,0.412,4.48,-20.0
2020-12-10 21:49:45,91,0.415,4.48,-20.0
2020-12-10 21:49:45,92,0.399,4.49,-20.0
2020-12-10 21:49:45,93,0.413,4.49,-20.0
2020-12-10 21:49:45,94,0.423,4.47,-20.0
2020-12-10 21:49:45,95,0.416,4.46,-20.0
2020-12-10 21:49:45,96,0.413,4.5,-20.0
2020-12-11 09:49:20,1,0.418,4.5,25.8
2020-12-11 09:49:20,2,0.413,4.52,-20.0
2020-12-11 09:49:20,3,0.415,4.52,-20.0
2020-12-11 09:49:20,4,0.414,4.48,-20.0
2020-12-11 09:49:20,5,0.404,4.51,-20.0
2020-12-11 09:49:20,6,0.417,4.49,-20.0
2020-12-11 09:49:20,7,0.405,4.48,-20.0
2020-12-11 09:49:20,8,0.4,4.51,-20.0
2020-12-11 09:49:20,9,0.404,4.48,-20.0
2020-12-11 09:49:20,10,0.417,4.51,-20.0
2020-12-11 09:49:20,11,0.419,4.46,-20.0
2020-12-11 09:49:20,12,0.417,4.47,-20.0
2020-12-11 09:49:20,13,0.41,4.48,25.3
2020-12-11 09:49:20,14,0.417,4.5,-20.0
2020-12-11 09:49:20,15,0.409,4.52,-20.0
2020-12-11 09:49:20,16,0.421,4.51,-20.0
2020-12-11 09:49:20,17,0.419,4.49,-20.0
2020-12-11 09:49:20,18,0.427,4.49,-20.0
2020-12-11 09:49:20,19,0.439,4.48,-20.0
2020-12-11 09:49:20,20,0.409,4.49,-20.0
2020-12-11 09:49:20,21,0.414,4.49,-20.0
2020-12-11 09:49:20,22,0.42,4.48,-20.0
2020-12-11 09:49:20,23,0.445,4.49,-20.0
2020-12-11 09:49:20,24,0.41,4.49,-20.0
2020-12-11 09:49:20,25,0.414,4.5,24.1
2020-12-11 09:49:20,26,0.415,4.47,-20.0
2020-12-11 09:49:20,27,0.413,4.46,-20.0
2020-12-11 09:49:20,28,0.425,4.46,-20.0
2020-12-11 09:49:20,29,0.423,4.46,-20.0
2020-12-11 09:49:20,30,0.42,4.48,-20.0
2020-12-11 09:49:20,31,0.422,4.46,-20.0
2020-12-11 09:49:20,32,0.416,4.48,-20.0
2020-12-11 09:49:20,33,0.412,4.5,-20.0
2020-12-11 09:49:20,34,0.411,4.49,-20.0
2020-12-11 09:49:20,35,0.412,4.47,-20.0
2020-12-11 09:49:20,36,0.404,4.49,-20.0
2020-12-11 09:49:20,37,0.411,4.48,24.5
2020-12-11 09:49:20,38,0.416,4.5,-20.0
2020-12-11 09:49:20,39,0.416,4.48,-20.0
2020-12-11 09:49:20,40,0.414,4.47,-20.0
2020-12-11 09:49:20,41,0.416,4.5,-20.0
2020-12-11 09:49:20,42,0.389,4.48,-20.0
2020-12-11 09:49:20,43,0.405,4.48,-20.0
2020-12-11 09:49:20,44,0.412,4.49,-20.0
2020-12-11 09:49:20,45,0.417,4.49,-20.0
2020-12-11 09:49:20,46,0.413,4.47,-20.0
2020-12-11 09:49:20,47,0.396,4.48,-20.0
2020-12-11 09:49:20,48,0.402,4.48,-20.0
2020-12-11 09:49:20,49,0.484,4.46,25.1
2020-12-11 09:49:20,50,0.423,4.46,-20.0
2020-12-11 09:49:20,51,0.403,4.46,-20.0
2020-12-11 09:49:20,52,0.417,4.46,-20.0
2020-12-11 09:49:20,53,0.415,4.45,-20.0
2020-12-11 09:49:20,54,0.416,4.47,-20.0
2020-12-11 09:49:20,55,0.422,4.44,-20.0
2020-12-11 09:49:20,56,0.416,4.44,-20.0
2020-12-11 09:49:20,57,0.421,4.43,-20.0
2020-12-11 09:49:20,58,0.421,4.43,-20.0
2020-12-11 09:49:20,59,0.424,4.45,-20.0
2020-12-11 09:49:20,60,0.418,4.46,-20.0
2020-12-11 09:49:20,61,0.42,4.5,24.0
2020-12-11 09:49:20,62,0.404,4.48,-20.0
2020-12-11 09:49:20,63,0.405,4.48,-20.0
2020-12-11 09:49:20,64,0.402,4.46,-20.0
2020-12-11 09:49:20,65,0.398,4.46,-20.0
2020-12-11 09:49:20,66,0.417,4.46,-20.0
2020-12-11 09:49:20,67,0.409,4.43,-20.0
2020-12-11 09:49:20,68,0.411,4.47,-20.0
2020-12-11 09:49:20,69,0.413,4.46,-20.0
2020-12-11 09:49:20,70,0.401,4.47,-20.0
2020-12-11 09:49:20,71,0.413,4.48,-20.0
2020-12-11 09:49:20,72,0.408,4.48,-20.0
2020-12-11 09:49:20,73,0.402,4.52,23.5
2020-12-11 09:49:20,74,0.396,4.49,-20.0
2020-12-11 09:49:20,75,0.423,4.48,-20.0
2020-12-11 09:49:20,76,0.422,4.46,-20.0
2020-12-11 09:49:20,77,0.418,4.52,-20.0
2020-12-11 09:49:20,78,0.403,4.48,-20.0
2020-12-11 09:49:20,79,0.408,4.49,-20.0
2020-12-11 09:49:20,80,0.416,4.51,-20.0
2020-12-11 09:49:20,81,0.422,4.5,-20.0
2020-12-11 09:49:20,82,0.423,4.51,-20.0
2020-12-11 09:49:20,83,0.425,4.5,-20.0
2020-12-11 09:49:20,84,0.417,4.49,-20.0
2020-12-11 09:49:20,85,0.415,4.47,23.8
2020-12-11 09:49:20,86,0.417,4.47,-20.0
2020-12-11 09:49:20,87,0.436,4.47,-20.0
2020-12-11 09:49:20,88,0.4,4.48,-20.0
2020-12-11 09:49:20,89,0.407,4.48,-20.0
2020-12-11 09:49:20,90,0.412,4.47,-20.0
2020-12-11 09:49:20,91,0.414,4.48,-20.0
2020-12-11 09:49:20,92,0.4,4.5,-20.0
2020-12-11 09:49:20,93,0.41,4.49,-20.0
2020-12-11 09:49:20,94,0.423,4.47,-20.0
2020-12-11 09:49:20,95,0.414,4.47,-20.0
2020-12-11 09:49:20,96,0.414,4.49,-20.0
2020-12-11 21:48:46,1,0.414,4.5,25.8
2020-12-11 21:48:46,2,0.412,4.51,-20.0
2020-12-11 21:48:46,3,0.415,4.51,-20.0
2020-12-11 21:48:46,4,0.413,4.49,-20.0
2020-12-11 21:48:46,5,0.409,4.51,-20.0
2020-12-11 21:48:46,6,0.418,4.49,-20.0
2020-12-11 21:48:46,7,0.403,4.48,-20.0
2020-12-11 21:48:46,8,0.403,4.51,-20.0
2020-12-11 21:48:46,9,0.405,4.48,-20.0
2020-12-11 21:48:46,10,0.418,4.51,-20.0
2020-12-11 21:48:46,11,0.419,4.46,-20.0
2020-12-11 21:48:46,12,0.417,4.47,-20.0
2020-12-11 21:48:46,13,0.409,4.48,25.3
2020-12-11 21:48:46,14,0.417,4.49,-20.0
2020-12-11 21:48:46,15,0.409,4.51,-20.0
2020-12-11 21:48:46,16,0.422,4.5,-20.0
2020-12-11 21:48:46,17,0.42,4.49,-20.0
2020-12-11 21:48:46,18,0.429,4.49,-20.0
2020-12-11 21:48:46,19,0.436,4.47,-20.0
2020-12-11 21:48:46,20,0.412,4.49,-20.0
2020-12-11 21:48:46,21,0.416,4.48,-20.0
2020-12-11 21:48:46,22,0.421,4.47,-20.0
2020-12-11 21:48:46,23,0.446,4.49,-20.0
2020-12-11 21:48:46,24,0.411,4.5,-20.0
2020-12-11 21:48:46,25,0.416,4.49,24.1
2020-12-11 21:48:46,26,0.412,4.46,-20.0
2020-12-11 21:48:46,27,0.411,4.46,-20.0
2020-12-11 21:48:46,28,0.425,4.47,-20.0
2020-12-11 21:48:46,29,0.422,4.47,-20.0
2020-12-11 21:48:46,30,0.421,4.48,-20.0
2020-12-11 21:48:46,31,0.424,4.47,-20.0
2020-12-11 21:48:46,32,0.417,4.47,-20.0
2020-12-11 21:48:46,33,0.414,4.49,-20.0
2020-12-11 21:48:46,34,0.413,4.49,-20.0
2020-12-11 21:48:46,35,0.414,4.47,-20.0
2020-12-11 21:48:46,36,0.407,4.5,-20.0
2020-12-11 21:48:46,37,0.412,4.49,24.5
2020-12-11 21:48:46,38,0.417,4.5,-20.0
2020-12-11 21:48:46,39,0.418,4.48,-20.0
2020-12-11 21:48:46,40,0.413,4.48,-20.0
2020-12-11 21:48:46,41,0.415,4.51,-20.0
2020-12-11 21:48:46,42,0.392,4.49,-20.0
2020-12-11 21:48:46,43,0.411,4.48,-20.0
2020-12-11 21:48:46,44,0.417,4.48,-20.0
2020-12-11 21:48:46,45,0.418,4.48,-20.0
2020-12-11 21:48:46,46,0.412,4.48,-20.0
2020-12-11 21:48:46,47,0.397,4.49,-20.0
2020-12-11 21:48:46,48,0.41,4.48,-20.0
2020-12-11 21:48:46,49,0.489,4.46,25.2
2020-12-11 21:48:46,50,0.423,4.47,-20.0
2020-12-11 21:48:46,51,0.4,4.47,-20.0
2020-12-11 21:48:46,52,0.414,4.46,-20.0
2020-12-11 21:48:46,53,0.413,4.45,-20.0
2020-12-11 21:48:46,54,0.415,4.47,-20.0
2020-12-11 21:48:46,55,0.406,4.44,-20.0
2020-12-11 21:48:46,56,0.413,4.44,-20.0
2020-12-11 21:48:46,57,0.419,4.44,-20.0
2020-12-11 21:48:46,58,0.414,4.43,-20.0
2020-12-11 21:48:46,59,0.413,4.45,-20.0
2020-12-11 21:48:46,60,0.416,4.46,-20.0
2020-12-11 21:48:46,61,0.417,4.5,24.2
2020-12-11 21:48:46,62,0.406,4.48,-20.0
2020-12-11 21:48:46,63,0.408,4.48,-20.0
2020-12-11 21:48:46,64,0.402,4.47,-20.0
2020-12-11 21:48:46,65,0.405,4.46,-20.0
2020-12-11 21:48:46,66,0.417,4.46,-20.0
2020-12-11 21:48:46,67,0.409,4.44,-20.0
2020-12-11 21:48:46,68,0.408,4.47,-20.0
2020-12-11 21:48:46,69,0.418,4.46,-20.0
2020-12-11 21:48:46,70,0.404,4.47,-20.0
2020-12-11 21:48:46,71,0.413,4.48,-20.0
2020-12-11 21:48:46,72,0.41,4.48,-20.0
2020-12-11 21:48:46,73,0.403,4.51,23.9
2020-12-11 21:48:46,74,0.397,4.49,-20.0
2020-12-11 21:48:46,75,0.422,4.47,-20.0
2020-12-11 21:48:46,76,0.425,4.45,-20.0
2020-12-11 21:48:46,77,0.42,4.51,-20.0
2020-12-11 21:48:46,78,0.406,4.49,-20.0
2020-12-11 21:48:46,79,0.411,4.49,-20.0
2020-12-11 21:48:46,80,0.417,4.5,-20.0
2020-12-11 21:48:46,81,0.422,4.51,-20.0
2020-12-11 21:48:46,82,0.424,4.51,-20.0
2020-12-11 21:48:46,83,0.425,4.5,-20.0
2020-12-11 21:48:46,84,0.417,4.49,-20.0
2020-12-11 21:48:46,85,0.418,4.48,25.2
2020-12-11 21:48:46,86,0.419,4.47,-20.0
2020-12-11 21:48:46,87,0.438,4.47,-20.0
2020-12-11 21:48:46,88,0.402,4.48,-20.0
2020-12-11 21:48:46,89,0.408,4.49,-20.0
2020-12-11 21:48:46,90,0.415,4.48,-20.0
2020-12-11 21:48:46,91,0.416,4.47,-20.0
2020-12-11 21:48:46,92,0.399,4.5,-20.0
2020-12-11 21:48:46,93,0.411,4.49,-20.0
2020-12-11 21:48:46,94,0.419,4.47,-20.0
2020-12-11 21:48:46,95,0.418,4.46,-20.0
2020-12-11 21:48:46,96,0.416,4.49,-20.0
2020-12-12 09:48:14,1,0.416,4.49,25.8
2020-12-12 09:48:14,2,0.415,4.52,-20.0
2020-12-12 09:48:14,3,0.416,4.52,-20.0
2020-12-12 09:48:14,4,0.414,4.48,-20.0
2020-12-12 09:48:14,5,0.407,4.51,-20.0
2020-12-12 09:48:14,6,0.415,4.48,-20.0
2020-12-12 09:48:14,7,0.405,4.49,-20.0
2020-12-12 09:48:14,8,0.405,4.51,-20.0
2020-12-12 09:48:14,9,0.407,4.48,-20.0
2020-12-12 09:48:14,10,0.418,4.5,-20.0
2020-12-12 09:48:14,11,0.42,4.46,-20.0
2020-12-12 09:48:14,12,0.419,4.47,-20.0
2020-12-12 09:48:14,13,0.41,4.49,25.3
2020-12-12 09:48:14,14,0.418,4.49,-20.0
2020-12-12 09:48:14,15,0.41,4.51,-20.0
2020-12-12 09:48:14,16,0.424,4.51,-20.0
2020-12-12 09:48:14,17,0.42,4.49,-20.0
2020-12-12 09:48:14,18,0.428,4.49,-20.0
2020-12-12 09:48:14,19,0.438,4.48,-20.0
2020-12-12 09:48:14,20,0.413,4.49,-20.0
2020-12-12 09:48:14,21,0.418,4.48,-20.0
2020-12-12 09:48:14,22,0.42,4.47,-20.0
2020-12-12 09:48:14,23,0.442,4.48,-20.0
2020-12-12 09:48:14,24,0.413,4.5,-20.0
2020-12-12 09:48:14,25,0.418,4.5,24.1
2020-12-12 09:48:14,26,0.419,4.46,-20.0
2020-12-12 09:48:14,27,0.409,4.47,-20.0
2020-12-12 09:48:14,28,0.423,4.46,-20.0
2020-12-12 09:48:14,29,0.42,4.48,-20.0
2020-12-12 09:48:14,30,0.424,4.48,-20.0
2020-12-12 09:48:14,31,0.425,4.46,-20.0
2020-12-12 09:48:14,32,0.414,4.48,-20.0
2020-12-12 09:48:14,33,0.413,4.48,-20.0
2020-12-12 09:48:14,34,0.416,4.49,-20.0
2020-12-12 09:48:14,35,0.415,4.48,-20.0
2020-12-12 09:48:14,36,0.404,4.49,-20.0
2020-12-12 09:48:14,37,0.394,4.48,24.5
2020-12-12 09:48:14,38,0.399,4.5,-20.0
2020-12-12 09:48:14,39,0.41,4.48,-20.0
2020-12-12 09:48:14,40,0.413,4.48,-20.0
2020-12-12 09:48:14,41,0.415,4.5,-20.0
2020-12-12 09:48:14,42,0.384,4.49,-20.0
2020-12-12 09:48:14,43,0.39,4.49,-20.0
2020-12-12 09:48:14,44,0.408,4.49,-20.0
2020-12-12 09:48:14,45,0.417,4.48,-20.0
2020-12-12 09:48:14,46,0.411,4.48,-20.0
2020-12-12 09:48:14,47,0.403,4.48,-20.0
2020-12-12 09:48:14,48,0.413,4.48,-20.0
2020-12-12 09:48:14,49,0.487,4.46,25.2
2020-12-12 09:48:14,50,0.426,4.47,-20.0
2020-12-12 09:48:14,51,0.403,4.46,-20.0
2020-12-12 09:48:14,52,0.414,4.46,-20.0
2020-12-12 09:48:14,53,0.416,4.45,-20.0
2020-12-12 09:48:14,54,0.414,4.47,-20.0
2020-12-12 09:48:14,55,0.416,4.44,-20.0
2020-12-12 09:48:14,56,0.415,4.44,-20.0
2020-12-12 09:48:14,57,0.42,4.44,-20.0
2020-12-12 09:48:14,58,0.416,4.43,-20.0
2020-12-12 09:48:14,59,0.416,4.45,-20.0
2020-12-12 09:48:14,60,0.421,4.46,-20.0
2020-12-12 09:48:14,61,0.416,4.48,24.2
2020-12-12 09:48:14,62,0.407,4.48,-20.0
2020-12-12 09:48:14,63,0.408,4.48,-20.0
2020-12-12 09:48:14,64,0.405,4.46,-20.0
2020-12-12 09:48:14,65,0.408,4.46,-20.0
2020-12-12 09:48:14,66,0.418,4.46,-20.0
2020-12-12 09:48:14,67,0.41,4.44,-20.0
2020-12-12 09:48:14,68,0.408,4.46,-20.0
2020-12-12 09:48:14,69,0.417,4.46,-20.0
2020-12-12 09:48:14,70,0.404,4.46,-20.0
2020-12-12 09:48:14,71,0.413,4.48,-20.0
2020-12-12 09:48:14,72,0.41,4.48,-20.0
2020-12-12 09:48:14,73,0.405,4.52,23.9
2020-12-12 09:48:14,74,0.401,4.48,-20.0
2020-12-12 09:48:14,75,0.424,4.48,-20.0
2020-12-12 09:48:14,76,0.422,4.45,-20.0
2020-12-12 09:48:14,77,0.418,4.51,-20.0
2020-12-12 09:48:14,78,0.403,4.49,-20.0
2020-12-12 09:48:14,79,0.41,4.49,-20.0
2020-12-12 09:48:14,80,0.418,4.51,-20.0
2020-12-12 09:48:14,81,0.422,4.5,-20.0
2020-12-12 09:48:14,82,0.425,4.51,-20.0
2020-12-12 09:48:14,83,0.427,4.5,-20.0
2020-12-12 09:48:14,84,0.418,4.5,-20.0
2020-12-12 09:48:14,85,0.418,4.47,25.2
2020-12-12 09:48:14,86,0.418,4.47,-20.0
2020-12-12 09:48:14,87,0.439,4.47,-20.0
2020-12-12 09:48:14,88,0.402,4.48,-20.0
2020-12-12 09:48:14,89,0.407,4.49,-20.0
2020-12-12 09:48:14,90,0.414,4.47,-20.0
2020-12-12 09:48:14,91,0.414,4.48,-20.0
2020-12-12 09:48:14,92,0.395,4.5,-20.0
2020-12-12 09:48:14,93,0.408,4.5,-20.0
2020-12-12 09:48:14,94,0.417,4.47,-20.0
2020-12-12 09:48:14,95,0.412,4.46,-20.0
2020-12-12 09:48:14,96,0.409,4.49,-20.0
2020-12-12 21:47:46,1,0.414,4.5,25.8
2020-12-12 21:47:46,2,0.417,4.51,-20.0
2020-12-12 21:47:46,3,0.415,4.52,-20.0
2020-12-12 21:47:46,4,0.416,4.49,-20.0
2020-12-12 21:47:46,5,0.406,4.51,-20.0
2020-12-12 21:47:46,6,0.415,4.49,-20.0
2020-12-12 21:47:46,7,0.405,4.48,-20.0
2020-12-12 21:47:46,8,0.409,4.51,-20.0
2020-12-12 21:47:46,9,0.409,4.48,-20.0
2020-12-12 21:47:46,10,0.42,4.5,-20.0
2020-12-12 21:47:46,11,0.418,4.46,-20.0
2020-12-12 21:47:46,12,0.418,4.47,-20.0
2020-12-12 21:47:46,13,0.41,4.48,25.3
2020-12-12 21:47:46,14,0.417,4.49,-20.0
2020-12-12 21:47:46,15,0.413,4.51,-20.0
2020-12-12 21:47:46,16,0.428,4.51,-20.0
2020-12-12 21:47:46,17,0.419,4.49,-20.0
2020-12-12 21:47:46,18,0.428,4.49,-20.0
2020-12-12 21:47:46,19,0.437,4.48,-20.0
2020-12-12 21:47:46,20,0.412,4.48,-20.0
2020-12-12 21:47:46,21,0.42,4.49,-20.0
2020-12-12 21:47:46,22,0.419,4.48,-20.0
2020-12-12 21:47:46,23,0.446,4.49,-20.0
2020-12-12 21:47:46,24,0.415,4.5,-20.0
2020-12-12 21:47:46,25,0.417,4.49,24.3
2020-12-12 21:47:46,26,0.422,4.47,-20.0
2020-12-12 21:47:46,27,0.411,4.45,-20.0
2020-12-12 21:47:46,28,0.43,4.48,-20.0
2020-12-12 21:47:46,29,0.416,4.46,-20.0
2020-12-12 21:47:46,30,0.419,4.48,-20.0
2020-12-12 21:47:46,31,0.421,4.47,-20.0
2020-12-12 21:47:46,32,0.411,4.47,-20.0
2020-12-12 21:47:46,33,0.412,4.49,-20.0
2020-12-12 21:47:46,34,0.416,4.48,-20.0
2020-12-12 21:47:46,35,0.412,4.48,-20.0
2020-12-12 21:47:46,36,0.401,4.49,-20.0
2020-12-12 21:47:46,37,0.393,4.48,24.6
2020-12-12 21:47:46,38,0.401,4.49,-20.0
2020-12-12 21:47:46,39,0.414,4.48,-20.0
2020-12-12 21:47:46,40,0.413,4.49,-20.0
2020-12-12 21:47:46,41,0.411,4.5,-20.0
2020-12-12 21:47:46,42,0.387,4.48,-20.0
2020-12-12 21:47:46,43,0.397,4.48,-20.0
2020-12-12 21:47:46,44,0.414,4.5,-20.0
2020-12-12 21:47:46,45,0.417,4.48,-20.0
2020-12-12 21:47:46,46,0.411,4.48,-20.0
2020-12-12 21:47:46,47,0.406,4.5,-20.0
2020-12-12 21:47:46,48,0.416,4.48,-20.0
2020-12-12 21:47:46,49,0.48,4.46,25.2
2020-12-12 21:47:46,50,0.427,4.47,-20.0
2020-12-12 21:47:46,51,0.401,4.46,-20.0
2020-12-12 21:47:46,52,0.412,4.46,-20.0
2020-12-12 21:47:46,53,0.415,4.46,-20.0
2020-12-12 21:47:46,54,0.414,4.47,-20.0
2020-12-12 21:47:46,55,0.421,4.44,-20.0
2020-12-12 21:47:46,56,0.415,4.44,-20.0
2020-12-12 21:47:46,57,0.419,4.44,-20.0
2020-12-12 21:47:46,58,0.417,4.43,-20.0
2020-12-12 21:47:46,59,0.416,4.45,-20.0
2020-12-12 21:47:46,60,0.419,4.46,-20.0
2020-12-12 21:47:46,61,0.416,4.48,24.4
2020-12-12 21:47:46,62,0.409,4.48,-20.0
2020-12-12 21:47:46,63,0.408,4.48,-20.0
2020-12-12 21:47:46,64,0.405,4.47,-20.0
2020-12-12 21:47:46,65,0.409,4.46,-20.0
2020-12-12 21:47:46,66,0.418,4.46,-20.0
2020-12-12 21:47:46,67,0.411,4.44,-20.0
2020-12-12 21:47:46,68,0.411,4.46,-20.0
2020-12-12 21:47:46,69,0.417,4.45,-20.0
2020-12-12 21:47:46,70,0.406,4.46,-20.0
2020-12-12 21:47:46,71,0.408,4.48,-20.0
2020-12-12 21:47:46,72,0.413,4.48,-20.0
2020-12-12 21:47:46,73,0.408,4.51,24.1
2020-12-12 21:47:46,74,0.399,4.49,-20.0
2020-12-12 21:47:46,75,0.426,4.48,-20.0
2020-12-12 21:47:46,76,0.423,4.45,-20.0
2020-12-12 21:47:46,77,0.417,4.52,-20.0
2020-12-12 21:47:46,78,0.401,4.48,-20.0
2020-12-12 21:47:46,79,0.406,4.49,-20.0
2020-12-12 21:47:46,80,0.417,4.51,-20.0
2020-12-12 21:47:46,81,0.419,4.5,-20.0
2020-12-12 21:47:46,82,0.423,4.51,-20.0
2020-12-12 21:47:46,83,0.426,4.5,-20.0
2020-12-12 21:47:46,84,0.417,4.49,-20.0
2020-12-12 21:47:46,85,0.418,4.48,25.3
2020-12-12 21:47:46,86,0.417,4.47,-20.0
2020-12-12 21:47:46,87,0.443,4.46,-20.0
2020-12-12 21:47:46,88,0.403,4.47,-20.0
2020-12-12 21:47:46,89,0.409,4.49,-20.0
2020-12-12 21:47:46,90,0.41,4.47,-20.0
2020-12-12 21:47:46,91,0.415,4.48,-20.0
2020-12-12 21:47:46,92,0.396,4.5,-20.0
2020-12-12 21:47:46,93,0.409,4.49,-20.0
2020-12-12 21:47:46,94,0.417,4.47,-20.0
2020-12-12 21:47:46,95,0.412,4.47,-20.0
2020-12-12 21:47:46,96,0.408,4.49,-20.0
2020-12-13 09:47:14,1,0.416,4.5,25.8
2020-12-13 09:47:14,2,0.416,4.51,-20.0
2020-12-13 09:47:14,3,0.418,4.53,-20.0
2020-12-13 09:47:14,4,0.418,4.48,-20.0
2020-12-13 09:47:14,5,0.405,4.5,-20.0
2020-12-13 09:47:14,6,0.416,4.49,-20.0
2020-12-13 09:47:14,7,0.404,4.49,-20.0
2020-12-13 09:47:14,8,0.407,4.51,-20.0
2020-12-13 09:47:14,9,0.411,4.49,-20.0
2020-12-13 09:47:14,10,0.42,4.5,-20.0
2020-12-13 09:47:14,11,0.418,4.46,-20.0
2020-12-13 09:47:14,12,0.42,4.46,-20.0
2020-12-13 09:47:14,13,0.412,4.49,25.4
2020-12-13 09:47:14,14,0.419,4.49,-20.0
2020-12-13 09:47:14,15,0.414,4.51,-20.0
2020-12-13 09:47:14,16,0.428,4.51,-20.0
2020-12-13 09:47:14,17,0.418,4.49,-20.0
2020-12-13 09:47:14,18,0.43,4.5,-20.0
2020-12-13 09:47:14,19,0.435,4.49,-20.0
2020-12-13 09:47:14,20,0.413,4.48,-20.0
2020-12-13 09:47:14,21,0.419,4.5,-20.0
2020-12-13 09:47:14,22,0.419,4.47,-20.0
2020-12-13 09:47:14,23,0.447,4.48,-20.0
2020-12-13 09:47:14,24,0.415,4.5,-20.0
2020-12-13 09:47:14,25,0.421,4.5,24.3
2020-12-13 09:47:14,26,0.425,4.47,-20.0
2020-12-13 09:47:14,27,0.403,4.47,-20.0
2020-12-13 09:47:14,28,0.421,4.47,-20.0
2020-12-13 09:47:14,29,0.403,4.47,-20.0
2020-12-13 09:47:14,30,0.42,4.47,-20.0
2020-12-13 09:47:14,31,0.419,4.47,-20.0
2020-12-13 09:47:14,32,0.395,4.47,-20.0
2020-12-13 09:47:14,33,0.408,4.49,-20.0
2020-12-13 09:47:14,34,0.399,4.48,-20.0
2020-12-13 09:47:14,35,0.406,4.48,-20.0
2020-12-13 09:47:14,36,0.399,4.5,-20.0
2020-12-13 09:47:14,37,0.404,4.47,24.6
2020-12-13 09:47:14,38,0.405,4.49,-20.0
2020-12-13 09:47:14,39,0.417,4.48,-20.0
2020-12-13 09:47:14,40,0.415,4.48,-20.0
2020-12-13 09:47:14,41,0.41,4.49,-20.0
2020-12-13 09:47:14,42,0.391,4.48,-20.0
2020-12-13 09:47:14,43,0.401,4.49,-20.0
2020-12-13 09:47:14,44,0.417,4.49,-20.0
2020-12-13 09:47:14,45,0.416,4.49,-20.0
2020-12-13 09:47:14,46,0.411,4.49,-20.0
2020-12-13 09:47:14,47,0.408,4.49,-20.0
2020-12-13 09:47:14,48,0.417,4.49,-20.0
2020-12-13 09:47:14,49,0.48,4.46,25.0
2020-12-13 09:47:14,50,0.431,4.46,-20.0
2020-12-13 09:47:14,51,0.404,4.46,-20.0
2020-12-13 09:47:14,52,0.412,4.46,-20.0
2020-12-13 09:47:14,53,0.416,4.45,-20.0
2020-12-13 09:47:14,54,0.413,4.47,-20.0
2020-12-13 09:47:14,55,0.421,4.44,-20.0
2020-12-13 09:47:14,56,0.417,4.44,-20.0
2020-12-13 09:47:14,57,0.421,4.44,-20.0
2020-12-13 09:47:14,58,0.417,4.44,-20.0
2020-12-13 09:47:14,59,0.418,4.45,-20.0
2020-12-13 09:47:14,60,0.416,4.46,-20.0
2020-12-13 09:47:14,61,0.418,4.48,24.4
2020-12-13 09:47:14,62,0.413,4.48,-20.0
2020-12-13 09:47:14,63,0.411,4.48,-20.0
2020-12-13 09:47:14,64,0.404,4.46,-20.0
2020-12-13 09:47:14,65,0.413,4.46,-20.0
2020-12-13 09:47:14,66,0.418,4.46,-20.0
2020-12-13 09:47:14,67,0.407,4.44,-20.0
2020-12-13 09:47:14,68,0.412,4.47,-20.0
2020-12-13 09:47:14,69,0.414,4.46,-20.0
2020-12-13 09:47:14,70,0.409,4.46,-20.0
2020-12-13 09:47:14,71,0.408,4.48,-20.0
2020-12-13 09:47:14,72,0.414,4.48,-20.0
2020-12-13 09:47:14,73,0.408,4.52,24.1
2020-12-13 09:47:14,74,0.401,4.49,-20.0
2020-12-13 09:47:14,75,0.424,4.47,-20.0
2020-12-13 09:47:14,76,0.424,4.45,-20.0
2020-12-13 09:47:14,77,0.419,4.52,-20.0
2020-12-13 09:47:14,78,0.396,4.48,-20.0
2020-12-13 09:47:14,79,0.403,4.49,-20.0
2020-12-13 09:47:14,80,0.418,4.51,-20.0
2020-12-13 09:47:14,81,0.417,4.5,-20.0
2020-12-13 09:47:14,82,0.419,4.52,-20.0
2020-12-13 09:47:14,83,0.424,4.5,-20.0
2020-12-13 09:47:14,84,0.415,4.5,-20.0
2020-12-13 09:47:14,85,0.418,4.48,25.3
2020-12-13 09:47:14,86,0.417,4.47,-20.0
2020-12-13 09:47:14,87,0.443,4.48,-20.0
2020-12-13 09:47:14,88,0.403,4.48,-20.0
2020-12-13 09:47:14,89,0.409,4.49,-20.0
2020-12-13 09:47:14,90,0.408,4.47,-20.0
2020-12-13 09:47:14,91,0.414,4.48,-20.0
2020-12-13 09:47:14,92,0.397,4.49,-20.0
2020-12-13 09:47:14,93,0.41,4.5,-20.0
2020-12-13 09:47:14,94,0.417,4.48,-20.0
2020-12-13 09:47:14,95,0.412,4.47,-20.0
2020-12-13 09:47:14,96,0.41,4.49,-20.0
2020-12-13 21:46:42,1,0.419,4.5,25.8
2020-12-13 21:46:42,2,0.415,4.52,-20.0
2020-12-13 21:46:42,3,0.421,4.53,-20.0
2020-12-13 21:46:42,4,0.417,4.48,-20.0
2020-12-13 21:46:42,5,0.406,4.51,-20.0
2020-12-13 21:46:42,6,0.416,4.49,-20.0
2020-12-13 21:46:42,7,0.406,4.48,-20.0
2020-12-13 21:46:42,8,0.406,4.51,-20.0
2020-12-13 21:46:42,9,0.411,4.49,-20.0
2020-12-13 21:46:42,10,0.419,4.51,-20.0
2020-12-13 21:46:42,11,0.42,4.47,-20.0
2020-12-13 21:46:42,12,0.419,4.48,-20.0
2020-12-13 21:46:42,13,0.413,4.49,25.4
2020-12-13 21:46:42,14,0.419,4.49,-20.0
2020-12-13 21:46:42,15,0.412,4.51,-20.0
2020-12-13 21:46:42,16,0.427,4.5,-20.0
2020-12-13 21:46:42,17,0.419,4.49,-20.0
2020-12-13 21:46:42,18,0.427,4.49,-20.0
2020-12-13 21:46:42,19,0.435,4.48,-20.0
2020-12-13 21:46:42,20,0.412,4.49,-20.0
2020-12-13 21:46:42,21,0.418,4.49,-20.0
2020-12-13 21:46:42,22,0.418,4.48,-20.0
2020-12-13 21:46:42,23,0.445,4.48,-20.0
2020-12-13 21:46:42,24,0.414,4.49,-20.0
2020-12-13 21:46:42,25,0.42,4.49,24.4
2020-12-13 21:46:42,26,0.421,4.48,-20.0
2020-12-13 21:46:42,27,0.403,4.46,-20.0
2020-12-13 21:46:42,28,0.419,4.47,-20.0
2020-12-13 21:46:42,29,0.406,4.46,-20.0
2020-12-13 21:46:42,30,0.417,4.5,-20.0
2020-12-13 21:46:42,31,0.418,4.46,-20.0
2020-12-13 21:46:42,32,0.399,4.49,-20.0
2020-12-13 21:46:42,33,0.41,4.49,-20.0
2020-12-13 21:46:42,34,0.404,4.49,-20.0
2020-12-13 21:46:42,35,0.409,4.48,-20.0
2020-12-13 21:46:42,36,0.4,4.49,-20.0
2020-12-13 21:46:42,37,0.409,4.48,24.7
2020-12-13 21:46:42,38,0.41,4.5,-20.0
2020-12-13 21:46:42,39,0.419,4.48,-20.0
2020-12-13 21:46:42,40,0.414,4.48,-20.0
2020-12-13 21:46:42,41,0.41,4.5,-20.0
2020-12-13 21:46:42,42,0.397,4.48,-20.0
2020-12-13 21:46:42,43,0.405,4.48,-20.0
2020-12-13 21:46:42,44,0.421,4.49,-20.0
2020-12-13 21:46:42,45,0.418,4.48,-20.0
2020-12-13 21:46:42,46,0.414,4.48,-20.0
2020-12-13 21:46:42,47,0.408,4.49,-20.0
2020-12-13 21:46:42,48,0.415,4.48,-20.0
2020-12-13 21:46:42,49,0.483,4.47,25.1
2020-12-13 21:46:42,50,0.429,4.46,-20.0
2020-12-13 21:46:42,51,0.405,4.46,-20.0
2020-12-13 21:46:42,52,0.412,4.46,-20.0
2020-12-13 21:46:42,53,0.416,4.46,-20.0
2020-12-13 21:46:42,54,0.414,4.47,-20.0
2020-12-13 21:46:42,55,0.423,4.44,-20.0
2020-12-13 21:46:42,56,0.417,4.45,-20.0
2020-12-13 21:46:42,57,0.421,4.44,-20.0
2020-12-13 21:46:42,58,0.419,4.43,-20.0
2020-12-13 21:46:42,59,0.418,4.45,-20.0
2020-12-13 21:46:42,60,0.415,4.46,-20.0
2020-12-13 21:46:42,61,0.42,4.49,24.4
2020-12-13 21:46:42,62,0.416,4.49,-20.0
2020-12-13 21:46:42,63,0.411,4.48,-20.0
2020-12-13 21:46:42,64,0.407,4.46,-20.0
2020-12-13 21:46:42,65,0.414,4.46,-20.0
2020-12-13 21:46:42,66,0.42,4.46,-20.0
2020-12-13 21:46:42,67,0.406,4.44,-20.0
2020-12-13 21:46:42,68,0.414,4.47,-20.0
2020-12-13 21:46:42,69,0.416,4.46,-20.0
2020-12-13 21:46:42,70,0.409,4.47,-20.0
2020-12-13 21:46:42,71,0.41,4.48,-20.0
2020-12-13 21:46:42,72,0.413,4.48,-20.0
2020-12-13 21:46:42,73,0.409,4.52,24.2
2020-12-13 21:46:42,74,0.404,4.49,-20.0
2020-12-13 21:46:42,75,0.421,4.47,-20.0
2020-12-13 21:46:42,76,0.424,4.46,-20.0
2020-12-13 21:46:42,77,0.419,4.53,-20.0
2020-12-13 21:46:42,78,0.399,4.48,-20.0
2020-12-13 21:46:42,79,0.405,4.49,-20.0
2020-12-13 21:46:42,80,0.423,4.52,-20.0
2020-12-13 21:46:42,81,0.42,4.51,-20.0
2020-12-13 21:46:42,82,0.417,4.51,-20.0
2020-12-13 21:46:42,83,0.422,4.49,-20.0
2020-12-13 21:46:42,84,0.415,4.5,-20.0
2020-12-13 21:46:42,85,0.416,4.48,25.3
2020-12-13 21:46:42,86,0.416,4.47,-20.0
2020-12-13 21:46:42,87,0.441,4.47,-20.0
2020-12-13 21:46:42,88,0.402,4.48,-20.0
2020-12-13 21:46:42,89,0.41,4.49,-20.0
2020-12-13 21:46:42,90,0.407,4.47,-20.0
2020-12-13 21:46:42,91,0.415,4.48,-20.0
2020-12-13 21:46:42,92,0.397,4.49,-20.0
2020-12-13 21:46:42,93,0.41,4.5,-20.0
2020-12-13 21:46:42,94,0.42,4.47,-20.0
2020-12-13 21:46:42,95,0.414,4.47,-20.0
2020-12-13 21:46:42,96,0.413,4.5,-20.0
2020-12-14 09:46:00,1,0.418,4.51,25.8
2020-12-14 09:46:00,2,0.414,4.52,-20.0
2020-12-14 09:46:00,3,0.419,4.53,-20.0
2020-12-14 09:46:00,4,0.418,4.48,-20.0
2020-12-14 09:46:00,5,0.405,4.5,-20.0
2020-12-14 09:46:00,6,0.413,4.49,-20.0
2020-12-14 09:46:00,7,0.408,4.48,-20.0
2020-12-14 09:46:00,8,0.406,4.5,-20.0
2020-12-14 09:46:00,9,0.41,4.48,-20.0
2020-12-14 09:46:00,10,0.42,4.51,-20.0
2020-12-14 09:46:00,11,0.419,4.46,-20.0
2020-12-14 09:46:00,12,0.419,4.47,-20.0
2020-12-14 09:46:00,13,0.413,4.48,25.4
2020-12-14 09:46:00,14,0.417,4.49,-20.0
2020-12-14 09:46:00,15,0.41,4.51,-20.0
2020-12-14 09:46:00,16,0.426,4.51,-20.0
2020-12-14 09:46:00,17,0.416,4.49,-20.0
2020-12-14 09:46:00,18,0.427,4.49,-20.0
2020-12-14 09:46:00,19,0.43,4.48,-20.0
2020-12-14 09:46:00,20,0.413,4.48,-20.0
2020-12-14 09:46:00,21,0.417,4.49,-20.0
2020-12-14 09:46:00,22,0.421,4.47,-20.0
2020-12-14 09:46:00,23,0.438,4.5,-20.0
2020-12-14 09:46:00,24,0.401,4.49,-20.0
2020-12-14 09:46:00,25,0.42,4.49,24.5
2020-12-14 09:46:00,26,0.414,4.48,-20.0
2020-12-14 09:46:00,27,0.407,4.47,-20.0
2020-12-14 09:46:00,28,0.419,4.46,-20.0
2020-12-14 09:46:00,29,0.406,4.47,-20.0
2020-12-14 09:46:00,30,0.412,4.49,-20.0
2020-12-14 09:46:00,31,0.42,4.47,-20.0
2020-12-14 09:46:00,32,0.402,4.49,-20.0
2020-12-14 09:46:00,33,0.412,4.49,-20.0
2020-12-14 09:46:00,34,0.405,4.48,-20.0
2020-12-14 09:46:00,35,0.41,4.48,-20.0
2020-12-14 09:46:00,36,0.398,4.48,-20.0
2020-12-14 09:46:00,37,0.412,4.48,24.7
2020-12-14 09:46:00,38,0.41,4.49,-20.0
2020-12-14 09:46:00,39,0.419,4.48,-20.0
2020-12-14 09:46:00,40,0.41,4.49,-20.0
2020-12-14 09:46:00,41,0.412,4.5,-20.0
2020-12-14 09:46:00,42,0.401,4.48,-20.0
2020-12-14 09:46:00,43,0.412,4.48,-20.0
2020-12-14 09:46:00,44,0.423,4.49,-20.0
2020-12-14 09:46:00,45,0.419,4.48,-20.0
2020-12-14 09:46:00,46,0.414,4.48,-20.0
2020-12-14 09:46:00,47,0.407,4.49,-20.0
2020-12-14 09:46:00,48,0.419,4.49,-20.0
2020-12-14 09:46:00,49,0.483,4.46,25.0
2020-12-14 09:46:00,50,0.43,4.47,-20.0
2020-12-14 09:46:00,51,0.404,4.47,-20.0
2020-12-14 09:46:00,52,0.412,4.45,-20.0
2020-12-14 09:46:00,53,0.416,4.45,-20.0
2020-12-14 09:46:00,54,0.415,4.47,-20.0
2020-12-14 09:46:00,55,0.423,4.44,-20.0
2020-12-14 09:46:00,56,0.42,4.44,-20.0
2020-12-14 09:46:00,57,0.419,4.44,-20.0
2020-12-14 09:46:00,58,0.421,4.44,-20.0
2020-12-14 09:46:00,59,0.416,4.45,-20.0
2020-12-14 09:46:00,60,0.412,4.46,-20.0
2020-12-14 09:46:00,61,0.419,4.48,24.5
2020-12-14 09:46:00,62,0.411,4.48,-20.0
2020-12-14 09:46:00,63,0.413,4.48,-20.0
2020-12-14 09:46:00,64,0.405,4.47,-20.0
2020-12-14 09:46:00,65,0.415,4.46,-20.0
2020-12-14 09:46:00,66,0.415,4.46,-20.0
2020-12-14 09:46:00,67,0.402,4.44,-20.0
2020-12-14 09:46:00,68,0.405,4.47,-20.0
2020-12-14 09:46:00,69,0.411,4.46,-20.0
2020-12-14 09:46:00,70,0.402,4.47,-20.0
2020-12-14 09:46:00,71,0.409,4.48,-20.0
2020-12-14 09:46:00,72,0.415,4.48,-20.0
2020-12-14 09:46:00,73,0.398,4.52,24.3
2020-12-14 09:46:00,74,0.397,4.49,-20.0
2020-12-14 09:46:00,75,0.426,4.48,-20.0
2020-12-14 09:46:00,76,0.423,4.46,-20.0
2020-12-14 09:46:00,77,0.419,4.52,-20.0
2020-12-14 09:46:00,78,0.399,4.48,-20.0
2020-12-14 09:46:00,79,0.407,4.49,-20.0
2020-12-14 09:46:00,80,0.423,4.51,-20.0
2020-12-14 09:46:00,81,0.421,4.5,-20.0
2020-12-14 09:46:00,82,0.417,4.51,-20.0
2020-12-14 09:46:00,83,0.424,4.5,-20.0
2020-12-14 09:46:00,84,0.416,4.5,-20.0
2020-12-14 09:46:00,85,0.418,4.48,25.3
2020-12-14 09:46:00,86,0.414,4.47,-20.0
2020-12-14 09:46:00,87,0.445,4.47,-20.0
2020-12-14 09:46:00,88,0.4,4.48,-20.0
2020-12-14 09:46:00,89,0.413,4.49,-20.0
2020-12-14 09:46:00,90,0.406,4.47,-20.0
2020-12-14 09:46:00,91,0.416,4.48,-20.0
2020-12-14 09:46:00,92,0.401,4.5,-20.0
2020-12-14 09:46:00,93,0.412,4.49,-20.0
2020-12-14 09:46:00,94,0.421,4.47,-20.0
2020-12-14 09:46:00,95,0.415,4.47,-20.0
2020-12-14 09:46:00,96,0.415,4.49,-20.0
2020-12-14 21:45:26,1,0.418,4.5,25.9
2020-12-14 21:45:26,2,0.416,4.52,-20.0
2020-12-14 21:45:26,3,0.419,4.52,-20.0
2020-12-14 21:45:26,4,0.418,4.49,-20.0
2020-12-14 21:45:26,5,0.404,4.5,-20.0
2020-12-14 21:45:26,6,0.412,4.49,-20.0
2020-12-14 21:45:26,7,0.407,4.48,-20.0
2020-12-14 21:45:26,8,0.406,4.51,-20.0
2020-12-14 21:45:26,9,0.41,4.49,-20.0
2020-12-14 21:45:26,10,0.419,4.51,-20.0
2020-12-14 21:45:26,11,0.42,4.47,-20.0
2020-12-14 21:45:26,12,0.42,4.46,-20.0
2020-12-14 21:45:26,13,0.413,4.49,25.4
2020-12-14 21:45:26,14,0.416,4.49,-20.0
2020-12-14 21:45:26,15,0.41,4.5,-20.0
2020-12-14 21:45:26,16,0.429,4.5,-20.0
2020-12-14 21:45:26,17,0.419,4.49,-20.0
2020-12-14 21:45:26,18,0.428,4.49,-20.0
2020-12-14 21:45:26,19,0.433,4.48,-20.0
2020-12-14 21:45:26,20,0.413,4.48,-20.0
2020-12-14 21:45:26,21,0.42,4.49,-20.0
2020-12-14 21:45:26,22,0.422,4.48,-20.0
2020-12-14 21:45:26,23,0.44,4.49,-20.0
2020-12-14 21:45:26,24,0.403,4.49,-20.0
2020-12-14 21:45:26,25,0.417,4.49,24.5
2020-12-14 21:45:26,26,0.416,4.46,-20.0
2020-12-14 21:45:26,27,0.409,4.46,-20.0
2020-12-14 21:45:26,28,0.421,4.48,-20.0
2020-12-14 21:45:26,29,0.409,4.46,-20.0
2020-12-14 21:45:26,30,0.413,4.49,-20.0
2020-12-14 21:45:26,31,0.419,4.47,-20.0
2020-12-14 21:45:26,32,0.403,4.49,-20.0
2020-12-14 21:45:26,33,0.412,4.49,-20.0
2020-12-14 21:45:26,34,0.407,4.48,-20.0
2020-12-14 21:45:26,35,0.409,4.47,-20.0
2020-12-14 21:45:26,36,0.401,4.49,-20.0
2020-12-14 21:45:26,37,0.412,4.49,24.7
2020-12-14 21:45:26,38,0.413,4.5,-20.0
2020-12-14 21:45:26,39,0.422,4.48,-20.0
2020-12-14 21:45:26,40,0.41,4.48,-20.0
2020-12-14 21:45:26,41,0.41,4.5,-20.0
2020-12-14 21:45:26,42,0.403,4.49,-20.0
2020-12-14 21:45:26,43,0.413,4.48,-20.0
2020-12-14 21:45:26,44,0.425,4.5,-20.0
2020-12-14 21:45:26,45,0.42,4.48,-20.0
2020-12-14 21:45:26,46,0.415,4.48,-20.0
2020-12-14 21:45:26,47,0.409,4.48,-20.0
2020-12-14 21:45:26,48,0.419,4.49,-20.0
2020-12-14 21:45:26,49,0.478,4.46,25.0
2020-12-14 21:45:26,50,0.434,4.47,-20.0
2020-12-14 21:45:26,51,0.406,4.46,-20.0
2020-12-14 21:45:26,52,0.411,4.46,-20.0
2020-12-14 21:45:26,53,0.415,4.46,-20.0
2020-12-14 21:45:26,54,0.417,4.47,-20.0
2020-12-14 21:45:26,55,0.426,4.44,-20.0
2020-12-14 21:45:26,56,0.423,4.44,-20.0
2020-12-14 21:45:26,57,0.422,4.44,-20.0
2020-12-14 21:45:26,58,0.423,4.43,-20.0
2020-12-14 21:45:26,59,0.42,4.45,-20.0
2020-12-14 21:45:26,60,0.415,4.47,-20.0
2020-12-14 21:45:26,61,0.417,4.49,24.6
2020-12-14 21:45:26,62,0.413,4.48,-20.0
2020-12-14 21:45:26,63,0.413,4.48,-20.0
2020-12-14 21:45:26,64,0.407,4.47,-20.0
2020-12-14 21:45:26,65,0.417,4.46,-20.0
2020-12-14 21:45:26,66,0.418,4.46,-20.0
2020-12-14 21:45:26,67,0.407,4.44,-20.0
2020-12-14 21:45:26,68,0.409,4.47,-20.0
2020-12-14 21:45:26,69,0.411,4.46,-20.0
2020-12-14 21:45:26,70,0.404,4.47,-20.0
2020-12-14 21:45:26,71,0.409,4.48,-20.0
2020-12-14 21:45:26,72,0.414,4.48,-20.0
2020-12-14 21:45:26,73,0.403,4.52,24.4
2020-12-14 21:45:26,74,0.4,4.49,-20.0
2020-12-14 21:45:26,75,0.424,4.47,-20.0
2020-12-14 21:45:26,76,0.425,4.46,-20.0
2020-12-14 21:45:26,77,0.418,4.52,-20.0
2020-12-14 21:45:26,78,0.404,4.48,-20.0
2020-12-14 21:45:26,79,0.409,4.49,-20.0
2020-12-14 21:45:26,80,0.42,4.5,-20.0
2020-12-14 21:45:26,81,0.422,4.5,-20.0
2020-12-14 21:45:26,82,0.419,4.51,-20.0
2020-12-14 21:45:26,83,0.424,4.49,-20.0
2020-12-14 21:45:26,84,0.418,4.49,-20.0
2020-12-14 21:45:26,85,0.417,4.47,25.4
2020-12-14 21:45:26,86,0.414,4.47,-20.0
2020-12-14 21:45:26,87,0.442,4.47,-20.0
2020-12-14 21:45:26,88,0.399,4.47,-20.0
2020-12-14 21:45:26,89,0.415,4.48,-20.0
2020-12-14 21:45:26,90,0.408,4.47,-20.0
2020-12-14 21:45:26,91,0.416,4.48,-20.0
2020-12-14 21:45:26,92,0.403,4.5,-20.0
2020-12-14 21:45:26,93,0.411,4.49,-20.0
2020-12-14 21:45:26,94,0.42,4.47,-20.0
2020-12-14 21:45:26,95,0.415,4.47,-20.0
2020-12-14 21:45:26,96,0.414,4.49,-20.0
2020-12-15 09:44:48,1,0.415,4.5,25.8
2020-12-15 09:44:48,2,0.414,4.5,-20.0
2020-12-15 09:44:48,3,0.417,4.51,-20.0
2020-12-15 09:44:48,4,0.418,4.48,-20.0
2020-12-15 09:44:48,5,0.405,4.5,-20.0
2020-12-15 09:44:48,6,0.414,4.49,-20.0
2020-12-15 09:44:48,7,0.405,4.48,-20.0
2020-12-15 09:44:48,8,0.406,4.51,-20.0
2020-12-15 09:44:48,9,0.411,4.48,-20.0
2020-12-15 09:44:48,10,0.419,4.5,-20.0
2020-12-15 09:44:48,11,0.42,4.46,-20.0
2020-12-15 09:44:48,12,0.412,4.46,-20.0
2020-12-15 09:44:48,13,0.412,4.48,25.4
2020-12-15 09:44:48,14,0.415,4.49,-20.0
2020-12-15 09:44:48,15,0.41,4.49,-20.0
2020-12-15 09:44:48,16,0.425,4.5,-20.0
2020-12-15 09:44:48,17,0.42,4.49,-20.0
2020-12-15 09:44:48,18,0.431,4.5,-20.0
2020-12-15 09:44:48,19,0.435,4.48,-20.0
2020-12-15 09:44:48,20,0.411,4.49,-20.0
2020-12-15 09:44:48,21,0.419,4.49,-20.0
2020-12-15 09:44:48,22,0.421,4.48,-20.0
2020-12-15 09:44:48,23,0.441,4.49,-20.0
2020-12-15 09:44:48,24,0.405,4.49,-20.0
2020-12-15 09:44:48,25,0.414,4.49,24.6
2020-12-15 09:44:48,26,0.412,4.47,-20.0
2020-12-15 09:44:48,27,0.412,4.46,-20.0
2020-12-15 09:44:48,28,0.421,4.47,-20.0
2020-12-15 09:44:48,29,0.409,4.47,-20.0
2020-12-15 09:44:48,30,0.414,4.49,-20.0
2020-12-15 09:44:48,31,0.416,4.47,-20.0
2020-12-15 09:44:48,32,0.407,4.47,-20.0
2020-12-15 09:44:48,33,0.41,4.49,-20.0
2020-12-15 09:44:48,34,0.409,4.48,-20.0
2020-12-15 09:44:48,35,0.412,4.47,-20.0
2020-12-15 09:44:48,36,0.406,4.49,-20.0
2020-12-15 09:44:48,37,0.412,4.48,24.8
2020-12-15 09:44:48,38,0.415,4.49,-20.0
2020-12-15 09:44:48,39,0.422,4.47,-20.0
2020-12-15 09:44:48,40,0.411,4.49,-20.0
2020-12-15 09:44:48,41,0.411,4.5,-20.0
2020-12-15 09:44:48,42,0.402,4.48,-20.0
2020-12-15 09:44:48,43,0.415,4.48,-20.0
2020-12-15 09:44:48,44,0.425,4.49,-20.0
2020-12-15 09:44:48,45,0.423,4.49,-20.0
2020-12-15 09:44:48,46,0.418,4.48,-20.0
2020-12-15 09:44:48,47,0.411,4.5,-20.0
2020-12-15 09:44:48,48,0.422,4.49,-20.0
2020-12-15 09:44:48,49,0.479,4.47,25.0
2020-12-15 09:44:48,50,0.439,4.47,-20.0
2020-12-15 09:44:48,51,0.406,4.46,-20.0
2020-12-15 09:44:48,52,0.409,4.45,-20.0
2020-12-15 09:44:48,53,0.415,4.45,-20.0
2020-12-15 09:44:48,54,0.416,4.48,-20.0
2020-12-15 09:44:48,55,0.416,4.44,-20.0
2020-12-15 09:44:48,56,0.422,4.44,-20.0
2020-12-15 09:44:48,57,0.419,4.44,-20.0
2020-12-15 09:44:48,58,0.418,4.44,-20.0
2020-12-15 09:44:48,59,0.405,4.45,-20.0
2020-12-15 09:44:48,60,0.393,4.46,-20.0
2020-12-15 09:44:48,61,0.416,4.48,24.6
2020-12-15 09:44:48,62,0.406,4.48,-20.0
2020-12-15 09:44:48,63,0.412,4.48,-20.0
2020-12-15 09:44:48,64,0.407,4.47,-20.0
2020-12-15 09:44:48,65,0.419,4.46,-20.0
2020-12-15 09:44:48,66,0.417,4.46,-20.0
2020-12-15 09:44:48,67,0.41,4.44,-20.0
2020-12-15 09:44:48,68,0.414,4.47,-20.0
2020-12-15 09:44:48,69,0.412,4.45,-20.0
2020-12-15 09:44:48,70,0.408,4.47,-20.0
2020-12-15 09:44:48,71,0.409,4.48,-20.0
2020-12-15 09:44:48,72,0.413,4.47,-20.0
2020-12-15 09:44:48,73,0.406,4.51,24.4
2020-12-15 09:44:48,74,0.401,4.49,-20.0
2020-12-15 09:44:48,75,0.421,4.48,-20.0
2020-12-15 09:44:48,76,0.424,4.46,-20.0
2020-12-15 09:44:48,77,0.417,4.52,-20.0
2020-12-15 09:44:48,78,0.407,4.49,-20.0
2020-12-15 09:44:48,79,0.409,4.49,-20.0
2020-12-15 09:44:48,80,0.423,4.51,-20.0
2020-12-15 09:44:48,81,0.423,4.5,-20.0
2020-12-15 09:44:48,82,0.42,4.51,-20.0
2020-12-15 09:44:48,83,0.426,4.5,-20.0
2020-12-15 09:44:48,84,0.422,4.5,-20.0
2020-12-15 09:44:48,85,0.42,4.47,25.4
2020-12-15 09:44:48,86,0.416,4.47,-20.0
2020-12-15 09:44:48,87,0.444,4.47,-20.0
2020-12-15 09:44:48,88,0.4,4.48,-20.0
2020-12-15 09:44:48,89,0.412,4.49,-20.0
2020-12-15 09:44:48,90,0.411,4.47,-20.0
2020-12-15 09:44:48,91,0.416,4.48,-20.0
2020-12-15 09:44:48,92,0.399,4.49,-20.0
2020-12-15 09:44:48,93,0.412,4.5,-20.0
2020-12-15 09:44:48,94,0.419,4.47,-20.0
2020-12-15 09:44:48,95,0.418,4.46,-20.0
2020-12-15 09:44:48,96,0.415,4.49,-20.0
2020-12-15 21:44:20,1,0.412,4.5,25.7
2020-12-15 21:44:20,2,0.411,4.52,-20.0
2020-12-15 21:44:20,3,0.417,4.52,-20.0
2020-12-15 21:44:20,4,0.419,4.48,-20.0
2020-12-15 21:44:20,5,0.404,4.51,-20.0
2020-12-15 21:44:20,6,0.415,4.49,-20.0
2020-12-15 21:44:20,7,0.411,4.47,-20.0
2020-12-15 21:44:20,8,0.408,4.5,-20.0
2020-12-15 21:44:20,9,0.412,4.48,-20.0
2020-12-15 21:44:20,10,0.419,4.5,-20.0
2020-12-15 21:44:20,11,0.417,4.46,-20.0
2020-12-15 21:44:20,12,0.414,4.47,-20.0
2020-12-15 21:44:20,13,0.413,4.48,25.1
2020-12-15 21:44:20,14,0.416,4.48,-20.0
2020-12-15 21:44:20,15,0.409,4.51,-20.0
2020-12-15 21:44:20,16,0.425,4.5,-20.0
2020-12-15 21:44:20,17,0.422,4.49,-20.0
2020-12-15 21:44:20,18,0.432,4.5,-20.0
2020-12-15 21:44:20,19,0.438,4.48,-20.0
2020-12-15 21:44:20,20,0.411,4.48,-20.0
2020-12-15 21:44:20,21,0.414,4.48,-20.0
2020-12-15 21:44:20,22,0.419,4.48,-20.0
2020-12-15 21:44:20,23,0.442,4.49,-20.0
2020-12-15 21:44:20,24,0.408,4.49,-20.0
2020-12-15 21:44:20,25,0.413,4.48,24.3
2020-12-15 21:44:20,26,0.414,4.46,-20.0
2020-12-15 21:44:20,27,0.413,4.47,-20.0
2020-12-15 21:44:20,28,0.418,4.47,-20.0
2020-12-15 21:44:20,29,0.409,4.46,-20.0
2020-12-15 21:44:20,30,0.411,4.49,-20.0
2020-12-15 21:44:20,31,0.417,4.47,-20.0
2020-12-15 21:44:20,32,0.408,4.49,-20.0
2020-12-15 21:44:20,33,0.412,4.49,-20.0
2020-12-15 21:44:20,34,0.41,4.49,-20.0
2020-12-15 21:44:20,35,0.41,4.48,-20.0
2020-12-15 21:44:20,36,0.408,4.49,-20.0
2020-12-15 21:44:20,37,0.414,4.49,24.4
2020-12-15 21:44:20,38,0.416,4.5,-20.0
2020-12-15 21:44:20,39,0.421,4.47,-20.0
2020-12-15 21:44:20,40,0.411,4.48,-20.0
2020-12-15 21:44:20,41,0.412,4.5,-20.0
2020-12-15 21:44:20,42,0.405,4.48,-20.0
2020-12-15 21:44:20,43,0.415,4.48,-20.0
2020-12-15 21:44:20,44,0.426,4.49,-20.0
2020-12-15 21:44:20,45,0.423,4.48,-20.0
2020-12-15 21:44:20,46,0.419,4.48,-20.0
2020-12-15 21:44:20,47,0.411,4.49,-20.0
2020-12-15 21:44:20,48,0.418,4.48,-20.0
2020-12-15 21:44:20,49,0.479,4.46,24.9
2020-12-15 21:44:20,50,0.438,4.47,-20.0
2020-12-15 21:44:20,51,0.407,4.46,-20.0
2020-12-15 21:44:20,52,0.411,4.45,-20.0
2020-12-15 21:44:20,53,0.418,4.46,-20.0
2020-12-15 21:44:20,54,0.416,4.48,-20.0
2020-12-15 21:44:20,55,0.424,4.45,-20.0
2020-12-15 21:44:20,56,0.418,4.44,-20.0
2020-12-15 21:44:20,57,0.419,4.44,-20.0
2020-12-15 21:44:20,58,0.419,4.44,-20.0
2020-12-15 21:44:20,59,0.412,4.45,-20.0
2020-12-15 21:44:20,60,0.396,4.46,-20.0
2020-12-15 21:44:20,61,0.415,4.48,24.5
2020-12-15 21:44:20,62,0.406,4.48,-20.0
2020-12-15 21:44:20,63,0.415,4.48,-20.0
2020-12-15 21:44:20,64,0.404,4.47,-20.0
2020-12-15 21:44:20,65,0.421,4.46,-20.0
2020-12-15 21:44:20,66,0.416,4.46,-20.0
2020-12-15 21:44:20,67,0.412,4.44,-20.0
2020-12-15 21:44:20,68,0.416,4.47,-20.0
2020-12-15 21:44:20,69,0.412,4.46,-20.0
2020-12-15 21:44:20,70,0.408,4.48,-20.0
2020-12-15 21:44:20,71,0.409,4.48,-20.0
2020-12-15 21:44:20,72,0.411,4.48,-20.0
2020-12-15 21:44:20,73,0.408,4.51,24.4
2020-12-15 21:44:20,74,0.4,4.49,-20.0
2020-12-15 21:44:20,75,0.42,4.49,-20.0
2020-12-15 21:44:20,76,0.422,4.46,-20.0
2020-12-15 21:44:20,77,0.416,4.52,-20.0
2020-12-15 21:44:20,78,0.409,4.49,-20.0
2020-12-15 21:44:20,79,0.412,4.49,-20.0
2020-12-15 21:44:20,80,0.422,4.51,-20.0
2020-12-15 21:44:20,81,0.423,4.5,-20.0
2020-12-15 21:44:20,82,0.419,4.5,-20.0
2020-12-15 21:44:20,83,0.424,4.49,-20.0
2020-12-15 21:44:20,84,0.419,4.49,-20.0
2020-12-15 21:44:20,85,0.42,4.48,25.2
2020-12-15 21:44:20,86,0.418,4.48,-20.0
2020-12-15 21:44:20,87,0.444,4.47,-20.0
2020-12-15 21:44:20,88,0.402,4.48,-20.0
2020-12-15 21:44:20,89,0.406,4.49,-20.0
2020-12-15 21:44:20,90,0.408,4.47,-20.0
2020-12-15 21:44:20,91,0.413,4.48,-20.0
2020-12-15 21:44:20,92,0.397,4.49,-20.0
2020-12-15 21:44:20,93,0.409,4.49,-20.0
2020-12-15 21:44:20,94,0.414,4.47,-20.0
2020-12-15 21:44:20,95,0.415,4.47,-20.0
2020-12-15 21:44:20,96,0.411,4.5,-20.0
2020-12-16 09:43:44,1,0.415,4.51,25.6
2020-12-16 09:43:44,2,0.412,4.52,-20.0
2020-12-16 09:43:44,3,0.417,4.51,-20.0
2020-12-16 09:43:44,4,0.419,4.49,-20.0
2020-12-16 09:43:44,5,0.403,4.51,-20.0
2020-12-16 09:43:44,6,0.413,4.49,-20.0
2020-12-16 09:43:44,7,0.406,4.48,-20.0
2020-12-16 09:43:44,8,0.404,4.5,-20.0
2020-12-16 09:43:44,9,0.411,4.49,-20.0
2020-12-16 09:43:44,10,0.415,4.51,-20.0
2020-12-16 09:43:44,11,0.417,4.47,-20.0
2020-12-16 09:43:44,12,0.412,4.47,-20.0
2020-12-16 09:43:44,13,0.41,4.49,24.9
2020-12-16 09:43:44,14,0.413,4.48,-20.0
2020-12-16 09:43:44,15,0.405,4.5,-20.0
2020-12-16 09:43:44,16,0.423,4.49,-20.0
2020-12-16 09:43:44,17,0.418,4.48,-20.0
2020-12-16 09:43:44,18,0.429,4.5,-20.0
2020-12-16 09:43:44,19,0.44,4.49,-20.0
2020-12-16 09:43:44,20,0.412,4.47,-20.0
2020-12-16 09:43:44,21,0.417,4.5,-20.0
2020-12-16 09:43:44,22,0.417,4.47,-20.0
2020-12-16 09:43:44,23,0.442,4.49,-20.0
2020-12-16 09:43:44,24,0.407,4.49,-20.0
2020-12-16 09:43:44,25,0.416,4.5,24.1
2020-12-16 09:43:44,26,0.417,4.47,-20.0
2020-12-16 09:43:44,27,0.412,4.46,-20.0
2020-12-16 09:43:44,28,0.417,4.47,-20.0
2020-12-16 09:43:44,29,0.413,4.46,-20.0
2020-12-16 09:43:44,30,0.414,4.48,-20.0
2020-12-16 09:43:44,31,0.417,4.46,-20.0
2020-12-16 09:43:44,32,0.41,4.48,-20.0
2020-12-16 09:43:44,33,0.412,4.49,-20.0
2020-12-16 09:43:44,34,0.411,4.49,-20.0
2020-12-16 09:43:44,35,0.414,4.48,-20.0
2020-12-16 09:43:44,36,0.405,4.49,-20.0
2020-12-16 09:43:44,37,0.407,4.47,24.3
2020-12-16 09:43:44,38,0.417,4.49,-20.0
2020-12-16 09:43:44,39,0.422,4.47,-20.0
2020-12-16 09:43:44,40,0.411,4.47,-20.0
2020-12-16 09:43:44,41,0.415,4.5,-20.0
2020-12-16 09:43:44,42,0.408,4.48,-20.0
2020-12-16 09:43:44,43,0.414,4.48,-20.0
2020-12-16 09:43:44,44,0.426,4.49,-20.0
2020-12-16 09:43:44,45,0.421,4.48,-20.0
2020-12-16 09:43:44,46,0.418,4.48,-20.0
2020-12-16 09:43:44,47,0.413,4.48,-20.0
2020-12-16 09:43:44,48,0.414,4.49,-20.0
2020-12-16 09:43:44,49,0.474,4.47,24.9
2020-12-16 09:43:44,50,0.432,4.47,-20.0
2020-12-16 09:43:44,51,0.406,4.46,-20.0
2020-12-16 09:43:44,52,0.41,4.46,-20.0
2020-12-16 09:43:44,53,0.417,4.45,-20.0
2020-12-16 09:43:44,54,0.418,4.47,-20.0
2020-12-16 09:43:44,55,0.425,4.44,-20.0
2020-12-16 09:43:44,56,0.416,4.44,-20.0
2020-12-16 09:43:44,57,0.419,4.44,-20.0
2020-12-16 09:43:44,58,0.419,4.44,-20.0
2020-12-16 09:43:44,59,0.416,4.45,-20.0
2020-12-16 09:43:44,60,0.398,4.46,-20.0
2020-12-16 09:43:44,61,0.416,4.48,24.4
2020-12-16 09:43:44,62,0.409,4.48,-20.0
2020-12-16 09:43:44,63,0.414,4.47,-20.0
2020-12-16 09:43:44,64,0.405,4.47,-20.0
2020-12-16 09:43:44,65,0.419,4.45,-20.0
2020-12-16 09:43:44,66,0.416,4.46,-20.0
2020-12-16 09:43:44,67,0.412,4.44,-20.0
2020-12-16 09:43:44,68,0.417,4.47,-20.0
2020-12-16 09:43:44,69,0.412,4.46,-20.0
2020-12-16 09:43:44,70,0.409,4.46,-20.0
2020-12-16 09:43:44,71,0.412,4.47,-20.0
2020-12-16 09:43:44,72,0.412,4.48,-20.0
2020-12-16 09:43:44,73,0.411,4.52,24.2
2020-12-16 09:43:44,74,0.403,4.49,-20.0
2020-12-16 09:43:44,75,0.421,4.48,-20.0
2020-12-16 09:43:44,76,0.423,4.46,-20.0
2020-12-16 09:43:44,77,0.421,4.52,-20.0
2020-12-16 09:43:44,78,0.408,4.48,-20.0
2020-12-16 09:43:44,79,0.408,4.49,-20.0
2020-12-16 09:43:44,80,0.422,4.51,-20.0
2020-12-16 09:43:44,81,0.421,4.5,-20.0
2020-12-16 09:43:44,82,0.421,4.5,-20.0
2020-12-16 09:43:44,83,0.425,4.49,-20.0
2020-12-16 09:43:44,84,0.422,4.5,-20.0
2020-12-16 09:43:44,85,0.419,4.48,25.1
2020-12-16 09:43:44,86,0.415,4.48,-20.0
2020-12-16 09:43:44,87,0.445,4.47,-20.0
2020-12-16 09:43:44,88,0.401,4.47,-20.0
2020-12-16 09:43:44,89,0.408,4.48,-20.0
2020-12-16 09:43:44,90,0.41,4.48,-20.0
2020-12-16 09:43:44,91,0.416,4.48,-20.0
2020-12-16 09:43:44,92,0.396,4.49,-20.0
2020-12-16 09:43:44,93,0.411,4.49,-20.0
2020-12-16 09:43:44,94,0.415,4.48,-20.0
2020-12-16 09:43:44,95,0.416,4.46,-20.0
2020-12-16 09:43:44,96,0.411,4.49,-20.0
2020-12-16 21:43:11,1,0.413,4.51,25.6
2020-12-16 21:43:11,2,0.411,4.5,-20.0
2020-12-16 21:43:11,3,0.417,4.51,-20.0
2020-12-16 21:43:11,4,0.418,4.49,-20.0
2020-12-16 21:43:11,5,0.402,4.51,-20.0
2020-12-16 21:43:11,6,0.41,4.49,-20.0
2020-12-16 21:43:11,7,0.407,4.48,-20.0
2020-12-16 21:43:11,8,0.405,4.5,-20.0
2020-12-16 21:43:11,9,0.411,4.49,-20.0
2020-12-16 21:43:11,10,0.416,4.51,-20.0
2020-12-16 21:43:11,11,0.421,4.46,-20.0
2020-12-16 21:43:11,12,0.411,4.47,-20.0
2020-12-16 21:43:11,13,0.409,4.49,24.9
2020-12-16 21:43:11,14,0.414,4.48,-20.0
2020-12-16 21:43:11,15,0.406,4.5,-20.0
2020-12-16 21:43:11,16,0.423,4.51,-20.0
2020-12-16 21:43:11,17,0.42,4.48,-20.0
2020-12-16 21:43:11,18,0.43,4.49,-20.0
2020-12-16 21:43:11,19,0.44,4.48,-20.0
2020-12-16 21:43:11,20,0.414,4.48,-20.0
2020-12-16 21:43:11,21,0.415,4.49,-20.0
2020-12-16 21:43:11,22,0.416,4.47,-20.0
2020-12-16 21:43:11,23,0.444,4.49,-20.0
2020-12-16 21:43:11,24,0.409,4.49,-20.0
2020-12-16 21:43:11,25,0.417,4.48,24.0
2020-12-16 21:43:11,26,0.417,4.47,-20.0
2020-12-16 21:43:11,27,0.41,4.46,-20.0
2020-12-16 21:43:11,28,0.417,4.46,-20.0
2020-12-16 21:43:11,29,0.414,4.48,-20.0
2020-12-16 21:43:11,30,0.416,4.47,-20.0
2020-12-16 21:43:11,31,0.421,4.46,-20.0
2020-12-16 21:43:11,32,0.41,4.49,-20.0
2020-12-16 21:43:11,33,0.412,4.48,-20.0
2020-12-16 21:43:11,34,0.413,4.49,-20.0
2020-12-16 21:43:11,35,0.413,4.47,-20.0
2020-12-16 21:43:11,36,0.407,4.48,-20.0
2020-12-16 21:43:11,37,0.412,4.49,24.3
2020-12-16 21:43:11,38,0.419,4.49,-20.0
2020-12-16 21:43:11,39,0.422,4.47,-20.0
2020-12-16 21:43:11,40,0.41,4.48,-20.0
2020-12-16 21:43:11,41,0.417,4.49,-20.0
2020-12-16 21:43:11,42,0.409,4.48,-20.0
2020-12-16 21:43:11,43,0.417,4.48,-20.0
2020-12-16 21:43:11,44,0.423,4.49,-20.0
2020-12-16 21:43:11,45,0.417,4.49,-20.0
2020-12-16 21:43:11,46,0.418,4.48,-20.0
2020-12-16 21:43:11,47,0.399,4.48,-20.0
2020-12-16 21:43:11,48,0.393,4.48,-20.0
2020-12-16 21:43:11,49,0.479,4.47,24.8
2020-12-16 21:43:11,50,0.431,4.47,-20.0
2020-12-16 21:43:11,51,0.408,4.46,-20.0
2020-12-16 21:43:11,52,0.412,4.45,-20.0
2020-12-16 21:43:11,53,0.416,4.45,-20.0
2020-12-16 21:43:11,54,0.419,4.46,-20.0
2020-12-16 21:43:11,55,0.429,4.45,-20.0
2020-12-16 21:43:11,56,0.419,4.44,-20.0
2020-12-16 21:43:11,57,0.418,4.44,-20.0
2020-12-16 21:43:11,58,0.42,4.44,-20.0
2020-12-16 21:43:11,59,0.415,4.45,-20.0
2020-12-16 21:43:11,60,0.404,4.46,-20.0
2020-12-16 21:43:11,61,0.415,4.48,24.3
2020-12-16 21:43:11,62,0.411,4.48,-20.0
2020-12-16 21:43:11,63,0.414,4.47,-20.0
2020-12-16 21:43:11,64,0.408,4.46,-20.0
2020-12-16 21:43:11,65,0.419,4.46,-20.0
2020-12-16 21:43:11,66,0.42,4.46,-20.0
2020-12-16 21:43:11,67,0.412,4.44,-20.0
2020-12-16 21:43:11,68,0.416,4.47,-20.0
2020-12-16 21:43:11,69,0.411,4.45,-20.0
2020-12-16 21:43:11,70,0.409,4.47,-20.0
2020-12-16 21:43:11,71,0.411,4.47,-20.0
2020-12-16 21:43:11,72,0.41,4.47,-20.0
2020-12-16 21:43:11,73,0.412,4.51,24.1
2020-12-16 21:43:11,74,0.404,4.48,-20.0
2020-12-16 21:43:11,75,0.421,4.47,-20.0
2020-12-16 21:43:11,76,0.425,4.46,-20.0
2020-12-16 21:43:11,77,0.418,4.51,-20.0
2020-12-16 21:43:11,78,0.409,4.48,-20.0
2020-12-16 21:43:11,79,0.41,4.48,-20.0
2020-12-16 21:43:11,80,0.422,4.51,-20.0
2020-12-16 21:43:11,81,0.418,4.49,-20.0
2020-12-16 21:43:11,82,0.42,4.51,-20.0
2020-12-16 21:43:11,83,0.424,4.49,-20.0
2020-12-16 21:43:11,84,0.417,4.5,-20.0
2020-12-16 21:43:11,85,0.411,4.48,25.0
2020-12-16 21:43:11,86,0.416,4.48,-20.0
2020-12-16 21:43:11,87,0.443,4.47,-20.0
2020-12-16 21:43:11,88,0.401,4.48,-20.0
2020-12-16 21:43:11,89,0.402,4.48,-20.0
2020-12-16 21:43:11,90,0.409,4.47,-20.0
2020-12-16 21:43:11,91,0.418,4.48,-20.0
2020-12-16 21:43:11,92,0.395,4.5,-20.0
2020-12-16 21:43:11,93,0.411,4.49,-20.0
2020-12-16 21:43:11,94,0.416,4.47,-20.0
2020-12-16 21:43:11,95,0.418,4.47,-20.0
2020-12-16 21:43:11,96,0.408,4.49,-20.0
2020-12-17 09:42:39,1,0.413,4.5,25.6
2020-12-17 09:42:39,2,0.407,4.5,-20.0
2020-12-17 09:42:39,3,0.416,4.52,-20.0
2020-12-17 09:42:39,4,0.412,4.48,-20.0
2020-12-17 09:42:39,5,0.403,4.51,-20.0
2020-12-17 09:42:39,6,0.41,4.48,-20.0
2020-12-17 09:42:39,7,0.406,4.48,-20.0
2020-12-17 09:42:39,8,0.407,4.51,-20.0
2020-12-17 09:42:39,9,0.412,4.49,-20.0
2020-12-17 09:42:39,10,0.417,4.51,-20.0
2020-12-17 09:42:39,11,0.421,4.46,-20.0
2020-12-17 09:42:39,12,0.417,4.47,-20.0
2020-12-17 09:42:39,13,0.411,4.48,24.8
2020-12-17 09:42:39,14,0.414,4.49,-20.0
2020-12-17 09:42:39,15,0.409,4.51,-20.0
2020-12-17 09:42:39,16,0.425,4.51,-20.0
2020-12-17 09:42:39,17,0.417,4.49,-20.0
2020-12-17 09:42:39,18,0.431,4.5,-20.0
2020-12-17 09:42:39,19,0.44,4.47,-20.0
2020-12-17 09:42:39,20,0.416,4.48,-20.0
2020-12-17 09:42:39,21,0.416,4.48,-20.0
2020-12-17 09:42:39,22,0.417,4.47,-20.0
2020-12-17 09:42:39,23,0.445,4.49,-20.0
2020-12-17 09:42:39,24,0.413,4.49,-20.0
2020-12-17 09:42:39,25,0.42,4.49,23.9
2020-12-17 09:42:39,26,0.42,4.46,-20.0
2020-12-17 09:42:39,27,0.411,4.46,-20.0
2020-12-17 09:42:39,28,0.419,4.47,-20.0
2020-12-17 09:42:39,29,0.414,4.46,-20.0
2020-12-17 09:42:39,30,0.416,4.48,-20.0
2020-12-17 09:42:39,31,0.421,4.47,-20.0
2020-12-17 09:42:39,32,0.41,4.47,-20.0
2020-12-17 09:42:39,33,0.412,4.49,-20.0
2020-12-17 09:42:39,34,0.414,4.49,-20.0
2020-12-17 09:42:39,35,0.411,4.47,-20.0
2020-12-17 09:42:39,36,0.406,4.49,-20.0
2020-12-17 09:42:39,37,0.416,4.48,24.3
2020-12-17 09:42:39,38,0.42,4.5,-20.0
2020-12-17 09:42:39,39,0.422,4.48,-20.0
2020-12-17 09:42:39,40,0.411,4.48,-20.0
2020-12-17 09:42:39,41,0.417,4.49,-20.0
2020-12-17 09:42:39,42,0.407,4.48,-20.0
2020-12-17 09:42:39,43,0.417,4.48,-20.0
2020-12-17 09:42:39,44,0.424,4.49,-20.0
2020-12-17 09:42:39,45,0.418,4.48,-20.0
2020-12-17 09:42:39,46,0.418,4.48,-20.0
2020-12-17 09:42:39,47,0.403,4.48,-20.0
2020-12-17 09:42:39,48,0.401,4.48,-20.0
2020-12-17 09:42:39,49,0.481,4.47,24.8
2020-12-17 09:42:39,50,0.428,4.46,-20.0
2020-12-17 09:42:39,51,0.41,4.46,-20.0
2020-12-17 09:42:39,52,0.413,4.45,-20.0
2020-12-17 09:42:39,53,0.415,4.46,-20.0
2020-12-17 09:42:39,54,0.416,4.47,-20.0
2020-12-17 09:42:39,55,0.431,4.45,-20.0
2020-12-17 09:42:39,56,0.418,4.45,-20.0
2020-12-17 09:42:39,57,0.418,4.44,-20.0
2020-12-17 09:42:39,58,0.42,4.44,-20.0
2020-12-17 09:42:39,59,0.416,4.45,-20.0
2020-12-17 09:42:39,60,0.405,4.46,-20.0
2020-12-17 09:42:39,61,0.416,4.48,24.3
2020-12-17 09:42:39,62,0.411,4.47,-20.0
2020-12-17 09:42:39,63,0.414,4.48,-20.0
2020-12-17 09:42:39,64,0.408,4.46,-20.0
2020-12-17 09:42:39,65,0.419,4.45,-20.0
2020-12-17 09:42:39,66,0.418,4.46,-20.0
2020-12-17 09:42:39,67,0.409,4.44,-20.0
2020-12-17 09:42:39,68,0.415,4.47,-20.0
2020-12-17 09:42:39,69,0.41,4.45,-20.0
2020-12-17 09:42:39,70,0.415,4.47,-20.0
2020-12-17 09:42:39,71,0.41,4.48,-20.0
2020-12-17 09:42:39,72,0.409,4.49,-20.0
2020-12-17 09:42:39,73,0.414,4.51,24.0
2020-12-17 09:42:39,74,0.405,4.48,-20.0
2020-12-17 09:42:39,75,0.422,4.48,-20.0
2020-12-17 09:42:39,76,0.424,4.46,-20.0
2020-12-17 09:42:39,77,0.419,4.53,-20.0
2020-12-17 09:42:39,78,0.41,4.48,-20.0
2020-12-17 09:42:39,79,0.411,4.49,-20.0
2020-12-17 09:42:39,80,0.419,4.51,-20.0
2020-12-17 09:42:39,81,0.418,4.5,-20.0
2020-12-17 09:42:39,82,0.42,4.5,-20.0
2020-12-17 09:42:39,83,0.421,4.5,-20.0
2020-12-17 09:42:39,84,0.417,4.5,-20.0
2020-12-17 09:42:39,85,0.414,4.47,25.0
2020-12-17 09:42:39,86,0.419,4.47,-20.0
2020-12-17 09:42:39,87,0.441,4.47,-20.0
2020-12-17 09:42:39,88,0.401,4.47,-20.0
2020-12-17 09:42:39,89,0.403,4.49,-20.0
2020-12-17 09:42:39,90,0.406,4.47,-20.0
2020-12-17 09:42:39,91,0.421,4.48,-20.0
2020-12-17 09:42:39,92,0.397,4.49,-20.0
2020-12-17 09:42:39,93,0.409,4.49,-20.0
2020-12-17 09:42:39,94,0.415,4.48,-20.0
2020-12-17 09:42:39,95,0.417,4.47,-20.0
2020-12-17 09:42:39,96,0.409,4.5,-20.0
2020-12-17 21:42:16,1,0.413,4.5,25.7
2020-12-17 21:42:16,2,0.408,4.51,-20.0
2020-12-17 21:42:16,3,0.419,4.52,-20.0
2020-12-17 21:42:16,4,0.413,4.48,-20.0
2020-12-17 21:42:16,5,0.403,4.5,-20.0
2020-12-17 21:42:16,6,0.412,4.49,-20.0
2020-12-17 21:42:16,7,0.408,4.48,-20.0
2020-12-17 21:42:16,8,0.408,4.5,-20.0
2020-12-17 21:42:16,9,0.412,4.48,-20.0
2020-12-17 21:42:16,10,0.415,4.51,-20.0
2020-12-17 21:42:16,11,0.42,4.46,-20.0
2020-12-17 21:42:16,12,0.42,4.47,-20.0
2020-12-17 21:42:16,13,0.409,4.49,25.2
2020-12-17 21:42:16,14,0.413,4.49,-20.0
2020-12-17 21:42:16,15,0.409,4.51,-20.0
2020-12-17 21:42:16,16,0.425,4.51,-20.0
2020-12-17 21:42:16,17,0.42,4.48,-20.0
2020-12-17 21:42:16,18,0.427,4.5,-20.0
2020-12-17 21:42:16,19,0.438,4.48,-20.0
2020-12-17 21:42:16,20,0.416,4.49,-20.0
2020-12-17 21:42:16,21,0.417,4.49,-20.0
2020-12-17 21:42:16,22,0.416,4.48,-20.0
2020-12-17 21:42:16,23,0.445,4.49,-20.0
2020-12-17 21:42:16,24,0.41,4.49,-20.0
2020-12-17 21:42:16,25,0.418,4.51,24.4
2020-12-17 21:42:16,26,0.419,4.47,-20.0
2020-12-17 21:42:16,27,0.406,4.47,-20.0
2020-12-17 21:42:16,28,0.419,4.47,-20.0
2020-12-17 21:42:16,29,0.417,4.46,-20.0
2020-12-17 21:42:16,30,0.418,4.49,-20.0
2020-12-17 21:42:16,31,0.42,4.48,-20.0
2020-12-17 21:42:16,32,0.411,4.47,-20.0
2020-12-17 21:42:16,33,0.412,4.49,-20.0
2020-12-17 21:42:16,34,0.415,4.49,-20.0
2020-12-17 21:42:16,35,0.41,4.48,-20.0
2020-12-17 21:42:16,36,0.406,4.49,-20.0
2020-12-17 21:42:16,37,0.403,4.49,24.7
2020-12-17 21:42:16,38,0.401,4.5,-20.0
2020-12-17 21:42:16,39,0.41,4.48,-20.0
2020-12-17 21:42:16,40,0.41,4.49,-20.0
2020-12-17 21:42:16,41,0.416,4.51,-20.0
2020-12-17 21:42:16,42,0.396,4.48,-20.0
2020-12-17 21:42:16,43,0.397,4.48,-20.0
2020-12-17 21:42:16,44,0.417,4.49,-20.0
2020-12-17 21:42:16,45,0.416,4.47,-20.0
2020-12-17 21:42:16,46,0.42,4.47,-20.0
2020-12-17 21:42:16,47,0.401,4.48,-20.0
2020-12-17 21:42:16,48,0.405,4.49,-20.0
2020-12-17 21:42:16,49,0.481,4.46,25.0
2020-12-17 21:42:16,50,0.427,4.47,-20.0
2020-12-17 21:42:16,51,0.41,4.46,-20.0
2020-12-17 21:42:16,52,0.414,4.46,-20.0
2020-12-17 21:42:16,53,0.415,4.45,-20.0
2020-12-17 21:42:16,54,0.417,4.47,-20.0
2020-12-17 21:42:16,55,0.423,4.44,-20.0
2020-12-17 21:42:16,56,0.416,4.43,-20.0
2020-12-17 21:42:16,57,0.417,4.44,-20.0
2020-12-17 21:42:16,58,0.422,4.44,-20.0
2020-12-17 21:42:16,59,0.418,4.45,-20.0
2020-12-17 21:42:16,60,0.409,4.46,-20.0
2020-12-17 21:42:16,61,0.411,4.48,24.5
2020-12-17 21:42:16,62,0.405,4.48,-20.0
2020-12-17 21:42:16,63,0.416,4.48,-20.0
2020-12-17 21:42:16,64,0.404,4.46,-20.0
2020-12-17 21:42:16,65,0.401,4.46,-20.0
2020-12-17 21:42:16,66,0.415,4.46,-20.0
2020-12-17 21:42:16,67,0.404,4.44,-20.0
2020-12-17 21:42:16,68,0.401,4.47,-20.0
2020-12-17 21:42:16,69,0.407,4.46,-20.0
2020-12-17 21:42:16,70,0.403,4.47,-20.0
2020-12-17 21:42:16,71,0.408,4.48,-20.0
2020-12-17 21:42:16,72,0.411,4.48,-20.0
2020-12-17 21:42:16,73,0.416,4.53,24.2
2020-12-17 21:42:16,74,0.405,4.5,-20.0
2020-12-17 21:42:16,75,0.42,4.48,-20.0
2020-12-17 21:42:16,76,0.423,4.46,-20.0
2020-12-17 21:42:16,77,0.419,4.52,-20.0
2020-12-17 21:42:16,78,0.41,4.47,-20.0
2020-12-17 21:42:16,79,0.413,4.49,-20.0
2020-12-17 21:42:16,80,0.416,4.51,-20.0
2020-12-17 21:42:16,81,0.42,4.5,-20.0
2020-12-17 21:42:16,82,0.423,4.51,-20.0
2020-12-17 21:42:16,83,0.422,4.5,-20.0
2020-12-17 21:42:16,84,0.419,4.5,-20.0
2020-12-17 21:42:16,85,0.414,4.48,25.2
2020-12-17 21:42:16,86,0.417,4.47,-20.0
2020-12-17 21:42:16,87,0.443,4.47,-20.0
2020-12-17 21:42:16,88,0.4,4.48,-20.0
2020-12-17 21:42:16,89,0.406,4.48,-20.0
2020-12-17 21:42:16,90,0.407,4.47,-20.0
2020-12-17 21:42:16,91,0.422,4.48,-20.0
2020-12-17 21:42:16,92,0.4,4.5,-20.0
2020-12-17 21:42:16,93,0.414,4.5,-20.0
2020-12-17 21:42:16,94,0.418,4.47,-20.0
2020-12-17 21:42:16,95,0.416,4.46,-20.0
2020-12-17 21:42:16,96,0.409,4.49,-20.0
2020-12-18 09:41:40,1,0.416,4.5,25.8
2020-12-18 09:41:40,2,0.411,4.51,-20.0
2020-12-18 09:41:40,3,0.42,4.52,-20.0
2020-12-18 09:41:40,4,0.415,4.48,-20.0
2020-12-18 09:41:40,5,0.401,4.5,-20.0
2020-12-18 09:41:40,6,0.414,4.49,-20.0
2020-12-18 09:41:40,7,0.407,4.48,-20.0
2020-12-18 09:41:40,8,0.406,4.5,-20.0
2020-12-18 09:41:40,9,0.412,4.49,-20.0
2020-12-18 09:41:40,10,0.417,4.5,-20.0
2020-12-18 09:41:40,11,0.419,4.47,-20.0
2020-12-18 09:41:40,12,0.418,4.47,-20.0
2020-12-18 09:41:40,13,0.409,4.48,25.3
2020-12-18 09:41:40,14,0.414,4.49,-20.0
2020-12-18 09:41:40,15,0.408,4.51,-20.0
2020-12-18 09:41:40,16,0.425,4.5,-20.0
2020-12-18 09:41:40,17,0.421,4.48,-20.0
2020-12-18 09:41:40,18,0.428,4.5,-20.0
2020-12-18 09:41:40,19,0.438,4.47,-20.0
2020-12-18 09:41:40,20,0.415,4.49,-20.0
2020-12-18 09:41:40,21,0.42,4.5,-20.0
2020-12-18 09:41:40,22,0.418,4.48,-20.0
2020-12-18 09:41:40,23,0.447,4.49,-20.0
2020-12-18 09:41:40,24,0.41,4.5,-20.0
2020-12-18 09:41:40,25,0.416,4.49,24.5
2020-12-18 09:41:40,26,0.42,4.47,-20.0
2020-12-18 09:41:40,27,0.408,4.47,-20.0
2020-12-18 09:41:40,28,0.42,4.46,-20.0
2020-12-18 09:41:40,29,0.419,4.46,-20.0
2020-12-18 09:41:40,30,0.418,4.48,-20.0
2020-12-18 09:41:40,31,0.421,4.46,-20.0
2020-12-18 09:41:40,32,0.412,4.47,-20.0
2020-12-18 09:41:40,33,0.413,4.48,-20.0
2020-12-18 09:41:40,34,0.416,4.49,-20.0
2020-12-18 09:41:40,35,0.406,4.48,-20.0
2020-12-18 09:41:40,36,0.405,4.49,-20.0
2020-12-18 09:41:40,37,0.407,4.48,24.8
2020-12-18 09:41:40,38,0.405,4.49,-20.0
2020-12-18 09:41:40,39,0.417,4.48,-20.0
2020-12-18 09:41:40,40,0.411,4.48,-20.0
2020-12-18 09:41:40,41,0.415,4.5,-20.0
2020-12-18 09:41:40,42,0.401,4.48,-20.0
2020-12-18 09:41:40,43,0.404,4.49,-20.0
2020-12-18 09:41:40,44,0.419,4.49,-20.0
2020-12-18 09:41:40,45,0.42,4.49,-20.0
2020-12-18 09:41:40,46,0.42,4.48,-20.0
2020-12-18 09:41:40,47,0.408,4.48,-20.0
2020-12-18 09:41:40,48,0.404,4.48,-20.0
2020-12-18 09:41:40,49,0.485,4.47,25.0
2020-12-18 09:41:40,50,0.429,4.46,-20.0
2020-12-18 09:41:40,51,0.407,4.46,-20.0
2020-12-18 09:41:40,52,0.416,4.45,-20.0
2020-12-18 09:41:40,53,0.414,4.45,-20.0
2020-12-18 09:41:40,54,0.416,4.47,-20.0
2020-12-18 09:41:40,55,0.425,4.44,-20.0
2020-12-18 09:41:40,56,0.417,4.44,-20.0
2020-12-18 09:41:40,57,0.418,4.44,-20.0
2020-12-18 09:41:40,58,0.425,4.43,-20.0
2020-12-18 09:41:40,59,0.419,4.45,-20.0
2020-12-18 09:41:40,60,0.411,4.46,-20.0
2020-12-18 09:41:40,61,0.411,4.49,24.5
2020-12-18 09:41:40,62,0.405,4.47,-20.0
2020-12-18 09:41:40,63,0.412,4.48,-20.0
2020-12-18 09:41:40,64,0.405,4.47,-20.0
2020-12-18 09:41:40,65,0.406,4.46,-20.0
2020-12-18 09:41:40,66,0.414,4.46,-20.0
2020-12-18 09:41:40,67,0.404,4.44,-20.0
2020-12-18 09:41:40,68,0.404,4.47,-20.0
2020-12-18 09:41:40,69,0.408,4.46,-20.0
2020-12-18 09:41:40,70,0.41,4.47,-20.0
2020-12-18 09:41:40,71,0.408,4.48,-20.0
2020-12-18 09:41:40,72,0.411,4.48,-20.0
2020-12-18 09:41:40,73,0.415,4.51,24.3
2020-12-18 09:41:40,74,0.404,4.49,-20.0
2020-12-18 09:41:40,75,0.421,4.47,-20.0
2020-12-18 09:41:40,76,0.425,4.46,-20.0
2020-12-18 09:41:40,77,0.419,4.52,-20.0
2020-12-18 09:41:40,78,0.41,4.48,-20.0
2020-12-18 09:41:40,79,0.41,4.49,-20.0
2020-12-18 09:41:40,80,0.415,4.51,-20.0
2020-12-18 09:41:40,81,0.419,4.5,-20.0
2020-12-18 09:41:40,82,0.423,4.51,-20.0
2020-12-18 09:41:40,83,0.421,4.5,-20.0
2020-12-18 09:41:40,84,0.419,4.5,-20.0
2020-12-18 09:41:40,85,0.415,4.48,25.3
2020-12-18 09:41:40,86,0.417,4.47,-20.0
2020-12-18 09:41:40,87,0.441,4.47,-20.0
2020-12-18 09:41:40,88,0.398,4.48,-20.0
2020-12-18 09:41:40,89,0.408,4.49,-20.0
2020-12-18 09:41:40,90,0.406,4.46,-20.0
2020-12-18 09:41:40,91,0.419,4.48,-20.0
2020-12-18 09:41:40,92,0.399,4.5,-20.0
2020-12-18 09:41:40,93,0.414,4.49,-20.0
2020-12-18 09:41:40,94,0.419,4.48,-20.0
2020-12-18 09:41:40,95,0.418,4.46,-20.0
2020-12-18 09:41:40,96,0.413,4.49,-20.0
2020-12-18 21:41:01,1,0.413,4.5,25.8
2020-12-18 21:41:01,2,0.41,4.52,-20.0
2020-12-18 21:41:01,3,0.419,4.52,-20.0
2020-12-18 21:41:01,4,0.416,4.49,-20.0
2020-12-18 21:41:01,5,0.404,4.51,-20.0
2020-12-18 21:41:01,6,0.416,4.49,-20.0
2020-12-18 21:41:01,7,0.408,4.48,-20.0
2020-12-18 21:41:01,8,0.408,4.5,-20.0
2020-12-18 21:41:01,9,0.41,4.48,-20.0
2020-12-18 21:41:01,10,0.415,4.51,-20.0
2020-12-18 21:41:01,11,0.42,4.47,-20.0
2020-12-18 21:41:01,12,0.418,4.47,-20.0
2020-12-18 21:41:01,13,0.407,4.49,25.2
2020-12-18 21:41:01,14,0.415,4.49,-20.0
2020-12-18 21:41:01,15,0.407,4.5,-20.0
2020-12-18 21:41:01,16,0.425,4.5,-20.0
2020-12-18 21:41:01,17,0.422,4.5,-20.0
2020-12-18 21:41:01,18,0.429,4.49,-20.0
2020-12-18 21:41:01,19,0.438,4.48,-20.0
2020-12-18 21:41:01,20,0.414,4.48,-20.0
2020-12-18 21:41:01,21,0.422,4.48,-20.0
2020-12-18 21:41:01,22,0.42,4.48,-20.0
2020-12-18 21:41:01,23,0.446,4.48,-20.0
2020-12-18 21:41:01,24,0.412,4.49,-20.0
2020-12-18 21:41:01,25,0.411,4.49,24.4
2020-12-18 21:41:01,26,0.419,4.47,-20.0
2020-12-18 21:41:01,27,0.394,4.47,-20.0
2020-12-18 21:41:01,28,0.415,4.47,-20.0
2020-12-18 21:41:01,29,0.409,4.46,-20.0
2020-12-18 21:41:01,30,0.414,4.48,-20.0
2020-12-18 21:41:01,31,0.419,4.47,-20.0
2020-12-18 21:41:01,32,0.395,4.48,-20.0
2020-12-18 21:41:01,33,0.407,4.48,-20.0
2020-12-18 21:41:01,34,0.407,4.48,-20.0
2020-12-18 21:41:01,35,0.408,4.47,-20.0
2020-12-18 21:41:01,36,0.408,4.49,-20.0
2020-12-18 21:41:01,37,0.412,4.47,24.7
2020-12-18 21:41:01,38,0.41,4.49,-20.0
2020-12-18 21:41:01,39,0.419,4.47,-20.0
2020-12-18 21:41:01,40,0.412,4.49,-20.0
2020-12-18 21:41:01,41,0.413,4.5,-20.0
2020-12-18 21:41:01,42,0.403,4.48,-20.0
2020-12-18 21:41:01,43,0.411,4.48,-20.0
2020-12-18 21:41:01,44,0.42,4.49,-20.0
2020-12-18 21:41:01,45,0.42,4.48,-20.0
2020-12-18 21:41:01,46,0.418,4.48,-20.0
2020-12-18 21:41:01,47,0.409,4.48,-20.0
2020-12-18 21:41:01,48,0.403,4.48,-20.0
2020-12-18 21:41:01,49,0.485,4.47,25.0
2020-12-18 21:41:01,50,0.429,4.46,-20.0
2020-12-18 21:41:01,51,0.407,4.46,-20.0
2020-12-18 21:41:01,52,0.417,4.46,-20.0
2020-12-18 21:41:01,53,0.414,4.45,-20.0
2020-12-18 21:41:01,54,0.414,4.47,-20.0
2020-12-18 21:41:01,55,0.413,4.45,-20.0
2020-12-18 21:41:01,56,0.415,4.44,-20.0
2020-12-18 21:41:01,57,0.419,4.44,-20.0
2020-12-18 21:41:01,58,0.416,4.44,-20.0
2020-12-18 21:41:01,59,0.408,4.46,-20.0
2020-12-18 21:41:01,60,0.394,4.46,-20.0
2020-12-18 21:41:01,61,0.413,4.49,24.5
2020-12-18 21:41:01,62,0.404,4.49,-20.0
2020-12-18 21:41:01,63,0.395,4.48,-20.0
2020-12-18 21:41:01,64,0.401,4.47,-20.0
2020-12-18 21:41:01,65,0.407,4.46,-20.0
2020-12-18 21:41:01,66,0.417,4.46,-20.0
2020-12-18 21:41:01,67,0.409,4.44,-20.0
2020-12-18 21:41:01,68,0.408,4.46,-20.0
2020-12-18 21:41:01,69,0.41,4.46,-20.0
2020-12-18 21:41:01,70,0.413,4.48,-20.0
2020-12-18 21:41:01,71,0.409,4.48,-20.0
2020-12-18 21:41:01,72,0.414,4.48,-20.0
2020-12-18 21:41:01,73,0.416,4.51,24.3
2020-12-18 21:41:01,74,0.405,4.49,-20.0
2020-12-18 21:41:01,75,0.422,4.48,-20.0
2020-12-18 21:41:01,76,0.425,4.46,-20.0
2020-12-18 21:41:01,77,0.418,4.52,-20.0
2020-12-18 21:41:01,78,0.41,4.48,-20.0
2020-12-18 21:41:01,79,0.408,4.49,-20.0
2020-12-18 21:41:01,80,0.417,4.51,-20.0
2020-12-18 21:41:01,81,0.42,4.5,-20.0
2020-12-18 21:41:01,82,0.425,4.51,-20.0
2020-12-18 21:41:01,83,0.422,4.5,-20.0
2020-12-18 21:41:01,84,0.42,4.49,-20.0
2020-12-18 21:41:01,85,0.416,4.47,25.2
2020-12-18 21:41:01,86,0.418,4.48,-20.0
2020-12-18 21:41:01,87,0.442,4.47,-20.0
2020-12-18 21:41:01,88,0.398,4.48,-20.0
2020-12-18 21:41:01,89,0.408,4.48,-20.0
2020-12-18 21:41:01,90,0.405,4.48,-20.0
2020-12-18 21:41:01,91,0.416,4.48,-20.0
2020-12-18 21:41:01,92,0.4,4.5,-20.0
2020-12-18 21:41:01,93,0.415,4.5,-20.0
2020-12-18 21:41:01,94,0.417,4.47,-20.0
2020-12-18 21:41:01,95,0.418,4.46,-20.0
2020-12-18 21:41:01,96,0.409,4.49,-20.0
2020-12-19 09:40:21,1,0.413,4.5,25.8
2020-12-19 09:40:21,2,0.411,4.52,-20.0
2020-12-19 09:40:21,3,0.419,4.52,-20.0
2020-12-19 09:40:21,4,0.414,4.48,-20.0
2020-12-19 09:40:21,5,0.406,4.51,-20.0
2020-12-19 09:40:21,6,0.415,4.49,-20.0
2020-12-19 09:40:21,7,0.407,4.48,-20.0
2020-12-19 09:40:21,8,0.408,4.51,-20.0
2020-12-19 09:40:21,9,0.408,4.48,-20.0
2020-12-19 09:40:21,10,0.419,4.51,-20.0
2020-12-19 09:40:21,11,0.419,4.46,-20.0
2020-12-19 09:40:21,12,0.418,4.47,-20.0
2020-12-19 09:40:21,13,0.409,4.49,25.3
2020-12-19 09:40:21,14,0.415,4.49,-20.0
2020-12-19 09:40:21,15,0.409,4.5,-20.0
2020-12-19 09:40:21,16,0.427,4.51,-20.0
2020-12-19 09:40:21,17,0.419,4.49,-20.0
2020-12-19 09:40:21,18,0.428,4.5,-20.0
2020-12-19 09:40:21,19,0.437,4.48,-20.0
2020-12-19 09:40:21,20,0.411,4.48,-20.0
2020-12-19 09:40:21,21,0.416,4.49,-20.0
2020-12-19 09:40:21,22,0.419,4.48,-20.0
2020-12-19 09:40:21,23,0.445,4.48,-20.0
2020-12-19 09:40:21,24,0.412,4.5,-20.0
2020-12-19 09:40:21,25,0.41,4.48,24.5
2020-12-19 09:40:21,26,0.418,4.46,-20.0
2020-12-19 09:40:21,27,0.392,4.46,-20.0
2020-12-19 09:40:21,28,0.419,4.47,-20.0
2020-12-19 09:40:21,29,0.412,4.46,-20.0
2020-12-19 09:40:21,30,0.414,4.49,-20.0
2020-12-19 09:40:21,31,0.419,4.47,-20.0
2020-12-19 09:40:21,32,0.4,4.49,-20.0
2020-12-19 09:40:21,33,0.409,4.49,-20.0
2020-12-19 09:40:21,34,0.409,4.49,-20.0
2020-12-19 09:40:21,35,0.409,4.47,-20.0
2020-12-19 09:40:21,36,0.406,4.5,-20.0
2020-12-19 09:40:21,37,0.414,4.49,24.8
2020-12-19 09:40:21,38,0.414,4.49,-20.0
2020-12-19 09:40:21,39,0.42,4.48,-20.0
2020-12-19 09:40:21,40,0.411,4.49,-20.0
2020-12-19 09:40:21,41,0.413,4.5,-20.0
2020-12-19 09:40:21,42,0.404,4.48,-20.0
2020-12-19 09:40:21,43,0.414,4.48,-20.0
2020-12-19 09:40:21,44,0.421,4.49,-20.0
2020-12-19 09:40:21,45,0.42,4.48,-20.0
2020-12-19 09:40:21,46,0.415,4.47,-20.0
2020-12-19 09:40:21,47,0.407,4.48,-20.0
2020-12-19 09:40:21,48,0.409,4.49,-20.0
2020-12-19 09:40:21,49,0.484,4.47,25.0
2020-12-19 09:40:21,50,0.426,4.47,-20.0
2020-12-19 09:40:21,51,0.411,4.46,-20.0
2020-12-19 09:40:21,52,0.421,4.45,-20.0
2020-12-19 09:40:21,53,0.414,4.45,-20.0
2020-12-19 09:40:21,54,0.415,4.47,-20.0
2020-12-19 09:40:21,55,0.418,4.44,-20.0
2020-12-19 09:40:21,56,0.416,4.45,-20.0
2020-12-19 09:40:21,57,0.417,4.43,-20.0
2020-12-19 09:40:21,58,0.42,4.43,-20.0
2020-12-19 09:40:21,59,0.41,4.45,-20.0
2020-12-19 09:40:21,60,0.392,4.46,-20.0
2020-12-19 09:40:21,61,0.415,4.49,24.6
2020-12-19 09:40:21,62,0.407,4.47,-20.0
2020-12-19 09:40:21,63,0.402,4.47,-20.0
2020-12-19 09:40:21,64,0.401,4.46,-20.0
2020-12-19 09:40:21,65,0.405,4.46,-20.0
2020-12-19 09:40:21,66,0.415,4.46,-20.0
2020-12-19 09:40:21,67,0.409,4.44,-20.0
2020-12-19 09:40:21,68,0.412,4.47,-20.0
2020-12-19 09:40:21,69,0.411,4.46,-20.0
2020-12-19 09:40:21,70,0.412,4.47,-20.0
2020-12-19 09:40:21,71,0.41,4.47,-20.0
2020-12-19 09:40:21,72,0.413,4.47,-20.0
2020-12-19 09:40:21,73,0.416,4.52,24.4
2020-12-19 09:40:21,74,0.405,4.5,-20.0
2020-12-19 09:40:21,75,0.423,4.48,-20.0
2020-12-19 09:40:21,76,0.424,4.45,-20.0
2020-12-19 09:40:21,77,0.422,4.53,-20.0
2020-12-19 09:40:21,78,0.409,4.49,-20.0
2020-12-19 09:40:21,79,0.408,4.49,-20.0
2020-12-19 09:40:21,80,0.417,4.5,-20.0
2020-12-19 09:40:21,81,0.421,4.5,-20.0
2020-12-19 09:40:21,82,0.425,4.51,-20.0
2020-12-19 09:40:21,83,0.421,4.5,-20.0
2020-12-19 09:40:21,84,0.42,4.49,-20.0
2020-12-19 09:40:21,85,0.42,4.48,25.3
2020-12-19 09:40:21,86,0.425,4.47,-20.0
2020-12-19 09:40:21,87,0.441,4.48,-20.0
2020-12-19 09:40:21,88,0.4,4.47,-20.0
2020-12-19 09:40:21,89,0.411,4.49,-20.0
2020-12-19 09:40:21,90,0.405,4.47,-20.0
2020-12-19 09:40:21,91,0.417,4.47,-20.0
2020-12-19 09:40:21,92,0.4,4.5,-20.0
2020-12-19 09:40:21,93,0.413,4.49,-20.0
2020-12-19 09:40:21,94,0.418,4.46,-20.0
2020-12-19 09:40:21,95,0.413,4.47,-20.0
2020-12-19 09:40:21,96,0.406,4.49,-20.0
2020-12-19 21:39:55,1,0.415,4.51,25.8
2020-12-19 21:39:55,2,0.413,4.52,-20.0
2020-12-19 21:39:55,3,0.419,4.52,-20.0
2020-12-19 21:39:55,4,0.417,4.49,-20.0
2020-12-19 21:39:55,5,0.406,4.51,-20.0
2020-12-19 21:39:55,6,0.416,4.49,-20.0
2020-12-19 21:39:55,7,0.408,4.47,-20.0
2020-12-19 21:39:55,8,0.411,4.51,-20.0
2020-12-19 21:39:55,9,0.408,4.49,-20.0
2020-12-19 21:39:55,10,0.419,4.51,-20.0
2020-12-19 21:39:55,11,0.419,4.47,-20.0
2020-12-19 21:39:55,12,0.42,4.47,-20.0
2020-12-19 21:39:55,13,0.411,4.49,25.3
2020-12-19 21:39:55,14,0.414,4.49,-20.0
2020-12-19 21:39:55,15,0.408,4.5,-20.0
2020-12-19 21:39:55,16,0.423,4.5,-20.0
2020-12-19 21:39:55,17,0.418,4.48,-20.0
2020-12-19 21:39:55,18,0.424,4.49,-20.0
2020-12-19 21:39:55,19,0.43,4.47,-20.0
2020-12-19 21:39:55,20,0.409,4.49,-20.0
2020-12-19 21:39:55,21,0.414,4.48,-20.0
2020-12-19 21:39:55,22,0.422,4.47,-20.0
2020-12-19 21:39:55,23,0.433,4.49,-20.0
2020-12-19 21:39:55,24,0.41,4.5,-20.0
2020-12-19 21:39:55,25,0.411,4.49,24.5
2020-12-19 21:39:55,26,0.414,4.47,-20.0
2020-12-19 21:39:55,27,0.399,4.47,-20.0
2020-12-19 21:39:55,28,0.417,4.47,-20.0
2020-12-19 21:39:55,29,0.414,4.48,-20.0
2020-12-19 21:39:55,30,0.416,4.49,-20.0
2020-12-19 21:39:55,31,0.417,4.47,-20.0
2020-12-19 21:39:55,32,0.401,4.48,-20.0
2020-12-19 21:39:55,33,0.41,4.49,-20.0
2020-12-19 21:39:55,34,0.41,4.48,-20.0
2020-12-19 21:39:55,35,0.409,4.49,-20.0
2020-12-19 21:39:55,36,0.401,4.49,-20.0
2020-12-19 21:39:55,37,0.412,4.48,24.8
2020-12-19 21:39:55,38,0.413,4.5,-20.0
2020-12-19 21:39:55,39,0.42,4.48,-20.0
2020-12-19 21:39:55,40,0.412,4.49,-20.0
2020-12-19 21:39:55,41,0.413,4.5,-20.0
2020-12-19 21:39:55,42,0.405,4.49,-20.0
2020-12-19 21:39:55,43,0.416,4.48,-20.0
2020-12-19 21:39:55,44,0.423,4.49,-20.0
2020-12-19 21:39:55,45,0.419,4.49,-20.0
2020-12-19 21:39:55,46,0.417,4.48,-20.0
2020-12-19 21:39:55,47,0.409,4.48,-20.0
2020-12-19 21:39:55,48,0.407,4.48,-20.0
2020-12-19 21:39:55,49,0.48,4.47,25.0
2020-12-19 21:39:55,50,0.424,4.47,-20.0
2020-12-19 21:39:55,51,0.41,4.46,-20.0
2020-12-19 21:39:55,52,0.416,4.46,-20.0
2020-12-19 21:39:55,53,0.412,4.45,-20.0
2020-12-19 21:39:55,54,0.412,4.47,-20.0
2020-12-19 21:39:55,55,0.409,4.44,-20.0
2020-12-19 21:39:55,56,0.416,4.45,-20.0
2020-12-19 21:39:55,57,0.418,4.44,-20.0
2020-12-19 21:39:55,58,0.422,4.43,-20.0
2020-12-19 21:39:55,59,0.412,4.44,-20.0
2020-12-19 21:39:55,60,0.398,4.46,-20.0
2020-12-19 21:39:55,61,0.412,4.49,24.6
2020-12-19 21:39:55,62,0.409,4.48,-20.0
2020-12-19 21:39:55,63,0.406,4.48,-20.0
2020-12-19 21:39:55,64,0.404,4.47,-20.0
2020-12-19 21:39:55,65,0.406,4.46,-20.0
2020-12-19 21:39:55,66,0.415,4.46,-20.0
2020-12-19 21:39:55,67,0.41,4.44,-20.0
2020-12-19 21:39:55,68,0.414,4.47,-20.0
2020-12-19 21:39:55,69,0.412,4.46,-20.0
2020-12-19 21:39:55,70,0.411,4.47,-20.0
2020-12-19 21:39:55,71,0.41,4.48,-20.0
2020-12-19 21:39:55,72,0.414,4.48,-20.0
2020-12-19 21:39:55,73,0.416,4.52,24.3
2020-12-19 21:39:55,74,0.408,4.49,-20.0
2020-12-19 21:39:55,75,0.421,4.47,-20.0
2020-12-19 21:39:55,76,0.42,4.46,-20.0
2020-12-19 21:39:55,77,0.424,4.52,-20.0
2020-12-19 21:39:55,78,0.411,4.48,-20.0
2020-12-19 21:39:55,79,0.409,4.49,-20.0
2020-12-19 21:39:55,80,0.416,4.51,-20.0
2020-12-19 21:39:55,81,0.422,4.5,-20.0
2020-12-19 21:39:55,82,0.427,4.51,-20.0
2020-12-19 21:39:55,83,0.421,4.5,-20.0
2020-12-19 21:39:55,84,0.421,4.5,-20.0
2020-12-19 21:39:55,85,0.419,4.47,25.3
2020-12-19 21:39:55,86,0.42,4.48,-20.0
2020-12-19 21:39:55,87,0.44,4.47,-20.0
2020-12-19 21:39:55,88,0.402,4.48,-20.0
2020-12-19 21:39:55,89,0.413,4.48,-20.0
2020-12-19 21:39:55,90,0.409,4.47,-20.0
2020-12-19 21:39:55,91,0.42,4.48,-20.0
2020-12-19 21:39:55,92,0.401,4.5,-20.0
2020-12-19 21:39:55,93,0.416,4.49,-20.0
2020-12-19 21:39:55,94,0.419,4.48,-20.0
2020-12-19 21:39:55,95,0.415,4.47,-20.0
2020-12-19 21:39:55,96,0.409,4.5,-20.0
2020-12-20 09:39:18,1,0.417,4.5,25.8
2020-12-20 09:39:18,2,0.412,4.52,-20.0
2020-12-20 09:39:18,3,0.417,4.52,-20.0
2020-12-20 09:39:18,4,0.416,4.48,-20.0
2020-12-20 09:39:18,5,0.407,4.51,-20.0
2020-12-20 09:39:18,6,0.416,4.48,-20.0
2020-12-20 09:39:18,7,0.406,4.48,-20.0
2020-12-20 09:39:18,8,0.411,4.51,-20.0
2020-12-20 09:39:18,9,0.409,4.49,-20.0
2020-12-20 09:39:18,10,0.419,4.51,-20.0
2020-12-20 09:39:18,11,0.42,4.47,-20.0
2020-12-20 09:39:18,12,0.42,4.47,-20.0
2020-12-20 09:39:18,13,0.411,4.49,25.3
2020-12-20 09:39:18,14,0.414,4.49,-20.0
2020-12-20 09:39:18,15,0.408,4.51,-20.0
2020-12-20 09:39:18,16,0.424,4.51,-20.0
2020-12-20 09:39:18,17,0.416,4.48,-20.0
2020-12-20 09:39:18,18,0.426,4.49,-20.0
2020-12-20 09:39:18,19,0.433,4.48,-20.0
2020-12-20 09:39:18,20,0.41,4.48,-20.0
2020-12-20 09:39:18,21,0.415,4.49,-20.0
2020-12-20 09:39:18,22,0.422,4.48,-20.0
2020-12-20 09:39:18,23,0.435,4.48,-20.0
2020-12-20 09:39:18,24,0.407,4.5,-20.0
2020-12-20 09:39:18,25,0.411,4.48,24.5
2020-12-20 09:39:18,26,0.416,4.47,-20.0
2020-12-20 09:39:18,27,0.401,4.46,-20.0
2020-12-20 09:39:18,28,0.415,4.47,-20.0
2020-12-20 09:39:18,29,0.412,4.47,-20.0
2020-12-20 09:39:18,30,0.416,4.49,-20.0
2020-12-20 09:39:18,31,0.414,4.47,-20.0
2020-12-20 09:39:18,32,0.405,4.48,-20.0
2020-12-20 09:39:18,33,0.409,4.48,-20.0
2020-12-20 09:39:18,34,0.411,4.49,-20.0
2020-12-20 09:39:18,35,0.408,4.47,-20.0
2020-12-20 09:39:18,36,0.404,4.49,-20.0
2020-12-20 09:39:18,37,0.416,4.48,24.8
2020-12-20 09:39:18,38,0.414,4.5,-20.0
2020-12-20 09:39:18,39,0.42,4.47,-20.0
2020-12-20 09:39:18,40,0.409,4.48,-20.0
2020-12-20 09:39:18,41,0.411,4.5,-20.0
2020-12-20 09:39:18,42,0.403,4.48,-20.0
2020-12-20 09:39:18,43,0.416,4.48,-20.0
2020-12-20 09:39:18,44,0.427,4.48,-20.0
2020-12-20 09:39:18,45,0.417,4.48,-20.0
2020-12-20 09:39:18,46,0.417,4.48,-20.0
2020-12-20 09:39:18,47,0.408,4.48,-20.0
2020-12-20 09:39:18,48,0.408,4.48,-20.0
2020-12-20 09:39:18,49,0.483,4.46,25.1
2020-12-20 09:39:18,50,0.425,4.48,-20.0
2020-12-20 09:39:18,51,0.408,4.46,-20.0
2020-12-20 09:39:18,52,0.414,4.46,-20.0
2020-12-20 09:39:18,53,0.414,4.45,-20.0
2020-12-20 09:39:18,54,0.413,4.48,-20.0
2020-12-20 09:39:18,55,0.417,4.45,-20.0
2020-12-20 09:39:18,56,0.415,4.45,-20.0
2020-12-20 09:39:18,57,0.418,4.44,-20.0
2020-12-20 09:39:18,58,0.421,4.43,-20.0
2020-12-20 09:39:18,59,0.418,4.45,-20.0
2020-12-20 09:39:18,60,0.399,4.46,-20.0
2020-12-20 09:39:18,61,0.415,4.49,24.6
2020-12-20 09:39:18,62,0.409,4.48,-20.0
2020-12-20 09:39:18,63,0.407,4.47,-20.0
2020-12-20 09:39:18,64,0.403,4.47,-20.0
2020-12-20 09:39:18,65,0.41,4.46,-20.0
2020-12-20 09:39:18,66,0.416,4.46,-20.0
2020-12-20 09:39:18,67,0.41,4.44,-20.0
2020-12-20 09:39:18,68,0.419,4.47,-20.0
2020-12-20 09:39:18,69,0.415,4.46,-20.0
2020-12-20 09:39:18,70,0.407,4.47,-20.0
2020-12-20 09:39:18,71,0.41,4.48,-20.0
2020-12-20 09:39:18,72,0.412,4.47,-20.0
2020-12-20 09:39:18,73,0.417,4.52,24.3
2020-12-20 09:39:18,74,0.409,4.49,-20.0
2020-12-20 09:39:18,75,0.42,4.48,-20.0
2020-12-20 09:39:18,76,0.419,4.46,-20.0
2020-12-20 09:39:18,77,0.421,4.53,-20.0
2020-12-20 09:39:18,78,0.409,4.49,-20.0
2020-12-20 09:39:18,79,0.412,4.49,-20.0
2020-12-20 09:39:18,80,0.418,4.51,-20.0
2020-12-20 09:39:18,81,0.421,4.5,-20.0
2020-12-20 09:39:18,82,0.422,4.51,-20.0
2020-12-20 09:39:18,83,0.422,4.5,-20.0
2020-12-20 09:39:18,84,0.421,4.49,-20.0
2020-12-20 09:39:18,85,0.421,4.48,25.3
2020-12-20 09:39:18,86,0.42,4.47,-20.0
2020-12-20 09:39:18,87,0.44,4.48,-20.0
2020-12-20 09:39:18,88,0.403,4.48,-20.0
2020-12-20 09:39:18,89,0.405,4.49,-20.0
2020-12-20 09:39:18,90,0.404,4.47,-20.0
2020-12-20 09:39:18,91,0.417,4.47,-20.0
2020-12-20 09:39:18,92,0.399,4.5,-20.0
2020-12-20 09:39:18,93,0.413,4.5,-20.0
2020-12-20 09:39:18,94,0.416,4.47,-20.0
2020-12-20 09:39:18,95,0.412,4.47,-20.0
2020-12-20 09:39:18,96,0.399,4.49,-20.0
2020-12-20 21:38:41,1,0.414,4.5,25.8
2020-12-20 21:38:41,2,0.412,4.52,-20.0
2020-12-20 21:38:41,3,0.416,4.51,-20.0
2020-12-20 21:38:41,4,0.415,4.48,-20.0
2020-12-20 21:38:41,5,0.404,4.51,-20.0
2020-12-20 21:38:41,6,0.413,4.49,-20.0
2020-12-20 21:38:41,7,0.401,4.48,-20.0
2020-12-20 21:38:41,8,0.408,4.51,-20.0
2020-12-20 21:38:41,9,0.408,4.49,-20.0
2020-12-20 21:38:41,10,0.416,4.5,-20.0
2020-12-20 21:38:41,11,0.419,4.47,-20.0
2020-12-20 21:38:41,12,0.415,4.47,-20.0
2020-12-20 21:38:41,13,0.41,4.49,25.4
2020-12-20 21:38:41,14,0.412,4.49,-20.0
2020-12-20 21:38:41,15,0.409,4.51,-20.0
2020-12-20 21:38:41,16,0.424,4.5,-20.0
2020-12-20 21:38:41,17,0.418,4.48,-20.0
2020-12-20 21:38:41,18,0.425,4.49,-20.0
2020-12-20 21:38:41,19,0.433,4.47,-20.0
2020-12-20 21:38:41,20,0.411,4.48,-20.0
2020-12-20 21:38:41,21,0.415,4.5,-20.0
2020-12-20 21:38:41,22,0.42,4.48,-20.0
2020-12-20 21:38:41,23,0.436,4.49,-20.0
2020-12-20 21:38:41,24,0.407,4.49,-20.0
2020-12-20 21:38:41,25,0.414,4.49,24.5
2020-12-20 21:38:41,26,0.416,4.48,-20.0
2020-12-20 21:38:41,27,0.403,4.46,-20.0
2020-12-20 21:38:41,28,0.416,4.47,-20.0
2020-12-20 21:38:41,29,0.417,4.47,-20.0
2020-12-20 21:38:41,30,0.415,4.48,-20.0
2020-12-20 21:38:41,31,0.415,4.47,-20.0
2020-12-20 21:38:41,32,0.406,4.48,-20.0
2020-12-20 21:38:41,33,0.41,4.49,-20.0
2020-12-20 21:38:41,34,0.411,4.48,-20.0
2020-12-20 21:38:41,35,0.41,4.47,-20.0
2020-12-20 21:38:41,36,0.404,4.5,-20.0
2020-12-20 21:38:41,37,0.409,4.47,24.8
2020-12-20 21:38:41,38,0.417,4.5,-20.0
2020-12-20 21:38:41,39,0.42,4.47,-20.0
2020-12-20 21:38:41,40,0.412,4.48,-20.0
2020-12-20 21:38:41,41,0.411,4.5,-20.0
2020-12-20 21:38:41,42,0.407,4.48,-20.0
2020-12-20 21:38:41,43,0.419,4.48,-20.0
2020-12-20 21:38:41,44,0.425,4.5,-20.0
2020-12-20 21:38:41,45,0.419,4.49,-20.0
2020-12-20 21:38:41,46,0.419,4.47,-20.0
2020-12-20 21:38:41,47,0.411,4.49,-20.0
2020-12-20 21:38:41,48,0.41,4.48,-20.0
2020-12-20 21:38:41,49,0.482,4.46,25.1
2020-12-20 21:38:41,50,0.423,4.46,-20.0
2020-12-20 21:38:41,51,0.408,4.46,-20.0
2020-12-20 21:38:41,52,0.414,4.46,-20.0
2020-12-20 21:38:41,53,0.415,4.46,-20.0
2020-12-20 21:38:41,54,0.413,4.47,-20.0
2020-12-20 21:38:41,55,0.42,4.44,-20.0
2020-12-20 21:38:41,56,0.417,4.44,-20.0
2020-12-20 21:38:41,57,0.421,4.43,-20.0
2020-12-20 21:38:41,58,0.423,4.43,-20.0
2020-12-20 21:38:41,59,0.418,4.45,-20.0
2020-12-20 21:38:41,60,0.403,4.46,-20.0
2020-12-20 21:38:41,61,0.416,4.49,24.6
2020-12-20 21:38:41,62,0.405,4.47,-20.0
2020-12-20 21:38:41,63,0.406,4.48,-20.0
2020-12-20 21:38:41,64,0.406,4.47,-20.0
2020-12-20 21:38:41,65,0.415,4.46,-20.0
2020-12-20 21:38:41,66,0.415,4.46,-20.0
2020-12-20 21:38:41,67,0.41,4.44,-20.0
2020-12-20 21:38:41,68,0.415,4.46,-20.0
2020-12-20 21:38:41,69,0.415,4.45,-20.0
2020-12-20 21:38:41,70,0.408,4.47,-20.0
2020-12-20 21:38:41,71,0.409,4.48,-20.0
2020-12-20 21:38:41,72,0.416,4.48,-20.0
2020-12-20 21:38:41,73,0.418,4.52,24.4
2020-12-20 21:38:41,74,0.408,4.48,-20.0
2020-12-20 21:38:41,75,0.423,4.48,-20.0
2020-12-20 21:38:41,76,0.418,4.46,-20.0
2020-12-20 21:38:41,77,0.421,4.52,-20.0
2020-12-20 21:38:41,78,0.411,4.48,-20.0
2020-12-20 21:38:41,79,0.412,4.49,-20.0
2020-12-20 21:38:41,80,0.42,4.51,-20.0
2020-12-20 21:38:41,81,0.421,4.5,-20.0
2020-12-20 21:38:41,82,0.424,4.51,-20.0
2020-12-20 21:38:41,83,0.423,4.49,-20.0
2020-12-20 21:38:41,84,0.419,4.5,-20.0
2020-12-20 21:38:41,85,0.418,4.48,25.3
2020-12-20 21:38:41,86,0.417,4.47,-20.0
2020-12-20 21:38:41,87,0.441,4.48,-20.0
2020-12-20 21:38:41,88,0.401,4.48,-20.0
2020-12-20 21:38:41,89,0.405,4.49,-20.0
2020-12-20 21:38:41,90,0.404,4.47,-20.0
2020-12-20 21:38:41,91,0.419,4.47,-20.0
2020-12-20 21:38:41,92,0.401,4.49,-20.0
2020-12-20 21:38:41,93,0.411,4.5,-20.0
2020-12-20 21:38:41,94,0.417,4.48,-20.0
2020-12-20 21:38:41,95,0.415,4.47,-20.0
2020-12-20 21:38:41,96,0.403,4.49,-20.0
2020-12-21 09:38:12,1,0.417,4.51,25.9
2020-12-21 09:38:12,2,0.411,4.51,-20.0
2020-12-21 09:38:12,3,0.417,4.51,-20.0
2020-12-21 09:38:12,4,0.415,4.49,-20.0
2020-12-21 09:38:12,5,0.405,4.51,-20.0
2020-12-21 09:38:12,6,0.413,4.49,-20.0
2020-12-21 09:38:12,7,0.403,4.48,-20.0
2020-12-21 09:38:12,8,0.405,4.51,-20.0
2020-12-21 09:38:12,9,0.409,4.49,-20.0
2020-12-21 09:38:12,10,0.416,4.51,-20.0
2020-12-21 09:38:12,11,0.418,4.46,-20.0
2020-12-21 09:38:12,12,0.414,4.47,-20.0
2020-12-21 09:38:12,13,0.41,4.5,25.4
2020-12-21 09:38:12,14,0.412,4.48,-20.0
2020-12-21 09:38:12,15,0.411,4.5,-20.0
2020-12-21 09:38:12,16,0.427,4.5,-20.0
2020-12-21 09:38:12,17,0.419,4.49,-20.0
2020-12-21 09:38:12,18,0.427,4.49,-20.0
2020-12-21 09:38:12,19,0.434,4.47,-20.0
2020-12-21 09:38:12,20,0.412,4.48,-20.0
2020-12-21 09:38:12,21,0.413,4.49,-20.0
2020-12-21 09:38:12,22,0.416,4.47,-20.0
2020-12-21 09:38:12,23,0.437,4.49,-20.0
2020-12-21 09:38:12,24,0.404,4.49,-20.0
2020-12-21 09:38:12,25,0.415,4.49,24.5
2020-12-21 09:38:12,26,0.42,4.47,-20.0
2020-12-21 09:38:12,27,0.408,4.45,-20.0
2020-12-21 09:38:12,28,0.418,4.46,-20.0
2020-12-21 09:38:12,29,0.419,4.48,-20.0
2020-12-21 09:38:12,30,0.418,4.49,-20.0
2020-12-21 09:38:12,31,0.417,4.47,-20.0
2020-12-21 09:38:12,32,0.408,4.48,-20.0
2020-12-21 09:38:12,33,0.412,4.48,-20.0
2020-12-21 09:38:12,34,0.412,4.49,-20.0
2020-12-21 09:38:12,35,0.407,4.47,-20.0
2020-12-21 09:38:12,36,0.404,4.49,-20.0
2020-12-21 09:38:12,37,0.412,4.49,24.8
2020-12-21 09:38:12,38,0.414,4.49,-20.0
2020-12-21 09:38:12,39,0.421,4.48,-20.0
2020-12-21 09:38:12,40,0.414,4.48,-20.0
2020-12-21 09:38:12,41,0.411,4.5,-20.0
2020-12-21 09:38:12,42,0.408,4.48,-20.0
2020-12-21 09:38:12,43,0.42,4.48,-20.0
2020-12-21 09:38:12,44,0.429,4.49,-20.0
2020-12-21 09:38:12,45,0.419,4.48,-20.0
2020-12-21 09:38:12,46,0.418,4.48,-20.0
2020-12-21 09:38:12,47,0.4,4.48,-20.0
2020-12-21 09:38:12,48,0.391,4.48,-20.0
2020-12-21 09:38:12,49,0.485,4.47,25.1
2020-12-21 09:38:12,50,0.426,4.47,-20.0
2020-12-21 09:38:12,51,0.408,4.46,-20.0
2020-12-21 09:38:12,52,0.413,4.46,-20.0
2020-12-21 09:38:12,53,0.413,4.45,-20.0
2020-12-21 09:38:12,54,0.415,4.47,-20.0
2020-12-21 09:38:12,55,0.422,4.44,-20.0
2020-12-21 09:38:12,56,0.414,4.45,-20.0
2020-12-21 09:38:12,57,0.421,4.44,-20.0
2020-12-21 09:38:12,58,0.423,4.44,-20.0
2020-12-21 09:38:12,59,0.421,4.45,-20.0
2020-12-21 09:38:12,60,0.409,4.46,-20.0
2020-12-21 09:38:12,61,0.412,4.49,24.6
2020-12-21 09:38:12,62,0.405,4.47,-20.0
2020-12-21 09:38:12,63,0.405,4.47,-20.0
2020-12-21 09:38:12,64,0.407,4.46,-20.0
2020-12-21 09:38:12,65,0.416,4.46,-20.0
2020-12-21 09:38:12,66,0.415,4.46,-20.0
2020-12-21 09:38:12,67,0.411,4.44,-20.0
2020-12-21 09:38:12,68,0.416,4.46,-20.0
2020-12-21 09:38:12,69,0.414,4.46,-20.0
2020-12-21 09:38:12,70,0.409,4.47,-20.0
2020-12-21 09:38:12,71,0.408,4.48,-20.0
2020-12-21 09:38:12,72,0.415,4.48,-20.0
2020-12-21 09:38:12,73,0.417,4.52,24.4
2020-12-21 09:38:12,74,0.407,4.49,-20.0
2020-12-21 09:38:12,75,0.423,4.48,-20.0
2020-12-21 09:38:12,76,0.423,4.45,-20.0
2020-12-21 09:38:12,77,0.42,4.52,-20.0
2020-12-21 09:38:12,78,0.411,4.49,-20.0
2020-12-21 09:38:12,79,0.414,4.48,-20.0
2020-12-21 09:38:12,80,0.424,4.51,-20.0
2020-12-21 09:38:12,81,0.417,4.5,-20.0
2020-12-21 09:38:12,82,0.415,4.5,-20.0
2020-12-21 09:38:12,83,0.422,4.5,-20.0
2020-12-21 09:38:12,84,0.418,4.49,-20.0
2020-12-21 09:38:12,85,0.41,4.48,25.4
2020-12-21 09:38:12,86,0.416,4.47,-20.0
2020-12-21 09:38:12,87,0.437,4.48,-20.0
2020-12-21 09:38:12,88,0.401,4.47,-20.0
2020-12-21 09:38:12,89,0.403,4.49,-20.0
2020-12-21 09:38:12,90,0.409,4.47,-20.0
2020-12-21 09:38:12,91,0.418,4.48,-20.0
2020-12-21 09:38:12,92,0.401,4.5,-20.0
2020-12-21 09:38:12,93,0.412,4.5,-20.0
2020-12-21 09:38:12,94,0.417,4.48,-20.0
2020-12-21 09:38:12,95,0.414,4.47,-20.0
2020-12-21 09:38:12,96,0.402,4.49,-20.0
2020-12-21 21:37:41,1,0.414,4.5,25.7
2020-12-21 21:37:41,2,0.41,4.52,-20.0
2020-12-21 21:37:41,3,0.415,4.51,-20.0
2020-12-21 21:37:41,4,0.41,4.49,-20.0
2020-12-21 21:37:41,5,0.403,4.51,-20.0
2020-12-21 21:37:41,6,0.412,4.48,-20.0
2020-12-21 21:37:41,7,0.401,4.48,-20.0
2020-12-21 21:37:41,8,0.403,4.5,-20.0
2020-12-21 21:37:41,9,0.407,4.48,-20.0
2020-12-21 21:37:41,10,0.416,4.51,-20.0
2020-12-21 21:37:41,11,0.416,4.46,-20.0
2020-12-21 21:37:41,12,0.419,4.47,-20.0
2020-12-21 21:37:41,13,0.41,4.49,25.1
2020-12-21 21:37:41,14,0.412,4.49,-20.0
2020-12-21 21:37:41,15,0.412,4.51,-20.0
2020-12-21 21:37:41,16,0.425,4.51,-20.0
2020-12-21 21:37:41,17,0.42,4.48,-20.0
2020-12-21 21:37:41,18,0.425,4.49,-20.0
2020-12-21 21:37:41,19,0.438,4.48,-20.0
2020-12-21 21:37:41,20,0.411,4.48,-20.0
2020-12-21 21:37:41,21,0.415,4.5,-20.0
2020-12-21 21:37:41,22,0.417,4.48,-20.0
2020-12-21 21:37:41,23,0.438,4.49,-20.0
2020-12-21 21:37:41,24,0.405,4.5,-20.0
2020-12-21 21:37:41,25,0.414,4.5,24.0
2020-12-21 21:37:41,26,0.421,4.47,-20.0
2020-12-21 21:37:41,27,0.406,4.47,-20.0
2020-12-21 21:37:41,28,0.419,4.46,-20.0
2020-12-21 21:37:41,29,0.419,4.46,-20.0
2020-12-21 21:37:41,30,0.419,4.49,-20.0
2020-12-21 21:37:41,31,0.418,4.46,-20.0
2020-12-21 21:37:41,32,0.409,4.48,-20.0
2020-12-21 21:37:41,33,0.41,4.49,-20.0
2020-12-21 21:37:41,34,0.413,4.49,-20.0
2020-12-21 21:37:41,35,0.406,4.48,-20.0
2020-12-21 21:37:41,36,0.405,4.5,-20.0
2020-12-21 21:37:41,37,0.412,4.48,24.3
2020-12-21 21:37:41,38,0.412,4.5,-20.0
2020-12-21 21:37:41,39,0.422,4.48,-20.0
2020-12-21 21:37:41,40,0.417,4.48,-20.0
2020-12-21 21:37:41,41,0.409,4.49,-20.0
2020-12-21 21:37:41,42,0.406,4.48,-20.0
2020-12-21 21:37:41,43,0.42,4.48,-20.0
2020-12-21 21:37:41,44,0.429,4.49,-20.0
2020-12-21 21:37:41,45,0.417,4.48,-20.0
2020-12-21 21:37:41,46,0.415,4.48,-20.0
2020-12-21 21:37:41,47,0.406,4.48,-20.0
2020-12-21 21:37:41,48,0.399,4.48,-20.0
2020-12-21 21:37:41,49,0.486,4.47,25.0
2020-12-21 21:37:41,50,0.425,4.47,-20.0
2020-12-21 21:37:41,51,0.407,4.47,-20.0
2020-12-21 21:37:41,52,0.414,4.45,-20.0
2020-12-21 21:37:41,53,0.413,4.46,-20.0
2020-12-21 21:37:41,54,0.413,4.47,-20.0
2020-12-21 21:37:41,55,0.426,4.44,-20.0
2020-12-21 21:37:41,56,0.417,4.44,-20.0
2020-12-21 21:37:41,57,0.422,4.44,-20.0
2020-12-21 21:37:41,58,0.423,4.43,-20.0
2020-12-21 21:37:41,59,0.426,4.46,-20.0
2020-12-21 21:37:41,60,0.411,4.46,-20.0
2020-12-21 21:37:41,61,0.415,4.48,24.3
2020-12-21 21:37:41,62,0.403,4.48,-20.0
2020-12-21 21:37:41,63,0.409,4.47,-20.0
2020-12-21 21:37:41,64,0.409,4.46,-20.0
2020-12-21 21:37:41,65,0.415,4.46,-20.0
2020-12-21 21:37:41,66,0.417,4.46,-20.0
2020-12-21 21:37:41,67,0.409,4.43,-20.0
2020-12-21 21:37:41,68,0.419,4.47,-20.0
2020-12-21 21:37:41,69,0.416,4.46,-20.0
2020-12-21 21:37:41,70,0.412,4.47,-20.0
2020-12-21 21:37:41,71,0.409,4.48,-20.0
2020-12-21 21:37:41,72,0.414,4.48,-20.0
2020-12-21 21:37:41,73,0.412,4.51,24.1
2020-12-21 21:37:41,74,0.405,4.48,-20.0
2020-12-21 21:37:41,75,0.425,4.47,-20.0
2020-12-21 21:37:41,76,0.423,4.46,-20.0
2020-12-21 21:37:41,77,0.419,4.51,-20.0
2020-12-21 21:37:41,78,0.41,4.47,-20.0
2020-12-21 21:37:41,79,0.414,4.48,-20.0
2020-12-21 21:37:41,80,0.424,4.51,-20.0
2020-12-21 21:37:41,81,0.419,4.5,-20.0
2020-12-21 21:37:41,82,0.417,4.51,-20.0
2020-12-21 21:37:41,83,0.422,4.5,-20.0
2020-12-21 21:37:41,84,0.416,4.5,-20.0
2020-12-21 21:37:41,85,0.411,4.48,25.1
2020-12-21 21:37:41,86,0.417,4.47,-20.0
2020-12-21 21:37:41,87,0.44,4.47,-20.0
2020-12-21 21:37:41,88,0.399,4.48,-20.0
2020-12-21 21:37:41,89,0.408,4.49,-20.0
2020-12-21 21:37:41,90,0.408,4.48,-20.0
2020-12-21 21:37:41,91,0.418,4.47,-20.0
2020-12-21 21:37:41,92,0.399,4.5,-20.0
2020-12-21 21:37:41,93,0.414,4.5,-20.0
2020-12-21 21:37:41,94,0.418,4.47,-20.0
2020-12-21 21:37:41,95,0.414,4.46,-20.0
2020-12-21 21:37:41,96,0.404,4.49,-20.0
2020-12-22 09:37:07,1,0.418,4.5,25.6
2020-12-22 09:37:07,2,0.412,4.51,-20.0
2020-12-22 09:37:07,3,0.418,4.51,-20.0
2020-12-22 09:37:07,4,0.411,4.49,-20.0
2020-12-22 09:37:07,5,0.405,4.51,-20.0
2020-12-22 09:37:07,6,0.415,4.48,-20.0
2020-12-22 09:37:07,7,0.403,4.48,-20.0
2020-12-22 09:37:07,8,0.405,4.5,-20.0
2020-12-22 09:37:07,9,0.408,4.48,-20.0
2020-12-22 09:37:07,10,0.418,4.51,-20.0
2020-12-22 09:37:07,11,0.418,4.46,-20.0
2020-12-22 09:37:07,12,0.42,4.47,-20.0
2020-12-22 09:37:07,13,0.41,4.48,25.0
2020-12-22 09:37:07,14,0.413,4.5,-20.0
2020-12-22 09:37:07,15,0.412,4.51,-20.0
2020-12-22 09:37:07,16,0.427,4.5,-20.0
2020-12-22 09:37:07,17,0.42,4.48,-20.0
2020-12-22 09:37:07,18,0.429,4.5,-20.0
2020-12-22 09:37:07,19,0.441,4.48,-20.0
2020-12-22 09:37:07,20,0.411,4.47,-20.0
2020-12-22 09:37:07,21,0.414,4.48,-20.0
2020-12-22 09:37:07,22,0.417,4.48,-20.0
2020-12-22 09:37:07,23,0.443,4.48,-20.0
2020-12-22 09:37:07,24,0.408,4.49,-20.0
2020-12-22 09:37:07,25,0.414,4.49,23.9
2020-12-22 09:37:07,26,0.423,4.48,-20.0
2020-12-22 09:37:07,27,0.411,4.47,-20.0
2020-12-22 09:37:07,28,0.417,4.47,-20.0
2020-12-22 09:37:07,29,0.422,4.47,-20.0
2020-12-22 09:37:07,30,0.415,4.48,-20.0
2020-12-22 09:37:07,31,0.418,4.47,-20.0
2020-12-22 09:37:07,32,0.41,4.48,-20.0
2020-12-22 09:37:07,33,0.404,4.48,-20.0
2020-12-22 09:37:07,34,0.404,4.48,-20.0
2020-12-22 09:37:07,35,0.404,4.48,-20.0
2020-12-22 09:37:07,36,0.401,4.49,-20.0
2020-12-22 09:37:07,37,0.404,4.48,24.2
2020-12-22 09:37:07,38,0.39,4.5,-20.0
2020-12-22 09:37:07,39,0.413,4.48,-20.0
2020-12-22 09:37:07,40,0.416,4.47,-20.0
2020-12-22 09:37:07,41,0.407,4.5,-20.0
2020-12-22 09:37:07,42,0.389,4.48,-20.0
2020-12-22 09:37:07,43,0.422,4.48,-20.0
2020-12-22 09:37:07,44,0.428,4.49,-20.0
2020-12-22 09:37:07,45,0.418,4.48,-20.0
2020-12-22 09:37:07,46,0.412,4.48,-20.0
2020-12-22 09:37:07,47,0.41,4.48,-20.0
2020-12-22 09:37:07,48,0.407,4.48,-20.0
2020-12-22 09:37:07,49,0.488,4.46,24.9
2020-12-22 09:37:07,50,0.428,4.46,-20.0
2020-12-22 09:37:07,51,0.405,4.46,-20.0
2020-12-22 09:37:07,52,0.417,4.46,-20.0
2020-12-22 09:37:07,53,0.414,4.46,-20.0
2020-12-22 09:37:07,54,0.415,4.46,-20.0
2020-12-22 09:37:07,55,0.427,4.44,-20.0
2020-12-22 09:37:07,56,0.415,4.44,-20.0
2020-12-22 09:37:07,57,0.42,4.44,-20.0
2020-12-22 09:37:07,58,0.424,4.44,-20.0
2020-12-22 09:37:07,59,0.427,4.45,-20.0
2020-12-22 09:37:07,60,0.413,4.46,-20.0
2020-12-22 09:37:07,61,0.413,4.48,24.2
2020-12-22 09:37:07,62,0.405,4.48,-20.0
2020-12-22 09:37:07,63,0.411,4.48,-20.0
2020-12-22 09:37:07,64,0.407,4.47,-20.0
2020-12-22 09:37:07,65,0.416,4.46,-20.0
2020-12-22 09:37:07,66,0.417,4.46,-20.0
2020-12-22 09:37:07,67,0.412,4.44,-20.0
2020-12-22 09:37:07,68,0.421,4.46,-20.0
2020-12-22 09:37:07,69,0.415,4.46,-20.0
2020-12-22 09:37:07,70,0.408,4.48,-20.0
2020-12-22 09:37:07,71,0.413,4.48,-20.0
2020-12-22 09:37:07,72,0.416,4.49,-20.0
2020-12-22 09:37:07,73,0.411,4.52,23.9
2020-12-22 09:37:07,74,0.397,4.49,-20.0
2020-12-22 09:37:07,75,0.428,4.47,-20.0
2020-12-22 09:37:07,76,0.42,4.45,-20.0
2020-12-22 09:37:07,77,0.42,4.51,-20.0
2020-12-22 09:37:07,78,0.403,4.49,-20.0
2020-12-22 09:37:07,79,0.41,4.48,-20.0
2020-12-22 09:37:07,80,0.424,4.5,-20.0
2020-12-22 09:37:07,81,0.417,4.5,-20.0
2020-12-22 09:37:07,82,0.417,4.51,-20.0
2020-12-22 09:37:07,83,0.421,4.49,-20.0
2020-12-22 09:37:07,84,0.417,4.5,-20.0
2020-12-22 09:37:07,85,0.414,4.48,25.0
2020-12-22 09:37:07,86,0.418,4.47,-20.0
2020-12-22 09:37:07,87,0.441,4.47,-20.0
2020-12-22 09:37:07,88,0.4,4.48,-20.0
2020-12-22 09:37:07,89,0.409,4.48,-20.0
2020-12-22 09:37:07,90,0.404,4.47,-20.0
2020-12-22 09:37:07,91,0.416,4.48,-20.0
2020-12-22 09:37:07,92,0.4,4.5,-20.0
2020-12-22 09:37:07,93,0.413,4.5,-20.0
2020-12-22 09:37:07,94,0.418,4.47,-20.0
2020-12-22 09:37:07,95,0.413,4.46,-20.0
2020-12-22 09:37:07,96,0.407,4.49,-20.0
2020-12-22 21:36:27,1,0.417,4.49,25.6
2020-12-22 21:36:27,2,0.416,4.51,-20.0
2020-12-22 21:36:27,3,0.417,4.52,-20.0
2020-12-22 21:36:27,4,0.415,4.49,-20.0
2020-12-22 21:36:27,5,0.405,4.51,-20.0
2020-12-22 21:36:27,6,0.417,4.49,-20.0
2020-12-22 21:36:27,7,0.405,4.48,-20.0
2020-12-22 21:36:27,8,0.408,4.51,-20.0
2020-12-22 21:36:27,9,0.409,4.49,-20.0
2020-12-22 21:36:27,10,0.418,4.51,-20.0
2020-12-22 21:36:27,11,0.419,4.46,-20.0
2020-12-22 21:36:27,12,0.418,4.47,-20.0
2020-12-22 21:36:27,13,0.411,4.48,24.9
2020-12-22 21:36:27,14,0.412,4.49,-20.0
2020-12-22 21:36:27,15,0.412,4.51,-20.0
2020-12-22 21:36:27,16,0.424,4.51,-20.0
2020-12-22 21:36:27,17,0.42,4.48,-20.0
2020-12-22 21:36:27,18,0.43,4.49,-20.0
2020-12-22 21:36:27,19,0.443,4.48,-20.0
2020-12-22 21:36:27,20,0.411,4.48,-20.0
2020-12-22 21:36:27,21,0.417,4.48,-20.0
2020-12-22 21:36:27,22,0.418,4.47,-20.0
2020-12-22 21:36:27,23,0.445,4.49,-20.0
2020-12-22 21:36:27,24,0.41,4.49,-20.0
2020-12-22 21:36:27,25,0.416,4.49,23.9
2020-12-22 21:36:27,26,0.423,4.48,-20.0
2020-12-22 21:36:27,27,0.412,4.47,-20.0
2020-12-22 21:36:27,28,0.418,4.46,-20.0
2020-12-22 21:36:27,29,0.422,4.46,-20.0
2020-12-22 21:36:27,30,0.416,4.48,-20.0
2020-12-22 21:36:27,31,0.418,4.47,-20.0
2020-12-22 21:36:27,32,0.411,4.49,-20.0
2020-12-22 21:36:27,33,0.406,4.5,-20.0
2020-12-22 21:36:27,34,0.409,4.48,-20.0
2020-12-22 21:36:27,35,0.403,4.47,-20.0
2020-12-22 21:36:27,36,0.401,4.49,-20.0
2020-12-22 21:36:27,37,0.406,4.48,24.2
2020-12-22 21:36:27,38,0.397,4.5,-20.0
2020-12-22 21:36:27,39,0.413,4.48,-20.0
2020-12-22 21:36:27,40,0.415,4.49,-20.0
2020-12-22 21:36:27,41,0.406,4.49,-20.0
2020-12-22 21:36:27,42,0.393,4.48,-20.0
2020-12-22 21:36:27,43,0.423,4.48,-20.0
2020-12-22 21:36:27,44,0.428,4.49,-20.0
2020-12-22 21:36:27,45,0.417,4.48,-20.0
2020-12-22 21:36:27,46,0.415,4.48,-20.0
2020-12-22 21:36:27,47,0.414,4.48,-20.0
2020-12-22 21:36:27,48,0.414,4.49,-20.0
2020-12-22 21:36:27,49,0.489,4.46,24.9
2020-12-22 21:36:27,50,0.423,4.47,-20.0
2020-12-22 21:36:27,51,0.406,4.47,-20.0
2020-12-22 21:36:27,52,0.422,4.46,-20.0
2020-12-22 21:36:27,53,0.414,4.46,-20.0
2020-12-22 21:36:27,54,0.415,4.46,-20.0
2020-12-22 21:36:27,55,0.424,4.44,-20.0
2020-12-22 21:36:27,56,0.416,4.44,-20.0
2020-12-22 21:36:27,57,0.421,4.44,-20.0
2020-12-22 21:36:27,58,0.423,4.43,-20.0
2020-12-22 21:36:27,59,0.427,4.45,-20.0
2020-12-22 21:36:27,60,0.415,4.46,-20.0
2020-12-22 21:36:27,61,0.413,4.49,24.1
2020-12-22 21:36:27,62,0.405,4.47,-20.0
2020-12-22 21:36:27,63,0.412,4.48,-20.0
2020-12-22 21:36:27,64,0.409,4.47,-20.0
2020-12-22 21:36:27,65,0.417,4.45,-20.0
2020-12-22 21:36:27,66,0.419,4.46,-20.0
2020-12-22 21:36:27,67,0.417,4.44,-20.0
2020-12-22 21:36:27,68,0.423,4.47,-20.0
2020-12-22 21:36:27,69,0.41,4.45,-20.0
2020-12-22 21:36:27,70,0.407,4.47,-20.0
2020-12-22 21:36:27,71,0.412,4.48,-20.0
2020-12-22 21:36:27,72,0.422,4.48,-20.0
2020-12-22 21:36:27,73,0.41,4.51,23.9
2020-12-22 21:36:27,74,0.401,4.48,-20.0
2020-12-22 21:36:27,75,0.427,4.48,-20.0
2020-12-22 21:36:27,76,0.422,4.46,-20.0
2020-12-22 21:36:27,77,0.419,4.52,-20.0
2020-12-22 21:36:27,78,0.407,4.47,-20.0
2020-12-22 21:36:27,79,0.41,4.48,-20.0
2020-12-22 21:36:27,80,0.424,4.5,-20.0
2020-12-22 21:36:27,81,0.416,4.51,-20.0
2020-12-22 21:36:27,82,0.42,4.51,-20.0
2020-12-22 21:36:27,83,0.42,4.5,-20.0
2020-12-22 21:36:27,84,0.416,4.5,-20.0
2020-12-22 21:36:27,85,0.415,4.48,24.9
2020-12-22 21:36:27,86,0.418,4.47,-20.0
2020-12-22 21:36:27,87,0.442,4.47,-20.0
2020-12-22 21:36:27,88,0.399,4.47,-20.0
2020-12-22 21:36:27,89,0.41,4.48,-20.0
2020-12-22 21:36:27,90,0.402,4.47,-20.0
2020-12-22 21:36:27,91,0.414,4.48,-20.0
2020-12-22 21:36:27,92,0.399,4.5,-20.0
2020-12-22 21:36:27,93,0.413,4.49,-20.0
2020-12-22 21:36:27,94,0.421,4.48,-20.0
2020-12-22 21:36:27,95,0.417,4.46,-20.0
2020-12-22 21:36:27,96,0.41,4.49,-20.0
2020-12-23 09:35:50,1,0.415,4.51,25.6
2020-12-23 09:35:50,2,0.415,4.51,-20.0
2020-12-23 09:35:50,3,0.418,4.51,-20.0
2020-12-23 09:35:50,4,0.415,4.49,-20.0
2020-12-23 09:35:50,5,0.406,4.51,-20.0
2020-12-23 09:35:50,6,0.418,4.49,-20.0
2020-12-23 09:35:50,7,0.406,4.48,-20.0
2020-12-23 09:35:50,8,0.41,4.51,-20.0
2020-12-23 09:35:50,9,0.407,4.49,-20.0
2020-12-23 09:35:50,10,0.418,4.5,-20.0
2020-12-23 09:35:50,11,0.422,4.45,-20.0
2020-12-23 09:35:50,12,0.419,4.47,-20.0
2020-12-23 09:35:50,13,0.409,4.48,24.9
2020-12-23 09:35:50,14,0.414,4.49,-20.0
2020-12-23 09:35:50,15,0.411,4.51,-20.0
2020-12-23 09:35:50,16,0.422,4.51,-20.0
2020-12-23 09:35:50,17,0.42,4.49,-20.0
2020-12-23 09:35:50,18,0.429,4.49,-20.0
2020-12-23 09:35:50,19,0.441,4.47,-20.0
2020-12-23 09:35:50,20,0.412,4.48,-20.0
2020-12-23 09:35:50,21,0.415,4.48,-20.0
2020-12-23 09:35:50,22,0.414,4.48,-20.0
2020-12-23 09:35:50,23,0.438,4.48,-20.0
2020-12-23 09:35:50,24,0.391,4.5,-20.0
2020-12-23 09:35:50,25,0.413,4.49,23.7
2020-12-23 09:35:50,26,0.421,4.46,-20.0
2020-12-23 09:35:50,27,0.399,4.47,-20.0
2020-12-23 09:35:50,28,0.414,4.47,-20.0
2020-12-23 09:35:50,29,0.403,4.48,-20.0
2020-12-23 09:35:50,30,0.411,4.48,-20.0
2020-12-23 09:35:50,31,0.414,4.47,-20.0
2020-12-23 09:35:50,32,0.397,4.48,-20.0
2020-12-23 09:35:50,33,0.404,4.48,-20.0
2020-12-23 09:35:50,34,0.409,4.49,-20.0
2020-12-23 09:35:50,35,0.403,4.49,-20.0
2020-12-23 09:35:50,36,0.4,4.49,-20.0
2020-12-23 09:35:50,37,0.411,4.47,24.0
2020-12-23 09:35:50,38,0.403,4.49,-20.0
2020-12-23 09:35:50,39,0.415,4.48,-20.0
2020-12-23 09:35:50,40,0.417,4.48,-20.0
2020-12-23 09:35:50,41,0.409,4.5,-20.0
2020-12-23 09:35:50,42,0.399,4.48,-20.0
2020-12-23 09:35:50,43,0.424,4.48,-20.0
2020-12-23 09:35:50,44,0.429,4.49,-20.0
2020-12-23 09:35:50,45,0.418,4.48,-20.0
2020-12-23 09:35:50,46,0.416,4.48,-20.0
2020-12-23 09:35:50,47,0.416,4.48,-20.0
2020-12-23 09:35:50,48,0.416,4.49,-20.0
2020-12-23 09:35:50,49,0.487,4.47,24.9
2020-12-23 09:35:50,50,0.424,4.47,-20.0
2020-12-23 09:35:50,51,0.409,4.47,-20.0
2020-12-23 09:35:50,52,0.419,4.46,-20.0
2020-12-23 09:35:50,53,0.413,4.45,-20.0
2020-12-23 09:35:50,54,0.417,4.47,-20.0
2020-12-23 09:35:50,55,0.427,4.44,-20.0
2020-12-23 09:35:50,56,0.419,4.44,-20.0
2020-12-23 09:35:50,57,0.424,4.43,-20.0
2020-12-23 09:35:50,58,0.42,4.43,-20.0
2020-12-23 09:35:50,59,0.427,4.45,-20.0
2020-12-23 09:35:50,60,0.419,4.46,-20.0
2020-12-23 09:35:50,61,0.414,4.49,23.9
2020-12-23 09:35:50,62,0.406,4.48,-20.0
2020-12-23 09:35:50,63,0.413,4.48,-20.0
2020-12-23 09:35:50,64,0.408,4.47,-20.0
2020-12-23 09:35:50,65,0.416,4.46,-20.0
2020-12-23 09:35:50,66,0.422,4.46,-20.0
2020-12-23 09:35:50,67,0.413,4.44,-20.0
2020-12-23 09:35:50,68,0.412,4.46,-20.0
2020-12-23 09:35:50,69,0.405,4.45,-20.0
2020-12-23 09:35:50,70,0.4,4.47,-20.0
2020-12-23 09:35:50,71,0.409,4.48,-20.0
2020-12-23 09:35:50,72,0.418,4.48,-20.0
2020-12-23 09:35:50,73,0.401,4.51,23.7
2020-12-23 09:35:50,74,0.394,4.48,-20.0
2020-12-23 09:35:50,75,0.428,4.48,-20.0
2020-12-23 09:35:50,76,0.425,4.45,-20.0
2020-12-23 09:35:50,77,0.425,4.51,-20.0
2020-12-23 09:35:50,78,0.41,4.49,-20.0
2020-12-23 09:35:50,79,0.412,4.49,-20.0
2020-12-23 09:35:50,80,0.423,4.5,-20.0
2020-12-23 09:35:50,81,0.418,4.5,-20.0
2020-12-23 09:35:50,82,0.42,4.51,-20.0
2020-12-23 09:35:50,83,0.421,4.5,-20.0
2020-12-23 09:35:50,84,0.418,4.5,-20.0
2020-12-23 09:35:50,85,0.415,4.48,24.8
2020-12-23 09:35:50,86,0.417,4.47,-20.0
2020-12-23 09:35:50,87,0.443,4.47,-20.0
2020-12-23 09:35:50,88,0.399,4.48,-20.0
2020-12-23 09:35:50,89,0.413,4.49,-20.0
2020-12-23 09:35:50,90,0.401,4.47,-20.0
2020-12-23 09:35:50,91,0.414,4.48,-20.0
2020-12-23 09:35:50,92,0.396,4.5,-20.0
2020-12-23 09:35:50,93,0.414,4.49,-20.0
2020-12-23 09:35:50,94,0.419,4.47,-20.0
2020-12-23 09:35:50,95,0.417,4.46,-20.0
2020-12-23 09:35:50,96,0.41,4.49,-20.0
2020-12-23 21:35:15,1,0.415,4.5,25.7
2020-12-23 21:35:15,2,0.417,4.51,-20.0
2020-12-23 21:35:15,3,0.416,4.52,-20.0
2020-12-23 21:35:15,4,0.413,4.49,-20.0
2020-12-23 21:35:15,5,0.404,4.51,-20.0
2020-12-23 21:35:15,6,0.414,4.49,-20.0
2020-12-23 21:35:15,7,0.405,4.49,-20.0
2020-12-23 21:35:15,8,0.408,4.5,-20.0
2020-12-23 21:35:15,9,0.407,4.48,-20.0
2020-12-23 21:35:15,10,0.417,4.51,-20.0
2020-12-23 21:35:15,11,0.421,4.47,-20.0
2020-12-23 21:35:15,12,0.419,4.47,-20.0
2020-12-23 21:35:15,13,0.409,4.48,25.2
2020-12-23 21:35:15,14,0.414,4.49,-20.0
2020-12-23 21:35:15,15,0.411,4.51,-20.0
2020-12-23 21:35:15,16,0.422,4.51,-20.0
2020-12-23 21:35:15,17,0.416,4.49,-20.0
2020-12-23 21:35:15,18,0.429,4.5,-20.0
2020-12-23 21:35:15,19,0.438,4.47,-20.0
2020-12-23 21:35:15,20,0.41,4.49,-20.0
2020-12-23 21:35:15,21,0.414,4.49,-20.0
2020-12-23 21:35:15,22,0.413,4.47,-20.0
2020-12-23 21:35:15,23,0.442,4.48,-20.0
2020-12-23 21:35:15,24,0.395,4.49,-20.0
2020-12-23 21:35:15,25,0.416,4.5,24.0
2020-12-23 21:35:15,26,0.419,4.48,-20.0
2020-12-23 21:35:15,27,0.404,4.47,-20.0
2020-12-23 21:35:15,28,0.417,4.47,-20.0
2020-12-23 21:35:15,29,0.408,4.46,-20.0
2020-12-23 21:35:15,30,0.411,4.48,-20.0
2020-12-23 21:35:15,31,0.414,4.47,-20.0
2020-12-23 21:35:15,32,0.402,4.49,-20.0
2020-12-23 21:35:15,33,0.409,4.49,-20.0
2020-12-23 21:35:15,34,0.41,4.48,-20.0
2020-12-23 21:35:15,35,0.406,4.48,-20.0
2020-12-23 21:35:15,36,0.401,4.49,-20.0
2020-12-23 21:35:15,37,0.41,4.49,24.4
2020-12-23 21:35:15,38,0.409,4.49,-20.0
2020-12-23 21:35:15,39,0.415,4.48,-20.0
2020-12-23 21:35:15,40,0.419,4.49,-20.0
2020-12-23 21:35:15,41,0.407,4.5,-20.0
2020-12-23 21:35:15,42,0.4,4.49,-20.0
2020-12-23 21:35:15,43,0.422,4.48,-20.0
2020-12-23 21:35:15,44,0.428,4.49,-20.0
2020-12-23 21:35:15,45,0.418,4.49,-20.0
2020-12-23 21:35:15,46,0.415,4.48,-20.0
2020-12-23 21:35:15,47,0.414,4.47,-20.0
2020-12-23 21:35:15,48,0.416,4.49,-20.0
2020-12-23 21:35:15,49,0.488,4.46,25.0
2020-12-23 21:35:15,50,0.422,4.48,-20.0
2020-12-23 21:35:15,51,0.409,4.46,-20.0
2020-12-23 21:35:15,52,0.416,4.46,-20.0
2020-12-23 21:35:15,53,0.414,4.46,-20.0
2020-12-23 21:35:15,54,0.416,4.47,-20.0
2020-12-23 21:35:15,55,0.423,4.44,-20.0
2020-12-23 21:35:15,56,0.418,4.44,-20.0
2020-12-23 21:35:15,57,0.424,4.44,-20.0
2020-12-23 21:35:15,58,0.422,4.44,-20.0
2020-12-23 21:35:15,59,0.429,4.44,-20.0
2020-12-23 21:35:15,60,0.42,4.46,-20.0
2020-12-23 21:35:15,61,0.413,4.49,24.1
2020-12-23 21:35:15,62,0.407,4.48,-20.0
2020-12-23 21:35:15,63,0.414,4.48,-20.0
2020-12-23 21:35:15,64,0.409,4.47,-20.0
2020-12-23 21:35:15,65,0.413,4.46,-20.0
2020-12-23 21:35:15,66,0.421,4.46,-20.0
2020-12-23 21:35:15,67,0.412,4.43,-20.0
2020-12-23 21:35:15,68,0.411,4.46,-20.0
2020-12-23 21:35:15,69,0.405,4.46,-20.0
2020-12-23 21:35:15,70,0.401,4.47,-20.0
2020-12-23 21:35:15,71,0.411,4.48,-20.0
2020-12-23 21:35:15,72,0.415,4.49,-20.0
2020-12-23 21:35:15,73,0.402,4.52,23.8
2020-12-23 21:35:15,74,0.398,4.49,-20.0
2020-12-23 21:35:15,75,0.427,4.48,-20.0
2020-12-23 21:35:15,76,0.424,4.45,-20.0
2020-12-23 21:35:15,77,0.423,4.52,-20.0
2020-12-23 21:35:15,78,0.409,4.48,-20.0
2020-12-23 21:35:15,79,0.41,4.48,-20.0
2020-12-23 21:35:15,80,0.42,4.51,-20.0
2020-12-23 21:35:15,81,0.422,4.51,-20.0
2020-12-23 21:35:15,82,0.42,4.51,-20.0
2020-12-23 21:35:15,83,0.42,4.51,-20.0
2020-12-23 21:35:15,84,0.419,4.5,-20.0
2020-12-23 21:35:15,85,0.416,4.48,25.0
2020-12-23 21:35:15,86,0.417,4.47,-20.0
2020-12-23 21:35:15,87,0.44,4.47,-20.0
2020-12-23 21:35:15,88,0.401,4.48,-20.0
2020-12-23 21:35:15,89,0.413,4.49,-20.0
2020-12-23 21:35:15,90,0.402,4.47,-20.0
2020-12-23 21:35:15,91,0.411,4.48,-20.0
2020-12-23 21:35:15,92,0.396,4.5,-20.0
2020-12-23 21:35:15,93,0.414,4.49,-20.0
2020-12-23 21:35:15,94,0.418,4.47,-20.0
2020-12-23 21:35:15,95,0.416,4.47,-20.0
2020-12-23 21:35:15,96,0.41,4.49,-20.0
2020-12-24 09:34:39,1,0.419,4.51,25.8
2020-12-24 09:34:39,2,0.418,4.51,-20.0
2020-12-24 09:34:39,3,0.416,4.51,-20.0
2020-12-24 09:34:39,4,0.413,4.48,-20.0
2020-12-24 09:34:39,5,0.404,4.51,-20.0
2020-12-24 09:34:39,6,0.414,4.49,-20.0
2020-12-24 09:34:39,7,0.405,4.49,-20.0
2020-12-24 09:34:39,8,0.409,4.51,-20.0
2020-12-24 09:34:39,9,0.411,4.48,-20.0
2020-12-24 09:34:39,10,0.416,4.51,-20.0
2020-12-24 09:34:39,11,0.419,4.47,-20.0
2020-12-24 09:34:39,12,0.421,4.47,-20.0
2020-12-24 09:34:39,13,0.41,4.48,25.2
2020-12-24 09:34:39,14,0.415,4.49,-20.0
2020-12-24 09:34:39,15,0.41,4.5,-20.0
2020-12-24 09:34:39,16,0.423,4.51,-20.0
2020-12-24 09:34:39,17,0.412,4.49,-20.0
2020-12-24 09:34:39,18,0.426,4.5,-20.0
2020-12-24 09:34:39,19,0.433,4.47,-20.0
2020-12-24 09:34:39,20,0.411,4.47,-20.0
2020-12-24 09:34:39,21,0.412,4.49,-20.0
2020-12-24 09:34:39,22,0.416,4.48,-20.0
2020-12-24 09:34:39,23,0.437,4.48,-20.0
2020-12-24 09:34:39,24,0.389,4.49,-20.0
2020-12-24 09:34:39,25,0.416,4.5,24.1
2020-12-24 09:34:39,26,0.418,4.48,-20.0
2020-12-24 09:34:39,27,0.408,4.47,-20.0
2020-12-24 09:34:39,28,0.418,4.46,-20.0
2020-12-24 09:34:39,29,0.41,4.46,-20.0
2020-12-24 09:34:39,30,0.414,4.49,-20.0
2020-12-24 09:34:39,31,0.414,4.46,-20.0
2020-12-24 09:34:39,32,0.406,4.48,-20.0
2020-12-24 09:34:39,33,0.409,4.49,-20.0
2020-12-24 09:34:39,34,0.41,4.49,-20.0
2020-12-24 09:34:39,35,0.407,4.47,-20.0
2020-12-24 09:34:39,36,0.405,4.49,-20.0
2020-12-24 09:34:39,37,0.411,4.48,24.4
2020-12-24 09:34:39,38,0.41,4.48,-20.0
2020-12-24 09:34:39,39,0.416,4.49,-20.0
2020-12-24 09:34:39,40,0.416,4.48,-20.0
2020-12-24 09:34:39,41,0.409,4.49,-20.0
2020-12-24 09:34:39,42,0.403,4.48,-20.0
2020-12-24 09:34:39,43,0.42,4.48,-20.0
2020-12-24 09:34:39,44,0.425,4.49,-20.0
2020-12-24 09:34:39,45,0.417,4.48,-20.0
2020-12-24 09:34:39,46,0.417,4.48,-20.0
2020-12-24 09:34:39,47,0.418,4.49,-20.0
2020-12-24 09:34:39,48,0.414,4.49,-20.0
2020-12-24 09:34:39,49,0.491,4.46,25.1
2020-12-24 09:34:39,50,0.423,4.47,-20.0
2020-12-24 09:34:39,51,0.409,4.46,-20.0
2020-12-24 09:34:39,52,0.413,4.46,-20.0
2020-12-24 09:34:39,53,0.415,4.45,-20.0
2020-12-24 09:34:39,54,0.416,4.46,-20.0
2020-12-24 09:34:39,55,0.425,4.43,-20.0
2020-12-24 09:34:39,56,0.419,4.44,-20.0
2020-12-24 09:34:39,57,0.427,4.43,-20.0
2020-12-24 09:34:39,58,0.421,4.44,-20.0
2020-12-24 09:34:39,59,0.427,4.45,-20.0
2020-12-24 09:34:39,60,0.42,4.46,-20.0
2020-12-24 09:34:39,61,0.415,4.49,24.2
2020-12-24 09:34:39,62,0.404,4.48,-20.0
2020-12-24 09:34:39,63,0.401,4.48,-20.0
2020-12-24 09:34:39,64,0.4,4.46,-20.0
2020-12-24 09:34:39,65,0.402,4.46,-20.0
2020-12-24 09:34:39,66,0.415,4.46,-20.0
2020-12-24 09:34:39,67,0.411,4.44,-20.0
2020-12-24 09:34:39,68,0.397,4.47,-20.0
2020-12-24 09:34:39,69,0.405,4.46,-20.0
2020-12-24 09:34:39,70,0.397,4.47,-20.0
2020-12-24 09:34:39,71,0.411,4.49,-20.0
2020-12-24 09:34:39,72,0.411,4.48,-20.0
2020-12-24 09:34:39,73,0.404,4.51,23.9
2020-12-24 09:34:39,74,0.399,4.49,-20.0
2020-12-24 09:34:39,75,0.425,4.48,-20.0
2020-12-24 09:34:39,76,0.423,4.46,-20.0
2020-12-24 09:34:39,77,0.422,4.51,-20.0
2020-12-24 09:34:39,78,0.405,4.48,-20.0
2020-12-24 09:34:39,79,0.41,4.48,-20.0
2020-12-24 09:34:39,80,0.419,4.51,-20.0
2020-12-24 09:34:39,81,0.42,4.5,-20.0
2020-12-24 09:34:39,82,0.42,4.52,-20.0
2020-12-24 09:34:39,83,0.42,4.51,-20.0
2020-12-24 09:34:39,84,0.419,4.5,-20.0
2020-12-24 09:34:39,85,0.418,4.48,25.1
2020-12-24 09:34:39,86,0.415,4.47,-20.0
2020-12-24 09:34:39,87,0.438,4.46,-20.0
2020-12-24 09:34:39,88,0.402,4.48,-20.0
2020-12-24 09:34:39,89,0.41,4.49,-20.0
2020-12-24 09:34:39,90,0.405,4.47,-20.0
2020-12-24 09:34:39,91,0.414,4.49,-20.0
2020-12-24 09:34:39,92,0.396,4.5,-20.0
2020-12-24 09:34:39,93,0.413,4.5,-20.0
2020-12-24 09:34:39,94,0.419,4.48,-20.0
2020-12-24 09:34:39,95,0.417,4.46,-20.0
2020-12-24 09:34:39,96,0.409,4.49,-20.0
2020-12-24 21:33:59,1,0.418,4.51,25.8
2020-12-24 21:33:59,2,0.417,4.52,-20.0
2020-12-24 21:33:59,3,0.415,4.52,-20.0
2020-12-24 21:33:59,4,0.415,4.48,-20.0
2020-12-24 21:33:59,5,0.406,4.51,-20.0
2020-12-24 21:33:59,6,0.413,4.49,-20.0
2020-12-24 21:33:59,7,0.406,4.48,-20.0
2020-12-24 21:33:59,8,0.408,4.51,-20.0
2020-12-24 21:33:59,9,0.411,4.47,-20.0
2020-12-24 21:33:59,10,0.417,4.51,-20.0
2020-12-24 21:33:59,11,0.417,4.47,-20.0
2020-12-24 21:33:59,12,0.42,4.46,-20.0
2020-12-24 21:33:59,13,0.409,4.49,25.3
2020-12-24 21:33:59,14,0.415,4.5,-20.0
2020-12-24 21:33:59,15,0.412,4.51,-20.0
2020-12-24 21:33:59,16,0.421,4.51,-20.0
2020-12-24 21:33:59,17,0.413,4.49,-20.0
2020-12-24 21:33:59,18,0.424,4.49,-20.0
2020-12-24 21:33:59,19,0.435,4.49,-20.0
2020-12-24 21:33:59,20,0.413,4.48,-20.0
2020-12-24 21:33:59,21,0.413,4.49,-20.0
2020-12-24 21:33:59,22,0.416,4.48,-20.0
2020-12-24 21:33:59,23,0.438,4.49,-20.0
2020-12-24 21:33:59,24,0.396,4.5,-20.0
2020-12-24 21:33:59,25,0.414,4.49,24.3
2020-12-24 21:33:59,26,0.417,4.47,-20.0
2020-12-24 21:33:59,27,0.413,4.47,-20.0
2020-12-24 21:33:59,28,0.417,4.48,-20.0
2020-12-24 21:33:59,29,0.41,4.46,-20.0
2020-12-24 21:33:59,30,0.414,4.48,-20.0
2020-12-24 21:33:59,31,0.413,4.47,-20.0
2020-12-24 21:33:59,32,0.405,4.48,-20.0
2020-12-24 21:33:59,33,0.41,4.48,-20.0
2020-12-24 21:33:59,34,0.412,4.48,-20.0
2020-12-24 21:33:59,35,0.408,4.49,-20.0
2020-12-24 21:33:59,36,0.404,4.49,-20.0
2020-12-24 21:33:59,37,0.414,4.47,24.6
2020-12-24 21:33:59,38,0.412,4.5,-20.0
2020-12-24 21:33:59,39,0.417,4.48,-20.0
2020-12-24 21:33:59,40,0.415,4.49,-20.0
2020-12-24 21:33:59,41,0.41,4.49,-20.0
2020-12-24 21:33:59,42,0.401,4.48,-20.0
2020-12-24 21:33:59,43,0.421,4.48,-20.0
2020-12-24 21:33:59,44,0.427,4.49,-20.0
2020-12-24 21:33:59,45,0.419,4.48,-20.0
2020-12-24 21:33:59,46,0.416,4.47,-20.0
2020-12-24 21:33:59,47,0.413,4.49,-20.0
2020-12-24 21:33:59,48,0.415,4.49,-20.0
2020-12-24 21:33:59,49,0.491,4.47,25.0
2020-12-24 21:33:59,50,0.419,4.47,-20.0
2020-12-24 21:33:59,51,0.408,4.46,-20.0
2020-12-24 21:33:59,52,0.414,4.46,-20.0
2020-12-24 21:33:59,53,0.415,4.45,-20.0
2020-12-24 21:33:59,54,0.417,4.47,-20.0
2020-12-24 21:33:59,55,0.422,4.45,-20.0
2020-12-24 21:33:59,56,0.417,4.44,-20.0
2020-12-24 21:33:59,57,0.426,4.44,-20.0
2020-12-24 21:33:59,58,0.42,4.44,-20.0
2020-12-24 21:33:59,59,0.426,4.45,-20.0
2020-12-24 21:33:59,60,0.42,4.46,-20.0
2020-12-24 21:33:59,61,0.414,4.48,24.4
2020-12-24 21:33:59,62,0.404,4.48,-20.0
2020-12-24 21:33:59,63,0.403,4.48,-20.0
2020-12-24 21:33:59,64,0.4,4.46,-20.0
2020-12-24 21:33:59,65,0.402,4.46,-20.0
2020-12-24 21:33:59,66,0.419,4.46,-20.0
2020-12-24 21:33:59,67,0.41,4.44,-20.0
2020-12-24 21:33:59,68,0.4,4.46,-20.0
2020-12-24 21:33:59,69,0.405,4.45,-20.0
2020-12-24 21:33:59,70,0.401,4.47,-20.0
2020-12-24 21:33:59,71,0.413,4.48,-20.0
2020-12-24 21:33:59,72,0.414,4.48,-20.0
2020-12-24 21:33:59,73,0.401,4.51,24.1
2020-12-24 21:33:59,74,0.398,4.49,-20.0
2020-12-24 21:33:59,75,0.424,4.48,-20.0
2020-12-24 21:33:59,76,0.422,4.46,-20.0
2020-12-24 21:33:59,77,0.423,4.52,-20.0
2020-12-24 21:33:59,78,0.406,4.48,-20.0
2020-12-24 21:33:59,79,0.409,4.48,-20.0
2020-12-24 21:33:59,80,0.417,4.51,-20.0
2020-12-24 21:33:59,81,0.42,4.51,-20.0
2020-12-24 21:33:59,82,0.417,4.51,-20.0
2020-12-24 21:33:59,83,0.42,4.49,-20.0
2020-12-24 21:33:59,84,0.42,4.5,-20.0
2020-12-24 21:33:59,85,0.417,4.47,25.2
2020-12-24 21:33:59,86,0.416,4.47,-20.0
2020-12-24 21:33:59,87,0.44,4.47,-20.0
2020-12-24 21:33:59,88,0.402,4.48,-20.0
2020-12-24 21:33:59,89,0.41,4.48,-20.0
2020-12-24 21:33:59,90,0.405,4.47,-20.0
2020-12-24 21:33:59,91,0.415,4.49,-20.0
2020-12-24 21:33:59,92,0.399,4.49,-20.0
2020-12-24 21:33:59,93,0.411,4.5,-20.0
2020-12-24 21:33:59,94,0.419,4.47,-20.0
2020-12-24 21:33:59,95,0.419,4.46,-20.0
2020-12-24 21:33:59,96,0.408,4.49,-20.0
2020-12-25 09:33:24,1,0.42,4.5,25.8
2020-12-25 09:33:24,2,0.417,4.52,-20.0
2020-12-25 09:33:24,3,0.419,4.52,-20.0
2020-12-25 09:33:24,4,0.414,4.48,-20.0
2020-12-25 09:33:24,5,0.404,4.51,-20.0
2020-12-25 09:33:24,6,0.411,4.49,-20.0
2020-12-25 09:33:24,7,0.406,4.48,-20.0
2020-12-25 09:33:24,8,0.405,4.5,-20.0
2020-12-25 09:33:24,9,0.411,4.48,-20.0
2020-12-25 09:33:24,10,0.416,4.51,-20.0
2020-12-25 09:33:24,11,0.416,4.46,-20.0
2020-12-25 09:33:24,12,0.416,4.47,-20.0
2020-12-25 09:33:24,13,0.406,4.49,25.3
2020-12-25 09:33:24,14,0.413,4.5,-20.0
2020-12-25 09:33:24,15,0.41,4.51,-20.0
2020-12-25 09:33:24,16,0.417,4.51,-20.0
2020-12-25 09:33:24,17,0.413,4.49,-20.0
2020-12-25 09:33:24,18,0.425,4.5,-20.0
2020-12-25 09:33:24,19,0.433,4.48,-20.0
2020-12-25 09:33:24,20,0.414,4.49,-20.0
2020-12-25 09:33:24,21,0.411,4.5,-20.0
2020-12-25 09:33:24,22,0.417,4.48,-20.0
2020-12-25 09:33:24,23,0.439,4.49,-20.0
2020-12-25 09:33:24,24,0.399,4.49,-20.0
2020-12-25 09:33:24,25,0.413,4.49,24.4
2020-12-25 09:33:24,26,0.418,4.47,-20.0
2020-12-25 09:33:24,27,0.416,4.45,-20.0
2020-12-25 09:33:24,28,0.419,4.47,-20.0
2020-12-25 09:33:24,29,0.416,4.46,-20.0
2020-12-25 09:33:24,30,0.412,4.49,-20.0
2020-12-25 09:33:24,31,0.413,4.48,-20.0
2020-12-25 09:33:24,32,0.405,4.49,-20.0
2020-12-25 09:33:24,33,0.409,4.49,-20.0
2020-12-25 09:33:24,34,0.413,4.49,-20.0
2020-12-25 09:33:24,35,0.408,4.47,-20.0
2020-12-25 09:33:24,36,0.404,4.5,-20.0
2020-12-25 09:33:24,37,0.416,4.49,24.7
2020-12-25 09:33:24,38,0.415,4.5,-20.0
2020-12-25 09:33:24,39,0.418,4.48,-20.0
2020-12-25 09:33:24,40,0.412,4.49,-20.0
2020-12-25 09:33:24,41,0.409,4.5,-20.0
2020-12-25 09:33:24,42,0.405,4.48,-20.0
2020-12-25 09:33:24,43,0.422,4.48,-20.0
2020-12-25 09:33:24,44,0.425,4.5,-20.0
2020-12-25 09:33:24,45,0.418,4.49,-20.0
2020-12-25 09:33:24,46,0.414,4.48,-20.0
2020-12-25 09:33:24,47,0.415,4.48,-20.0
2020-12-25 09:33:24,48,0.416,4.48,-20.0
2020-12-25 09:33:24,49,0.494,4.47,25.1
2020-12-25 09:33:24,50,0.426,4.47,-20.0
2020-12-25 09:33:24,51,0.41,4.46,-20.0
2020-12-25 09:33:24,52,0.412,4.46,-20.0
2020-12-25 09:33:24,53,0.416,4.45,-20.0
2020-12-25 09:33:24,54,0.416,4.47,-20.0
2020-12-25 09:33:24,55,0.408,4.44,-20.0
2020-12-25 09:33:24,56,0.414,4.44,-20.0
2020-12-25 09:33:24,57,0.425,4.44,-20.0
2020-12-25 09:33:24,58,0.415,4.44,-20.0
2020-12-25 09:33:24,59,0.403,4.45,-20.0
2020-12-25 09:33:24,60,0.408,4.45,-20.0
2020-12-25 09:33:24,61,0.411,4.49,24.4
2020-12-25 09:33:24,62,0.402,4.48,-20.0
2020-12-25 09:33:24,63,0.393,4.48,-20.0
2020-12-25 09:33:24,64,0.398,4.47,-20.0
2020-12-25 09:33:24,65,0.407,4.46,-20.0
2020-12-25 09:33:24,66,0.419,4.46,-20.0
2020-12-25 09:33:24,67,0.414,4.44,-20.0
2020-12-25 09:33:24,68,0.405,4.47,-20.0
2020-12-25 09:33:24,69,0.408,4.46,-20.0
2020-12-25 09:33:24,70,0.403,4.47,-20.0
2020-12-25 09:33:24,71,0.41,4.48,-20.0
2020-12-25 09:33:24,72,0.41,4.48,-20.0
2020-12-25 09:33:24,73,0.404,4.52,24.2
2020-12-25 09:33:24,74,0.398,4.49,-20.0
2020-12-25 09:33:24,75,0.423,4.48,-20.0
2020-12-25 09:33:24,76,0.423,4.46,-20.0
2020-12-25 09:33:24,77,0.421,4.52,-20.0
2020-12-25 09:33:24,78,0.403,4.48,-20.0
2020-12-25 09:33:24,79,0.408,4.49,-20.0
2020-12-25 09:33:24,80,0.417,4.51,-20.0
2020-12-25 09:33:24,81,0.419,4.5,-20.0
2020-12-25 09:33:24,82,0.419,4.51,-20.0
2020-12-25 09:33:24,83,0.422,4.5,-20.0
2020-12-25 09:33:24,84,0.421,4.5,-20.0
2020-12-25 09:33:24,85,0.416,4.48,25.2
2020-12-25 09:33:24,86,0.415,4.48,-20.0
2020-12-25 09:33:24,87,0.437,4.47,-20.0
2020-12-25 09:33:24,88,0.4,4.47,-20.0
2020-12-25 09:33:24,89,0.413,4.49,-20.0
2020-12-25 09:33:24,90,0.407,4.47,-20.0
2020-12-25 09:33:24,91,0.417,4.48,-20.0
2020-12-25 09:33:24,92,0.395,4.5,-20.0
2020-12-25 09:33:24,93,0.409,4.5,-20.0
2020-12-25 09:33:24,94,0.416,4.47,-20.0
2020-12-25 09:33:24,95,0.42,4.46,-20.0
2020-12-25 09:33:24,96,0.408,4.49,-20.0
2020-12-25 21:32:53,1,0.419,4.5,25.8
2020-12-25 21:32:53,2,0.417,4.51,-20.0
2020-12-25 21:32:53,3,0.422,4.52,-20.0
2020-12-25 21:32:53,4,0.414,4.48,-20.0
2020-12-25 21:32:53,5,0.408,4.51,-20.0
2020-12-25 21:32:53,6,0.41,4.49,-20.0
2020-12-25 21:32:53,7,0.405,4.48,-20.0
2020-12-25 21:32:53,8,0.407,4.51,-20.0
2020-12-25 21:32:53,9,0.41,4.49,-20.0
2020-12-25 21:32:53,10,0.42,4.51,-20.0
2020-12-25 21:32:53,11,0.419,4.46,-20.0
2020-12-25 21:32:53,12,0.418,4.47,-20.0
2020-12-25 21:32:53,13,0.406,4.48,25.3
2020-12-25 21:32:53,14,0.412,4.49,-20.0
2020-12-25 21:32:53,15,0.409,4.51,-20.0
2020-12-25 21:32:53,16,0.417,4.5,-20.0
2020-12-25 21:32:53,17,0.415,4.48,-20.0
2020-12-25 21:32:53,18,0.424,4.5,-20.0
2020-12-25 21:32:53,19,0.435,4.48,-20.0
2020-12-25 21:32:53,20,0.413,4.49,-20.0
2020-12-25 21:32:53,21,0.411,4.5,-20.0
2020-12-25 21:32:53,22,0.417,4.48,-20.0
2020-12-25 21:32:53,23,0.44,4.49,-20.0
2020-12-25 21:32:53,24,0.398,4.5,-20.0
2020-12-25 21:32:53,25,0.409,4.5,24.4
2020-12-25 21:32:53,26,0.412,4.47,-20.0
2020-12-25 21:32:53,27,0.409,4.46,-20.0
2020-12-25 21:32:53,28,0.417,4.47,-20.0
2020-12-25 21:32:53,29,0.414,4.47,-20.0
2020-12-25 21:32:53,30,0.411,4.48,-20.0
2020-12-25 21:32:53,31,0.413,4.46,-20.0
2020-12-25 21:32:53,32,0.407,4.48,-20.0
2020-12-25 21:32:53,33,0.41,4.49,-20.0
2020-12-25 21:32:53,34,0.414,4.49,-20.0
2020-12-25 21:32:53,35,0.409,4.48,-20.0
2020-12-25 21:32:53,36,0.406,4.49,-20.0
2020-12-25 21:32:53,37,0.413,4.48,24.7
2020-12-25 21:32:53,38,0.411,4.5,-20.0
2020-12-25 21:32:53,39,0.423,4.48,-20.0
2020-12-25 21:32:53,40,0.411,4.49,-20.0
2020-12-25 21:32:53,41,0.409,4.5,-20.0
2020-12-25 21:32:53,42,0.406,4.48,-20.0
2020-12-25 21:32:53,43,0.422,4.48,-20.0
2020-12-25 21:32:53,44,0.425,4.49,-20.0
2020-12-25 21:32:53,45,0.416,4.48,-20.0
2020-12-25 21:32:53,46,0.412,4.48,-20.0
2020-12-25 21:32:53,47,0.411,4.48,-20.0
2020-12-25 21:32:53,48,0.401,4.49,-20.0
2020-12-25 21:32:53,49,0.492,4.46,25.1
2020-12-25 21:32:53,50,0.425,4.46,-20.0
2020-12-25 21:32:53,51,0.412,4.46,-20.0
2020-12-25 21:32:53,52,0.411,4.46,-20.0
2020-12-25 21:32:53,53,0.416,4.45,-20.0
2020-12-25 21:32:53,54,0.419,4.46,-20.0
2020-12-25 21:32:53,55,0.411,4.44,-20.0
2020-12-25 21:32:53,56,0.414,4.44,-20.0
2020-12-25 21:32:53,57,0.422,4.44,-20.0
2020-12-25 21:32:53,58,0.416,4.44,-20.0
2020-12-25 21:32:53,59,0.408,4.45,-20.0
2020-12-25 21:32:53,60,0.412,4.47,-20.0
2020-12-25 21:32:53,61,0.412,4.48,24.4
2020-12-25 21:32:53,62,0.401,4.48,-20.0
2020-12-25 21:32:53,63,0.395,4.48,-20.0
2020-12-25 21:32:53,64,0.399,4.46,-20.0
2020-12-25 21:32:53,65,0.405,4.46,-20.0
2020-12-25 21:32:53,66,0.414,4.46,-20.0
2020-12-25 21:32:53,67,0.411,4.44,-20.0
2020-12-25 21:32:53,68,0.407,4.46,-20.0
2020-12-25 21:32:53,69,0.408,4.46,-20.0
2020-12-25 21:32:53,70,0.404,4.47,-20.0
2020-12-25 21:32:53,71,0.41,4.48,-20.0
2020-12-25 21:32:53,72,0.409,4.48,-20.0
2020-12-25 21:32:53,73,0.407,4.52,24.2
2020-12-25 21:32:53,74,0.4,4.5,-20.0
2020-12-25 21:32:53,75,0.425,4.48,-20.0
2020-12-25 21:32:53,76,0.424,4.46,-20.0
2020-12-25 21:32:53,77,0.423,4.52,-20.0
2020-12-25 21:32:53,78,0.403,4.48,-20.0
2020-12-25 21:32:53,79,0.408,4.49,-20.0
2020-12-25 21:32:53,80,0.418,4.51,-20.0
2020-12-25 21:32:53,81,0.417,4.5,-20.0
2020-12-25 21:32:53,82,0.421,4.51,-20.0
2020-12-25 21:32:53,83,0.422,4.5,-20.0
2020-12-25 21:32:53,84,0.419,4.5,-20.0
2020-12-25 21:32:53,85,0.417,4.47,25.2
2020-12-25 21:32:53,86,0.414,4.48,-20.0
2020-12-25 21:32:53,87,0.437,4.48,-20.0
2020-12-25 21:32:53,88,0.398,4.47,-20.0
2020-12-25 21:32:53,89,0.405,4.48,-20.0
2020-12-25 21:32:53,90,0.403,4.47,-20.0
2020-12-25 21:32:53,91,0.415,4.47,-20.0
2020-12-25 21:32:53,92,0.394,4.5,-20.0
2020-12-25 21:32:53,93,0.408,4.49,-20.0
2020-12-25 21:32:53,94,0.412,4.47,-20.0
2020-12-25 21:32:53,95,0.416,4.47,-20.0
2020-12-25 21:32:53,96,0.405,4.49,-20.0
2020-12-26 09:32:22,1,0.417,4.51,25.8
2020-12-26 09:32:22,2,0.414,4.52,-20.0
2020-12-26 09:32:22,3,0.417,4.52,-20.0
2020-12-26 09:32:22,4,0.411,4.48,-20.0
2020-12-26 09:32:22,5,0.404,4.51,-20.0
2020-12-26 09:32:22,6,0.411,4.49,-20.0
2020-12-26 09:32:22,7,0.403,4.48,-20.0
2020-12-26 09:32:22,8,0.402,4.5,-20.0
2020-12-26 09:32:22,9,0.411,4.49,-20.0
2020-12-26 09:32:22,10,0.421,4.5,-20.0
2020-12-26 09:32:22,11,0.416,4.47,-20.0
2020-12-26 09:32:22,12,0.421,4.47,-20.0
2020-12-26 09:32:22,13,0.409,4.49,25.3
2020-12-26 09:32:22,14,0.414,4.5,-20.0
2020-12-26 09:32:22,15,0.41,4.5,-20.0
2020-12-26 09:32:22,16,0.418,4.5,-20.0
2020-12-26 09:32:22,17,0.414,4.49,-20.0
2020-12-26 09:32:22,18,0.424,4.49,-20.0
2020-12-26 09:32:22,19,0.439,4.48,-20.0
2020-12-26 09:32:22,20,0.412,4.48,-20.0
2020-12-26 09:32:22,21,0.411,4.49,-20.0
2020-12-26 09:32:22,22,0.416,4.48,-20.0
2020-12-26 09:32:22,23,0.443,4.48,-20.0
2020-12-26 09:32:22,24,0.401,4.49,-20.0
2020-12-26 09:32:22,25,0.41,4.49,24.4
2020-12-26 09:32:22,26,0.412,4.47,-20.0
2020-12-26 09:32:22,27,0.412,4.46,-20.0
2020-12-26 09:32:22,28,0.416,4.47,-20.0
2020-12-26 09:32:22,29,0.418,4.47,-20.0
2020-12-26 09:32:22,30,0.416,4.49,-20.0
2020-12-26 09:32:22,31,0.417,4.48,-20.0
2020-12-26 09:32:22,32,0.409,4.47,-20.0
2020-12-26 09:32:22,33,0.412,4.49,-20.0
2020-12-26 09:32:22,34,0.416,4.48,-20.0
2020-12-26 09:32:22,35,0.409,4.47,-20.0
2020-12-26 09:32:22,36,0.406,4.5,-20.0
2020-12-26 09:32:22,37,0.411,4.49,24.6
2020-12-26 09:32:22,38,0.41,4.5,-20.0
2020-12-26 09:32:22,39,0.42,4.48,-20.0
2020-12-26 09:32:22,40,0.411,4.48,-20.0
2020-12-26 09:32:22,41,0.406,4.51,-20.0
2020-12-26 09:32:22,42,0.407,4.48,-20.0
2020-12-26 09:32:22,43,0.422,4.48,-20.0
2020-12-26 09:32:22,44,0.428,4.49,-20.0
2020-12-26 09:32:22,45,0.415,4.48,-20.0
2020-12-26 09:32:22,46,0.41,4.48,-20.0
2020-12-26 09:32:22,47,0.412,4.48,-20.0
2020-12-26 09:32:22,48,0.41,4.48,-20.0
2020-12-26 09:32:22,49,0.486,4.47,25.0
2020-12-26 09:32:22,50,0.421,4.47,-20.0
2020-12-26 09:32:22,51,0.413,4.46,-20.0
2020-12-26 09:32:22,52,0.411,4.46,-20.0
2020-12-26 09:32:22,53,0.417,4.46,-20.0
2020-12-26 09:32:22,54,0.418,4.47,-20.0
2020-12-26 09:32:22,55,0.415,4.44,-20.0
2020-12-26 09:32:22,56,0.415,4.45,-20.0
2020-12-26 09:32:22,57,0.419,4.44,-20.0
2020-12-26 09:32:22,58,0.418,4.43,-20.0
2020-12-26 09:32:22,59,0.414,4.45,-20.0
2020-12-26 09:32:22,60,0.415,4.46,-20.0
2020-12-26 09:32:22,61,0.414,4.49,24.4
2020-12-26 09:32:22,62,0.406,4.48,-20.0
2020-12-26 09:32:22,63,0.401,4.47,-20.0
2020-12-26 09:32:22,64,0.403,4.47,-20.0
2020-12-26 09:32:22,65,0.406,4.46,-20.0
2020-12-26 09:32:22,66,0.414,4.46,-20.0
2020-12-26 09:32:22,67,0.41,4.44,-20.0
2020-12-26 09:32:22,68,0.413,4.47,-20.0
2020-12-26 09:32:22,69,0.409,4.46,-20.0
2020-12-26 09:32:22,70,0.406,4.47,-20.0
2020-12-26 09:32:22,71,0.411,4.48,-20.0
2020-12-26 09:32:22,72,0.412,4.48,-20.0
2020-12-26 09:32:22,73,0.408,4.52,24.2
2020-12-26 09:32:22,74,0.401,4.49,-20.0
2020-12-26 09:32:22,75,0.425,4.48,-20.0
2020-12-26 09:32:22,76,0.428,4.45,-20.0
2020-12-26 09:32:22,77,0.419,4.52,-20.0
2020-12-26 09:32:22,78,0.408,4.48,-20.0
2020-12-26 09:32:22,79,0.414,4.49,-20.0
2020-12-26 09:32:22,80,0.418,4.51,-20.0
2020-12-26 09:32:22,81,0.417,4.5,-20.0
2020-12-26 09:32:22,82,0.421,4.51,-20.0
2020-12-26 09:32:22,83,0.421,4.5,-20.0
2020-12-26 09:32:22,84,0.419,4.5,-20.0
2020-12-26 09:32:22,85,0.415,4.48,25.2
2020-12-26 09:32:22,86,0.414,4.47,-20.0
2020-12-26 09:32:22,87,0.438,4.47,-20.0
2020-12-26 09:32:22,88,0.396,4.48,-20.0
2020-12-26 09:32:22,89,0.405,4.49,-20.0
2020-12-26 09:32:22,90,0.406,4.47,-20.0
2020-12-26 09:32:22,91,0.416,4.47,-20.0
2020-12-26 09:32:22,92,0.394,4.5,-20.0
2020-12-26 09:32:22,93,0.408,4.5,-20.0
2020-12-26 09:32:22,94,0.415,4.47,-20.0
2020-12-26 09:32:22,95,0.415,4.47,-20.0
2020-12-26 09:32:22,96,0.41,4.49,-20.0
2020-12-26 21:31:55,1,0.416,4.51,25.7
2020-12-26 21:31:55,2,0.414,4.51,-20.0
2020-12-26 21:31:55,3,0.419,4.52,-20.0
2020-12-26 21:31:55,4,0.413,4.48,-20.0
2020-12-26 21:31:55,5,0.403,4.51,-20.0
2020-12-26 21:31:55,6,0.413,4.49,-20.0
2020-12-26 21:31:55,7,0.401,4.48,-20.0
2020-12-26 21:31:55,8,0.403,4.5,-20.0
2020-12-26 21:31:55,9,0.411,4.49,-20.0
2020-12-26 21:31:55,10,0.422,4.51,-20.0
2020-12-26 21:31:55,11,0.415,4.45,-20.0
2020-12-26 21:31:55,12,0.419,4.47,-20.0
2020-12-26 21:31:55,13,0.409,4.48,25.2
2020-12-26 21:31:55,14,0.414,4.48,-20.0
2020-12-26 21:31:55,15,0.409,4.5,-20.0
2020-12-26 21:31:55,16,0.42,4.5,-20.0
2020-12-26 21:31:55,17,0.416,4.48,-20.0
2020-12-26 21:31:55,18,0.428,4.49,-20.0
2020-12-26 21:31:55,19,0.439,4.48,-20.0
2020-12-26 21:31:55,20,0.414,4.48,-20.0
2020-12-26 21:31:55,21,0.414,4.48,-20.0
2020-12-26 21:31:55,22,0.416,4.48,-20.0
2020-12-26 21:31:55,23,0.443,4.48,-20.0
2020-12-26 21:31:55,24,0.402,4.49,-20.0
2020-12-26 21:31:55,25,0.412,4.5,24.1
2020-12-26 21:31:55,26,0.415,4.47,-20.0
2020-12-26 21:31:55,27,0.41,4.47,-20.0
2020-12-26 21:31:55,28,0.42,4.47,-20.0
2020-12-26 21:31:55,29,0.418,4.47,-20.0
2020-12-26 21:31:55,30,0.416,4.49,-20.0
2020-12-26 21:31:55,31,0.418,4.46,-20.0
2020-12-26 21:31:55,32,0.411,4.49,-20.0
2020-12-26 21:31:55,33,0.414,4.49,-20.0
2020-12-26 21:31:55,34,0.415,4.48,-20.0
2020-12-26 21:31:55,35,0.408,4.48,-20.0
2020-12-26 21:31:55,36,0.406,4.48,-20.0
2020-12-26 21:31:55,37,0.416,4.48,24.4
2020-12-26 21:31:55,38,0.409,4.5,-20.0
2020-12-26 21:31:55,39,0.423,4.47,-20.0
2020-12-26 21:31:55,40,0.411,4.49,-20.0
2020-12-26 21:31:55,41,0.41,4.49,-20.0
2020-12-26 21:31:55,42,0.408,4.49,-20.0
2020-12-26 21:31:55,43,0.42,4.49,-20.0
2020-12-26 21:31:55,44,0.431,4.49,-20.0
2020-12-26 21:31:55,45,0.415,4.48,-20.0
2020-12-26 21:31:55,46,0.409,4.48,-20.0
2020-12-26 21:31:55,47,0.392,4.48,-20.0
2020-12-26 21:31:55,48,0.398,4.48,-20.0
2020-12-26 21:31:55,49,0.486,4.47,25.0
2020-12-26 21:31:55,50,0.418,4.47,-20.0
2020-12-26 21:31:55,51,0.413,4.46,-20.0
2020-12-26 21:31:55,52,0.417,4.46,-20.0
2020-12-26 21:31:55,53,0.416,4.45,-20.0
2020-12-26 21:31:55,54,0.419,4.47,-20.0
2020-12-26 21:31:55,55,0.414,4.44,-20.0
2020-12-26 21:31:55,56,0.417,4.44,-20.0
2020-12-26 21:31:55,57,0.418,4.44,-20.0
2020-12-26 21:31:55,58,0.419,4.44,-20.0
2020-12-26 21:31:55,59,0.415,4.46,-20.0
2020-12-26 21:31:55,60,0.417,4.46,-20.0
2020-12-26 21:31:55,61,0.412,4.49,24.2
2020-12-26 21:31:55,62,0.407,4.48,-20.0
2020-12-26 21:31:55,63,0.404,4.48,-20.0
2020-12-26 21:31:55,64,0.403,4.47,-20.0
2020-12-26 21:31:55,65,0.409,4.45,-20.0
2020-12-26 21:31:55,66,0.416,4.46,-20.0
2020-12-26 21:31:55,67,0.411,4.44,-20.0
2020-12-26 21:31:55,68,0.41,4.46,-20.0
2020-12-26 21:31:55,69,0.415,4.45,-20.0
2020-12-26 21:31:55,70,0.409,4.47,-20.0
2020-12-26 21:31:55,71,0.409,4.48,-20.0
2020-12-26 21:31:55,72,0.411,4.48,-20.0
2020-12-26 21:31:55,73,0.407,4.52,23.9
2020-12-26 21:31:55,74,0.405,4.49,-20.0
2020-12-26 21:31:55,75,0.426,4.48,-20.0
2020-12-26 21:31:55,76,0.427,4.46,-20.0
2020-12-26 21:31:55,77,0.422,4.52,-20.0
2020-12-26 21:31:55,78,0.404,4.47,-20.0
2020-12-26 21:31:55,79,0.411,4.48,-20.0
2020-12-26 21:31:55,80,0.418,4.5,-20.0
2020-12-26 21:31:55,81,0.418,4.5,-20.0
2020-12-26 21:31:55,82,0.42,4.51,-20.0
2020-12-26 21:31:55,83,0.419,4.5,-20.0
2020-12-26 21:31:55,84,0.417,4.5,-20.0
2020-12-26 21:31:55,85,0.412,4.47,25.0
2020-12-26 21:31:55,86,0.417,4.48,-20.0
2020-12-26 21:31:55,87,0.436,4.47,-20.0
2020-12-26 21:31:55,88,0.398,4.48,-20.0
2020-12-26 21:31:55,89,0.41,4.49,-20.0
2020-12-26 21:31:55,90,0.405,4.47,-20.0
2020-12-26 21:31:55,91,0.417,4.47,-20.0
2020-12-26 21:31:55,92,0.396,4.5,-20.0
2020-12-26 21:31:55,93,0.409,4.5,-20.0
2020-12-26 21:31:55,94,0.417,4.47,-20.0
2020-12-26 21:31:55,95,0.416,4.47,-20.0
2020-12-26 21:31:55,96,0.41,4.49,-20.0
2020-12-27 09:31:25,1,0.413,4.51,25.8
2020-12-27 09:31:25,2,0.41,4.51,-20.0
2020-12-27 09:31:25,3,0.413,4.51,-20.0
2020-12-27 09:31:25,4,0.413,4.49,-20.0
2020-12-27 09:31:25,5,0.402,4.51,-20.0
2020-12-27 09:31:25,6,0.414,4.49,-20.0
2020-12-27 09:31:25,7,0.403,4.48,-20.0
2020-12-27 09:31:25,8,0.404,4.5,-20.0
2020-12-27 09:31:25,9,0.41,4.49,-20.0
2020-12-27 09:31:25,10,0.42,4.5,-20.0
2020-12-27 09:31:25,11,0.414,4.46,-20.0
2020-12-27 09:31:25,12,0.419,4.47,-20.0
2020-12-27 09:31:25,13,0.411,4.49,25.3
2020-12-27 09:31:25,14,0.416,4.48,-20.0
2020-12-27 09:31:25,15,0.411,4.5,-20.0
2020-12-27 09:31:25,16,0.422,4.5,-20.0
2020-12-27 09:31:25,17,0.414,4.48,-20.0
2020-12-27 09:31:25,18,0.428,4.5,-20.0
2020-12-27 09:31:25,19,0.438,4.48,-20.0
2020-12-27 09:31:25,20,0.413,4.47,-20.0
2020-12-27 09:31:25,21,0.417,4.49,-20.0
2020-12-27 09:31:25,22,0.419,4.48,-20.0
2020-12-27 09:31:25,23,0.446,4.49,-20.0
2020-12-27 09:31:25,24,0.406,4.5,-20.0
2020-12-27 09:31:25,25,0.412,4.49,24.2
2020-12-27 09:31:25,26,0.412,4.48,-20.0
2020-12-27 09:31:25,27,0.409,4.47,-20.0
2020-12-27 09:31:25,28,0.421,4.46,-20.0
2020-12-27 09:31:25,29,0.417,4.47,-20.0
2020-12-27 09:31:25,30,0.416,4.48,-20.0
2020-12-27 09:31:25,31,0.417,4.48,-20.0
2020-12-27 09:31:25,32,0.412,4.49,-20.0
2020-12-27 09:31:25,33,0.413,4.48,-20.0
2020-12-27 09:31:25,34,0.415,4.48,-20.0
2020-12-27 09:31:25,35,0.407,4.48,-20.0
2020-12-27 09:31:25,36,0.407,4.5,-20.0
2020-12-27 09:31:25,37,0.416,4.47,24.6
2020-12-27 09:31:25,38,0.414,4.5,-20.0
2020-12-27 09:31:25,39,0.421,4.48,-20.0
2020-12-27 09:31:25,40,0.41,4.49,-20.0
2020-12-27 09:31:25,41,0.413,4.49,-20.0
2020-12-27 09:31:25,42,0.407,4.49,-20.0
2020-12-27 09:31:25,43,0.423,4.49,-20.0
2020-12-27 09:31:25,44,0.432,4.49,-20.0
2020-12-27 09:31:25,45,0.415,4.49,-20.0
2020-12-27 09:31:25,46,0.408,4.48,-20.0
2020-12-27 09:31:25,47,0.399,4.48,-20.0
2020-12-27 09:31:25,48,0.399,4.48,-20.0
2020-12-27 09:31:25,49,0.487,4.46,25.1
2020-12-27 09:31:25,50,0.42,4.47,-20.0
2020-12-27 09:31:25,51,0.412,4.47,-20.0
2020-12-27 09:31:25,52,0.417,4.46,-20.0
2020-12-27 09:31:25,53,0.414,4.46,-20.0
2020-12-27 09:31:25,54,0.418,4.47,-20.0
2020-12-27 09:31:25,55,0.418,4.44,-20.0
2020-12-27 09:31:25,56,0.417,4.44,-20.0
2020-12-27 09:31:25,57,0.42,4.43,-20.0
2020-12-27 09:31:25,58,0.417,4.44,-20.0
2020-12-27 09:31:25,59,0.414,4.45,-20.0
2020-12-27 09:31:25,60,0.417,4.46,-20.0
2020-12-27 09:31:25,61,0.41,4.49,24.3
2020-12-27 09:31:25,62,0.408,4.48,-20.0
2020-12-27 09:31:25,63,0.405,4.48,-20.0
2020-12-27 09:31:25,64,0.404,4.46,-20.0
2020-12-27 09:31:25,65,0.411,4.46,-20.0
2020-12-27 09:31:25,66,0.415,4.46,-20.0
2020-12-27 09:31:25,67,0.411,4.44,-20.0
2020-12-27 09:31:25,68,0.412,4.47,-20.0
2020-12-27 09:31:25,69,0.412,4.46,-20.0
2020-12-27 09:31:25,70,0.413,4.47,-20.0
2020-12-27 09:31:25,71,0.41,4.48,-20.0
2020-12-27 09:31:25,72,0.408,4.48,-20.0
2020-12-27 09:31:25,73,0.409,4.51,24.0
2020-12-27 09:31:25,74,0.406,4.49,-20.0
2020-12-27 09:31:25,75,0.425,4.48,-20.0
2020-12-27 09:31:25,76,0.423,4.46,-20.0
2020-12-27 09:31:25,77,0.418,4.52,-20.0
2020-12-27 09:31:25,78,0.404,4.47,-20.0
2020-12-27 09:31:25,79,0.412,4.48,-20.0
2020-12-27 09:31:25,80,0.419,4.51,-20.0
2020-12-27 09:31:25,81,0.416,4.5,-20.0
2020-12-27 09:31:25,82,0.419,4.52,-20.0
2020-12-27 09:31:25,83,0.42,4.5,-20.0
2020-12-27 09:31:25,84,0.418,4.5,-20.0
2020-12-27 09:31:25,85,0.417,4.48,25.2
2020-12-27 09:31:25,86,0.418,4.47,-20.0
2020-12-27 09:31:25,87,0.44,4.47,-20.0
2020-12-27 09:31:25,88,0.4,4.47,-20.0
2020-12-27 09:31:25,89,0.408,4.49,-20.0
2020-12-27 09:31:25,90,0.402,4.47,-20.0
2020-12-27 09:31:25,91,0.414,4.48,-20.0
2020-12-27 09:31:25,92,0.392,4.5,-20.0
2020-12-27 09:31:25,93,0.407,4.5,-20.0
2020-12-27 09:31:25,94,0.417,4.48,-20.0
2020-12-27 09:31:25,95,0.415,4.47,-20.0
2020-12-27 09:31:25,96,0.407,4.5,-20.0
2020-12-27 21:30:54,1,0.413,4.5,25.8
2020-12-27 21:30:54,2,0.411,4.51,-20.0
2020-12-27 21:30:54,3,0.415,4.51,-20.0
2020-12-27 21:30:54,4,0.411,4.49,-20.0
2020-12-27 21:30:54,5,0.402,4.52,-20.0
2020-12-27 21:30:54,6,0.415,4.49,-20.0
2020-12-27 21:30:54,7,0.405,4.48,-20.0
2020-12-27 21:30:54,8,0.408,4.5,-20.0
2020-12-27 21:30:54,9,0.409,4.48,-20.0
2020-12-27 21:30:54,10,0.418,4.5,-20.0
2020-12-27 21:30:54,11,0.417,4.45,-20.0
2020-12-27 21:30:54,12,0.417,4.47,-20.0
2020-12-27 21:30:54,13,0.412,4.48,25.3
2020-12-27 21:30:54,14,0.416,4.5,-20.0
2020-12-27 21:30:54,15,0.411,4.51,-20.0
2020-12-27 21:30:54,16,0.424,4.51,-20.0
2020-12-27 21:30:54,17,0.414,4.49,-20.0
2020-12-27 21:30:54,18,0.427,4.5,-20.0
2020-12-27 21:30:54,19,0.436,4.48,-20.0
2020-12-27 21:30:54,20,0.41,4.49,-20.0
2020-12-27 21:30:54,21,0.415,4.5,-20.0
2020-12-27 21:30:54,22,0.416,4.48,-20.0
2020-12-27 21:30:54,23,0.447,4.49,-20.0
2020-12-27 21:30:54,24,0.409,4.49,-20.0
2020-12-27 21:30:54,25,0.413,4.49,24.1
2020-12-27 21:30:54,26,0.41,4.47,-20.0
2020-12-27 21:30:54,27,0.412,4.46,-20.0
2020-12-27 21:30:54,28,0.424,4.46,-20.0
2020-12-27 21:30:54,29,0.417,4.46,-20.0
2020-12-27 21:30:54,30,0.416,4.49,-20.0
2020-12-27 21:30:54,31,0.416,4.46,-20.0
2020-12-27 21:30:54,32,0.409,4.49,-20.0
2020-12-27 21:30:54,33,0.414,4.48,-20.0
2020-12-27 21:30:54,34,0.414,4.49,-20.0
2020-12-27 21:30:54,35,0.406,4.49,-20.0
2020-12-27 21:30:54,36,0.405,4.5,-20.0
2020-12-27 21:30:54,37,0.402,4.48,24.4
2020-12-27 21:30:54,38,0.394,4.49,-20.0
2020-12-27 21:30:54,39,0.416,4.48,-20.0
2020-12-27 21:30:54,40,0.408,4.48,-20.0
2020-12-27 21:30:54,41,0.41,4.49,-20.0
2020-12-27 21:30:54,42,0.392,4.48,-20.0
2020-12-27 21:30:54,43,0.403,4.48,-20.0
2020-12-27 21:30:54,44,0.421,4.49,-20.0
2020-12-27 21:30:54,45,0.416,4.48,-20.0
2020-12-27 21:30:54,46,0.409,4.48,-20.0
2020-12-27 21:30:54,47,0.388,4.48,-20.0
2020-12-27 21:30:54,48,0.386,4.48,-20.0
2020-12-27 21:30:54,49,0.486,4.46,25.2
2020-12-27 21:30:54,50,0.421,4.47,-20.0
2020-12-27 21:30:54,51,0.413,4.46,-20.0
2020-12-27 21:30:54,52,0.417,4.46,-20.0
2020-12-27 21:30:54,53,0.415,4.45,-20.0
2020-12-27 21:30:54,54,0.417,4.48,-20.0
2020-12-27 21:30:54,55,0.421,4.44,-20.0
2020-12-27 21:30:54,56,0.415,4.44,-20.0
2020-12-27 21:30:54,57,0.42,4.43,-20.0
2020-12-27 21:30:54,58,0.418,4.43,-20.0
2020-12-27 21:30:54,59,0.414,4.45,-20.0
2020-12-27 21:30:54,60,0.42,4.46,-20.0
2020-12-27 21:30:54,61,0.41,4.49,24.2
2020-12-27 21:30:54,62,0.411,4.48,-20.0
2020-12-27 21:30:54,63,0.409,4.48,-20.0
2020-12-27 21:30:54,64,0.406,4.46,-20.0
2020-12-27 21:30:54,65,0.411,4.46,-20.0
2020-12-27 21:30:54,66,0.415,4.46,-20.0
2020-12-27 21:30:54,67,0.411,4.44,-20.0
2020-12-27 21:30:54,68,0.414,4.46,-20.0
2020-12-27 21:30:54,69,0.411,4.45,-20.0
2020-12-27 21:30:54,70,0.401,4.47,-20.0
2020-12-27 21:30:54,71,0.406,4.48,-20.0
2020-12-27 21:30:54,72,0.408,4.48,-20.0
2020-12-27 21:30:54,73,0.399,4.51,23.9
2020-12-27 21:30:54,74,0.398,4.49,-20.0
2020-12-27 21:30:54,75,0.425,4.47,-20.0
2020-12-27 21:30:54,76,0.42,4.46,-20.0
2020-12-27 21:30:54,77,0.414,4.52,-20.0
2020-12-27 21:30:54,78,0.404,4.48,-20.0
2020-12-27 21:30:54,79,0.412,4.48,-20.0
2020-12-27 21:30:54,80,0.416,4.51,-20.0
2020-12-27 21:30:54,81,0.417,4.5,-20.0
2020-12-27 21:30:54,82,0.42,4.51,-20.0
2020-12-27 21:30:54,83,0.42,4.49,-20.0
2020-12-27 21:30:54,84,0.417,4.49,-20.0
2020-12-27 21:30:54,85,0.416,4.47,25.2
2020-12-27 21:30:54,86,0.415,4.47,-20.0
2020-12-27 21:30:54,87,0.441,4.48,-20.0
2020-12-27 21:30:54,88,0.399,4.47,-20.0
2020-12-27 21:30:54,89,0.411,4.49,-20.0
2020-12-27 21:30:54,90,0.401,4.48,-20.0
2020-12-27 21:30:54,91,0.409,4.48,-20.0
2020-12-27 21:30:54,92,0.393,4.49,-20.0
2020-12-27 21:30:54,93,0.408,4.49,-20.0
2020-12-27 21:30:54,94,0.416,4.47,-20.0
2020-12-27 21:30:54,95,0.416,4.46,-20.0
2020-12-27 21:30:54,96,0.407,4.49,-20.0
2020-12-28 09:30:21,1,0.412,4.5,25.8
2020-12-28 09:30:21,2,0.41,4.51,-20.0
2020-12-28 09:30:21,3,0.417,4.51,-20.0
2020-12-28 09:30:21,4,0.412,4.48,-20.0
2020-12-28 09:30:21,5,0.403,4.52,-20.0
2020-12-28 09:30:21,6,0.413,4.48,-20.0
2020-12-28 09:30:21,7,0.407,4.49,-20.0
2020-12-28 09:30:21,8,0.408,4.5,-20.0
2020-12-28 09:30:21,9,0.41,4.48,-20.0
2020-12-28 09:30:21,10,0.419,4.51,-20.0
2020-12-28 09:30:21,11,0.417,4.46,-20.0
2020-12-28 09:30:21,12,0.418,4.47,-20.0
2020-12-28 09:30:21,13,0.414,4.48,25.2
2020-12-28 09:30:21,14,0.414,4.49,-20.0
2020-12-28 09:30:21,15,0.411,4.51,-20.0
2020-12-28 09:30:21,16,0.425,4.5,-20.0
2020-12-28 09:30:21,17,0.415,4.48,-20.0
2020-12-28 09:30:21,18,0.427,4.5,-20.0
2020-12-28 09:30:21,19,0.435,4.47,-20.0
2020-12-28 09:30:21,20,0.411,4.47,-20.0
2020-12-28 09:30:21,21,0.414,4.5,-20.0
2020-12-28 09:30:21,22,0.417,4.47,-20.0
2020-12-28 09:30:21,23,0.449,4.48,-20.0
2020-12-28 09:30:21,24,0.41,4.49,-20.0
2020-12-28 09:30:21,25,0.415,4.5,24.0
2020-12-28 09:30:21,26,0.412,4.48,-20.0
2020-12-28 09:30:21,27,0.411,4.47,-20.0
2020-12-28 09:30:21,28,0.426,4.47,-20.0
2020-12-28 09:30:21,29,0.417,4.48,-20.0
2020-12-28 09:30:21,30,0.418,4.48,-20.0
2020-12-28 09:30:21,31,0.418,4.47,-20.0
2020-12-28 09:30:21,32,0.415,4.48,-20.0
2020-12-28 09:30:21,33,0.413,4.49,-20.0
2020-12-28 09:30:21,34,0.415,4.49,-20.0
2020-12-28 09:30:21,35,0.409,4.48,-20.0
2020-12-28 09:30:21,36,0.408,4.5,-20.0
2020-12-28 09:30:21,37,0.407,4.48,24.4
2020-12-28 09:30:21,38,0.405,4.49,-20.0
2020-12-28 09:30:21,39,0.414,4.47,-20.0
2020-12-28 09:30:21,40,0.407,4.48,-20.0
2020-12-28 09:30:21,41,0.409,4.5,-20.0
2020-12-28 09:30:21,42,0.397,4.48,-20.0
2020-12-28 09:30:21,43,0.406,4.48,-20.0
2020-12-28 09:30:21,44,0.426,4.49,-20.0
2020-12-28 09:30:21,45,0.413,4.49,-20.0
2020-12-28 09:30:21,46,0.409,4.48,-20.0
2020-12-28 09:30:21,47,0.392,4.48,-20.0
2020-12-28 09:30:21,48,0.396,4.48,-20.0
2020-12-28 09:30:21,49,0.482,4.46,25.0
2020-12-28 09:30:21,50,0.418,4.47,-20.0
2020-12-28 09:30:21,51,0.409,4.47,-20.0
2020-12-28 09:30:21,52,0.417,4.46,-20.0
2020-12-28 09:30:21,53,0.415,4.46,-20.0
2020-12-28 09:30:21,54,0.419,4.47,-20.0
2020-12-28 09:30:21,55,0.425,4.44,-20.0
2020-12-28 09:30:21,56,0.417,4.43,-20.0
2020-12-28 09:30:21,57,0.421,4.44,-20.0
2020-12-28 09:30:21,58,0.419,4.43,-20.0
2020-12-28 09:30:21,59,0.415,4.46,-20.0
2020-12-28 09:30:21,60,0.42,4.46,-20.0
2020-12-28 09:30:21,61,0.41,4.49,23.9
2020-12-28 09:30:21,62,0.409,4.48,-20.0
2020-12-28 09:30:21,63,0.41,4.48,-20.0
2020-12-28 09:30:21,64,0.409,4.47,-20.0
2020-12-28 09:30:21,65,0.411,4.46,-20.0
2020-12-28 09:30:21,66,0.418,4.45,-20.0
2020-12-28 09:30:21,67,0.41,4.44,-20.0
2020-12-28 09:30:21,68,0.415,4.46,-20.0
2020-12-28 09:30:21,69,0.411,4.46,-20.0
2020-12-28 09:30:21,70,0.404,4.47,-20.0
2020-12-28 09:30:21,71,0.407,4.48,-20.0
2020-12-28 09:30:21,72,0.41,4.48,-20.0
2020-12-28 09:30:21,73,0.4,4.52,23.5
2020-12-28 09:30:21,74,0.399,4.49,-20.0
2020-12-28 09:30:21,75,0.422,4.48,-20.0
2020-12-28 09:30:21,76,0.42,4.46,-20.0
2020-12-28 09:30:21,77,0.416,4.52,-20.0
2020-12-28 09:30:21,78,0.408,4.48,-20.0
2020-12-28 09:30:21,79,0.416,4.49,-20.0
2020-12-28 09:30:21,80,0.416,4.52,-20.0
2020-12-28 09:30:21,81,0.419,4.5,-20.0
2020-12-28 09:30:21,82,0.419,4.51,-20.0
2020-12-28 09:30:21,83,0.423,4.5,-20.0
2020-12-28 09:30:21,84,0.42,4.49,-20.0
2020-12-28 09:30:21,85,0.417,4.48,24.3
2020-12-28 09:30:21,86,0.416,4.47,-20.0
2020-12-28 09:30:21,87,0.44,4.48,-20.0
2020-12-28 09:30:21,88,0.399,4.48,-20.0
2020-12-28 09:30:21,89,0.407,4.49,-20.0
2020-12-28 09:30:21,90,0.403,4.47,-20.0
2020-12-28 09:30:21,91,0.411,4.48,-20.0
2020-12-28 09:30:21,92,0.393,4.5,-20.0
2020-12-28 09:30:21,93,0.411,4.5,-20.0
2020-12-28 09:30:21,94,0.417,4.47,-20.0
2020-12-28 09:30:21,95,0.417,4.46,-20.0
2020-12-28 09:30:21,96,0.407,4.5,-20.0
2020-12-28 21:29:55,1,0.414,4.51,25.8
2020-12-28 21:29:55,2,0.413,4.5,-20.0
2020-12-28 21:29:55,3,0.419,4.51,-20.0
2020-12-28 21:29:55,4,0.415,4.49,-20.0
2020-12-28 21:29:55,5,0.404,4.52,-20.0
2020-12-28 21:29:55,6,0.412,4.48,-20.0
2020-12-28 21:29:55,7,0.407,4.48,-20.0
2020-12-28 21:29:55,8,0.407,4.5,-20.0
2020-12-28 21:29:55,9,0.409,4.49,-20.0
2020-12-28 21:29:55,10,0.416,4.51,-20.0
2020-12-28 21:29:55,11,0.417,4.45,-20.0
2020-12-28 21:29:55,12,0.418,4.47,-20.0
2020-12-28 21:29:55,13,0.413,4.49,25.3
2020-12-28 21:29:55,14,0.413,4.49,-20.0
2020-12-28 21:29:55,15,0.412,4.51,-20.0
2020-12-28 21:29:55,16,0.423,4.5,-20.0
2020-12-28 21:29:55,17,0.418,4.49,-20.0
2020-12-28 21:29:55,18,0.423,4.5,-20.0
2020-12-28 21:29:55,19,0.435,4.49,-20.0
2020-12-28 21:29:55,20,0.41,4.48,-20.0
2020-12-28 21:29:55,21,0.415,4.48,-20.0
2020-12-28 21:29:55,22,0.413,4.47,-20.0
2020-12-28 21:29:55,23,0.449,4.48,-20.0
2020-12-28 21:29:55,24,0.412,4.49,-20.0
2020-12-28 21:29:55,25,0.416,4.5,23.9
2020-12-28 21:29:55,26,0.412,4.48,-20.0
2020-12-28 21:29:55,27,0.411,4.47,-20.0
2020-12-28 21:29:55,28,0.427,4.47,-20.0
2020-12-28 21:29:55,29,0.417,4.47,-20.0
2020-12-28 21:29:55,30,0.42,4.49,-20.0
2020-12-28 21:29:55,31,0.414,4.46,-20.0
2020-12-28 21:29:55,32,0.401,4.47,-20.0
2020-12-28 21:29:55,33,0.406,4.49,-20.0
2020-12-28 21:29:55,34,0.397,4.49,-20.0
2020-12-28 21:29:55,35,0.406,4.48,-20.0
2020-12-28 21:29:55,36,0.405,4.49,-20.0
2020-12-28 21:29:55,37,0.394,4.48,24.3
2020-12-28 21:29:55,38,0.379,4.5,-20.0
2020-12-28 21:29:55,39,0.402,4.49,-20.0
2020-12-28 21:29:55,40,0.409,4.48,-20.0
2020-12-28 21:29:55,41,0.41,4.49,-20.0
2020-12-28 21:29:55,42,0.398,4.48,-20.0
2020-12-28 21:29:55,43,0.409,4.48,-20.0
2020-12-28 21:29:55,44,0.429,4.49,-20.0
2020-12-28 21:29:55,45,0.413,4.48,-20.0
2020-12-28 21:29:55,46,0.413,4.48,-20.0
2020-12-28 21:29:55,47,0.399,4.48,-20.0
2020-12-28 21:29:55,48,0.401,4.48,-20.0
2020-12-28 21:29:55,49,0.482,4.47,25.1
2020-12-28 21:29:55,50,0.425,4.47,-20.0
2020-12-28 21:29:55,51,0.411,4.46,-20.0
2020-12-28 21:29:55,52,0.418,4.45,-20.0
2020-12-28 21:29:55,53,0.415,4.45,-20.0
2020-12-28 21:29:55,54,0.418,4.47,-20.0
2020-12-28 21:29:55,55,0.425,4.44,-20.0
2020-12-28 21:29:55,56,0.417,4.44,-20.0
2020-12-28 21:29:55,57,0.422,4.43,-20.0
2020-12-28 21:29:55,58,0.411,4.44,-20.0
2020-12-28 21:29:55,59,0.399,4.45,-20.0
2020-12-28 21:29:55,60,0.397,4.46,-20.0
2020-12-28 21:29:55,61,0.41,4.49,24.0
2020-12-28 21:29:55,62,0.406,4.48,-20.0
2020-12-28 21:29:55,63,0.396,4.48,-20.0
2020-12-28 21:29:55,64,0.404,4.46,-20.0
2020-12-28 21:29:55,65,0.397,4.46,-20.0
2020-12-28 21:29:55,66,0.414,4.46,-20.0
2020-12-28 21:29:55,67,0.411,4.44,-20.0
2020-12-28 21:29:55,68,0.415,4.46,-20.0
2020-12-28 21:29:55,69,0.41,4.45,-20.0
2020-12-28 21:29:55,70,0.403,4.47,-20.0
2020-12-28 21:29:55,71,0.406,4.48,-20.0
2020-12-28 21:29:55,72,0.413,4.49,-20.0
2020-12-28 21:29:55,73,0.404,4.52,23.8
2020-12-28 21:29:55,74,0.4,4.49,-20.0
2020-12-28 21:29:55,75,0.422,4.48,-20.0
2020-12-28 21:29:55,76,0.422,4.46,-20.0
2020-12-28 21:29:55,77,0.417,4.52,-20.0
2020-12-28 21:29:55,78,0.408,4.48,-20.0
2020-12-28 21:29:55,79,0.418,4.49,-20.0
2020-12-28 21:29:55,80,0.419,4.51,-20.0
2020-12-28 21:29:55,81,0.416,4.5,-20.0
2020-12-28 21:29:55,82,0.419,4.51,-20.0
2020-12-28 21:29:55,83,0.423,4.5,-20.0
2020-12-28 21:29:55,84,0.419,4.5,-20.0
2020-12-28 21:29:55,85,0.414,4.47,25.1
2020-12-28 21:29:55,86,0.417,4.47,-20.0
2020-12-28 21:29:55,87,0.442,4.48,-20.0
2020-12-28 21:29:55,88,0.399,4.48,-20.0
2020-12-28 21:29:55,89,0.41,4.5,-20.0
2020-12-28 21:29:55,90,0.406,4.47,-20.0
2020-12-28 21:29:55,91,0.413,4.48,-20.0
2020-12-28 21:29:55,92,0.395,4.5,-20.0
2020-12-28 21:29:55,93,0.414,4.49,-20.0
2020-12-28 21:29:55,94,0.419,4.47,-20.0
2020-12-28 21:29:55,95,0.416,4.46,-20.0
2020-12-28 21:29:55,96,0.409,4.49,-20.0
2020-12-29 09:29:24,1,0.415,4.5,25.7
2020-12-29 09:29:24,2,0.411,4.5,-20.0
2020-12-29 09:29:24,3,0.419,4.51,-20.0
2020-12-29 09:29:24,4,0.415,4.49,-20.0
2020-12-29 09:29:24,5,0.405,4.51,-20.0
2020-12-29 09:29:24,6,0.415,4.49,-20.0
2020-12-29 09:29:24,7,0.408,4.49,-20.0
2020-12-29 09:29:24,8,0.411,4.51,-20.0
2020-12-29 09:29:24,9,0.408,4.47,-20.0
2020-12-29 09:29:24,10,0.415,4.5,-20.0
2020-12-29 09:29:24,11,0.417,4.46,-20.0
2020-12-29 09:29:24,12,0.418,4.47,-20.0
2020-12-29 09:29:24,13,0.412,4.48,25.2
2020-12-29 09:29:24,14,0.412,4.5,-20.0
2020-12-29 09:29:24,15,0.411,4.51,-20.0
2020-12-29 09:29:24,16,0.423,4.51,-20.0
2020-12-29 09:29:24,17,0.42,4.49,-20.0
2020-12-29 09:29:24,18,0.423,4.5,-20.0
2020-12-29 09:29:24,19,0.436,4.48,-20.0
2020-12-29 09:29:24,20,0.41,4.48,-20.0
2020-12-29 09:29:24,21,0.415,4.49,-20.0
2020-12-29 09:29:24,22,0.412,4.48,-20.0
2020-12-29 09:29:24,23,0.447,4.48,-20.0
2020-12-29 09:29:24,24,0.407,4.5,-20.0
2020-12-29 09:29:24,25,0.419,4.5,23.9
2020-12-29 09:29:24,26,0.416,4.48,-20.0
2020-12-29 09:29:24,27,0.415,4.47,-20.0
2020-12-29 09:29:24,28,0.422,4.47,-20.0
2020-12-29 09:29:24,29,0.415,4.46,-20.0
2020-12-29 09:29:24,30,0.42,4.49,-20.0
2020-12-29 09:29:24,31,0.415,4.47,-20.0
2020-12-29 09:29:24,32,0.405,4.47,-20.0
2020-12-29 09:29:24,33,0.408,4.48,-20.0
2020-12-29 09:29:24,34,0.401,4.49,-20.0
2020-12-29 09:29:24,35,0.402,4.48,-20.0
2020-12-29 09:29:24,36,0.405,4.49,-20.0
2020-12-29 09:29:24,37,0.399,4.49,24.3
2020-12-29 09:29:24,38,0.392,4.49,-20.0
2020-12-29 09:29:24,39,0.407,4.49,-20.0
2020-12-29 09:29:24,40,0.406,4.48,-20.0
2020-12-29 09:29:24,41,0.409,4.51,-20.0
2020-12-29 09:29:24,42,0.4,4.48,-20.0
2020-12-29 09:29:24,43,0.414,4.48,-20.0
2020-12-29 09:29:24,44,0.428,4.49,-20.0
2020-12-29 09:29:24,45,0.412,4.5,-20.0
2020-12-29 09:29:24,46,0.414,4.48,-20.0
2020-12-29 09:29:24,47,0.401,4.49,-20.0
2020-12-29 09:29:24,48,0.402,4.48,-20.0
2020-12-29 09:29:24,49,0.482,4.46,25.0
2020-12-29 09:29:24,50,0.425,4.47,-20.0
2020-12-29 09:29:24,51,0.413,4.47,-20.0
2020-12-29 09:29:24,52,0.415,4.46,-20.0
2020-12-29 09:29:24,53,0.414,4.45,-20.0
2020-12-29 09:29:24,54,0.418,4.47,-20.0
2020-12-29 09:29:24,55,0.426,4.44,-20.0
2020-12-29 09:29:24,56,0.416,4.45,-20.0
2020-12-29 09:29:24,57,0.42,4.44,-20.0
2020-12-29 09:29:24,58,0.414,4.43,-20.0
2020-12-29 09:29:24,59,0.402,4.45,-20.0
2020-12-29 09:29:24,60,0.399,4.46,-20.0
2020-12-29 09:29:24,61,0.408,4.49,23.9
2020-12-29 09:29:24,62,0.408,4.49,-20.0
2020-12-29 09:29:24,63,0.4,4.48,-20.0
2020-12-29 09:29:24,64,0.404,4.46,-20.0
2020-12-29 09:29:24,65,0.399,4.46,-20.0
2020-12-29 09:29:24,66,0.418,4.45,-20.0
2020-12-29 09:29:24,67,0.412,4.44,-20.0
2020-12-29 09:29:24,68,0.416,4.46,-20.0
2020-12-29 09:29:24,69,0.412,4.45,-20.0
2020-12-29 09:29:24,70,0.399,4.47,-20.0
2020-12-29 09:29:24,71,0.409,4.48,-20.0
2020-12-29 09:29:24,72,0.411,4.47,-20.0
2020-12-29 09:29:24,73,0.408,4.52,23.7
2020-12-29 09:29:24,74,0.4,4.48,-20.0
2020-12-29 09:29:24,75,0.425,4.48,-20.0
2020-12-29 09:29:24,76,0.421,4.45,-20.0
2020-12-29 09:29:24,77,0.416,4.51,-20.0
2020-12-29 09:29:24,78,0.407,4.49,-20.0
2020-12-29 09:29:24,79,0.416,4.49,-20.0
2020-12-29 09:29:24,80,0.42,4.5,-20.0
2020-12-29 09:29:24,81,0.415,4.5,-20.0
2020-12-29 09:29:24,82,0.418,4.51,-20.0
2020-12-29 09:29:24,83,0.422,4.5,-20.0
2020-12-29 09:29:24,84,0.42,4.5,-20.0
2020-12-29 09:29:24,85,0.415,4.48,25.0
2020-12-29 09:29:24,86,0.417,4.47,-20.0
2020-12-29 09:29:24,87,0.442,4.47,-20.0
2020-12-29 09:29:24,88,0.397,4.48,-20.0
2020-12-29 09:29:24,89,0.41,4.49,-20.0
2020-12-29 09:29:24,90,0.407,4.47,-20.0
2020-12-29 09:29:24,91,0.408,4.48,-20.0
2020-12-29 09:29:24,92,0.391,4.49,-20.0
2020-12-29 09:29:24,93,0.412,4.5,-20.0
2020-12-29 09:29:24,94,0.418,4.47,-20.0
2020-12-29 09:29:24,95,0.415,4.46,-20.0
2020-12-29 09:29:24,96,0.405,4.49,-20.0
2020-12-29 21:28:48,1,0.414,4.5,25.8
2020-12-29 21:28:48,2,0.412,4.51,-20.0
2020-12-29 21:28:48,3,0.419,4.52,-20.0
2020-12-29 21:28:48,4,0.416,4.49,-20.0
2020-12-29 21:28:48,5,0.403,4.51,-20.0
2020-12-29 21:28:48,6,0.414,4.49,-20.0
2020-12-29 21:28:48,7,0.41,4.48,-20.0
2020-12-29 21:28:48,8,0.41,4.51,-20.0
2020-12-29 21:28:48,9,0.406,4.48,-20.0
2020-12-29 21:28:48,10,0.413,4.5,-20.0
2020-12-29 21:28:48,11,0.419,4.46,-20.0
2020-12-29 21:28:48,12,0.416,4.47,-20.0
2020-12-29 21:28:48,13,0.411,4.49,25.3
2020-12-29 21:28:48,14,0.412,4.5,-20.0
2020-12-29 21:28:48,15,0.413,4.52,-20.0
2020-12-29 21:28:48,16,0.425,4.51,-20.0
2020-12-29 21:28:48,17,0.422,4.49,-20.0
2020-12-29 21:28:48,18,0.427,4.49,-20.0
2020-12-29 21:28:48,19,0.432,4.48,-20.0
2020-12-29 21:28:48,20,0.41,4.49,-20.0
2020-12-29 21:28:48,21,0.414,4.49,-20.0
2020-12-29 21:28:48,22,0.417,4.48,-20.0
2020-12-29 21:28:48,23,0.436,4.49,-20.0
2020-12-29 21:28:48,24,0.401,4.49,-20.0
2020-12-29 21:28:48,25,0.415,4.5,24.2
2020-12-29 21:28:48,26,0.415,4.48,-20.0
2020-12-29 21:28:48,27,0.407,4.46,-20.0
2020-12-29 21:28:48,28,0.42,4.46,-20.0
2020-12-29 21:28:48,29,0.407,4.48,-20.0
2020-12-29 21:28:48,30,0.42,4.48,-20.0
2020-12-29 21:28:48,31,0.416,4.47,-20.0
2020-12-29 21:28:48,32,0.408,4.48,-20.0
2020-12-29 21:28:48,33,0.411,4.49,-20.0
2020-12-29 21:28:48,34,0.404,4.49,-20.0
2020-12-29 21:28:48,35,0.402,4.49,-20.0
2020-12-29 21:28:48,36,0.404,4.5,-20.0
2020-12-29 21:28:48,37,0.401,4.48,24.5
2020-12-29 21:28:48,38,0.397,4.5,-20.0
2020-12-29 21:28:48,39,0.41,4.48,-20.0
2020-12-29 21:28:48,40,0.407,4.49,-20.0
2020-12-29 21:28:48,41,0.41,4.5,-20.0
2020-12-29 21:28:48,42,0.402,4.48,-20.0
2020-12-29 21:28:48,43,0.415,4.48,-20.0
2020-12-29 21:28:48,44,0.429,4.49,-20.0
2020-12-29 21:28:48,45,0.414,4.48,-20.0
2020-12-29 21:28:48,46,0.416,4.48,-20.0
2020-12-29 21:28:48,47,0.405,4.48,-20.0
2020-12-29 21:28:48,48,0.403,4.49,-20.0
2020-12-29 21:28:48,49,0.478,4.46,25.0
2020-12-29 21:28:48,50,0.421,4.47,-20.0
2020-12-29 21:28:48,51,0.409,4.47,-20.0
2020-12-29 21:28:48,52,0.414,4.46,-20.0
2020-12-29 21:28:48,53,0.415,4.46,-20.0
2020-12-29 21:28:48,54,0.417,4.47,-20.0
2020-12-29 21:28:48,55,0.428,4.44,-20.0
2020-12-29 21:28:48,56,0.417,4.45,-20.0
2020-12-29 21:28:48,57,0.419,4.44,-20.0
2020-12-29 21:28:48,58,0.419,4.43,-20.0
2020-12-29 21:28:48,59,0.409,4.45,-20.0
2020-12-29 21:28:48,60,0.404,4.46,-20.0
2020-12-29 21:28:48,61,0.409,4.49,24.3
2020-12-29 21:28:48,62,0.408,4.48,-20.0
2020-12-29 21:28:48,63,0.402,4.48,-20.0
2020-12-29 21:28:48,64,0.404,4.47,-20.0
2020-12-29 21:28:48,65,0.403,4.45,-20.0
2020-12-29 21:28:48,66,0.419,4.45,-20.0
2020-12-29 21:28:48,67,0.414,4.44,-20.0
2020-12-29 21:28:48,68,0.417,4.47,-20.0
2020-12-29 21:28:48,69,0.409,4.46,-20.0
2020-12-29 21:28:48,70,0.404,4.47,-20.0
2020-12-29 21:28:48,71,0.411,4.48,-20.0
2020-12-29 21:28:48,72,0.411,4.48,-20.0
2020-12-29 21:28:48,73,0.405,4.52,24.0
2020-12-29 21:28:48,74,0.401,4.5,-20.0
2020-12-29 21:28:48,75,0.428,4.48,-20.0
2020-12-29 21:28:48,76,0.42,4.45,-20.0
2020-12-29 21:28:48,77,0.416,4.52,-20.0
2020-12-29 21:28:48,78,0.407,4.48,-20.0
2020-12-29 21:28:48,79,0.417,4.49,-20.0
2020-12-29 21:28:48,80,0.421,4.51,-20.0
2020-12-29 21:28:48,81,0.417,4.51,-20.0
2020-12-29 21:28:48,82,0.416,4.51,-20.0
2020-12-29 21:28:48,83,0.422,4.5,-20.0
2020-12-29 21:28:48,84,0.421,4.5,-20.0
2020-12-29 21:28:48,85,0.414,4.48,25.2
2020-12-29 21:28:48,86,0.415,4.47,-20.0
2020-12-29 21:28:48,87,0.441,4.47,-20.0
2020-12-29 21:28:48,88,0.398,4.47,-20.0
2020-12-29 21:28:48,89,0.407,4.49,-20.0
2020-12-29 21:28:48,90,0.407,4.48,-20.0
2020-12-29 21:28:48,91,0.409,4.48,-20.0
2020-12-29 21:28:48,92,0.392,4.5,-20.0
2020-12-29 21:28:48,93,0.411,4.5,-20.0
2020-12-29 21:28:48,94,0.419,4.48,-20.0
2020-12-29 21:28:48,95,0.412,4.47,-20.0
2020-12-29 21:28:48,96,0.404,4.49,-20.0
2020-12-30 09:28:27,1,0.416,4.51,25.7
2020-12-30 09:28:27,2,0.412,4.52,-20.0
2020-12-30 09:28:27,3,0.418,4.52,-20.0
2020-12-30 09:28:27,4,0.416,4.49,-20.0
2020-12-30 09:28:27,5,0.404,4.51,-20.0
2020-12-30 09:28:27,6,0.418,4.49,-20.0
2020-12-30 09:28:27,7,0.411,4.48,-20.0
2020-12-30 09:28:27,8,0.406,4.5,-20.0
2020-12-30 09:28:27,9,0.406,4.48,-20.0
2020-12-30 09:28:27,10,0.412,4.5,-20.0
2020-12-30 09:28:27,11,0.419,4.46,-20.0
2020-12-30 09:28:27,12,0.416,4.47,-20.0
2020-12-30 09:28:27,13,0.412,4.49,25.3
2020-12-30 09:28:27,14,0.414,4.49,-20.0
2020-12-30 09:28:27,15,0.411,4.49,-20.0
2020-12-30 09:28:27,16,0.427,4.5,-20.0
2020-12-30 09:28:27,17,0.417,4.49,-20.0
2020-12-30 09:28:27,18,0.431,4.5,-20.0
2020-12-30 09:28:27,19,0.434,4.49,-20.0
2020-12-30 09:28:27,20,0.413,4.47,-20.0
2020-12-30 09:28:27,21,0.414,4.48,-20.0
2020-12-30 09:28:27,22,0.415,4.48,-20.0
2020-12-30 09:28:27,23,0.439,4.48,-20.0
2020-12-30 09:28:27,24,0.403,4.49,-20.0
2020-12-30 09:28:27,25,0.416,4.5,24.2
2020-12-30 09:28:27,26,0.418,4.47,-20.0
2020-12-30 09:28:27,27,0.414,4.47,-20.0
2020-12-30 09:28:27,28,0.421,4.46,-20.0
2020-12-30 09:28:27,29,0.411,4.47,-20.0
2020-12-30 09:28:27,30,0.419,4.49,-20.0
2020-12-30 09:28:27,31,0.416,4.46,-20.0
2020-12-30 09:28:27,32,0.41,4.47,-20.0
2020-12-30 09:28:27,33,0.409,4.5,-20.0
2020-12-30 09:28:27,34,0.405,4.48,-20.0
2020-12-30 09:28:27,35,0.404,4.48,-20.0
2020-12-30 09:28:27,36,0.401,4.49,-20.0
2020-12-30 09:28:27,37,0.403,4.48,24.4
2020-12-30 09:28:27,38,0.4,4.48,-20.0
2020-12-30 09:28:27,39,0.411,4.47,-20.0
2020-12-30 09:28:27,40,0.408,4.48,-20.0
2020-12-30 09:28:27,41,0.41,4.5,-20.0
2020-12-30 09:28:27,42,0.404,4.48,-20.0
2020-12-30 09:28:27,43,0.417,4.48,-20.0
2020-12-30 09:28:27,44,0.43,4.49,-20.0
2020-12-30 09:28:27,45,0.414,4.49,-20.0
2020-12-30 09:28:27,46,0.417,4.48,-20.0
2020-12-30 09:28:27,47,0.408,4.49,-20.0
2020-12-30 09:28:27,48,0.411,4.49,-20.0
2020-12-30 09:28:27,49,0.479,4.47,24.9
2020-12-30 09:28:27,50,0.424,4.48,-20.0
2020-12-30 09:28:27,51,0.409,4.46,-20.0
2020-12-30 09:28:27,52,0.414,4.46,-20.0
2020-12-30 09:28:27,53,0.416,4.45,-20.0
2020-12-30 09:28:27,54,0.415,4.47,-20.0
2020-12-30 09:28:27,55,0.424,4.44,-20.0
2020-12-30 09:28:27,56,0.416,4.44,-20.0
2020-12-30 09:28:27,57,0.419,4.44,-20.0
2020-12-30 09:28:27,58,0.42,4.44,-20.0
2020-12-30 09:28:27,59,0.413,4.45,-20.0
2020-12-30 09:28:27,60,0.407,4.46,-20.0
2020-12-30 09:28:27,61,0.409,4.49,24.3
2020-12-30 09:28:27,62,0.408,4.48,-20.0
2020-12-30 09:28:27,63,0.406,4.48,-20.0
2020-12-30 09:28:27,64,0.406,4.47,-20.0
2020-12-30 09:28:27,65,0.404,4.45,-20.0
2020-12-30 09:28:27,66,0.421,4.46,-20.0
2020-12-30 09:28:27,67,0.412,4.44,-20.0
2020-12-30 09:28:27,68,0.415,4.47,-20.0
2020-12-30 09:28:27,69,0.408,4.46,-20.0
2020-12-30 09:28:27,70,0.407,4.47,-20.0
2020-12-30 09:28:27,71,0.413,4.48,-20.0
2020-12-30 09:28:27,72,0.412,4.48,-20.0
2020-12-30 09:28:27,73,0.406,4.53,24.1
2020-12-30 09:28:27,74,0.402,4.49,-20.0
2020-12-30 09:28:27,75,0.427,4.47,-20.0
2020-12-30 09:28:27,76,0.422,4.46,-20.0
2020-12-30 09:28:27,77,0.417,4.51,-20.0
2020-12-30 09:28:27,78,0.411,4.48,-20.0
2020-12-30 09:28:27,79,0.416,4.49,-20.0
2020-12-30 09:28:27,80,0.421,4.51,-20.0
2020-12-30 09:28:27,81,0.419,4.5,-20.0
2020-12-30 09:28:27,82,0.414,4.51,-20.0
2020-12-30 09:28:27,83,0.42,4.5,-20.0
2020-12-30 09:28:27,84,0.419,4.49,-20.0
2020-12-30 09:28:27,85,0.409,4.48,25.2
2020-12-30 09:28:27,86,0.414,4.47,-20.0
2020-12-30 09:28:27,87,0.44,4.47,-20.0
2020-12-30 09:28:27,88,0.398,4.48,-20.0
2020-12-30 09:28:27,89,0.404,4.48,-20.0
2020-12-30 09:28:27,90,0.401,4.47,-20.0
2020-12-30 09:28:27,91,0.409,4.48,-20.0
2020-12-30 09:28:27,92,0.393,4.49,-20.0
2020-12-30 09:28:27,93,0.412,4.5,-20.0
2020-12-30 09:28:27,94,0.418,4.47,-20.0
2020-12-30 09:28:27,95,0.415,4.46,-20.0
2020-12-30 09:28:27,96,0.404,4.49,-20.0
2020-12-30 21:27:56,1,0.417,4.5,25.7
2020-12-30 21:27:56,2,0.412,4.52,-20.0
2020-12-30 21:27:56,3,0.419,4.52,-20.0
2020-12-30 21:27:56,4,0.415,4.49,-20.0
2020-12-30 21:27:56,5,0.404,4.51,-20.0
2020-12-30 21:27:56,6,0.418,4.48,-20.0
2020-12-30 21:27:56,7,0.413,4.47,-20.0
2020-12-30 21:27:56,8,0.406,4.5,-20.0
2020-12-30 21:27:56,9,0.407,4.48,-20.0
2020-12-30 21:27:56,10,0.413,4.5,-20.0
2020-12-30 21:27:56,11,0.424,4.46,-20.0
2020-12-30 21:27:56,12,0.417,4.47,-20.0
2020-12-30 21:27:56,13,0.412,4.49,25.3
2020-12-30 21:27:56,14,0.417,4.49,-20.0
2020-12-30 21:27:56,15,0.41,4.51,-20.0
2020-12-30 21:27:56,16,0.425,4.5,-20.0
2020-12-30 21:27:56,17,0.419,4.48,-20.0
2020-12-30 21:27:56,18,0.425,4.49,-20.0
2020-12-30 21:27:56,19,0.433,4.49,-20.0
2020-12-30 21:27:56,20,0.41,4.49,-20.0
2020-12-30 21:27:56,21,0.412,4.49,-20.0
2020-12-30 21:27:56,22,0.42,4.48,-20.0
2020-12-30 21:27:56,23,0.432,4.49,-20.0
2020-12-30 21:27:56,24,0.396,4.49,-20.0
2020-12-30 21:27:56,25,0.415,4.49,24.1
2020-12-30 21:27:56,26,0.42,4.46,-20.0
2020-12-30 21:27:56,27,0.417,4.46,-20.0
2020-12-30 21:27:56,28,0.424,4.47,-20.0
2020-12-30 21:27:56,29,0.413,4.47,-20.0
2020-12-30 21:27:56,30,0.419,4.48,-20.0
2020-12-30 21:27:56,31,0.417,4.48,-20.0
2020-12-30 21:27:56,32,0.411,4.49,-20.0
2020-12-30 21:27:56,33,0.41,4.49,-20.0
2020-12-30 21:27:56,34,0.409,4.49,-20.0
2020-12-30 21:27:56,35,0.405,4.47,-20.0
2020-12-30 21:27:56,36,0.405,4.5,-20.0
2020-12-30 21:27:56,37,0.405,4.47,24.3
2020-12-30 21:27:56,38,0.402,4.5,-20.0
2020-12-30 21:27:56,39,0.415,4.48,-20.0
2020-12-30 21:27:56,40,0.41,4.49,-20.0
2020-12-30 21:27:56,41,0.41,4.5,-20.0
2020-12-30 21:27:56,42,0.405,4.48,-20.0
2020-12-30 21:27:56,43,0.416,4.48,-20.0
2020-12-30 21:27:56,44,0.431,4.48,-20.0
2020-12-30 21:27:56,45,0.414,4.5,-20.0
2020-12-30 21:27:56,46,0.415,4.47,-20.0
2020-12-30 21:27:56,47,0.41,4.49,-20.0
2020-12-30 21:27:56,48,0.411,4.49,-20.0
2020-12-30 21:27:56,49,0.48,4.46,24.7
2020-12-30 21:27:56,50,0.421,4.47,-20.0
2020-12-30 21:27:56,51,0.408,4.46,-20.0
2020-12-30 21:27:56,52,0.414,4.45,-20.0
2020-12-30 21:27:56,53,0.417,4.46,-20.0
2020-12-30 21:27:56,54,0.415,4.47,-20.0
2020-12-30 21:27:56,55,0.424,4.44,-20.0
2020-12-30 21:27:56,56,0.419,4.44,-20.0
2020-12-30 21:27:56,57,0.42,4.44,-20.0
2020-12-30 21:27:56,58,0.42,4.44,-20.0
2020-12-30 21:27:56,59,0.419,4.46,-20.0
2020-12-30 21:27:56,60,0.415,4.46,-20.0
2020-12-30 21:27:56,61,0.41,4.48,24.4
2020-12-30 21:27:56,62,0.407,4.48,-20.0
2020-12-30 21:27:56,63,0.408,4.48,-20.0
2020-12-30 21:27:56,64,0.406,4.47,-20.0
2020-12-30 21:27:56,65,0.404,4.46,-20.0
2020-12-30 21:27:56,66,0.417,4.46,-20.0
2020-12-30 21:27:56,67,0.413,4.44,-20.0
2020-12-30 21:27:56,68,0.414,4.47,-20.0
2020-12-30 21:27:56,69,0.412,4.46,-20.0
2020-12-30 21:27:56,70,0.409,4.47,-20.0
2020-12-30 21:27:56,71,0.415,4.48,-20.0
2020-12-30 21:27:56,72,0.411,4.48,-20.0
2020-12-30 21:27:56,73,0.41,4.52,24.2
2020-12-30 21:27:56,74,0.402,4.49,-20.0
2020-12-30 21:27:56,75,0.425,4.48,-20.0
2020-12-30 21:27:56,76,0.427,4.46,-20.0
2020-12-30 21:27:56,77,0.42,4.53,-20.0
2020-12-30 21:27:56,78,0.411,4.48,-20.0
2020-12-30 21:27:56,79,0.415,4.49,-20.0
2020-12-30 21:27:56,80,0.422,4.51,-20.0
2020-12-30 21:27:56,81,0.42,4.51,-20.0
2020-12-30 21:27:56,82,0.414,4.5,-20.0
2020-12-30 21:27:56,83,0.421,4.49,-20.0
2020-12-30 21:27:56,84,0.419,4.5,-20.0
2020-12-30 21:27:56,85,0.41,4.48,25.2
2020-12-30 21:27:56,86,0.415,4.48,-20.0
2020-12-30 21:27:56,87,0.442,4.47,-20.0
2020-12-30 21:27:56,88,0.4,4.48,-20.0
2020-12-30 21:27:56,89,0.409,4.49,-20.0
2020-12-30 21:27:56,90,0.401,4.47,-20.0
2020-12-30 21:27:56,91,0.409,4.48,-20.0
2020-12-30 21:27:56,92,0.396,4.5,-20.0
2020-12-30 21:27:56,93,0.412,4.49,-20.0
2020-12-30 21:27:56,94,0.418,4.47,-20.0
2020-12-30 21:27:56,95,0.417,4.47,-20.0
2020-12-30 21:27:56,96,0.407,4.5,-20.0
2020-12-31 09:27:35,1,0.418,4.51,25.7
2020-12-31 09:27:35,2,0.414,4.51,-20.0
2020-12-31 09:27:35,3,0.42,4.5,-20.0
2020-12-31 09:27:35,4,0.415,4.48,-20.0
2020-12-31 09:27:35,5,0.404,4.51,-20.0
2020-12-31 09:27:35,6,0.417,4.48,-20.0
2020-12-31 09:27:35,7,0.411,4.49,-20.0
2020-12-31 09:27:35,8,0.407,4.5,-20.0
2020-12-31 09:27:35,9,0.41,4.49,-20.0
2020-12-31 09:27:35,10,0.417,4.51,-20.0
2020-12-31 09:27:35,11,0.423,4.46,-20.0
2020-12-31 09:27:35,12,0.417,4.47,-20.0
2020-12-31 09:27:35,13,0.412,4.48,25.3
2020-12-31 09:27:35,14,0.415,4.49,-20.0
2020-12-31 09:27:35,15,0.409,4.5,-20.0
2020-12-31 09:27:35,16,0.425,4.51,-20.0
2020-12-31 09:27:35,17,0.415,4.49,-20.0
2020-12-31 09:27:35,18,0.421,4.48,-20.0
2020-12-31 09:27:35,19,0.433,4.47,-20.0
2020-12-31 09:27:35,20,0.412,4.48,-20.0
2020-12-31 09:27:35,21,0.415,4.49,-20.0
2020-12-31 09:27:35,22,0.419,4.48,-20.0
2020-12-31 09:27:35,23,0.435,4.49,-20.0
2020-12-31 09:27:35,24,0.402,4.5,-20.0
2020-12-31 09:27:35,25,0.418,4.49,24.3
2020-12-31 09:27:35,26,0.418,4.48,-20.0
2020-12-31 09:27:35,27,0.414,4.46,-20.0
2020-12-31 09:27:35,28,0.421,4.47,-20.0
2020-12-31 09:27:35,29,0.417,4.47,-20.0
2020-12-31 09:27:35,30,0.419,4.49,-20.0
2020-12-31 09:27:35,31,0.419,4.47,-20.0
2020-12-31 09:27:35,32,0.411,4.48,-20.0
2020-12-31 09:27:35,33,0.411,4.5,-20.0
2020-12-31 09:27:35,34,0.411,4.48,-20.0
2020-12-31 09:27:35,35,0.406,4.48,-20.0
2020-12-31 09:27:35,36,0.405,4.5,-20.0
2020-12-31 09:27:35,37,0.409,4.49,24.5
2020-12-31 09:27:35,38,0.41,4.49,-20.0
2020-12-31 09:27:35,39,0.417,4.48,-20.0
2020-12-31 09:27:35,40,0.411,4.49,-20.0
2020-12-31 09:27:35,41,0.411,4.5,-20.0
2020-12-31 09:27:35,42,0.408,4.48,-20.0
2020-12-31 09:27:35,43,0.415,4.48,-20.0
2020-12-31 09:27:35,44,0.43,4.5,-20.0
2020-12-31 09:27:35,45,0.414,4.48,-20.0
2020-12-31 09:27:35,46,0.415,4.49,-20.0
2020-12-31 09:27:35,47,0.414,4.48,-20.0
2020-12-31 09:27:35,48,0.42,4.49,-20.0
2020-12-31 09:27:35,49,0.484,4.47,24.8
2020-12-31 09:27:35,50,0.424,4.47,-20.0
2020-12-31 09:27:35,51,0.411,4.46,-20.0
2020-12-31 09:27:35,52,0.415,4.46,-20.0
2020-12-31 09:27:35,53,0.417,4.46,-20.0
2020-12-31 09:27:35,54,0.414,4.47,-20.0
2020-12-31 09:27:35,55,0.425,4.45,-20.0
2020-12-31 09:27:35,56,0.42,4.44,-20.0
2020-12-31 09:27:35,57,0.422,4.45,-20.0
2020-12-31 09:27:35,58,0.419,4.44,-20.0
2020-12-31 09:27:35,59,0.421,4.44,-20.0
2020-12-31 09:27:35,60,0.414,4.46,-20.0
2020-12-31 09:27:35,61,0.411,4.48,24.5
2020-12-31 09:27:35,62,0.406,4.48,-20.0
2020-12-31 09:27:35,63,0.41,4.48,-20.0
2020-12-31 09:27:35,64,0.407,4.47,-20.0
2020-12-31 09:27:35,65,0.404,4.46,-20.0
2020-12-31 09:27:35,66,0.418,4.46,-20.0
2020-12-31 09:27:35,67,0.414,4.44,-20.0
2020-12-31 09:27:35,68,0.415,4.46,-20.0
2020-12-31 09:27:35,69,0.412,4.46,-20.0
2020-12-31 09:27:35,70,0.409,4.47,-20.0
2020-12-31 09:27:35,71,0.414,4.48,-20.0
2020-12-31 09:27:35,72,0.408,4.47,-20.0
2020-12-31 09:27:35,73,0.403,4.52,24.2
2020-12-31 09:27:35,74,0.397,4.49,-20.0
2020-12-31 09:27:35,75,0.425,4.48,-20.0
2020-12-31 09:27:35,76,0.426,4.46,-20.0
2020-12-31 09:27:35,77,0.415,4.52,-20.0
2020-12-31 09:27:35,78,0.407,4.48,-20.0
2020-12-31 09:27:35,79,0.414,4.49,-20.0
2020-12-31 09:27:35,80,0.419,4.51,-20.0
2020-12-31 09:27:35,81,0.422,4.5,-20.0
2020-12-31 09:27:35,82,0.416,4.5,-20.0
2020-12-31 09:27:35,83,0.422,4.5,-20.0
2020-12-31 09:27:35,84,0.421,4.5,-20.0
2020-12-31 09:27:35,85,0.414,4.48,25.2
2020-12-31 09:27:35,86,0.418,4.47,-20.0
2020-12-31 09:27:35,87,0.441,4.47,-20.0
2020-12-31 09:27:35,88,0.403,4.48,-20.0
2020-12-31 09:27:35,89,0.409,4.49,-20.0
2020-12-31 09:27:35,90,0.406,4.47,-20.0
2020-12-31 09:27:35,91,0.408,4.48,-20.0
2020-12-31 09:27:35,92,0.395,4.5,-20.0
2020-12-31 09:27:35,93,0.41,4.49,-20.0
2020-12-31 09:27:35,94,0.417,4.48,-20.0
2020-12-31 09:27:35,95,0.418,4.47,-20.0
2020-12-31 09:27:35,96,0.409,4.49,-20.0
2020-12-31 21:27:05,1,0.41,4.51,25.8
2020-12-31 21:27:05,2,0.412,4.52,-20.0
2020-12-31 21:27:05,3,0.417,4.51,-20.0
2020-12-31 21:27:05,4,0.414,4.48,-20.0
2020-12-31 21:27:05,5,0.401,4.5,-20.0
2020-12-31 21:27:05,6,0.415,4.48,-20.0
2020-12-31 21:27:05,7,0.407,4.48,-20.0
2020-12-31 21:27:05,8,0.405,4.51,-20.0
2020-12-31 21:27:05,9,0.409,4.48,-20.0
2020-12-31 21:27:05,10,0.416,4.51,-20.0
2020-12-31 21:27:05,11,0.421,4.46,-20.0
2020-12-31 21:27:05,12,0.419,4.47,-20.0
2020-12-31 21:27:05,13,0.413,4.48,25.3
2020-12-31 21:27:05,14,0.414,4.48,-20.0
2020-12-31 21:27:05,15,0.41,4.5,-20.0
2020-12-31 21:27:05,16,0.426,4.51,-20.0
2020-12-31 21:27:05,17,0.418,4.49,-20.0
2020-12-31 21:27:05,18,0.424,4.5,-20.0
2020-12-31 21:27:05,19,0.438,4.48,-20.0
2020-12-31 21:27:05,20,0.414,4.48,-20.0
2020-12-31 21:27:05,21,0.415,4.5,-20.0
2020-12-31 21:27:05,22,0.419,4.49,-20.0
2020-12-31 21:27:05,23,0.437,4.49,-20.0
2020-12-31 21:27:05,24,0.399,4.5,-20.0
2020-12-31 21:27:05,25,0.418,4.48,24.4
2020-12-31 21:27:05,26,0.419,4.46,-20.0
2020-12-31 21:27:05,27,0.418,4.46,-20.0
2020-12-31 21:27:05,28,0.422,4.47,-20.0
2020-12-31 21:27:05,29,0.417,4.47,-20.0
2020-12-31 21:27:05,30,0.417,4.49,-20.0
2020-12-31 21:27:05,31,0.415,4.47,-20.0
2020-12-31 21:27:05,32,0.41,4.47,-20.0
2020-12-31 21:27:05,33,0.412,4.48,-20.0
2020-12-31 21:27:05,34,0.41,4.49,-20.0
2020-12-31 21:27:05,35,0.408,4.48,-20.0
2020-12-31 21:27:05,36,0.403,4.49,-20.0
2020-12-31 21:27:05,37,0.409,4.49,24.5
2020-12-31 21:27:05,38,0.415,4.5,-20.0
2020-12-31 21:27:05,39,0.419,4.48,-20.0
2020-12-31 21:27:05,40,0.411,4.48,-20.0
2020-12-31 21:27:05,41,0.411,4.49,-20.0
2020-12-31 21:27:05,42,0.41,4.48,-20.0
2020-12-31 21:27:05,43,0.416,4.48,-20.0
2020-12-31 21:27:05,44,0.43,4.49,-20.0
2020-12-31 21:27:05,45,0.416,4.48,-20.0
2020-12-31 21:27:05,46,0.414,4.48,-20.0
2020-12-31 21:27:05,47,0.415,4.49,-20.0
2020-12-31 21:27:05,48,0.418,4.49,-20.0
2020-12-31 21:27:05,49,0.486,4.47,24.8
2020-12-31 21:27:05,50,0.423,4.47,-20.0
2020-12-31 21:27:05,51,0.413,4.46,-20.0
2020-12-31 21:27:05,52,0.413,4.46,-20.0
2020-12-31 21:27:05,53,0.416,4.45,-20.0
2020-12-31 21:27:05,54,0.416,4.48,-20.0
2020-12-31 21:27:05,55,0.426,4.44,-20.0
2020-12-31 21:27:05,56,0.421,4.44,-20.0
2020-12-31 21:27:05,57,0.423,4.44,-20.0
2020-12-31 21:27:05,58,0.421,4.44,-20.0
2020-12-31 21:27:05,59,0.426,4.46,-20.0
2020-12-31 21:27:05,60,0.416,4.46,-20.0
2020-12-31 21:27:05,61,0.413,4.48,24.6
2020-12-31 21:27:05,62,0.408,4.48,-20.0
2020-12-31 21:27:05,63,0.41,4.48,-20.0
2020-12-31 21:27:05,64,0.409,4.47,-20.0
2020-12-31 21:27:05,65,0.408,4.46,-20.0
2020-12-31 21:27:05,66,0.415,4.46,-20.0
2020-12-31 21:27:05,67,0.414,4.44,-20.0
2020-12-31 21:27:05,68,0.415,4.47,-20.0
2020-12-31 21:27:05,69,0.412,4.46,-20.0
2020-12-31 21:27:05,70,0.411,4.47,-20.0
2020-12-31 21:27:05,71,0.409,4.48,-20.0
2020-12-31 21:27:05,72,0.408,4.48,-20.0
2020-12-31 21:27:05,73,0.401,4.52,24.3
2020-12-31 21:27:05,74,0.401,4.5,-20.0
2020-12-31 21:27:05,75,0.423,4.48,-20.0
2020-12-31 21:27:05,76,0.426,4.47,-20.0
2020-12-31 21:27:05,77,0.417,4.52,-20.0
2020-12-31 21:27:05,78,0.407,4.48,-20.0
2020-12-31 21:27:05,79,0.413,4.48,-20.0
2020-12-31 21:27:05,80,0.42,4.5,-20.0
2020-12-31 21:27:05,81,0.422,4.51,-20.0
2020-12-31 21:27:05,82,0.416,4.5,-20.0
2020-12-31 21:27:05,83,0.421,4.5,-20.0
2020-12-31 21:27:05,84,0.421,4.5,-20.0
2020-12-31 21:27:05,85,0.414,4.48,25.3
2020-12-31 21:27:05,86,0.416,4.47,-20.0
2020-12-31 21:27:05,87,0.439,4.47,-20.0
2020-12-31 21:27:05,88,0.401,4.48,-20.0
2020-12-31 21:27:05,89,0.409,4.48,-20.0
2020-12-31 21:27:05,90,0.407,4.47,-20.0
2020-12-31 21:27:05,91,0.409,4.47,-20.0
2020-12-31 21:27:05,92,0.396,4.5,-20.0
2020-12-31 21:27:05,93,0.409,4.5,-20.0
2020-12-31 21:27:05,94,0.417,4.47,-20.0
2020-12-31 21:27:05,95,0.418,4.47,-20.0
2020-12-31 21:27:05,96,0.412,4.49,-20.0
2021-01-01 09:26:36,1,0.413,4.5,25.8
2021-01-01 09:26:36,2,0.411,4.5,-20.0
2021-01-01 09:26:36,3,0.417,4.53,-20.0
2021-01-01 09:26:36,4,0.415,4.49,-20.0
2021-01-01 09:26:36,5,0.401,4.51,-20.0
2021-01-01 09:26:36,6,0.413,4.48,-20.0
2021-01-01 09:26:36,7,0.408,4.49,-20.0
2021-01-01 09:26:36,8,0.406,4.51,-20.0
2021-01-01 09:26:36,9,0.412,4.48,-20.0
2021-01-01 09:26:36,10,0.416,4.51,-20.0
2021-01-01 09:26:36,11,0.421,4.46,-20.0
2021-01-01 09:26:36,12,0.416,4.47,-20.0
2021-01-01 09:26:36,13,0.414,4.49,25.4
2021-01-01 09:26:36,14,0.417,4.49,-20.0
2021-01-01 09:26:36,15,0.41,4.51,-20.0
2021-01-01 09:26:36,16,0.426,4.5,-20.0
2021-01-01 09:26:36,17,0.416,4.49,-20.0
2021-01-01 09:26:36,18,0.424,4.5,-20.0
2021-01-01 09:26:36,19,0.441,4.48,-20.0
2021-01-01 09:26:36,20,0.414,4.48,-20.0
2021-01-01 09:26:36,21,0.415,4.5,-20.0
2021-01-01 09:26:36,22,0.418,4.48,-20.0
2021-01-01 09:26:36,23,0.439,4.49,-20.0
2021-01-01 09:26:36,24,0.403,4.5,-20.0
2021-01-01 09:26:36,25,0.414,4.5,24.5
2021-01-01 09:26:36,26,0.417,4.48,-20.0
2021-01-01 09:26:36,27,0.42,4.46,-20.0
2021-01-01 09:26:36,28,0.424,4.48,-20.0
2021-01-01 09:26:36,29,0.418,4.46,-20.0
2021-01-01 09:26:36,30,0.418,4.49,-20.0
2021-01-01 09:26:36,31,0.413,4.47,-20.0
2021-01-01 09:26:36,32,0.409,4.48,-20.0
2021-01-01 09:26:36,33,0.411,4.48,-20.0
2021-01-01 09:26:36,34,0.412,4.49,-20.0
2021-01-01 09:26:36,35,0.409,4.48,-20.0
2021-01-01 09:26:36,36,0.406,4.49,-20.0
2021-01-01 09:26:36,37,0.409,4.48,24.6
2021-01-01 09:26:36,38,0.412,4.49,-20.0
2021-01-01 09:26:36,39,0.416,4.47,-20.0
2021-01-01 09:26:36,40,0.409,4.49,-20.0
2021-01-01 09:26:36,41,0.411,4.51,-20.0
2021-01-01 09:26:36,42,0.397,4.49,-20.0
2021-01-01 09:26:36,43,0.402,4.48,-20.0
2021-01-01 09:26:36,44,0.419,4.49,-20.0
2021-01-01 09:26:36,45,0.419,4.48,-20.0
2021-01-01 09:26:36,46,0.413,4.48,-20.0
2021-01-01 09:26:36,47,0.389,4.48,-20.0
2021-01-01 09:26:36,48,0.389,4.48,-20.0
2021-01-01 09:26:36,49,0.485,4.46,24.9
2021-01-01 09:26:36,50,0.422,4.47,-20.0
2021-01-01 09:26:36,51,0.41,4.46,-20.0
2021-01-01 09:26:36,52,0.416,4.45,-20.0
2021-01-01 09:26:36,53,0.418,4.46,-20.0
2021-01-01 09:26:36,54,0.417,4.47,-20.0
2021-01-01 09:26:36,55,0.43,4.44,-20.0
2021-01-01 09:26:36,56,0.418,4.45,-20.0
2021-01-01 09:26:36,57,0.424,4.44,-20.0
2021-01-01 09:26:36,58,0.422,4.43,-20.0
2021-01-01 09:26:36,59,0.414,4.46,-20.0
2021-01-01 09:26:36,60,0.396,4.46,-20.0
2021-01-01 09:26:36,61,0.412,4.49,24.6
2021-01-01 09:26:36,62,0.403,4.48,-20.0
2021-01-01 09:26:36,63,0.393,4.48,-20.0
2021-01-01 09:26:36,64,0.405,4.47,-20.0
2021-01-01 09:26:36,65,0.398,4.46,-20.0
2021-01-01 09:26:36,66,0.415,4.46,-20.0
2021-01-01 09:26:36,67,0.413,4.44,-20.0
2021-01-01 09:26:36,68,0.418,4.47,-20.0
2021-01-01 09:26:36,69,0.411,4.46,-20.0
2021-01-01 09:26:36,70,0.412,4.48,-20.0
2021-01-01 09:26:36,71,0.41,4.48,-20.0
2021-01-01 09:26:36,72,0.409,4.48,-20.0
2021-01-01 09:26:36,73,0.404,4.52,24.4
2021-01-01 09:26:36,74,0.404,4.5,-20.0
2021-01-01 09:26:36,75,0.426,4.48,-20.0
2021-01-01 09:26:36,76,0.426,4.47,-20.0
2021-01-01 09:26:36,77,0.417,4.52,-20.0
2021-01-01 09:26:36,78,0.407,4.48,-20.0
2021-01-01 09:26:36,79,0.41,4.49,-20.0
2021-01-01 09:26:36,80,0.417,4.51,-20.0
2021-01-01 09:26:36,81,0.421,4.5,-20.0
2021-01-01 09:26:36,82,0.417,4.5,-20.0
2021-01-01 09:26:36,83,0.425,4.5,-20.0
2021-01-01 09:26:36,84,0.421,4.49,-20.0
2021-01-01 09:26:36,85,0.413,4.48,25.3
2021-01-01 09:26:36,86,0.415,4.47,-20.0
2021-01-01 09:26:36,87,0.44,4.47,-20.0
2021-01-01 09:26:36,88,0.403,4.48,-20.0
2021-01-01 09:26:36,89,0.408,4.48,-20.0
2021-01-01 09:26:36,90,0.406,4.47,-20.0
2021-01-01 09:26:36,91,0.411,4.47,-20.0
2021-01-01 09:26:36,92,0.398,4.49,-20.0
2021-01-01 09:26:36,93,0.411,4.49,-20.0
2021-01-01 09:26:36,94,0.417,4.47,-20.0
2021-01-01 09:26:36,95,0.417,4.46,-20.0
2021-01-01 09:26:36,96,0.415,4.49,-20.0
2021-01-01 21:26:08,1,0.414,4.5,25.8
2021-01-01 21:26:08,2,0.412,4.52,-20.0
2021-01-01 21:26:08,3,0.419,4.51,-20.0
2021-01-01 21:26:08,4,0.418,4.48,-20.0
2021-01-01 21:26:08,5,0.403,4.5,-20.0
2021-01-01 21:26:08,6,0.414,4.49,-20.0
2021-01-01 21:26:08,7,0.411,4.48,-20.0
2021-01-01 21:26:08,8,0.406,4.5,-20.0
2021-01-01 21:26:08,9,0.411,4.48,-20.0
2021-01-01 21:26:08,10,0.415,4.51,-20.0
2021-01-01 21:26:08,11,0.423,4.46,-20.0
2021-01-01 21:26:08,12,0.418,4.48,-20.0
2021-01-01 21:26:08,13,0.413,4.48,25.4
2021-01-01 21:26:08,14,0.415,4.49,-20.0
2021-01-01 21:26:08,15,0.411,4.51,-20.0
2021-01-01 21:26:08,16,0.424,4.51,-20.0
2021-01-01 21:26:08,17,0.418,4.49,-20.0
2021-01-01 21:26:08,18,0.428,4.49,-20.0
2021-01-01 21:26:08,19,0.441,4.49,-20.0
2021-01-01 21:26:08,20,0.413,4.49,-20.0
2021-01-01 21:26:08,21,0.411,4.5,-20.0
2021-01-01 21:26:08,22,0.418,4.47,-20.0
2021-01-01 21:26:08,23,0.439,4.49,-20.0
2021-01-01 21:26:08,24,0.406,4.5,-20.0
2021-01-01 21:26:08,25,0.416,4.5,24.6
2021-01-01 21:26:08,26,0.421,4.46,-20.0
2021-01-01 21:26:08,27,0.42,4.46,-20.0
2021-01-01 21:26:08,28,0.423,4.47,-20.0
2021-01-01 21:26:08,29,0.422,4.47,-20.0
2021-01-01 21:26:08,30,0.414,4.49,-20.0
2021-01-01 21:26:08,31,0.413,4.47,-20.0
2021-01-01 21:26:08,32,0.405,4.47,-20.0
2021-01-01 21:26:08,33,0.412,4.49,-20.0
2021-01-01 21:26:08,34,0.41,4.48,-20.0
2021-01-01 21:26:08,35,0.407,4.48,-20.0
2021-01-01 21:26:08,36,0.406,4.49,-20.0
2021-01-01 21:26:08,37,0.409,4.48,24.7
2021-01-01 21:26:08,38,0.413,4.5,-20.0
2021-01-01 21:26:08,39,0.418,4.49,-20.0
2021-01-01 21:26:08,40,0.407,4.5,-20.0
2021-01-01 21:26:08,41,0.41,4.5,-20.0
2021-01-01 21:26:08,42,0.397,4.48,-20.0
2021-01-01 21:26:08,43,0.407,4.48,-20.0
2021-01-01 21:26:08,44,0.421,4.49,-20.0
2021-01-01 21:26:08,45,0.417,4.48,-20.0
2021-01-01 21:26:08,46,0.412,4.47,-20.0
2021-01-01 21:26:08,47,0.395,4.49,-20.0
2021-01-01 21:26:08,48,0.396,4.49,-20.0
2021-01-01 21:26:08,49,0.484,4.47,25.0
2021-01-01 21:26:08,50,0.424,4.47,-20.0
2021-01-01 21:26:08,51,0.409,4.46,-20.0
2021-01-01 21:26:08,52,0.413,4.45,-20.0
2021-01-01 21:26:08,53,0.416,4.46,-20.0
2021-01-01 21:26:08,54,0.416,4.47,-20.0
2021-01-01 21:26:08,55,0.431,4.45,-20.0
2021-01-01 21:26:08,56,0.419,4.45,-20.0
2021-01-01 21:26:08,57,0.423,4.44,-20.0
2021-01-01 21:26:08,58,0.422,4.43,-20.0
2021-01-01 21:26:08,59,0.414,4.45,-20.0
2021-01-01 21:26:08,60,0.399,4.46,-20.0
2021-01-01 21:26:08,61,0.411,4.49,24.7
2021-01-01 21:26:08,62,0.404,4.48,-20.0
2021-01-01 21:26:08,63,0.4,4.48,-20.0
2021-01-01 21:26:08,64,0.403,4.46,-20.0
2021-01-01 21:26:08,65,0.402,4.46,-20.0
2021-01-01 21:26:08,66,0.415,4.46,-20.0
2021-01-01 21:26:08,67,0.415,4.44,-20.0
2021-01-01 21:26:08,68,0.419,4.47,-20.0
2021-01-01 21:26:08,69,0.41,4.46,-20.0
2021-01-01 21:26:08,70,0.408,4.47,-20.0
2021-01-01 21:26:08,71,0.409,4.47,-20.0
2021-01-01 21:26:08,72,0.412,4.47,-20.0
2021-01-01 21:26:08,73,0.407,4.52,24.4
2021-01-01 21:26:08,74,0.406,4.49,-20.0
2021-01-01 21:26:08,75,0.427,4.48,-20.0
2021-01-01 21:26:08,76,0.427,4.46,-20.0
2021-01-01 21:26:08,77,0.418,4.52,-20.0
2021-01-01 21:26:08,78,0.404,4.48,-20.0
2021-01-01 21:26:08,79,0.407,4.48,-20.0
2021-01-01 21:26:08,80,0.413,4.51,-20.0
2021-01-01 21:26:08,81,0.421,4.51,-20.0
2021-01-01 21:26:08,82,0.418,4.51,-20.0
2021-01-01 21:26:08,83,0.424,4.49,-20.0
2021-01-01 21:26:08,84,0.424,4.49,-20.0
2021-01-01 21:26:08,85,0.415,4.48,25.4
2021-01-01 21:26:08,86,0.415,4.47,-20.0
2021-01-01 21:26:08,87,0.439,4.47,-20.0
2021-01-01 21:26:08,88,0.4,4.48,-20.0
2021-01-01 21:26:08,89,0.408,4.49,-20.0
2021-01-01 21:26:08,90,0.405,4.47,-20.0
2021-01-01 21:26:08,91,0.412,4.48,-20.0
2021-01-01 21:26:08,92,0.4,4.49,-20.0
2021-01-01 21:26:08,93,0.411,4.49,-20.0
2021-01-01 21:26:08,94,0.419,4.48,-20.0
2021-01-01 21:26:08,95,0.416,4.47,-20.0
2021-01-01 21:26:08,96,0.412,4.49,-20.0
2021-01-02 09:25:28,1,0.416,4.5,25.9
2021-01-02 09:25:28,2,0.412,4.52,-20.0
2021-01-02 09:25:28,3,0.418,4.51,-20.0
2021-01-02 09:25:28,4,0.417,4.49,-20.0
2021-01-02 09:25:28,5,0.406,4.5,-20.0
2021-01-02 09:25:28,6,0.415,4.48,-20.0
2021-01-02 09:25:28,7,0.409,4.49,-20.0
2021-01-02 09:25:28,8,0.405,4.51,-20.0
2021-01-02 09:25:28,9,0.411,4.48,-20.0
2021-01-02 09:25:28,10,0.418,4.51,-20.0
2021-01-02 09:25:28,11,0.422,4.46,-20.0
2021-01-02 09:25:28,12,0.42,4.46,-20.0
2021-01-02 09:25:28,13,0.412,4.47,25.4
2021-01-02 09:25:28,14,0.418,4.49,-20.0
2021-01-02 09:25:28,15,0.413,4.49,-20.0
2021-01-02 09:25:28,16,0.425,4.51,-20.0
2021-01-02 09:25:28,17,0.418,4.48,-20.0
2021-01-02 09:25:28,18,0.427,4.5,-20.0
2021-01-02 09:25:28,19,0.439,4.49,-20.0
2021-01-02 09:25:28,20,0.414,4.49,-20.0
2021-01-02 09:25:28,21,0.415,4.49,-20.0
2021-01-02 09:25:28,22,0.417,4.47,-20.0
2021-01-02 09:25:28,23,0.443,4.48,-20.0
2021-01-02 09:25:28,24,0.405,4.5,-20.0
2021-01-02 09:25:28,25,0.414,4.49,24.6
2021-01-02 09:25:28,26,0.422,4.47,-20.0
2021-01-02 09:25:28,27,0.42,4.46,-20.0
2021-01-02 09:25:28,28,0.424,4.47,-20.0
2021-01-02 09:25:28,29,0.407,4.47,-20.0
2021-01-02 09:25:28,30,0.41,4.49,-20.0
2021-01-02 09:25:28,31,0.411,4.47,-20.0
2021-01-02 09:25:28,32,0.395,4.48,-20.0
2021-01-02 09:25:28,33,0.407,4.5,-20.0
2021-01-02 09:25:28,34,0.4,4.48,-20.0
2021-01-02 09:25:28,35,0.406,4.48,-20.0
2021-01-02 09:25:28,36,0.405,4.49,-20.0
2021-01-02 09:25:28,37,0.397,4.48,24.8
2021-01-02 09:25:28,38,0.392,4.49,-20.0
2021-01-02 09:25:28,39,0.413,4.48,-20.0
2021-01-02 09:25:28,40,0.41,4.49,-20.0
2021-01-02 09:25:28,41,0.409,4.5,-20.0
2021-01-02 09:25:28,42,0.4,4.48,-20.0
2021-01-02 09:25:28,43,0.41,4.49,-20.0
2021-01-02 09:25:28,44,0.422,4.49,-20.0
2021-01-02 09:25:28,45,0.418,4.48,-20.0
2021-01-02 09:25:28,46,0.418,4.48,-20.0
2021-01-02 09:25:28,47,0.403,4.49,-20.0
2021-01-02 09:25:28,48,0.404,4.49,-20.0
2021-01-02 09:25:28,49,0.483,4.47,25.0
2021-01-02 09:25:28,50,0.423,4.47,-20.0
2021-01-02 09:25:28,51,0.408,4.46,-20.0
2021-01-02 09:25:28,52,0.414,4.45,-20.0
2021-01-02 09:25:28,53,0.416,4.46,-20.0
2021-01-02 09:25:28,54,0.415,4.47,-20.0
2021-01-02 09:25:28,55,0.419,4.44,-20.0
2021-01-02 09:25:28,56,0.419,4.45,-20.0
2021-01-02 09:25:28,57,0.427,4.44,-20.0
2021-01-02 09:25:28,58,0.422,4.44,-20.0
2021-01-02 09:25:28,59,0.416,4.45,-20.0
2021-01-02 09:25:28,60,0.404,4.46,-20.0
2021-01-02 09:25:28,61,0.41,4.49,24.6
2021-01-02 09:25:28,62,0.405,4.47,-20.0
2021-01-02 09:25:28,63,0.401,4.47,-20.0
2021-01-02 09:25:28,64,0.405,4.47,-20.0
2021-01-02 09:25:28,65,0.404,4.46,-20.0
2021-01-02 09:25:28,66,0.415,4.46,-20.0
2021-01-02 09:25:28,67,0.414,4.44,-20.0
2021-01-02 09:25:28,68,0.418,4.47,-20.0
2021-01-02 09:25:28,69,0.41,4.46,-20.0
2021-01-02 09:25:28,70,0.408,4.48,-20.0
2021-01-02 09:25:28,71,0.406,4.48,-20.0
2021-01-02 09:25:28,72,0.409,4.48,-20.0
2021-01-02 09:25:28,73,0.407,4.52,24.5
2021-01-02 09:25:28,74,0.406,4.49,-20.0
2021-01-02 09:25:28,75,0.427,4.47,-20.0
2021-01-02 09:25:28,76,0.425,4.46,-20.0
2021-01-02 09:25:28,77,0.418,4.52,-20.0
2021-01-02 09:25:28,78,0.404,4.49,-20.0
2021-01-02 09:25:28,79,0.408,4.49,-20.0
2021-01-02 09:25:28,80,0.414,4.51,-20.0
2021-01-02 09:25:28,81,0.418,4.5,-20.0
2021-01-02 09:25:28,82,0.42,4.51,-20.0
2021-01-02 09:25:28,83,0.423,4.5,-20.0
2021-01-02 09:25:28,84,0.421,4.5,-20.0
2021-01-02 09:25:28,85,0.413,4.48,25.4
2021-01-02 09:25:28,86,0.411,4.48,-20.0
2021-01-02 09:25:28,87,0.443,4.48,-20.0
2021-01-02 09:25:28,88,0.398,4.47,-20.0
2021-01-02 09:25:28,89,0.408,4.49,-20.0
2021-01-02 09:25:28,90,0.403,4.47,-20.0
2021-01-02 09:25:28,91,0.412,4.47,-20.0
2021-01-02 09:25:28,92,0.401,4.5,-20.0
2021-01-02 09:25:28,93,0.413,4.5,-20.0
2021-01-02 09:25:28,94,0.42,4.47,-20.0
2021-01-02 09:25:28,95,0.419,4.46,-20.0
2021-01-02 09:25:28,96,0.415,4.5,-20.0
2021-01-02 21:24:58,1,0.416,4.5,25.9
2021-01-02 21:24:58,2,0.414,4.52,-20.0
2021-01-02 21:24:58,3,0.42,4.52,-20.0
2021-01-02 21:24:58,4,0.416,4.48,-20.0
2021-01-02 21:24:58,5,0.402,4.51,-20.0
2021-01-02 21:24:58,6,0.415,4.49,-20.0
2021-01-02 21:24:58,7,0.41,4.48,-20.0
2021-01-02 21:24:58,8,0.406,4.51,-20.0
2021-01-02 21:24:58,9,0.409,4.48,-20.0
2021-01-02 21:24:58,10,0.419,4.51,-20.0
2021-01-02 21:24:58,11,0.42,4.46,-20.0
2021-01-02 21:24:58,12,0.419,4.47,-20.0
2021-01-02 21:24:58,13,0.414,4.49,25.4
2021-01-02 21:24:58,14,0.418,4.49,-20.0
2021-01-02 21:24:58,15,0.414,4.51,-20.0
2021-01-02 21:24:58,16,0.426,4.51,-20.0
2021-01-02 21:24:58,17,0.419,4.49,-20.0
2021-01-02 21:24:58,18,0.426,4.5,-20.0
2021-01-02 21:24:58,19,0.438,4.49,-20.0
2021-01-02 21:24:58,20,0.414,4.49,-20.0
2021-01-02 21:24:58,21,0.414,4.49,-20.0
2021-01-02 21:24:58,22,0.418,4.48,-20.0
2021-01-02 21:24:58,23,0.443,4.49,-20.0
2021-01-02 21:24:58,24,0.408,4.49,-20.0
2021-01-02 21:24:58,25,0.416,4.5,24.6
2021-01-02 21:24:58,26,0.418,4.47,-20.0
2021-01-02 21:24:58,27,0.417,4.47,-20.0
2021-01-02 21:24:58,28,0.422,4.46,-20.0
2021-01-02 21:24:58,29,0.411,4.47,-20.0
2021-01-02 21:24:58,30,0.413,4.49,-20.0
2021-01-02 21:24:58,31,0.415,4.47,-20.0
2021-01-02 21:24:58,32,0.402,4.48,-20.0
2021-01-02 21:24:58,33,0.409,4.5,-20.0
2021-01-02 21:24:58,34,0.404,4.49,-20.0
2021-01-02 21:24:58,35,0.409,4.48,-20.0
2021-01-02 21:24:58,36,0.407,4.49,-20.0
2021-01-02 21:24:58,37,0.401,4.47,24.8
2021-01-02 21:24:58,38,0.398,4.49,-20.0
2021-01-02 21:24:58,39,0.411,4.49,-20.0
2021-01-02 21:24:58,40,0.409,4.49,-20.0
2021-01-02 21:24:58,41,0.41,4.51,-20.0
2021-01-02 21:24:58,42,0.401,4.49,-20.0
2021-01-02 21:24:58,43,0.413,4.49,-20.0
2021-01-02 21:24:58,44,0.425,4.49,-20.0
2021-01-02 21:24:58,45,0.417,4.48,-20.0
2021-01-02 21:24:58,46,0.415,4.48,-20.0
2021-01-02 21:24:58,47,0.404,4.49,-20.0
2021-01-02 21:24:58,48,0.406,4.49,-20.0
2021-01-02 21:24:58,49,0.484,4.46,25.0
2021-01-02 21:24:58,50,0.428,4.47,-20.0
2021-01-02 21:24:58,51,0.409,4.46,-20.0
2021-01-02 21:24:58,52,0.417,4.45,-20.0
2021-01-02 21:24:58,53,0.415,4.45,-20.0
2021-01-02 21:24:58,54,0.415,4.48,-20.0
2021-01-02 21:24:58,55,0.418,4.45,-20.0
2021-01-02 21:24:58,56,0.421,4.45,-20.0
2021-01-02 21:24:58,57,0.422,4.44,-20.0
2021-01-02 21:24:58,58,0.423,4.43,-20.0
2021-01-02 21:24:58,59,0.417,4.45,-20.0
2021-01-02 21:24:58,60,0.403,4.46,-20.0
2021-01-02 21:24:58,61,0.409,4.49,24.6
2021-01-02 21:24:58,62,0.408,4.48,-20.0
2021-01-02 21:24:58,63,0.407,4.47,-20.0
2021-01-02 21:24:58,64,0.404,4.47,-20.0
2021-01-02 21:24:58,65,0.407,4.46,-20.0
2021-01-02 21:24:58,66,0.418,4.47,-20.0
2021-01-02 21:24:58,67,0.414,4.45,-20.0
2021-01-02 21:24:58,68,0.419,4.47,-20.0
2021-01-02 21:24:58,69,0.408,4.46,-20.0
2021-01-02 21:24:58,70,0.407,4.48,-20.0
2021-01-02 21:24:58,71,0.408,4.48,-20.0
2021-01-02 21:24:58,72,0.41,4.48,-20.0
2021-01-02 21:24:58,73,0.411,4.52,24.5
2021-01-02 21:24:58,74,0.406,4.5,-20.0
2021-01-02 21:24:58,75,0.427,4.48,-20.0
2021-01-02 21:24:58,76,0.422,4.46,-20.0
2021-01-02 21:24:58,77,0.416,4.52,-20.0
2021-01-02 21:24:58,78,0.405,4.49,-20.0
2021-01-02 21:24:58,79,0.41,4.49,-20.0
2021-01-02 21:24:58,80,0.418,4.51,-20.0
2021-01-02 21:24:58,81,0.42,4.5,-20.0
2021-01-02 21:24:58,82,0.424,4.51,-20.0
2021-01-02 21:24:58,83,0.424,4.49,-20.0
2021-01-02 21:24:58,84,0.421,4.5,-20.0
2021-01-02 21:24:58,85,0.412,4.48,25.4
2021-01-02 21:24:58,86,0.411,4.47,-20.0
2021-01-02 21:24:58,87,0.444,4.47,-20.0
2021-01-02 21:24:58,88,0.4,4.48,-20.0
2021-01-02 21:24:58,89,0.403,4.48,-20.0
2021-01-02 21:24:58,90,0.401,4.47,-20.0
2021-01-02 21:24:58,91,0.414,4.47,-20.0
2021-01-02 21:24:58,92,0.398,4.49,-20.0
2021-01-02 21:24:58,93,0.414,4.5,-20.0
2021-01-02 21:24:58,94,0.418,4.47,-20.0
2021-01-02 21:24:58,95,0.415,4.46,-20.0
2021-01-02 21:24:58,96,0.411,4.5,-20.0
2021-01-03 09:24:23,1,0.416,4.51,25.8
2021-01-03 09:24:23,2,0.414,4.52,-20.0
2021-01-03 09:24:23,3,0.422,4.52,-20.0
2021-01-03 09:24:23,4,0.417,4.49,-20.0
2021-01-03 09:24:23,5,0.402,4.5,-20.0
2021-01-03 09:24:23,6,0.418,4.48,-20.0
2021-01-03 09:24:23,7,0.411,4.48,-20.0
2021-01-03 09:24:23,8,0.406,4.51,-20.0
2021-01-03 09:24:23,9,0.41,4.48,-20.0
2021-01-03 09:24:23,10,0.417,4.51,-20.0
2021-01-03 09:24:23,11,0.42,4.45,-20.0
2021-01-03 09:24:23,12,0.416,4.47,-20.0
2021-01-03 09:24:23,13,0.413,4.49,25.4
2021-01-03 09:24:23,14,0.418,4.49,-20.0
2021-01-03 09:24:23,15,0.412,4.51,-20.0
2021-01-03 09:24:23,16,0.424,4.5,-20.0
2021-01-03 09:24:23,17,0.417,4.48,-20.0
2021-01-03 09:24:23,18,0.422,4.49,-20.0
2021-01-03 09:24:23,19,0.438,4.49,-20.0
2021-01-03 09:24:23,20,0.409,4.49,-20.0
2021-01-03 09:24:23,21,0.412,4.5,-20.0
2021-01-03 09:24:23,22,0.418,4.47,-20.0
2021-01-03 09:24:23,23,0.428,4.49,-20.0
2021-01-03 09:24:23,24,0.396,4.49,-20.0
2021-01-03 09:24:23,25,0.413,4.48,24.6
2021-01-03 09:24:23,26,0.415,4.47,-20.0
2021-01-03 09:24:23,27,0.4,4.47,-20.0
2021-01-03 09:24:23,28,0.414,4.46,-20.0
2021-01-03 09:24:23,29,0.398,4.47,-20.0
2021-01-03 09:24:23,30,0.41,4.49,-20.0
2021-01-03 09:24:23,31,0.415,4.46,-20.0
2021-01-03 09:24:23,32,0.391,4.49,-20.0
2021-01-03 09:24:23,33,0.41,4.49,-20.0
2021-01-03 09:24:23,34,0.409,4.48,-20.0
2021-01-03 09:24:23,35,0.411,4.47,-20.0
2021-01-03 09:24:23,36,0.406,4.49,-20.0
2021-01-03 09:24:23,37,0.405,4.48,24.8
2021-01-03 09:24:23,38,0.401,4.49,-20.0
2021-01-03 09:24:23,39,0.411,4.48,-20.0
2021-01-03 09:24:23,40,0.411,4.48,-20.0
2021-01-03 09:24:23,41,0.411,4.49,-20.0
2021-01-03 09:24:23,42,0.402,4.49,-20.0
2021-01-03 09:24:23,43,0.414,4.48,-20.0
2021-01-03 09:24:23,44,0.425,4.49,-20.0
2021-01-03 09:24:23,45,0.415,4.48,-20.0
2021-01-03 09:24:23,46,0.416,4.48,-20.0
2021-01-03 09:24:23,47,0.408,4.49,-20.0
2021-01-03 09:24:23,48,0.413,4.49,-20.0
2021-01-03 09:24:23,49,0.479,4.46,25.0
2021-01-03 09:24:23,50,0.425,4.48,-20.0
2021-01-03 09:24:23,51,0.408,4.46,-20.0
2021-01-03 09:24:23,52,0.416,4.45,-20.0
2021-01-03 09:24:23,53,0.416,4.46,-20.0
2021-01-03 09:24:23,54,0.417,4.47,-20.0
2021-01-03 09:24:23,55,0.42,4.44,-20.0
2021-01-03 09:24:23,56,0.42,4.45,-20.0
2021-01-03 09:24:23,57,0.422,4.43,-20.0
2021-01-03 09:24:23,58,0.422,4.44,-20.0
2021-01-03 09:24:23,59,0.419,4.45,-20.0
2021-01-03 09:24:23,60,0.408,4.46,-20.0
2021-01-03 09:24:23,61,0.41,4.48,24.7
2021-01-03 09:24:23,62,0.407,4.48,-20.0
2021-01-03 09:24:23,63,0.41,4.48,-20.0
2021-01-03 09:24:23,64,0.405,4.47,-20.0
2021-01-03 09:24:23,65,0.41,4.46,-20.0
2021-01-03 09:24:23,66,0.418,4.46,-20.0
2021-01-03 09:24:23,67,0.409,4.44,-20.0
2021-01-03 09:24:23,68,0.418,4.47,-20.0
2021-01-03 09:24:23,69,0.407,4.46,-20.0
2021-01-03 09:24:23,70,0.411,4.46,-20.0
2021-01-03 09:24:23,71,0.41,4.48,-20.0
2021-01-03 09:24:23,72,0.407,4.47,-20.0
2021-01-03 09:24:23,73,0.414,4.52,24.4
2021-01-03 09:24:23,74,0.406,4.49,-20.0
2021-01-03 09:24:23,75,0.426,4.48,-20.0
2021-01-03 09:24:23,76,0.421,4.47,-20.0
2021-01-03 09:24:23,77,0.418,4.52,-20.0
2021-01-03 09:24:23,78,0.405,4.48,-20.0
2021-01-03 09:24:23,79,0.41,4.49,-20.0
2021-01-03 09:24:23,80,0.418,4.51,-20.0
2021-01-03 09:24:23,81,0.421,4.51,-20.0
2021-01-03 09:24:23,82,0.423,4.5,-20.0
2021-01-03 09:24:23,83,0.425,4.5,-20.0
2021-01-03 09:24:23,84,0.422,4.49,-20.0
2021-01-03 09:24:23,85,0.413,4.48,25.4
2021-01-03 09:24:23,86,0.414,4.47,-20.0
2021-01-03 09:24:23,87,0.446,4.48,-20.0
2021-01-03 09:24:23,88,0.399,4.47,-20.0
2021-01-03 09:24:23,89,0.405,4.49,-20.0
2021-01-03 09:24:23,90,0.401,4.47,-20.0
2021-01-03 09:24:23,91,0.412,4.47,-20.0
2021-01-03 09:24:23,92,0.397,4.5,-20.0
2021-01-03 09:24:23,93,0.413,4.49,-20.0
2021-01-03 09:24:23,94,0.417,4.47,-20.0
2021-01-03 09:24:23,95,0.415,4.46,-20.0
2021-01-03 09:24:23,96,0.411,4.5,-20.0
2021-01-03 21:23:54,1,0.415,4.5,25.8
2021-01-03 21:23:54,2,0.416,4.51,-20.0
2021-01-03 21:23:54,3,0.42,4.52,-20.0
2021-01-03 21:23:54,4,0.416,4.49,-20.0
2021-01-03 21:23:54,5,0.404,4.5,-20.0
2021-01-03 21:23:54,6,0.413,4.49,-20.0
2021-01-03 21:23:54,7,0.41,4.48,-20.0
2021-01-03 21:23:54,8,0.405,4.5,-20.0
2021-01-03 21:23:54,9,0.41,4.48,-20.0
2021-01-03 21:23:54,10,0.417,4.5,-20.0
2021-01-03 21:23:54,11,0.418,4.46,-20.0
2021-01-03 21:23:54,12,0.42,4.48,-20.0
2021-01-03 21:23:54,13,0.412,4.48,25.2
2021-01-03 21:23:54,14,0.418,4.49,-20.0
2021-01-03 21:23:54,15,0.411,4.5,-20.0
2021-01-03 21:23:54,16,0.422,4.51,-20.0
2021-01-03 21:23:54,17,0.417,4.48,-20.0
2021-01-03 21:23:54,18,0.424,4.5,-20.0
2021-01-03 21:23:54,19,0.439,4.47,-20.0
2021-01-03 21:23:54,20,0.412,4.49,-20.0
2021-01-03 21:23:54,21,0.413,4.49,-20.0
2021-01-03 21:23:54,22,0.417,4.48,-20.0
2021-01-03 21:23:54,23,0.432,4.48,-20.0
2021-01-03 21:23:54,24,0.4,4.49,-20.0
2021-01-03 21:23:54,25,0.415,4.49,24.3
2021-01-03 21:23:54,26,0.416,4.47,-20.0
2021-01-03 21:23:54,27,0.407,4.47,-20.0
2021-01-03 21:23:54,28,0.417,4.47,-20.0
2021-01-03 21:23:54,29,0.402,4.47,-20.0
2021-01-03 21:23:54,30,0.411,4.48,-20.0
2021-01-03 21:23:54,31,0.416,4.47,-20.0
2021-01-03 21:23:54,32,0.398,4.49,-20.0
2021-01-03 21:23:54,33,0.413,4.49,-20.0
2021-01-03 21:23:54,34,0.41,4.49,-20.0
2021-01-03 21:23:54,35,0.41,4.47,-20.0
2021-01-03 21:23:54,36,0.404,4.49,-20.0
2021-01-03 21:23:54,37,0.407,4.48,24.5
2021-01-03 21:23:54,38,0.406,4.49,-20.0
2021-01-03 21:23:54,39,0.413,4.49,-20.0
2021-01-03 21:23:54,40,0.413,4.48,-20.0
2021-01-03 21:23:54,41,0.414,4.5,-20.0
2021-01-03 21:23:54,42,0.407,4.49,-20.0
2021-01-03 21:23:54,43,0.417,4.49,-20.0
2021-01-03 21:23:54,44,0.424,4.49,-20.0
2021-01-03 21:23:54,45,0.413,4.48,-20.0
2021-01-03 21:23:54,46,0.416,4.48,-20.0
2021-01-03 21:23:54,47,0.414,4.48,-20.0
2021-01-03 21:23:54,48,0.416,4.49,-20.0
2021-01-03 21:23:54,49,0.483,4.46,25.0
2021-01-03 21:23:54,50,0.424,4.47,-20.0
2021-01-03 21:23:54,51,0.41,4.47,-20.0
2021-01-03 21:23:54,52,0.419,4.45,-20.0
2021-01-03 21:23:54,53,0.415,4.45,-20.0
2021-01-03 21:23:54,54,0.417,4.47,-20.0
2021-01-03 21:23:54,55,0.423,4.44,-20.0
2021-01-03 21:23:54,56,0.421,4.44,-20.0
2021-01-03 21:23:54,57,0.424,4.44,-20.0
2021-01-03 21:23:54,58,0.421,4.43,-20.0
2021-01-03 21:23:54,59,0.42,4.45,-20.0
2021-01-03 21:23:54,60,0.408,4.46,-20.0
2021-01-03 21:23:54,61,0.412,4.49,24.6
2021-01-03 21:23:54,62,0.407,4.47,-20.0
2021-01-03 21:23:54,63,0.412,4.48,-20.0
2021-01-03 21:23:54,64,0.407,4.47,-20.0
2021-01-03 21:23:54,65,0.412,4.46,-20.0
2021-01-03 21:23:54,66,0.417,4.46,-20.0
2021-01-03 21:23:54,67,0.413,4.44,-20.0
2021-01-03 21:23:54,68,0.416,4.47,-20.0
2021-01-03 21:23:54,69,0.408,4.46,-20.0
2021-01-03 21:23:54,70,0.412,4.48,-20.0
2021-01-03 21:23:54,71,0.409,4.48,-20.0
2021-01-03 21:23:54,72,0.406,4.48,-20.0
2021-01-03 21:23:54,73,0.414,4.52,24.4
2021-01-03 21:23:54,74,0.407,4.49,-20.0
2021-01-03 21:23:54,75,0.425,4.47,-20.0
2021-01-03 21:23:54,76,0.42,4.46,-20.0
2021-01-03 21:23:54,77,0.418,4.51,-20.0
2021-01-03 21:23:54,78,0.407,4.47,-20.0
2021-01-03 21:23:54,79,0.408,4.48,-20.0
2021-01-03 21:23:54,80,0.415,4.5,-20.0
2021-01-03 21:23:54,81,0.42,4.5,-20.0
2021-01-03 21:23:54,82,0.424,4.5,-20.0
2021-01-03 21:23:54,83,0.424,4.49,-20.0
2021-01-03 21:23:54,84,0.421,4.49,-20.0
2021-01-03 21:23:54,85,0.409,4.47,25.3
2021-01-03 21:23:54,86,0.414,4.47,-20.0
2021-01-03 21:23:54,87,0.445,4.47,-20.0
2021-01-03 21:23:54,88,0.401,4.48,-20.0
2021-01-03 21:23:54,89,0.412,4.48,-20.0
2021-01-03 21:23:54,90,0.401,4.48,-20.0
2021-01-03 21:23:54,91,0.412,4.47,-20.0
2021-01-03 21:23:54,92,0.399,4.49,-20.0
2021-01-03 21:23:54,93,0.411,4.49,-20.0
2021-01-03 21:23:54,94,0.417,4.47,-20.0
2021-01-03 21:23:54,95,0.415,4.46,-20.0
2021-01-03 21:23:54,96,0.412,4.49,-20.0
2021-01-04 09:23:14,1,0.414,4.5,25.7
2021-01-04 09:23:14,2,0.416,4.52,-20.0
2021-01-04 09:23:14,3,0.421,4.52,-20.0
2021-01-04 09:23:14,4,0.415,4.48,-20.0
2021-01-04 09:23:14,5,0.405,4.51,-20.0
2021-01-04 09:23:14,6,0.415,4.49,-20.0
2021-01-04 09:23:14,7,0.41,4.48,-20.0
2021-01-04 09:23:14,8,0.406,4.5,-20.0
2021-01-04 09:23:14,9,0.41,4.48,-20.0
2021-01-04 09:23:14,10,0.417,4.51,-20.0
2021-01-04 09:23:14,11,0.416,4.46,-20.0
2021-01-04 09:23:14,12,0.417,4.48,-20.0
2021-01-04 09:23:14,13,0.411,4.48,25.1
2021-01-04 09:23:14,14,0.419,4.49,-20.0
2021-01-04 09:23:14,15,0.412,4.51,-20.0
2021-01-04 09:23:14,16,0.426,4.51,-20.0
2021-01-04 09:23:14,17,0.416,4.49,-20.0
2021-01-04 09:23:14,18,0.419,4.5,-20.0
2021-01-04 09:23:14,19,0.433,4.48,-20.0
2021-01-04 09:23:14,20,0.41,4.48,-20.0
2021-01-04 09:23:14,21,0.412,4.49,-20.0
2021-01-04 09:23:14,22,0.421,4.47,-20.0
2021-01-04 09:23:14,23,0.426,4.49,-20.0
2021-01-04 09:23:14,24,0.393,4.49,-20.0
2021-01-04 09:23:14,25,0.413,4.48,24.2
2021-01-04 09:23:14,26,0.419,4.46,-20.0
2021-01-04 09:23:14,27,0.397,4.48,-20.0
2021-01-04 09:23:14,28,0.416,4.47,-20.0
2021-01-04 09:23:14,29,0.407,4.46,-20.0
2021-01-04 09:23:14,30,0.413,4.48,-20.0
2021-01-04 09:23:14,31,0.418,4.46,-20.0
2021-01-04 09:23:14,32,0.399,4.47,-20.0
2021-01-04 09:23:14,33,0.413,4.48,-20.0
2021-01-04 09:23:14,34,0.412,4.48,-20.0
2021-01-04 09:23:14,35,0.41,4.48,-20.0
2021-01-04 09:23:14,36,0.404,4.5,-20.0
2021-01-04 09:23:14,37,0.411,4.48,24.4
2021-01-04 09:23:14,38,0.409,4.5,-20.0
2021-01-04 09:23:14,39,0.415,4.48,-20.0
2021-01-04 09:23:14,40,0.415,4.49,-20.0
2021-01-04 09:23:14,41,0.411,4.5,-20.0
2021-01-04 09:23:14,42,0.407,4.48,-20.0
2021-01-04 09:23:14,43,0.418,4.49,-20.0
2021-01-04 09:23:14,44,0.425,4.49,-20.0
2021-01-04 09:23:14,45,0.413,4.49,-20.0
2021-01-04 09:23:14,46,0.415,4.48,-20.0
2021-01-04 09:23:14,47,0.419,4.48,-20.0
2021-01-04 09:23:14,48,0.42,4.49,-20.0
2021-01-04 09:23:14,49,0.485,4.47,24.9
2021-01-04 09:23:14,50,0.429,4.47,-20.0
2021-01-04 09:23:14,51,0.41,4.46,-20.0
2021-01-04 09:23:14,52,0.418,4.46,-20.0
2021-01-04 09:23:14,53,0.415,4.45,-20.0
2021-01-04 09:23:14,54,0.418,4.47,-20.0
2021-01-04 09:23:14,55,0.426,4.44,-20.0
2021-01-04 09:23:14,56,0.42,4.45,-20.0
2021-01-04 09:23:14,57,0.421,4.44,-20.0
2021-01-04 09:23:14,58,0.42,4.44,-20.0
2021-01-04 09:23:14,59,0.42,4.45,-20.0
2021-01-04 09:23:14,60,0.409,4.46,-20.0
2021-01-04 09:23:14,61,0.416,4.48,24.5
2021-01-04 09:23:14,62,0.41,4.48,-20.0
2021-01-04 09:23:14,63,0.413,4.47,-20.0
2021-01-04 09:23:14,64,0.408,4.47,-20.0
2021-01-04 09:23:14,65,0.41,4.46,-20.0
2021-01-04 09:23:14,66,0.417,4.46,-20.0
2021-01-04 09:23:14,67,0.413,4.44,-20.0
2021-01-04 09:23:14,68,0.419,4.46,-20.0
2021-01-04 09:23:14,69,0.41,4.46,-20.0
2021-01-04 09:23:14,70,0.419,4.47,-20.0
2021-01-04 09:23:14,71,0.41,4.48,-20.0
2021-01-04 09:23:14,72,0.405,4.48,-20.0
2021-01-04 09:23:14,73,0.415,4.52,24.3
2021-01-04 09:23:14,74,0.404,4.49,-20.0
2021-01-04 09:23:14,75,0.427,4.47,-20.0
2021-01-04 09:23:14,76,0.42,4.45,-20.0
2021-01-04 09:23:14,77,0.416,4.52,-20.0
2021-01-04 09:23:14,78,0.408,4.47,-20.0
2021-01-04 09:23:14,79,0.413,4.48,-20.0
2021-01-04 09:23:14,80,0.416,4.5,-20.0
2021-01-04 09:23:14,81,0.419,4.5,-20.0
2021-01-04 09:23:14,82,0.423,4.51,-20.0
2021-01-04 09:23:14,83,0.423,4.5,-20.0
2021-01-04 09:23:14,84,0.422,4.49,-20.0
2021-01-04 09:23:14,85,0.414,4.47,25.2
2021-01-04 09:23:14,86,0.415,4.47,-20.0
2021-01-04 09:23:14,87,0.446,4.47,-20.0
2021-01-04 09:23:14,88,0.401,4.48,-20.0
2021-01-04 09:23:14,89,0.415,4.48,-20.0
2021-01-04 09:23:14,90,0.405,4.47,-20.0
2021-01-04 09:23:14,91,0.412,4.48,-20.0
2021-01-04 09:23:14,92,0.396,4.5,-20.0
2021-01-04 09:23:14,93,0.41,4.49,-20.0
2021-01-04 09:23:14,94,0.416,4.48,-20.0
2021-01-04 09:23:14,95,0.416,4.47,-20.0
2021-01-04 09:23:14,96,0.414,4.5,-20.0
2021-01-04 21:22:39,1,0.415,4.5,25.8
2021-01-04 21:22:39,2,0.416,4.52,-20.0
2021-01-04 21:22:39,3,0.422,4.53,-20.0
2021-01-04 21:22:39,4,0.415,4.49,-20.0
2021-01-04 21:22:39,5,0.407,4.51,-20.0
2021-01-04 21:22:39,6,0.412,4.48,-20.0
2021-01-04 21:22:39,7,0.409,4.48,-20.0
2021-01-04 21:22:39,8,0.409,4.51,-20.0
2021-01-04 21:22:39,9,0.409,4.49,-20.0
2021-01-04 21:22:39,10,0.421,4.5,-20.0
2021-01-04 21:22:39,11,0.421,4.46,-20.0
2021-01-04 21:22:39,12,0.418,4.47,-20.0
2021-01-04 21:22:39,13,0.411,4.49,25.2
2021-01-04 21:22:39,14,0.418,4.49,-20.0
2021-01-04 21:22:39,15,0.411,4.51,-20.0
2021-01-04 21:22:39,16,0.427,4.51,-20.0
2021-01-04 21:22:39,17,0.416,4.49,-20.0
2021-01-04 21:22:39,18,0.421,4.49,-20.0
2021-01-04 21:22:39,19,0.435,4.48,-20.0
2021-01-04 21:22:39,20,0.408,4.48,-20.0
2021-01-04 21:22:39,21,0.411,4.49,-20.0
2021-01-04 21:22:39,22,0.419,4.48,-20.0
2021-01-04 21:22:39,23,0.432,4.49,-20.0
2021-01-04 21:22:39,24,0.394,4.48,-20.0
2021-01-04 21:22:39,25,0.413,4.48,24.2
2021-01-04 21:22:39,26,0.422,4.46,-20.0
2021-01-04 21:22:39,27,0.4,4.46,-20.0
2021-01-04 21:22:39,28,0.42,4.47,-20.0
2021-01-04 21:22:39,29,0.41,4.47,-20.0
2021-01-04 21:22:39,30,0.415,4.48,-20.0
2021-01-04 21:22:39,31,0.418,4.47,-20.0
2021-01-04 21:22:39,32,0.401,4.48,-20.0
2021-01-04 21:22:39,33,0.411,4.5,-20.0
2021-01-04 21:22:39,34,0.413,4.49,-20.0
2021-01-04 21:22:39,35,0.409,4.48,-20.0
2021-01-04 21:22:39,36,0.406,4.49,-20.0
2021-01-04 21:22:39,37,0.415,4.48,24.5
2021-01-04 21:22:39,38,0.411,4.49,-20.0
2021-01-04 21:22:39,39,0.417,4.49,-20.0
2021-01-04 21:22:39,40,0.413,4.49,-20.0
2021-01-04 21:22:39,41,0.414,4.5,-20.0
2021-01-04 21:22:39,42,0.412,4.48,-20.0
2021-01-04 21:22:39,43,0.418,4.49,-20.0
2021-01-04 21:22:39,44,0.425,4.48,-20.0
2021-01-04 21:22:39,45,0.415,4.48,-20.0
2021-01-04 21:22:39,46,0.415,4.48,-20.0
2021-01-04 21:22:39,47,0.415,4.49,-20.0
2021-01-04 21:22:39,48,0.42,4.49,-20.0
2021-01-04 21:22:39,49,0.484,4.47,24.9
2021-01-04 21:22:39,50,0.426,4.47,-20.0
2021-01-04 21:22:39,51,0.412,4.46,-20.0
2021-01-04 21:22:39,52,0.419,4.45,-20.0
2021-01-04 21:22:39,53,0.415,4.46,-20.0
2021-01-04 21:22:39,54,0.42,4.47,-20.0
2021-01-04 21:22:39,55,0.429,4.45,-20.0
2021-01-04 21:22:39,56,0.421,4.44,-20.0
2021-01-04 21:22:39,57,0.424,4.44,-20.0
2021-01-04 21:22:39,58,0.42,4.43,-20.0
2021-01-04 21:22:39,59,0.426,4.45,-20.0
2021-01-04 21:22:39,60,0.414,4.46,-20.0
2021-01-04 21:22:39,61,0.417,4.48,24.5
2021-01-04 21:22:39,62,0.411,4.47,-20.0
2021-01-04 21:22:39,63,0.414,4.48,-20.0
2021-01-04 21:22:39,64,0.409,4.47,-20.0
2021-01-04 21:22:39,65,0.406,4.46,-20.0
2021-01-04 21:22:39,66,0.418,4.45,-20.0
2021-01-04 21:22:39,67,0.415,4.44,-20.0
2021-01-04 21:22:39,68,0.419,4.46,-20.0
2021-01-04 21:22:39,69,0.406,4.46,-20.0
2021-01-04 21:22:39,70,0.402,4.47,-20.0
2021-01-04 21:22:39,71,0.407,4.48,-20.0
2021-01-04 21:22:39,72,0.405,4.47,-20.0
2021-01-04 21:22:39,73,0.401,4.52,24.0
2021-01-04 21:22:39,74,0.395,4.49,-20.0
2021-01-04 21:22:39,75,0.428,4.47,-20.0
2021-01-04 21:22:39,76,0.421,4.47,-20.0
2021-01-04 21:22:39,77,0.419,4.52,-20.0
2021-01-04 21:22:39,78,0.401,4.48,-20.0
2021-01-04 21:22:39,79,0.41,4.49,-20.0
2021-01-04 21:22:39,80,0.419,4.5,-20.0
2021-01-04 21:22:39,81,0.419,4.5,-20.0
2021-01-04 21:22:39,82,0.422,4.51,-20.0
2021-01-04 21:22:39,83,0.422,4.5,-20.0
2021-01-04 21:22:39,84,0.421,4.5,-20.0
2021-01-04 21:22:39,85,0.416,4.47,24.6
2021-01-04 21:22:39,86,0.418,4.47,-20.0
2021-01-04 21:22:39,87,0.446,4.47,-20.0
2021-01-04 21:22:39,88,0.404,4.48,-20.0
2021-01-04 21:22:39,89,0.416,4.48,-20.0
2021-01-04 21:22:39,90,0.407,4.47,-20.0
2021-01-04 21:22:39,91,0.415,4.48,-20.0
2021-01-04 21:22:39,92,0.4,4.49,-20.0
2021-01-04 21:22:39,93,0.412,4.49,-20.0
2021-01-04 21:22:39,94,0.416,4.47,-20.0
2021-01-04 21:22:39,95,0.415,4.46,-20.0
2021-01-04 21:22:39,96,0.414,4.49,-20.0
2021-01-05 09:22:03,1,0.416,4.5,25.9
2021-01-05 09:22:03,2,0.413,4.5,-20.0
2021-01-05 09:22:03,3,0.422,4.51,-20.0
2021-01-05 09:22:03,4,0.419,4.49,-20.0
2021-01-05 09:22:03,5,0.407,4.51,-20.0
2021-01-05 09:22:03,6,0.415,4.48,-20.0
2021-01-05 09:22:03,7,0.409,4.49,-20.0
2021-01-05 09:22:03,8,0.405,4.51,-20.0
2021-01-05 09:22:03,9,0.409,4.48,-20.0
2021-01-05 09:22:03,10,0.42,4.51,-20.0
2021-01-05 09:22:03,11,0.419,4.46,-20.0
2021-01-05 09:22:03,12,0.414,4.47,-20.0
2021-01-05 09:22:03,13,0.409,4.48,25.5
2021-01-05 09:22:03,14,0.415,4.49,-20.0
2021-01-05 09:22:03,15,0.412,4.51,-20.0
2021-01-05 09:22:03,16,0.428,4.51,-20.0
2021-01-05 09:22:03,17,0.409,4.49,-20.0
2021-01-05 09:22:03,18,0.422,4.5,-20.0
2021-01-05 09:22:03,19,0.436,4.48,-20.0
2021-01-05 09:22:03,20,0.409,4.49,-20.0
2021-01-05 09:22:03,21,0.414,4.49,-20.0
2021-01-05 09:22:03,22,0.417,4.47,-20.0
2021-01-05 09:22:03,23,0.433,4.48,-20.0
2021-01-05 09:22:03,24,0.393,4.5,-20.0
2021-01-05 09:22:03,25,0.412,4.5,24.6
2021-01-05 09:22:03,26,0.425,4.47,-20.0
2021-01-05 09:22:03,27,0.406,4.46,-20.0
2021-01-05 09:22:03,28,0.422,4.46,-20.0
2021-01-05 09:22:03,29,0.414,4.48,-20.0
2021-01-05 09:22:03,30,0.42,4.48,-20.0
2021-01-05 09:22:03,31,0.42,4.46,-20.0
2021-01-05 09:22:03,32,0.404,4.47,-20.0
2021-01-05 09:22:03,33,0.413,4.49,-20.0
2021-01-05 09:22:03,34,0.418,4.49,-20.0
2021-01-05 09:22:03,35,0.408,4.48,-20.0
2021-01-05 09:22:03,36,0.404,4.49,-20.0
2021-01-05 09:22:03,37,0.414,4.49,24.8
2021-01-05 09:22:03,38,0.413,4.49,-20.0
2021-01-05 09:22:03,39,0.417,4.48,-20.0
2021-01-05 09:22:03,40,0.416,4.48,-20.0
2021-01-05 09:22:03,41,0.413,4.51,-20.0
2021-01-05 09:22:03,42,0.41,4.48,-20.0
2021-01-05 09:22:03,43,0.419,4.49,-20.0
2021-01-05 09:22:03,44,0.425,4.49,-20.0
2021-01-05 09:22:03,45,0.415,4.48,-20.0
2021-01-05 09:22:03,46,0.417,4.48,-20.0
2021-01-05 09:22:03,47,0.412,4.49,-20.0
2021-01-05 09:22:03,48,0.422,4.49,-20.0
2021-01-05 09:22:03,49,0.484,4.46,25.2
2021-01-05 09:22:03,50,0.43,4.47,-20.0
2021-01-05 09:22:03,51,0.41,4.46,-20.0
2021-01-05 09:22:03,52,0.42,4.45,-20.0
2021-01-05 09:22:03,53,0.416,4.45,-20.0
2021-01-05 09:22:03,54,0.42,4.48,-20.0
2021-01-05 09:22:03,55,0.427,4.44,-20.0
2021-01-05 09:22:03,56,0.416,4.45,-20.0
2021-01-05 09:22:03,57,0.423,4.44,-20.0
2021-01-05 09:22:03,58,0.422,4.44,-20.0
2021-01-05 09:22:03,59,0.425,4.46,-20.0
2021-01-05 09:22:03,60,0.409,4.46,-20.0
2021-01-05 09:22:03,61,0.417,4.48,24.9
2021-01-05 09:22:03,62,0.412,4.48,-20.0
2021-01-05 09:22:03,63,0.415,4.48,-20.0
2021-01-05 09:22:03,64,0.407,4.46,-20.0
2021-01-05 09:22:03,65,0.406,4.46,-20.0
2021-01-05 09:22:03,66,0.416,4.46,-20.0
2021-01-05 09:22:03,67,0.41,4.44,-20.0
2021-01-05 09:22:03,68,0.422,4.47,-20.0
2021-01-05 09:22:03,69,0.41,4.46,-20.0
2021-01-05 09:22:03,70,0.4,4.47,-20.0
2021-01-05 09:22:03,71,0.408,4.48,-20.0
2021-01-05 09:22:03,72,0.405,4.48,-20.0
2021-01-05 09:22:03,73,0.403,4.52,24.5
2021-01-05 09:22:03,74,0.396,4.5,-20.0
2021-01-05 09:22:03,75,0.431,4.48,-20.0
2021-01-05 09:22:03,76,0.423,4.46,-20.0
2021-01-05 09:22:03,77,0.422,4.53,-20.0
2021-01-05 09:22:03,78,0.404,4.48,-20.0
2021-01-05 09:22:03,79,0.413,4.49,-20.0
2021-01-05 09:22:03,80,0.423,4.52,-20.0
2021-01-05 09:22:03,81,0.42,4.5,-20.0
2021-01-05 09:22:03,82,0.422,4.5,-20.0
2021-01-05 09:22:03,83,0.422,4.5,-20.0
2021-01-05 09:22:03,84,0.421,4.5,-20.0
2021-01-05 09:22:03,85,0.416,4.48,25.4
2021-01-05 09:22:03,86,0.417,4.47,-20.0
2021-01-05 09:22:03,87,0.445,4.47,-20.0
2021-01-05 09:22:03,88,0.406,4.48,-20.0
2021-01-05 09:22:03,89,0.417,4.49,-20.0
2021-01-05 09:22:03,90,0.408,4.47,-20.0
2021-01-05 09:22:03,91,0.416,4.48,-20.0
2021-01-05 09:22:03,92,0.399,4.49,-20.0
2021-01-05 09:22:03,93,0.412,4.49,-20.0
2021-01-05 09:22:03,94,0.419,4.48,-20.0
2021-01-05 09:22:03,95,0.415,4.46,-20.0
2021-01-05 09:22:03,96,0.414,4.5,-20.0
2021-01-05 21:21:27,1,0.414,4.49,25.9
2021-01-05 21:21:27,2,0.416,4.51,-20.0
2021-01-05 21:21:27,3,0.422,4.52,-20.0
2021-01-05 21:21:27,4,0.419,4.48,-20.0
2021-01-05 21:21:27,5,0.408,4.51,-20.0
2021-01-05 21:21:27,6,0.415,4.49,-20.0
2021-01-05 21:21:27,7,0.409,4.48,-20.0
2021-01-05 21:21:27,8,0.408,4.5,-20.0
2021-01-05 21:21:27,9,0.409,4.48,-20.0
2021-01-05 21:21:27,10,0.416,4.51,-20.0
2021-01-05 21:21:27,11,0.417,4.46,-20.0
2021-01-05 21:21:27,12,0.418,4.47,-20.0
2021-01-05 21:21:27,13,0.41,4.49,25.6
2021-01-05 21:21:27,14,0.417,4.49,-20.0
2021-01-05 21:21:27,15,0.41,4.51,-20.0
2021-01-05 21:21:27,16,0.427,4.5,-20.0
2021-01-05 21:21:27,17,0.412,4.49,-20.0
2021-01-05 21:21:27,18,0.428,4.5,-20.0
2021-01-05 21:21:27,19,0.439,4.49,-20.0
2021-01-05 21:21:27,20,0.41,4.48,-20.0
2021-01-05 21:21:27,21,0.413,4.49,-20.0
2021-01-05 21:21:27,22,0.42,4.48,-20.0
2021-01-05 21:21:27,23,0.435,4.49,-20.0
2021-01-05 21:21:27,24,0.395,4.49,-20.0
2021-01-05 21:21:27,25,0.413,4.5,24.8
2021-01-05 21:21:27,26,0.423,4.47,-20.0
2021-01-05 21:21:27,27,0.407,4.46,-20.0
2021-01-05 21:21:27,28,0.42,4.47,-20.0
2021-01-05 21:21:27,29,0.414,4.47,-20.0
2021-01-05 21:21:27,30,0.418,4.49,-20.0
2021-01-05 21:21:27,31,0.419,4.47,-20.0
2021-01-05 21:21:27,32,0.403,4.49,-20.0
2021-01-05 21:21:27,33,0.415,4.49,-20.0
2021-01-05 21:21:27,34,0.42,4.48,-20.0
2021-01-05 21:21:27,35,0.407,4.48,-20.0
2021-01-05 21:21:27,36,0.403,4.5,-20.0
2021-01-05 21:21:27,37,0.415,4.48,24.8
2021-01-05 21:21:27,38,0.414,4.49,-20.0
2021-01-05 21:21:27,39,0.419,4.48,-20.0
2021-01-05 21:21:27,40,0.416,4.49,-20.0
2021-01-05 21:21:27,41,0.414,4.5,-20.0
2021-01-05 21:21:27,42,0.408,4.49,-20.0
2021-01-05 21:21:27,43,0.42,4.48,-20.0
2021-01-05 21:21:27,44,0.425,4.49,-20.0
2021-01-05 21:21:27,45,0.418,4.49,-20.0
2021-01-05 21:21:27,46,0.418,4.48,-20.0
2021-01-05 21:21:27,47,0.399,4.48,-20.0
2021-01-05 21:21:27,48,0.405,4.48,-20.0
2021-01-05 21:21:27,49,0.482,4.46,25.2
2021-01-05 21:21:27,50,0.429,4.47,-20.0
2021-01-05 21:21:27,51,0.41,4.46,-20.0
2021-01-05 21:21:27,52,0.418,4.46,-20.0
2021-01-05 21:21:27,53,0.414,4.46,-20.0
2021-01-05 21:21:27,54,0.421,4.48,-20.0
2021-01-05 21:21:27,55,0.43,4.44,-20.0
2021-01-05 21:21:27,56,0.417,4.44,-20.0
2021-01-05 21:21:27,57,0.421,4.44,-20.0
2021-01-05 21:21:27,58,0.422,4.44,-20.0
2021-01-05 21:21:27,59,0.428,4.45,-20.0
2021-01-05 21:21:27,60,0.412,4.46,-20.0
2021-01-05 21:21:27,61,0.417,4.48,25.0
2021-01-05 21:21:27,62,0.405,4.47,-20.0
2021-01-05 21:21:27,63,0.403,4.48,-20.0
2021-01-05 21:21:27,64,0.402,4.47,-20.0
2021-01-05 21:21:27,65,0.391,4.46,-20.0
2021-01-05 21:21:27,66,0.413,4.46,-20.0
2021-01-05 21:21:27,67,0.407,4.44,-20.0
2021-01-05 21:21:27,68,0.411,4.47,-20.0
2021-01-05 21:21:27,69,0.407,4.45,-20.0
2021-01-05 21:21:27,70,0.399,4.47,-20.0
2021-01-05 21:21:27,71,0.406,4.48,-20.0
2021-01-05 21:21:27,72,0.406,4.47,-20.0
2021-01-05 21:21:27,73,0.403,4.52,24.7
2021-01-05 21:21:27,74,0.401,4.5,-20.0
2021-01-05 21:21:27,75,0.426,4.48,-20.0
2021-01-05 21:21:27,76,0.427,4.46,-20.0
2021-01-05 21:21:27,77,0.42,4.52,-20.0
2021-01-05 21:21:27,78,0.402,4.48,-20.0
2021-01-05 21:21:27,79,0.411,4.49,-20.0
2021-01-05 21:21:27,80,0.422,4.51,-20.0
2021-01-05 21:21:27,81,0.42,4.5,-20.0
2021-01-05 21:21:27,82,0.423,4.5,-20.0
2021-01-05 21:21:27,83,0.422,4.5,-20.0
2021-01-05 21:21:27,84,0.421,4.5,-20.0
2021-01-05 21:21:27,85,0.414,4.48,25.5
2021-01-05 21:21:27,86,0.419,4.47,-20.0
2021-01-05 21:21:27,87,0.446,4.47,-20.0
2021-01-05 21:21:27,88,0.403,4.47,-20.0
2021-01-05 21:21:27,89,0.416,4.49,-20.0
2021-01-05 21:21:27,90,0.409,4.48,-20.0
2021-01-05 21:21:27,91,0.416,4.47,-20.0
2021-01-05 21:21:27,92,0.4,4.49,-20.0
2021-01-05 21:21:27,93,0.414,4.49,-20.0
2021-01-05 21:21:27,94,0.417,4.48,-20.0
2021-01-05 21:21:27,95,0.417,4.47,-20.0
2021-01-05 21:21:27,96,0.414,4.49,-20.0
2021-01-06 09:21:01,1,0.41,4.51,26.0
2021-01-06 09:21:01,2,0.413,4.52,-20.0
2021-01-06 09:21:01,3,0.417,4.52,-20.0
2021-01-06 09:21:01,4,0.418,4.48,-20.0
2021-01-06 09:21:01,5,0.404,4.5,-20.0
2021-01-06 09:21:01,6,0.412,4.49,-20.0
2021-01-06 09:21:01,7,0.404,4.48,-20.0
2021-01-06 09:21:01,8,0.403,4.5,-20.0
2021-01-06 09:21:01,9,0.407,4.49,-20.0
2021-01-06 09:21:01,10,0.417,4.51,-20.0
2021-01-06 09:21:01,11,0.416,4.47,-20.0
2021-01-06 09:21:01,12,0.418,4.47,-20.0
2021-01-06 09:21:01,13,0.411,4.49,25.7
2021-01-06 09:21:01,14,0.415,4.49,-20.0
2021-01-06 09:21:01,15,0.411,4.5,-20.0
2021-01-06 09:21:01,16,0.425,4.5,-20.0
2021-01-06 09:21:01,17,0.411,4.49,-20.0
2021-01-06 09:21:01,18,0.429,4.5,-20.0
2021-01-06 09:21:01,19,0.437,4.49,-20.0
2021-01-06 09:21:01,20,0.409,4.49,-20.0
2021-01-06 09:21:01,21,0.413,4.49,-20.0
2021-01-06 09:21:01,22,0.417,4.48,-20.0
2021-01-06 09:21:01,23,0.44,4.49,-20.0
2021-01-06 09:21:01,24,0.401,4.5,-20.0
2021-01-06 09:21:01,25,0.413,4.49,24.8
2021-01-06 09:21:01,26,0.426,4.48,-20.0
2021-01-06 09:21:01,27,0.412,4.47,-20.0
2021-01-06 09:21:01,28,0.42,4.46,-20.0
2021-01-06 09:21:01,29,0.415,4.47,-20.0
2021-01-06 09:21:01,30,0.417,4.5,-20.0
2021-01-06 09:21:01,31,0.422,4.47,-20.0
2021-01-06 09:21:01,32,0.408,4.48,-20.0
2021-01-06 09:21:01,33,0.414,4.5,-20.0
2021-01-06 09:21:01,34,0.417,4.5,-20.0
2021-01-06 09:21:01,35,0.409,4.48,-20.0
2021-01-06 09:21:01,36,0.405,4.49,-20.0
2021-01-06 09:21:01,37,0.415,4.48,24.8
2021-01-06 09:21:01,38,0.414,4.5,-20.0
2021-01-06 09:21:01,39,0.418,4.48,-20.0
2021-01-06 09:21:01,40,0.414,4.49,-20.0
2021-01-06 09:21:01,41,0.418,4.5,-20.0
2021-01-06 09:21:01,42,0.408,4.49,-20.0
2021-01-06 09:21:01,43,0.42,4.48,-20.0
2021-01-06 09:21:01,44,0.427,4.49,-20.0
2021-01-06 09:21:01,45,0.416,4.48,-20.0
2021-01-06 09:21:01,46,0.414,4.48,-20.0
2021-01-06 09:21:01,47,0.406,4.49,-20.0
2021-01-06 09:21:01,48,0.407,4.48,-20.0
2021-01-06 09:21:01,49,0.483,4.46,25.3
2021-01-06 09:21:01,50,0.433,4.47,-20.0
2021-01-06 09:21:01,51,0.411,4.46,-20.0
2021-01-06 09:21:01,52,0.413,4.45,-20.0
2021-01-06 09:21:01,53,0.415,4.46,-20.0
2021-01-06 09:21:01,54,0.419,4.47,-20.0
2021-01-06 09:21:01,55,0.43,4.44,-20.0
2021-01-06 09:21:01,56,0.418,4.45,-20.0
2021-01-06 09:21:01,57,0.42,4.44,-20.0
2021-01-06 09:21:01,58,0.423,4.44,-20.0
2021-01-06 09:21:01,59,0.428,4.45,-20.0
2021-01-06 09:21:01,60,0.416,4.46,-20.0
2021-01-06 09:21:01,61,0.416,4.49,25.1
2021-01-06 09:21:01,62,0.406,4.48,-20.0
2021-01-06 09:21:01,63,0.405,4.48,-20.0
2021-01-06 09:21:01,64,0.404,4.47,-20.0
2021-01-06 09:21:01,65,0.394,4.46,-20.0
2021-01-06 09:21:01,66,0.416,4.46,-20.0
2021-01-06 09:21:01,67,0.407,4.43,-20.0
2021-01-06 09:21:01,68,0.413,4.47,-20.0
2021-01-06 09:21:01,69,0.409,4.46,-20.0
2021-01-06 09:21:01,70,0.404,4.47,-20.0
2021-01-06 09:21:01,71,0.408,4.48,-20.0
2021-01-06 09:21:01,72,0.406,4.48,-20.0
2021-01-06 09:21:01,73,0.406,4.52,24.8
2021-01-06 09:21:01,74,0.402,4.49,-20.0
2021-01-06 09:21:01,75,0.427,4.49,-20.0
2021-01-06 09:21:01,76,0.427,4.46,-20.0
2021-01-06 09:21:01,77,0.418,4.52,-20.0
2021-01-06 09:21:01,78,0.405,4.48,-20.0
2021-01-06 09:21:01,79,0.415,4.49,-20.0
2021-01-06 09:21:01,80,0.42,4.5,-20.0
2021-01-06 09:21:01,81,0.419,4.5,-20.0
2021-01-06 09:21:01,82,0.426,4.5,-20.0
2021-01-06 09:21:01,83,0.421,4.49,-20.0
2021-01-06 09:21:01,84,0.421,4.49,-20.0
2021-01-06 09:21:01,85,0.411,4.47,25.6
2021-01-06 09:21:01,86,0.418,4.47,-20.0
2021-01-06 09:21:01,87,0.444,4.47,-20.0
2021-01-06 09:21:01,88,0.403,4.48,-20.0
2021-01-06 09:21:01,89,0.416,4.49,-20.0
2021-01-06 09:21:01,90,0.408,4.47,-20.0
2021-01-06 09:21:01,91,0.416,4.48,-20.0
2021-01-06 09:21:01,92,0.404,4.49,-20.0
2021-01-06 09:21:01,93,0.413,4.49,-20.0
2021-01-06 09:21:01,94,0.415,4.47,-20.0
2021-01-06 09:21:01,95,0.416,4.46,-20.0
2021-01-06 09:21:01,96,0.411,4.49,-20.0
2021-01-06 21:20:27,1,0.415,4.51,25.9
2021-01-06 21:20:27,2,0.414,4.51,-20.0
2021-01-06 21:20:27,3,0.418,4.51,-20.0
2021-01-06 21:20:27,4,0.419,4.48,-20.0
2021-01-06 21:20:27,5,0.402,4.51,-20.0
2021-01-06 21:20:27,6,0.413,4.48,-20.0
2021-01-06 21:20:27,7,0.403,4.48,-20.0
2021-01-06 21:20:27,8,0.402,4.5,-20.0
2021-01-06 21:20:27,9,0.41,4.48,-20.0
2021-01-06 21:20:27,10,0.416,4.51,-20.0
2021-01-06 21:20:27,11,0.417,4.46,-20.0
2021-01-06 21:20:27,12,0.417,4.47,-20.0
2021-01-06 21:20:27,13,0.41,4.49,25.5
2021-01-06 21:20:27,14,0.413,4.49,-20.0
2021-01-06 21:20:27,15,0.408,4.51,-20.0
2021-01-06 21:20:27,16,0.423,4.49,-20.0
2021-01-06 21:20:27,17,0.413,4.48,-20.0
2021-01-06 21:20:27,18,0.428,4.49,-20.0
2021-01-06 21:20:27,19,0.436,4.47,-20.0
2021-01-06 21:20:27,20,0.407,4.48,-20.0
2021-01-06 21:20:27,21,0.411,4.48,-20.0
2021-01-06 21:20:27,22,0.416,4.48,-20.0
2021-01-06 21:20:27,23,0.442,4.49,-20.0
2021-01-06 21:20:27,24,0.402,4.5,-20.0
2021-01-06 21:20:27,25,0.415,4.5,24.8
2021-01-06 21:20:27,26,0.427,4.47,-20.0
2021-01-06 21:20:27,27,0.413,4.46,-20.0
2021-01-06 21:20:27,28,0.42,4.47,-20.0
2021-01-06 21:20:27,29,0.415,4.48,-20.0
2021-01-06 21:20:27,30,0.417,4.48,-20.0
2021-01-06 21:20:27,31,0.421,4.47,-20.0
2021-01-06 21:20:27,32,0.407,4.49,-20.0
2021-01-06 21:20:27,33,0.414,4.49,-20.0
2021-01-06 21:20:27,34,0.416,4.49,-20.0
2021-01-06 21:20:27,35,0.408,4.47,-20.0
2021-01-06 21:20:27,36,0.405,4.49,-20.0
2021-01-06 21:20:27,37,0.417,4.48,24.9
2021-01-06 21:20:27,38,0.412,4.49,-20.0
2021-01-06 21:20:27,39,0.421,4.48,-20.0
2021-01-06 21:20:27,40,0.412,4.49,-20.0
2021-01-06 21:20:27,41,0.412,4.5,-20.0
2021-01-06 21:20:27,42,0.387,4.49,-20.0
2021-01-06 21:20:27,43,0.391,4.48,-20.0
2021-01-06 21:20:27,44,0.41,4.49,-20.0
2021-01-06 21:20:27,45,0.416,4.48,-20.0
2021-01-06 21:20:27,46,0.413,4.49,-20.0
2021-01-06 21:20:27,47,0.396,4.48,-20.0
2021-01-06 21:20:27,48,0.387,4.48,-20.0
2021-01-06 21:20:27,49,0.485,4.47,25.2
2021-01-06 21:20:27,50,0.43,4.47,-20.0
2021-01-06 21:20:27,51,0.412,4.46,-20.0
2021-01-06 21:20:27,52,0.412,4.45,-20.0
2021-01-06 21:20:27,53,0.414,4.46,-20.0
2021-01-06 21:20:27,54,0.42,4.47,-20.0
2021-01-06 21:20:27,55,0.416,4.45,-20.0
2021-01-06 21:20:27,56,0.416,4.44,-20.0
2021-01-06 21:20:27,57,0.417,4.43,-20.0
2021-01-06 21:20:27,58,0.416,4.44,-20.0
2021-01-06 21:20:27,59,0.409,4.45,-20.0
2021-01-06 21:20:27,60,0.409,4.46,-20.0
2021-01-06 21:20:27,61,0.415,4.49,24.9
2021-01-06 21:20:27,62,0.404,4.48,-20.0
2021-01-06 21:20:27,63,0.406,4.48,-20.0
2021-01-06 21:20:27,64,0.404,4.47,-20.0
2021-01-06 21:20:27,65,0.396,4.47,-20.0
2021-01-06 21:20:27,66,0.417,4.46,-20.0
2021-01-06 21:20:27,67,0.407,4.44,-20.0
2021-01-06 21:20:27,68,0.417,4.46,-20.0
2021-01-06 21:20:27,69,0.413,4.46,-20.0
2021-01-06 21:20:27,70,0.404,4.47,-20.0
2021-01-06 21:20:27,71,0.409,4.48,-20.0
2021-01-06 21:20:27,72,0.409,4.47,-20.0
2021-01-06 21:20:27,73,0.41,4.52,24.8
2021-01-06 21:20:27,74,0.403,4.5,-20.0
2021-01-06 21:20:27,75,0.425,4.48,-20.0
2021-01-06 21:20:27,76,0.427,4.46,-20.0
2021-01-06 21:20:27,77,0.419,4.52,-20.0
2021-01-06 21:20:27,78,0.403,4.49,-20.0
2021-01-06 21:20:27,79,0.413,4.49,-20.0
2021-01-06 21:20:27,80,0.417,4.51,-20.0
2021-01-06 21:20:27,81,0.419,4.5,-20.0
2021-01-06 21:20:27,82,0.423,4.5,-20.0
2021-01-06 21:20:27,83,0.421,4.5,-20.0
2021-01-06 21:20:27,84,0.421,4.5,-20.0
2021-01-06 21:20:27,85,0.412,4.48,25.5
2021-01-06 21:20:27,86,0.418,4.48,-20.0
2021-01-06 21:20:27,87,0.446,4.48,-20.0
2021-01-06 21:20:27,88,0.402,4.47,-20.0
2021-01-06 21:20:27,89,0.414,4.48,-20.0
2021-01-06 21:20:27,90,0.407,4.47,-20.0
2021-01-06 21:20:27,91,0.414,4.47,-20.0
2021-01-06 21:20:27,92,0.404,4.49,-20.0
2021-01-06 21:20:27,93,0.416,4.5,-20.0
2021-01-06 21:20:27,94,0.417,4.48,-20.0
2021-01-06 21:20:27,95,0.418,4.47,-20.0
2021-01-06 21:20:27,96,0.411,4.49,-20.0
2021-01-07 09:19:53,1,0.415,4.51,25.6
2021-01-07 09:19:53,2,0.414,4.51,-20.0
2021-01-07 09:19:53,3,0.416,4.51,-20.0
2021-01-07 09:19:53,4,0.417,4.49,-20.0
2021-01-07 09:19:53,5,0.402,4.5,-20.0
2021-01-07 09:19:53,6,0.413,4.48,-20.0
2021-01-07 09:19:53,7,0.402,4.48,-20.0
2021-01-07 09:19:53,8,0.406,4.5,-20.0
2021-01-07 09:19:53,9,0.411,4.48,-20.0
2021-01-07 09:19:53,10,0.416,4.51,-20.0
2021-01-07 09:19:53,11,0.414,4.47,-20.0
2021-01-07 09:19:53,12,0.42,4.47,-20.0
2021-01-07 09:19:53,13,0.41,4.49,25.3
2021-01-07 09:19:53,14,0.413,4.49,-20.0
2021-01-07 09:19:53,15,0.408,4.51,-20.0
2021-01-07 09:19:53,16,0.424,4.5,-20.0
2021-01-07 09:19:53,17,0.419,4.48,-20.0
2021-01-07 09:19:53,18,0.426,4.5,-20.0
2021-01-07 09:19:53,19,0.438,4.48,-20.0
2021-01-07 09:19:53,20,0.408,4.48,-20.0
2021-01-07 09:19:53,21,0.411,4.48,-20.0
2021-01-07 09:19:53,22,0.416,4.48,-20.0
2021-01-07 09:19:53,23,0.444,4.48,-20.0
2021-01-07 09:19:53,24,0.406,4.49,-20.0
2021-01-07 09:19:53,25,0.414,4.49,24.2
2021-01-07 09:19:53,26,0.423,4.47,-20.0
2021-01-07 09:19:53,27,0.414,4.46,-20.0
2021-01-07 09:19:53,28,0.423,4.46,-20.0
2021-01-07 09:19:53,29,0.419,4.48,-20.0
2021-01-07 09:19:53,30,0.42,4.49,-20.0
2021-01-07 09:19:53,31,0.42,4.46,-20.0
2021-01-07 09:19:53,32,0.407,4.47,-20.0
2021-01-07 09:19:53,33,0.416,4.49,-20.0
2021-01-07 09:19:53,34,0.418,4.49,-20.0
2021-01-07 09:19:53,35,0.408,4.48,-20.0
2021-01-07 09:19:53,36,0.405,4.49,-20.0
2021-01-07 09:19:53,37,0.415,4.48,24.2
2021-01-07 09:19:53,38,0.41,4.5,-20.0
2021-01-07 09:19:53,39,0.423,4.49,-20.0
2021-01-07 09:19:53,40,0.414,4.49,-20.0
2021-01-07 09:19:53,41,0.412,4.51,-20.0
2021-01-07 09:19:53,42,0.389,4.48,-20.0
2021-01-07 09:19:53,43,0.398,4.48,-20.0
2021-01-07 09:19:53,44,0.413,4.51,-20.0
2021-01-07 09:19:53,45,0.414,4.5,-20.0
2021-01-07 09:19:53,46,0.409,4.48,-20.0
2021-01-07 09:19:53,47,0.404,4.49,-20.0
2021-01-07 09:19:53,48,0.396,4.49,-20.0
2021-01-07 09:19:53,49,0.484,4.47,24.8
2021-01-07 09:19:53,50,0.435,4.47,-20.0
2021-01-07 09:19:53,51,0.412,4.46,-20.0
2021-01-07 09:19:53,52,0.412,4.46,-20.0
2021-01-07 09:19:53,53,0.414,4.46,-20.0
2021-01-07 09:19:53,54,0.418,4.47,-20.0
2021-01-07 09:19:53,55,0.418,4.44,-20.0
2021-01-07 09:19:53,56,0.415,4.44,-20.0
2021-01-07 09:19:53,57,0.417,4.44,-20.0
2021-01-07 09:19:53,58,0.417,4.43,-20.0
2021-01-07 09:19:53,59,0.417,4.45,-20.0
2021-01-07 09:19:53,60,0.412,4.46,-20.0
2021-01-07 09:19:53,61,0.417,4.48,24.7
2021-01-07 09:19:53,62,0.405,4.48,-20.0
2021-01-07 09:19:53,63,0.405,4.47,-20.0
2021-01-07 09:19:53,64,0.408,4.47,-20.0
2021-01-07 09:19:53,65,0.404,4.46,-20.0
2021-01-07 09:19:53,66,0.417,4.47,-20.0
2021-01-07 09:19:53,67,0.408,4.44,-20.0
2021-01-07 09:19:53,68,0.419,4.47,-20.0
2021-01-07 09:19:53,69,0.41,4.46,-20.0
2021-01-07 09:19:53,70,0.411,4.47,-20.0
2021-01-07 09:19:53,71,0.411,4.48,-20.0
2021-01-07 09:19:53,72,0.411,4.48,-20.0
2021-01-07 09:19:53,73,0.41,4.52,24.4
2021-01-07 09:19:53,74,0.403,4.49,-20.0
2021-01-07 09:19:53,75,0.426,4.48,-20.0
2021-01-07 09:19:53,76,0.427,4.46,-20.0
2021-01-07 09:19:53,77,0.419,4.52,-20.0
2021-01-07 09:19:53,78,0.403,4.48,-20.0
2021-01-07 09:19:53,79,0.412,4.48,-20.0
2021-01-07 09:19:53,80,0.416,4.51,-20.0
2021-01-07 09:19:53,81,0.417,4.5,-20.0
2021-01-07 09:19:53,82,0.424,4.51,-20.0
2021-01-07 09:19:53,83,0.423,4.5,-20.0
2021-01-07 09:19:53,84,0.421,4.49,-20.0
2021-01-07 09:19:53,85,0.412,4.48,25.2
2021-01-07 09:19:53,86,0.419,4.47,-20.0
2021-01-07 09:19:53,87,0.448,4.47,-20.0
2021-01-07 09:19:53,88,0.402,4.47,-20.0
2021-01-07 09:19:53,89,0.411,4.49,-20.0
2021-01-07 09:19:53,90,0.404,4.47,-20.0
2021-01-07 09:19:53,91,0.413,4.47,-20.0
2021-01-07 09:19:53,92,0.399,4.49,-20.0
2021-01-07 09:19:53,93,0.413,4.49,-20.0
2021-01-07 09:19:53,94,0.414,4.48,-20.0
2021-01-07 09:19:53,95,0.415,4.47,-20.0
2021-01-07 09:19:53,96,0.405,4.49,-20.0
2021-01-07 21:19:15,1,0.416,4.51,25.7
2021-01-07 21:19:15,2,0.412,4.51,-20.0
2021-01-07 21:19:15,3,0.417,4.51,-20.0
2021-01-07 21:19:15,4,0.415,4.47,-20.0
2021-01-07 21:19:15,5,0.401,4.51,-20.0
2021-01-07 21:19:15,6,0.412,4.48,-20.0
2021-01-07 21:19:15,7,0.403,4.48,-20.0
2021-01-07 21:19:15,8,0.403,4.51,-20.0
2021-01-07 21:19:15,9,0.41,4.48,-20.0
2021-01-07 21:19:15,10,0.414,4.5,-20.0
2021-01-07 21:19:15,11,0.415,4.45,-20.0
2021-01-07 21:19:15,12,0.421,4.47,-20.0
2021-01-07 21:19:15,13,0.411,4.48,25.4
2021-01-07 21:19:15,14,0.415,4.49,-20.0
2021-01-07 21:19:15,15,0.41,4.5,-20.0
2021-01-07 21:19:15,16,0.423,4.49,-20.0
2021-01-07 21:19:15,17,0.418,4.49,-20.0
2021-01-07 21:19:15,18,0.425,4.49,-20.0
2021-01-07 21:19:15,19,0.437,4.48,-20.0
2021-01-07 21:19:15,20,0.406,4.48,-20.0
2021-01-07 21:19:15,21,0.414,4.5,-20.0
2021-01-07 21:19:15,22,0.415,4.47,-20.0
2021-01-07 21:19:15,23,0.444,4.49,-20.0
2021-01-07 21:19:15,24,0.408,4.49,-20.0
2021-01-07 21:19:15,25,0.414,4.49,24.3
2021-01-07 21:19:15,26,0.419,4.47,-20.0
2021-01-07 21:19:15,27,0.415,4.46,-20.0
2021-01-07 21:19:15,28,0.424,4.48,-20.0
2021-01-07 21:19:15,29,0.42,4.48,-20.0
2021-01-07 21:19:15,30,0.417,4.48,-20.0
2021-01-07 21:19:15,31,0.42,4.47,-20.0
2021-01-07 21:19:15,32,0.385,4.49,-20.0
2021-01-07 21:19:15,33,0.41,4.48,-20.0
2021-01-07 21:19:15,34,0.406,4.48,-20.0
2021-01-07 21:19:15,35,0.403,4.48,-20.0
2021-01-07 21:19:15,36,0.401,4.49,-20.0
2021-01-07 21:19:15,37,0.396,4.48,24.3
2021-01-07 21:19:15,38,0.388,4.5,-20.0
2021-01-07 21:19:15,39,0.415,4.48,-20.0
2021-01-07 21:19:15,40,0.412,4.49,-20.0
2021-01-07 21:19:15,41,0.409,4.5,-20.0
2021-01-07 21:19:15,42,0.393,4.48,-20.0
2021-01-07 21:19:15,43,0.405,4.48,-20.0
2021-01-07 21:19:15,44,0.418,4.49,-20.0
2021-01-07 21:19:15,45,0.415,4.49,-20.0
2021-01-07 21:19:15,46,0.411,4.49,-20.0
2021-01-07 21:19:15,47,0.403,4.49,-20.0
2021-01-07 21:19:15,48,0.399,4.49,-20.0
2021-01-07 21:19:15,49,0.48,4.47,24.8
2021-01-07 21:19:15,50,0.432,4.47,-20.0
2021-01-07 21:19:15,51,0.411,4.47,-20.0
2021-01-07 21:19:15,52,0.414,4.46,-20.0
2021-01-07 21:19:15,53,0.415,4.46,-20.0
2021-01-07 21:19:15,54,0.419,4.47,-20.0
2021-01-07 21:19:15,55,0.42,4.44,-20.0
2021-01-07 21:19:15,56,0.412,4.44,-20.0
2021-01-07 21:19:15,57,0.421,4.44,-20.0
2021-01-07 21:19:15,58,0.417,4.43,-20.0
2021-01-07 21:19:15,59,0.419,4.45,-20.0
2021-01-07 21:19:15,60,0.414,4.46,-20.0
2021-01-07 21:19:15,61,0.417,4.49,24.6
2021-01-07 21:19:15,62,0.408,4.48,-20.0
2021-01-07 21:19:15,63,0.408,4.48,-20.0
2021-01-07 21:19:15,64,0.409,4.47,-20.0
2021-01-07 21:19:15,65,0.408,4.46,-20.0
2021-01-07 21:19:15,66,0.413,4.46,-20.0
2021-01-07 21:19:15,67,0.409,4.44,-20.0
2021-01-07 21:19:15,68,0.419,4.47,-20.0
2021-01-07 21:19:15,69,0.412,4.46,-20.0
2021-01-07 21:19:15,70,0.412,4.46,-20.0
2021-01-07 21:19:15,71,0.41,4.48,-20.0
2021-01-07 21:19:15,72,0.412,4.48,-20.0
2021-01-07 21:19:15,73,0.414,4.52,24.6
2021-01-07 21:19:15,74,0.403,4.48,-20.0
2021-01-07 21:19:15,75,0.427,4.48,-20.0
2021-01-07 21:19:15,76,0.426,4.46,-20.0
2021-01-07 21:19:15,77,0.42,4.52,-20.0
2021-01-07 21:19:15,78,0.406,4.48,-20.0
2021-01-07 21:19:15,79,0.411,4.49,-20.0
2021-01-07 21:19:15,80,0.419,4.51,-20.0
2021-01-07 21:19:15,81,0.418,4.49,-20.0
2021-01-07 21:19:15,82,0.424,4.5,-20.0
2021-01-07 21:19:15,83,0.425,4.5,-20.0
2021-01-07 21:19:15,84,0.421,4.49,-20.0
2021-01-07 21:19:15,85,0.412,4.48,25.3
2021-01-07 21:19:15,86,0.42,4.48,-20.0
2021-01-07 21:19:15,87,0.446,4.48,-20.0
2021-01-07 21:19:15,88,0.401,4.48,-20.0
2021-01-07 21:19:15,89,0.41,4.48,-20.0
2021-01-07 21:19:15,90,0.408,4.47,-20.0
2021-01-07 21:19:15,91,0.419,4.48,-20.0
2021-01-07 21:19:15,92,0.401,4.5,-20.0
2021-01-07 21:19:15,93,0.414,4.49,-20.0
2021-01-07 21:19:15,94,0.415,4.47,-20.0
2021-01-07 21:19:15,95,0.418,4.47,-20.0
2021-01-07 21:19:15,96,0.407,4.5,-20.0
2021-01-08 09:18:44,1,0.417,4.5,25.7
2021-01-08 09:18:44,2,0.413,4.5,-20.0
2021-01-08 09:18:44,3,0.417,4.51,-20.0
2021-01-08 09:18:44,4,0.416,4.49,-20.0
2021-01-08 09:18:44,5,0.403,4.51,-20.0
2021-01-08 09:18:44,6,0.413,4.49,-20.0
2021-01-08 09:18:44,7,0.402,4.48,-20.0
2021-01-08 09:18:44,8,0.403,4.5,-20.0
2021-01-08 09:18:44,9,0.41,4.48,-20.0
2021-01-08 09:18:44,10,0.416,4.51,-20.0
2021-01-08 09:18:44,11,0.414,4.47,-20.0
2021-01-08 09:18:44,12,0.42,4.47,-20.0
2021-01-08 09:18:44,13,0.409,4.48,25.5
2021-01-08 09:18:44,14,0.413,4.48,-20.0
2021-01-08 09:18:44,15,0.408,4.5,-20.0
2021-01-08 09:18:44,16,0.426,4.49,-20.0
2021-01-08 09:18:44,17,0.419,4.48,-20.0
2021-01-08 09:18:44,18,0.426,4.5,-20.0
2021-01-08 09:18:44,19,0.438,4.48,-20.0
2021-01-08 09:18:44,20,0.409,4.47,-20.0
2021-01-08 09:18:44,21,0.414,4.49,-20.0
2021-01-08 09:18:44,22,0.411,4.48,-20.0
2021-01-08 09:18:44,23,0.443,4.49,-20.0
2021-01-08 09:18:44,24,0.411,4.49,-20.0
2021-01-08 09:18:44,25,0.417,4.49,24.3
2021-01-08 09:18:44,26,0.419,4.48,-20.0
2021-01-08 09:18:44,27,0.416,4.46,-20.0
2021-01-08 09:18:44,28,0.422,4.47,-20.0
2021-01-08 09:18:44,29,0.421,4.48,-20.0
2021-01-08 09:18:44,30,0.417,4.49,-20.0
2021-01-08 09:18:44,31,0.421,4.47,-20.0
2021-01-08 09:18:44,32,0.391,4.48,-20.0
2021-01-08 09:18:44,33,0.411,4.49,-20.0
2021-01-08 09:18:44,34,0.41,4.49,-20.0
2021-01-08 09:18:44,35,0.403,4.48,-20.0
2021-01-08 09:18:44,36,0.401,4.49,-20.0
2021-01-08 09:18:44,37,0.4,4.49,24.2
2021-01-08 09:18:44,38,0.395,4.49,-20.0
2021-01-08 09:18:44,39,0.417,4.49,-20.0
2021-01-08 09:18:44,40,0.41,4.48,-20.0
2021-01-08 09:18:44,41,0.409,4.5,-20.0
2021-01-08 09:18:44,42,0.395,4.49,-20.0
2021-01-08 09:18:44,43,0.409,4.49,-20.0
2021-01-08 09:18:44,44,0.422,4.49,-20.0
2021-01-08 09:18:44,45,0.414,4.49,-20.0
2021-01-08 09:18:44,46,0.412,4.48,-20.0
2021-01-08 09:18:44,47,0.415,4.48,-20.0
2021-01-08 09:18:44,48,0.403,4.5,-20.0
2021-01-08 09:18:44,49,0.481,4.46,24.8
2021-01-08 09:18:44,50,0.43,4.48,-20.0
2021-01-08 09:18:44,51,0.41,4.46,-20.0
2021-01-08 09:18:44,52,0.415,4.46,-20.0
2021-01-08 09:18:44,53,0.414,4.46,-20.0
2021-01-08 09:18:44,54,0.418,4.48,-20.0
2021-01-08 09:18:44,55,0.423,4.44,-20.0
2021-01-08 09:18:44,56,0.414,4.45,-20.0
2021-01-08 09:18:44,57,0.424,4.44,-20.0
2021-01-08 09:18:44,58,0.417,4.44,-20.0
2021-01-08 09:18:44,59,0.422,4.46,-20.0
2021-01-08 09:18:44,60,0.416,4.46,-20.0
2021-01-08 09:18:44,61,0.416,4.48,24.6
2021-01-08 09:18:44,62,0.41,4.47,-20.0
2021-01-08 09:18:44,63,0.41,4.48,-20.0
2021-01-08 09:18:44,64,0.41,4.47,-20.0
2021-01-08 09:18:44,65,0.41,4.46,-20.0
2021-01-08 09:18:44,66,0.416,4.46,-20.0
2021-01-08 09:18:44,67,0.41,4.44,-20.0
2021-01-08 09:18:44,68,0.419,4.47,-20.0
2021-01-08 09:18:44,69,0.41,4.46,-20.0
2021-01-08 09:18:44,70,0.411,4.47,-20.0
2021-01-08 09:18:44,71,0.408,4.48,-20.0
2021-01-08 09:18:44,72,0.413,4.48,-20.0
2021-01-08 09:18:44,73,0.413,4.52,24.6
2021-01-08 09:18:44,74,0.404,4.49,-20.0
2021-01-08 09:18:44,75,0.425,4.48,-20.0
2021-01-08 09:18:44,76,0.424,4.46,-20.0
2021-01-08 09:18:44,77,0.417,4.52,-20.0
2021-01-08 09:18:44,78,0.401,4.48,-20.0
2021-01-08 09:18:44,79,0.41,4.49,-20.0
2021-01-08 09:18:44,80,0.415,4.5,-20.0
2021-01-08 09:18:44,81,0.417,4.5,-20.0
2021-01-08 09:18:44,82,0.422,4.5,-20.0
2021-01-08 09:18:44,83,0.421,4.5,-20.0
2021-01-08 09:18:44,84,0.42,4.49,-20.0
2021-01-08 09:18:44,85,0.414,4.48,25.4
2021-01-08 09:18:44,86,0.421,4.47,-20.0
2021-01-08 09:18:44,87,0.445,4.47,-20.0
2021-01-08 09:18:44,88,0.4,4.48,-20.0
2021-01-08 09:18:44,89,0.411,4.49,-20.0
2021-01-08 09:18:44,90,0.407,4.47,-20.0
2021-01-08 09:18:44,91,0.418,4.48,-20.0
2021-01-08 09:18:44,92,0.399,4.49,-20.0
2021-01-08 09:18:44,93,0.416,4.49,-20.0
2021-01-08 09:18:44,94,0.418,4.48,-20.0
2021-01-08 09:18:44,95,0.416,4.46,-20.0
2021-01-08 09:18:44,96,0.41,4.5,-20.0
2021-01-08 21:18:03,1,0.418,4.51,25.7
2021-01-08 21:18:03,2,0.415,4.51,-20.0
2021-01-08 21:18:03,3,0.418,4.51,-20.0
2021-01-08 21:18:03,4,0.417,4.48,-20.0
2021-01-08 21:18:03,5,0.406,4.51,-20.0
2021-01-08 21:18:03,6,0.414,4.48,-20.0
2021-01-08 21:18:03,7,0.404,4.48,-20.0
2021-01-08 21:18:03,8,0.405,4.5,-20.0
2021-01-08 21:18:03,9,0.41,4.48,-20.0
2021-01-08 21:18:03,10,0.418,4.5,-20.0
2021-01-08 21:18:03,11,0.415,4.46,-20.0
2021-01-08 21:18:03,12,0.42,4.46,-20.0
2021-01-08 21:18:03,13,0.409,4.49,25.5
2021-01-08 21:18:03,14,0.412,4.49,-20.0
2021-01-08 21:18:03,15,0.407,4.51,-20.0
2021-01-08 21:18:03,16,0.426,4.51,-20.0
2021-01-08 21:18:03,17,0.419,4.48,-20.0
2021-01-08 21:18:03,18,0.425,4.51,-20.0
2021-01-08 21:18:03,19,0.439,4.48,-20.0
2021-01-08 21:18:03,20,0.41,4.47,-20.0
2021-01-08 21:18:03,21,0.414,4.49,-20.0
2021-01-08 21:18:03,22,0.413,4.48,-20.0
2021-01-08 21:18:03,23,0.445,4.49,-20.0
2021-01-08 21:18:03,24,0.41,4.49,-20.0
2021-01-08 21:18:03,25,0.42,4.5,24.3
2021-01-08 21:18:03,26,0.419,4.48,-20.0
2021-01-08 21:18:03,27,0.406,4.46,-20.0
2021-01-08 21:18:03,28,0.413,4.48,-20.0
2021-01-08 21:18:03,29,0.409,4.47,-20.0
2021-01-08 21:18:03,30,0.412,4.48,-20.0
2021-01-08 21:18:03,31,0.419,4.47,-20.0
2021-01-08 21:18:03,32,0.386,4.48,-20.0
2021-01-08 21:18:03,33,0.406,4.49,-20.0
2021-01-08 21:18:03,34,0.398,4.49,-20.0
2021-01-08 21:18:03,35,0.405,4.48,-20.0
2021-01-08 21:18:03,36,0.404,4.49,-20.0
2021-01-08 21:18:03,37,0.405,4.49,24.2
2021-01-08 21:18:03,38,0.393,4.51,-20.0
2021-01-08 21:18:03,39,0.417,4.48,-20.0
2021-01-08 21:18:03,40,0.412,4.5,-20.0
2021-01-08 21:18:03,41,0.411,4.5,-20.0
2021-01-08 21:18:03,42,0.397,4.49,-20.0
2021-01-08 21:18:03,43,0.411,4.49,-20.0
2021-01-08 21:18:03,44,0.424,4.5,-20.0
2021-01-08 21:18:03,45,0.415,4.48,-20.0
2021-01-08 21:18:03,46,0.414,4.48,-20.0
2021-01-08 21:18:03,47,0.415,4.49,-20.0
2021-01-08 21:18:03,48,0.408,4.49,-20.0
2021-01-08 21:18:03,49,0.483,4.47,24.7
2021-01-08 21:18:03,50,0.428,4.47,-20.0
2021-01-08 21:18:03,51,0.413,4.46,-20.0
2021-01-08 21:18:03,52,0.417,4.46,-20.0
2021-01-08 21:18:03,53,0.414,4.46,-20.0
2021-01-08 21:18:03,54,0.418,4.47,-20.0
2021-01-08 21:18:03,55,0.424,4.45,-20.0
2021-01-08 21:18:03,56,0.416,4.44,-20.0
2021-01-08 21:18:03,57,0.423,4.44,-20.0
2021-01-08 21:18:03,58,0.42,4.44,-20.0
2021-01-08 21:18:03,59,0.422,4.45,-20.0
2021-01-08 21:18:03,60,0.414,4.46,-20.0
2021-01-08 21:18:03,61,0.414,4.48,24.6
2021-01-08 21:18:03,62,0.41,4.48,-20.0
2021-01-08 21:18:03,63,0.412,4.48,-20.0
2021-01-08 21:18:03,64,0.409,4.47,-20.0
2021-01-08 21:18:03,65,0.41,4.46,-20.0
2021-01-08 21:18:03,66,0.415,4.46,-20.0
2021-01-08 21:18:03,67,0.409,4.44,-20.0
2021-01-08 21:18:03,68,0.417,4.47,-20.0
2021-01-08 21:18:03,69,0.412,4.46,-20.0
2021-01-08 21:18:03,70,0.412,4.47,-20.0
2021-01-08 21:18:03,71,0.408,4.47,-20.0
2021-01-08 21:18:03,72,0.412,4.48,-20.0
2021-01-08 21:18:03,73,0.416,4.51,24.6
2021-01-08 21:18:03,74,0.406,4.49,-20.0
2021-01-08 21:18:03,75,0.426,4.47,-20.0
2021-01-08 21:18:03,76,0.425,4.46,-20.0
2021-01-08 21:18:03,77,0.419,4.51,-20.0
2021-01-08 21:18:03,78,0.404,4.48,-20.0
2021-01-08 21:18:03,79,0.412,4.49,-20.0
2021-01-08 21:18:03,80,0.417,4.51,-20.0
2021-01-08 21:18:03,81,0.416,4.5,-20.0
2021-01-08 21:18:03,82,0.422,4.5,-20.0
2021-01-08 21:18:03,83,0.42,4.49,-20.0
2021-01-08 21:18:03,84,0.419,4.5,-20.0
2021-01-08 21:18:03,85,0.415,4.48,25.4
2021-01-08 21:18:03,86,0.42,4.47,-20.0
2021-01-08 21:18:03,87,0.445,4.48,-20.0
2021-01-08 21:18:03,88,0.399,4.48,-20.0
2021-01-08 21:18:03,89,0.413,4.49,-20.0
2021-01-08 21:18:03,90,0.405,4.47,-20.0
2021-01-08 21:18:03,91,0.416,4.48,-20.0
2021-01-08 21:18:03,92,0.398,4.49,-20.0
2021-01-08 21:18:03,93,0.412,4.5,-20.0
2021-01-08 21:18:03,94,0.418,4.47,-20.0
2021-01-08 21:18:03,95,0.419,4.47,-20.0
2021-01-08 21:18:03,96,0.409,4.5,-20.0
2021-01-09 09:17:30,1,0.418,4.5,25.8
2021-01-09 09:17:30,2,0.412,4.51,-20.0
2021-01-09 09:17:30,3,0.421,4.51,-20.0
2021-01-09 09:17:30,4,0.416,4.48,-20.0
2021-01-09 09:17:30,5,0.406,4.51,-20.0
2021-01-09 09:17:30,6,0.415,4.48,-20.0
2021-01-09 09:17:30,7,0.403,4.48,-20.0
2021-01-09 09:17:30,8,0.405,4.51,-20.0
2021-01-09 09:17:30,9,0.411,4.48,-20.0
2021-01-09 09:17:30,10,0.421,4.5,-20.0
2021-01-09 09:17:30,11,0.416,4.47,-20.0
2021-01-09 09:17:30,12,0.42,4.47,-20.0
2021-01-09 09:17:30,13,0.411,4.48,25.5
2021-01-09 09:17:30,14,0.413,4.49,-20.0
2021-01-09 09:17:30,15,0.408,4.51,-20.0
2021-01-09 09:17:30,16,0.426,4.51,-20.0
2021-01-09 09:17:30,17,0.42,4.49,-20.0
2021-01-09 09:17:30,18,0.429,4.5,-20.0
2021-01-09 09:17:30,19,0.441,4.48,-20.0
2021-01-09 09:17:30,20,0.41,4.48,-20.0
2021-01-09 09:17:30,21,0.412,4.5,-20.0
2021-01-09 09:17:30,22,0.413,4.49,-20.0
2021-01-09 09:17:30,23,0.447,4.49,-20.0
2021-01-09 09:17:30,24,0.411,4.48,-20.0
2021-01-09 09:17:30,25,0.418,4.48,24.4
2021-01-09 09:17:30,26,0.418,4.48,-20.0
2021-01-09 09:17:30,27,0.414,4.47,-20.0
2021-01-09 09:17:30,28,0.413,4.47,-20.0
2021-01-09 09:17:30,29,0.41,4.47,-20.0
2021-01-09 09:17:30,30,0.417,4.49,-20.0
2021-01-09 09:17:30,31,0.419,4.47,-20.0
2021-01-09 09:17:30,32,0.393,4.49,-20.0
2021-01-09 09:17:30,33,0.412,4.49,-20.0
2021-01-09 09:17:30,34,0.404,4.48,-20.0
2021-01-09 09:17:30,35,0.406,4.48,-20.0
2021-01-09 09:17:30,36,0.404,4.49,-20.0
2021-01-09 09:17:30,37,0.409,4.49,24.3
2021-01-09 09:17:30,38,0.399,4.5,-20.0
2021-01-09 09:17:30,39,0.418,4.48,-20.0
2021-01-09 09:17:30,40,0.413,4.48,-20.0
2021-01-09 09:17:30,41,0.41,4.51,-20.0
2021-01-09 09:17:30,42,0.399,4.48,-20.0
2021-01-09 09:17:30,43,0.413,4.5,-20.0
2021-01-09 09:17:30,44,0.424,4.49,-20.0
2021-01-09 09:17:30,45,0.417,4.48,-20.0
2021-01-09 09:17:30,46,0.413,4.49,-20.0
2021-01-09 09:17:30,47,0.415,4.49,-20.0
2021-01-09 09:17:30,48,0.409,4.49,-20.0
2021-01-09 09:17:30,49,0.485,4.47,24.8
2021-01-09 09:17:30,50,0.43,4.47,-20.0
2021-01-09 09:17:30,51,0.414,4.46,-20.0
2021-01-09 09:17:30,52,0.421,4.46,-20.0
2021-01-09 09:17:30,53,0.416,4.46,-20.0
2021-01-09 09:17:30,54,0.419,4.47,-20.0
2021-01-09 09:17:30,55,0.425,4.45,-20.0
2021-01-09 09:17:30,56,0.417,4.44,-20.0
2021-01-09 09:17:30,57,0.424,4.44,-20.0
2021-01-09 09:17:30,58,0.419,4.43,-20.0
2021-01-09 09:17:30,59,0.423,4.45,-20.0
2021-01-09 09:17:30,60,0.42,4.46,-20.0
2021-01-09 09:17:30,61,0.416,4.49,24.7
2021-01-09 09:17:30,62,0.409,4.48,-20.0
2021-01-09 09:17:30,63,0.414,4.48,-20.0
2021-01-09 09:17:30,64,0.411,4.47,-20.0
2021-01-09 09:17:30,65,0.41,4.46,-20.0
2021-01-09 09:17:30,66,0.417,4.46,-20.0
2021-01-09 09:17:30,67,0.412,4.44,-20.0
2021-01-09 09:17:30,68,0.418,4.47,-20.0
2021-01-09 09:17:30,69,0.411,4.46,-20.0
2021-01-09 09:17:30,70,0.41,4.47,-20.0
2021-01-09 09:17:30,71,0.408,4.48,-20.0
2021-01-09 09:17:30,72,0.41,4.48,-20.0
2021-01-09 09:17:30,73,0.401,4.52,24.7
2021-01-09 09:17:30,74,0.399,4.49,-20.0
2021-01-09 09:17:30,75,0.427,4.48,-20.0
2021-01-09 09:17:30,76,0.424,4.47,-20.0
2021-01-09 09:17:30,77,0.416,4.52,-20.0
2021-01-09 09:17:30,78,0.399,4.48,-20.0
2021-01-09 09:17:30,79,0.41,4.49,-20.0
2021-01-09 09:17:30,80,0.419,4.5,-20.0
2021-01-09 09:17:30,81,0.415,4.49,-20.0
2021-01-09 09:17:30,82,0.422,4.51,-20.0
2021-01-09 09:17:30,83,0.419,4.5,-20.0
2021-01-09 09:17:30,84,0.417,4.5,-20.0
2021-01-09 09:17:30,85,0.415,4.47,25.4
2021-01-09 09:17:30,86,0.42,4.48,-20.0
2021-01-09 09:17:30,87,0.443,4.47,-20.0
2021-01-09 09:17:30,88,0.399,4.48,-20.0
2021-01-09 09:17:30,89,0.41,4.49,-20.0
2021-01-09 09:17:30,90,0.406,4.46,-20.0
2021-01-09 09:17:30,91,0.417,4.48,-20.0
2021-01-09 09:17:30,92,0.4,4.49,-20.0
2021-01-09 09:17:30,93,0.413,4.5,-20.0
2021-01-09 09:17:30,94,0.419,4.47,-20.0
2021-01-09 09:17:30,95,0.418,4.47,-20.0
2021-01-09 09:17:30,96,0.411,4.49,-20.0
2021-01-09 21:16:51,1,0.42,4.51,25.7
2021-01-09 21:16:51,2,0.414,4.52,-20.0
2021-01-09 21:16:51,3,0.421,4.52,-20.0
2021-01-09 21:16:51,4,0.417,4.49,-20.0
2021-01-09 21:16:51,5,0.405,4.5,-20.0
2021-01-09 21:16:51,6,0.415,4.48,-20.0
2021-01-09 21:16:51,7,0.406,4.48,-20.0
2021-01-09 21:16:51,8,0.404,4.5,-20.0
2021-01-09 21:16:51,9,0.412,4.48,-20.0
2021-01-09 21:16:51,10,0.423,4.51,-20.0
2021-01-09 21:16:51,11,0.421,4.46,-20.0
2021-01-09 21:16:51,12,0.42,4.47,-20.0
2021-01-09 21:16:51,13,0.41,4.49,25.2
2021-01-09 21:16:51,14,0.415,4.49,-20.0
2021-01-09 21:16:51,15,0.411,4.51,-20.0
2021-01-09 21:16:51,16,0.429,4.5,-20.0
2021-01-09 21:16:51,17,0.421,4.48,-20.0
2021-01-09 21:16:51,18,0.431,4.49,-20.0
2021-01-09 21:16:51,19,0.442,4.48,-20.0
2021-01-09 21:16:51,20,0.411,4.48,-20.0
2021-01-09 21:16:51,21,0.409,4.49,-20.0
2021-01-09 21:16:51,22,0.417,4.47,-20.0
2021-01-09 21:16:51,23,0.438,4.48,-20.0
2021-01-09 21:16:51,24,0.407,4.48,-20.0
2021-01-09 21:16:51,25,0.415,4.49,24.3
2021-01-09 21:16:51,26,0.417,4.47,-20.0
2021-01-09 21:16:51,27,0.402,4.47,-20.0
2021-01-09 21:16:51,28,0.411,4.47,-20.0
2021-01-09 21:16:51,29,0.403,4.47,-20.0
2021-01-09 21:16:51,30,0.416,4.49,-20.0
2021-01-09 21:16:51,31,0.419,4.47,-20.0
2021-01-09 21:16:51,32,0.398,4.48,-20.0
2021-01-09 21:16:51,33,0.411,4.49,-20.0
2021-01-09 21:16:51,34,0.406,4.48,-20.0
2021-01-09 21:16:51,35,0.406,4.48,-20.0
2021-01-09 21:16:51,36,0.405,4.49,-20.0
2021-01-09 21:16:51,37,0.411,4.48,24.3
2021-01-09 21:16:51,38,0.404,4.5,-20.0
2021-01-09 21:16:51,39,0.421,4.47,-20.0
2021-01-09 21:16:51,40,0.412,4.48,-20.0
2021-01-09 21:16:51,41,0.408,4.5,-20.0
2021-01-09 21:16:51,42,0.402,4.49,-20.0
2021-01-09 21:16:51,43,0.415,4.49,-20.0
2021-01-09 21:16:51,44,0.424,4.49,-20.0
2021-01-09 21:16:51,45,0.417,4.48,-20.0
2021-01-09 21:16:51,46,0.416,4.47,-20.0
2021-01-09 21:16:51,47,0.414,4.48,-20.0
2021-01-09 21:16:51,48,0.413,4.49,-20.0
2021-01-09 21:16:51,49,0.488,4.46,24.8
2021-01-09 21:16:51,50,0.429,4.47,-20.0
2021-01-09 21:16:51,51,0.413,4.46,-20.0
2021-01-09 21:16:51,52,0.418,4.45,-20.0
2021-01-09 21:16:51,53,0.417,4.45,-20.0
2021-01-09 21:16:51,54,0.417,4.47,-20.0
2021-01-09 21:16:51,55,0.427,4.45,-20.0
2021-01-09 21:16:51,56,0.415,4.45,-20.0
2021-01-09 21:16:51,57,0.421,4.44,-20.0
2021-01-09 21:16:51,58,0.417,4.44,-20.0
2021-01-09 21:16:51,59,0.425,4.45,-20.0
2021-01-09 21:16:51,60,0.421,4.46,-20.0
2021-01-09 21:16:51,61,0.415,4.48,24.5
2021-01-09 21:16:51,62,0.407,4.47,-20.0
2021-01-09 21:16:51,63,0.414,4.48,-20.0
2021-01-09 21:16:51,64,0.409,4.47,-20.0
2021-01-09 21:16:51,65,0.411,4.46,-20.0
2021-01-09 21:16:51,66,0.418,4.46,-20.0
2021-01-09 21:16:51,67,0.415,4.44,-20.0
2021-01-09 21:16:51,68,0.418,4.46,-20.0
2021-01-09 21:16:51,69,0.414,4.46,-20.0
2021-01-09 21:16:51,70,0.409,4.46,-20.0
2021-01-09 21:16:51,71,0.406,4.47,-20.0
2021-01-09 21:16:51,72,0.41,4.47,-20.0
2021-01-09 21:16:51,73,0.403,4.52,24.4
2021-01-09 21:16:51,74,0.404,4.48,-20.0
2021-01-09 21:16:51,75,0.427,4.48,-20.0
2021-01-09 21:16:51,76,0.426,4.46,-20.0
2021-01-09 21:16:51,77,0.417,4.51,-20.0
2021-01-09 21:16:51,78,0.402,4.48,-20.0
2021-01-09 21:16:51,79,0.409,4.49,-20.0
2021-01-09 21:16:51,80,0.421,4.51,-20.0
2021-01-09 21:16:51,81,0.419,4.51,-20.0
2021-01-09 21:16:51,82,0.424,4.5,-20.0
2021-01-09 21:16:51,83,0.419,4.5,-20.0
2021-01-09 21:16:51,84,0.419,4.5,-20.0
2021-01-09 21:16:51,85,0.413,4.47,25.3
2021-01-09 21:16:51,86,0.416,4.47,-20.0
2021-01-09 21:16:51,87,0.442,4.47,-20.0
2021-01-09 21:16:51,88,0.4,4.48,-20.0
2021-01-09 21:16:51,89,0.411,4.49,-20.0
2021-01-09 21:16:51,90,0.406,4.46,-20.0
2021-01-09 21:16:51,91,0.418,4.47,-20.0
2021-01-09 21:16:51,92,0.398,4.49,-20.0
2021-01-09 21:16:51,93,0.414,4.5,-20.0
2021-01-09 21:16:51,94,0.419,4.48,-20.0
2021-01-09 21:16:51,95,0.42,4.47,-20.0
2021-01-09 21:16:51,96,0.41,4.49,-20.0
2021-01-10 09:16:26,1,0.42,4.5,25.7
2021-01-10 09:16:26,2,0.415,4.51,-20.0
2021-01-10 09:16:26,3,0.422,4.52,-20.0
2021-01-10 09:16:26,4,0.419,4.49,-20.0
2021-01-10 09:16:26,5,0.404,4.51,-20.0
2021-01-10 09:16:26,6,0.418,4.49,-20.0
2021-01-10 09:16:26,7,0.405,4.49,-20.0
2021-01-10 09:16:26,8,0.406,4.5,-20.0
2021-01-10 09:16:26,9,0.412,4.48,-20.0
2021-01-10 09:16:26,10,0.42,4.52,-20.0
2021-01-10 09:16:26,11,0.422,4.46,-20.0
2021-01-10 09:16:26,12,0.422,4.47,-20.0
2021-01-10 09:16:26,13,0.411,4.49,25.0
2021-01-10 09:16:26,14,0.415,4.49,-20.0
2021-01-10 09:16:26,15,0.411,4.51,-20.0
2021-01-10 09:16:26,16,0.429,4.5,-20.0
2021-01-10 09:16:26,17,0.42,4.48,-20.0
2021-01-10 09:16:26,18,0.429,4.49,-20.0
2021-01-10 09:16:26,19,0.444,4.48,-20.0
2021-01-10 09:16:26,20,0.409,4.48,-20.0
2021-01-10 09:16:26,21,0.411,4.48,-20.0
2021-01-10 09:16:26,22,0.418,4.48,-20.0
2021-01-10 09:16:26,23,0.441,4.49,-20.0
2021-01-10 09:16:26,24,0.406,4.5,-20.0
2021-01-10 09:16:26,25,0.415,4.48,24.1
2021-01-10 09:16:26,26,0.415,4.47,-20.0
2021-01-10 09:16:26,27,0.401,4.46,-20.0
2021-01-10 09:16:26,28,0.412,4.46,-20.0
2021-01-10 09:16:26,29,0.407,4.46,-20.0
2021-01-10 09:16:26,30,0.417,4.5,-20.0
2021-01-10 09:16:26,31,0.416,4.48,-20.0
2021-01-10 09:16:26,32,0.401,4.48,-20.0
2021-01-10 09:16:26,33,0.413,4.49,-20.0
2021-01-10 09:16:26,34,0.409,4.5,-20.0
2021-01-10 09:16:26,35,0.409,4.48,-20.0
2021-01-10 09:16:26,36,0.403,4.48,-20.0
2021-01-10 09:16:26,37,0.409,4.46,24.3
2021-01-10 09:16:26,38,0.406,4.5,-20.0
2021-01-10 09:16:26,39,0.421,4.48,-20.0
2021-01-10 09:16:26,40,0.414,4.49,-20.0
2021-01-10 09:16:26,41,0.413,4.5,-20.0
2021-01-10 09:16:26,42,0.402,4.49,-20.0
2021-01-10 09:16:26,43,0.416,4.49,-20.0
2021-01-10 09:16:26,44,0.428,4.49,-20.0
2021-01-10 09:16:26,45,0.42,4.5,-20.0
2021-01-10 09:16:26,46,0.415,4.47,-20.0
2021-01-10 09:16:26,47,0.414,4.48,-20.0
2021-01-10 09:16:26,48,0.413,4.49,-20.0
2021-01-10 09:16:26,49,0.492,4.46,24.8
2021-01-10 09:16:26,50,0.429,4.47,-20.0
2021-01-10 09:16:26,51,0.411,4.46,-20.0
2021-01-10 09:16:26,52,0.415,4.45,-20.0
2021-01-10 09:16:26,53,0.417,4.46,-20.0
2021-01-10 09:16:26,54,0.418,4.47,-20.0
2021-01-10 09:16:26,55,0.426,4.45,-20.0
2021-01-10 09:16:26,56,0.417,4.45,-20.0
2021-01-10 09:16:26,57,0.422,4.44,-20.0
2021-01-10 09:16:26,58,0.42,4.44,-20.0
2021-01-10 09:16:26,59,0.425,4.45,-20.0
2021-01-10 09:16:26,60,0.418,4.46,-20.0
2021-01-10 09:16:26,61,0.414,4.47,24.5
2021-01-10 09:16:26,62,0.402,4.48,-20.0
2021-01-10 09:16:26,63,0.401,4.48,-20.0
2021-01-10 09:16:26,64,0.404,4.47,-20.0
2021-01-10 09:16:26,65,0.4,4.46,-20.0
2021-01-10 09:16:26,66,0.416,4.46,-20.0
2021-01-10 09:16:26,67,0.414,4.44,-20.0
2021-01-10 09:16:26,68,0.402,4.47,-20.0
2021-01-10 09:16:26,69,0.412,4.46,-20.0
2021-01-10 09:16:26,70,0.4,4.47,-20.0
2021-01-10 09:16:26,71,0.406,4.48,-20.0
2021-01-10 09:16:26,72,0.41,4.47,-20.0
2021-01-10 09:16:26,73,0.406,4.52,24.3
2021-01-10 09:16:26,74,0.403,4.49,-20.0
2021-01-10 09:16:26,75,0.426,4.47,-20.0
2021-01-10 09:16:26,76,0.423,4.46,-20.0
2021-01-10 09:16:26,77,0.417,4.51,-20.0
2021-01-10 09:16:26,78,0.404,4.47,-20.0
2021-01-10 09:16:26,79,0.41,4.49,-20.0
2021-01-10 09:16:26,80,0.421,4.5,-20.0
2021-01-10 09:16:26,81,0.418,4.5,-20.0
2021-01-10 09:16:26,82,0.422,4.51,-20.0
2021-01-10 09:16:26,83,0.42,4.5,-20.0
2021-01-10 09:16:26,84,0.418,4.49,-20.0
2021-01-10 09:16:26,85,0.415,4.47,25.2
2021-01-10 09:16:26,86,0.415,4.47,-20.0
2021-01-10 09:16:26,87,0.44,4.47,-20.0
2021-01-10 09:16:26,88,0.399,4.48,-20.0
2021-01-10 09:16:26,89,0.409,4.49,-20.0
2021-01-10 09:16:26,90,0.406,4.47,-20.0
2021-01-10 09:16:26,91,0.42,4.48,-20.0
2021-01-10 09:16:26,92,0.399,4.5,-20.0
2021-01-10 09:16:26,93,0.412,4.5,-20.0
2021-01-10 09:16:26,94,0.421,4.47,-20.0
2021-01-10 09:16:26,95,0.418,4.46,-20.0
2021-01-10 09:16:26,96,0.412,4.49,-20.0
2021-01-10 21:15:41,1,0.416,4.5,25.7
2021-01-10 21:15:41,2,0.414,4.51,-20.0
2021-01-10 21:15:41,3,0.422,4.52,-20.0
2021-01-10 21:15:41,4,0.423,4.49,-20.0
2021-01-10 21:15:41,5,0.405,4.5,-20.0
2021-01-10 21:15:41,6,0.417,4.48,-20.0
2021-01-10 21:15:41,7,0.404,4.48,-20.0
2021-01-10 21:15:41,8,0.403,4.5,-20.0
2021-01-10 21:15:41,9,0.41,4.48,-20.0
2021-01-10 21:15:41,10,0.418,4.51,-20.0
2021-01-10 21:15:41,11,0.42,4.46,-20.0
2021-01-10 21:15:41,12,0.415,4.47,-20.0
2021-01-10 21:15:41,13,0.408,4.48,25.0
2021-01-10 21:15:41,14,0.412,4.49,-20.0
2021-01-10 21:15:41,15,0.409,4.5,-20.0
2021-01-10 21:15:41,16,0.424,4.5,-20.0
2021-01-10 21:15:41,17,0.419,4.49,-20.0
2021-01-10 21:15:41,18,0.422,4.49,-20.0
2021-01-10 21:15:41,19,0.436,4.48,-20.0
2021-01-10 21:15:41,20,0.409,4.48,-20.0
2021-01-10 21:15:41,21,0.412,4.49,-20.0
2021-01-10 21:15:41,22,0.418,4.47,-20.0
2021-01-10 21:15:41,23,0.443,4.48,-20.0
2021-01-10 21:15:41,24,0.407,4.49,-20.0
2021-01-10 21:15:41,25,0.414,4.49,24.1
2021-01-10 21:15:41,26,0.416,4.46,-20.0
2021-01-10 21:15:41,27,0.405,4.47,-20.0
2021-01-10 21:15:41,28,0.412,4.47,-20.0
2021-01-10 21:15:41,29,0.41,4.47,-20.0
2021-01-10 21:15:41,30,0.417,4.49,-20.0
2021-01-10 21:15:41,31,0.413,4.48,-20.0
2021-01-10 21:15:41,32,0.403,4.47,-20.0
2021-01-10 21:15:41,33,0.416,4.48,-20.0
2021-01-10 21:15:41,34,0.41,4.49,-20.0
2021-01-10 21:15:41,35,0.409,4.47,-20.0
2021-01-10 21:15:41,36,0.402,4.49,-20.0
2021-01-10 21:15:41,37,0.41,4.48,24.4
2021-01-10 21:15:41,38,0.407,4.5,-20.0
2021-01-10 21:15:41,39,0.423,4.48,-20.0
2021-01-10 21:15:41,40,0.415,4.48,-20.0
2021-01-10 21:15:41,41,0.415,4.51,-20.0
2021-01-10 21:15:41,42,0.406,4.48,-20.0
2021-01-10 21:15:41,43,0.417,4.48,-20.0
2021-01-10 21:15:41,44,0.427,4.49,-20.0
2021-01-10 21:15:41,45,0.42,4.48,-20.0
2021-01-10 21:15:41,46,0.415,4.47,-20.0
2021-01-10 21:15:41,47,0.415,4.49,-20.0
2021-01-10 21:15:41,48,0.416,4.49,-20.0
2021-01-10 21:15:41,49,0.49,4.47,24.8
2021-01-10 21:15:41,50,0.431,4.47,-20.0
2021-01-10 21:15:41,51,0.411,4.46,-20.0
2021-01-10 21:15:41,52,0.416,4.46,-20.0
2021-01-10 21:15:41,53,0.417,4.46,-20.0
2021-01-10 21:15:41,54,0.419,4.47,-20.0
2021-01-10 21:15:41,55,0.424,4.44,-20.0
2021-01-10 21:15:41,56,0.417,4.45,-20.0
2021-01-10 21:15:41,57,0.422,4.44,-20.0
2021-01-10 21:15:41,58,0.421,4.43,-20.0
2021-01-10 21:15:41,59,0.423,4.45,-20.0
2021-01-10 21:15:41,60,0.415,4.46,-20.0
2021-01-10 21:15:41,61,0.411,4.48,24.6
2021-01-10 21:15:41,62,0.405,4.48,-20.0
2021-01-10 21:15:41,63,0.402,4.48,-20.0
2021-01-10 21:15:41,64,0.404,4.46,-20.0
2021-01-10 21:15:41,65,0.402,4.46,-20.0
2021-01-10 21:15:41,66,0.416,4.46,-20.0
2021-01-10 21:15:41,67,0.415,4.44,-20.0
2021-01-10 21:15:41,68,0.406,4.47,-20.0
2021-01-10 21:15:41,69,0.411,4.46,-20.0
2021-01-10 21:15:41,70,0.402,4.47,-20.0
2021-01-10 21:15:41,71,0.404,4.47,-20.0
2021-01-10 21:15:41,72,0.406,4.47,-20.0
2021-01-10 21:15:41,73,0.408,4.52,24.3
2021-01-10 21:15:41,74,0.404,4.49,-20.0
2021-01-10 21:15:41,75,0.425,4.48,-20.0
2021-01-10 21:15:41,76,0.422,4.46,-20.0
2021-01-10 21:15:41,77,0.418,4.52,-20.0
2021-01-10 21:15:41,78,0.406,4.48,-20.0
2021-01-10 21:15:41,79,0.41,4.49,-20.0
2021-01-10 21:15:41,80,0.421,4.5,-20.0
2021-01-10 21:15:41,81,0.421,4.5,-20.0
2021-01-10 21:15:41,82,0.426,4.51,-20.0
2021-01-10 21:15:41,83,0.423,4.5,-20.0
2021-01-10 21:15:41,84,0.422,4.49,-20.0
2021-01-10 21:15:41,85,0.418,4.48,25.2
2021-01-10 21:15:41,86,0.415,4.47,-20.0
2021-01-10 21:15:41,87,0.44,4.47,-20.0
2021-01-10 21:15:41,88,0.399,4.48,-20.0
2021-01-10 21:15:41,89,0.409,4.48,-20.0
2021-01-10 21:15:41,90,0.406,4.47,-20.0
2021-01-10 21:15:41,91,0.419,4.48,-20.0
2021-01-10 21:15:41,92,0.4,4.5,-20.0
2021-01-10 21:15:41,93,0.415,4.49,-20.0
2021-01-10 21:15:41,94,0.421,4.47,-20.0
2021-01-10 21:15:41,95,0.419,4.47,-20.0
2021-01-10 21:15:41,96,0.41,4.49,-20.0
2021-01-11 09:15:12,1,0.418,4.5,25.7
2021-01-11 09:15:12,2,0.414,4.51,-20.0
2021-01-11 09:15:12,3,0.422,4.52,-20.0
2021-01-11 09:15:12,4,0.422,4.49,-20.0
2021-01-11 09:15:12,5,0.404,4.51,-20.0
2021-01-11 09:15:12,6,0.419,4.5,-20.0
2021-01-11 09:15:12,7,0.407,4.48,-20.0
2021-01-11 09:15:12,8,0.406,4.51,-20.0
2021-01-11 09:15:12,9,0.41,4.48,-20.0
2021-01-11 09:15:12,10,0.419,4.5,-20.0
2021-01-11 09:15:12,11,0.422,4.46,-20.0
2021-01-11 09:15:12,12,0.418,4.47,-20.0
2021-01-11 09:15:12,13,0.41,4.48,25.0
2021-01-11 09:15:12,14,0.413,4.49,-20.0
2021-01-11 09:15:12,15,0.408,4.51,-20.0
2021-01-11 09:15:12,16,0.423,4.5,-20.0
2021-01-11 09:15:12,17,0.42,4.48,-20.0
2021-01-11 09:15:12,18,0.425,4.49,-20.0
2021-01-11 09:15:12,19,0.437,4.48,-20.0
2021-01-11 09:15:12,20,0.41,4.46,-20.0
2021-01-11 09:15:12,21,0.415,4.49,-20.0
2021-01-11 09:15:12,22,0.416,4.48,-20.0
2021-01-11 09:15:12,23,0.445,4.49,-20.0
2021-01-11 09:15:12,24,0.41,4.49,-20.0
2021-01-11 09:15:12,25,0.413,4.49,24.1
2021-01-11 09:15:12,26,0.42,4.47,-20.0
2021-01-11 09:15:12,27,0.407,4.46,-20.0
2021-01-11 09:15:12,28,0.413,4.46,-20.0
2021-01-11 09:15:12,29,0.412,4.47,-20.0
2021-01-11 09:15:12,30,0.42,4.48,-20.0
2021-01-11 09:15:12,31,0.412,4.46,-20.0
2021-01-11 09:15:12,32,0.406,4.47,-20.0
2021-01-11 09:15:12,33,0.417,4.49,-20.0
2021-01-11 09:15:12,34,0.413,4.48,-20.0
2021-01-11 09:15:12,35,0.411,4.48,-20.0
2021-01-11 09:15:12,36,0.401,4.49,-20.0
2021-01-11 09:15:12,37,0.412,4.48,24.4
2021-01-11 09:15:12,38,0.414,4.49,-20.0
2021-01-11 09:15:12,39,0.421,4.48,-20.0
2021-01-11 09:15:12,40,0.414,4.48,-20.0
2021-01-11 09:15:12,41,0.415,4.5,-20.0
2021-01-11 09:15:12,42,0.407,4.49,-20.0
2021-01-11 09:15:12,43,0.418,4.48,-20.0
2021-01-11 09:15:12,44,0.427,4.49,-20.0
2021-01-11 09:15:12,45,0.418,4.48,-20.0
2021-01-11 09:15:12,46,0.417,4.48,-20.0
2021-01-11 09:15:12,47,0.422,4.48,-20.0
2021-01-11 09:15:12,48,0.421,4.49,-20.0
2021-01-11 09:15:12,49,0.484,4.46,24.9
2021-01-11 09:15:12,50,0.43,4.47,-20.0
2021-01-11 09:15:12,51,0.412,4.46,-20.0
2021-01-11 09:15:12,52,0.417,4.45,-20.0
2021-01-11 09:15:12,53,0.414,4.45,-20.0
2021-01-11 09:15:12,54,0.416,4.47,-20.0
2021-01-11 09:15:12,55,0.41,4.44,-20.0
2021-01-11 09:15:12,56,0.419,4.45,-20.0
2021-01-11 09:15:12,57,0.421,4.44,-20.0
2021-01-11 09:15:12,58,0.421,4.44,-20.0
2021-01-11 09:15:12,59,0.424,4.46,-20.0
2021-01-11 09:15:12,60,0.416,4.46,-20.0
2021-01-11 09:15:12,61,0.414,4.48,24.6
2021-01-11 09:15:12,62,0.408,4.48,-20.0
2021-01-11 09:15:12,63,0.405,4.48,-20.0
2021-01-11 09:15:12,64,0.405,4.47,-20.0
2021-01-11 09:15:12,65,0.405,4.46,-20.0
2021-01-11 09:15:12,66,0.418,4.46,-20.0
2021-01-11 09:15:12,67,0.413,4.44,-20.0
2021-01-11 09:15:12,68,0.413,4.47,-20.0
2021-01-11 09:15:12,69,0.413,4.46,-20.0
2021-01-11 09:15:12,70,0.409,4.47,-20.0
2021-01-11 09:15:12,71,0.407,4.47,-20.0
2021-01-11 09:15:12,72,0.408,4.48,-20.0
2021-01-11 09:15:12,73,0.409,4.51,24.3
2021-01-11 09:15:12,74,0.405,4.49,-20.0
2021-01-11 09:15:12,75,0.425,4.47,-20.0
2021-01-11 09:15:12,76,0.423,4.45,-20.0
2021-01-11 09:15:12,77,0.416,4.51,-20.0
2021-01-11 09:15:12,78,0.407,4.48,-20.0
2021-01-11 09:15:12,79,0.413,4.49,-20.0
2021-01-11 09:15:12,80,0.425,4.5,-20.0
2021-01-11 09:15:12,81,0.422,4.5,-20.0
2021-01-11 09:15:12,82,0.424,4.51,-20.0
2021-01-11 09:15:12,83,0.422,4.51,-20.0
2021-01-11 09:15:12,84,0.421,4.49,-20.0
2021-01-11 09:15:12,85,0.419,4.47,25.2
2021-01-11 09:15:12,86,0.417,4.47,-20.0
2021-01-11 09:15:12,87,0.441,4.47,-20.0
2021-01-11 09:15:12,88,0.401,4.47,-20.0
2021-01-11 09:15:12,89,0.411,4.49,-20.0
2021-01-11 09:15:12,90,0.41,4.47,-20.0
2021-01-11 09:15:12,91,0.416,4.48,-20.0
2021-01-11 09:15:12,92,0.401,4.5,-20.0
2021-01-11 09:15:12,93,0.415,4.5,-20.0
2021-01-11 09:15:12,94,0.424,4.47,-20.0
2021-01-11 09:15:12,95,0.42,4.46,-20.0
2021-01-11 09:15:12,96,0.411,4.49,-20.0
2021-01-11 21:14:43,1,0.421,4.5,25.8
2021-01-11 21:14:43,2,0.417,4.51,-20.0
2021-01-11 21:14:43,3,0.419,4.52,-20.0
2021-01-11 21:14:43,4,0.416,4.49,-20.0
2021-01-11 21:14:43,5,0.402,4.51,-20.0
2021-01-11 21:14:43,6,0.416,4.49,-20.0
2021-01-11 21:14:43,7,0.404,4.49,-20.0
2021-01-11 21:14:43,8,0.402,4.5,-20.0
2021-01-11 21:14:43,9,0.413,4.48,-20.0
2021-01-11 21:14:43,10,0.418,4.5,-20.0
2021-01-11 21:14:43,11,0.421,4.46,-20.0
2021-01-11 21:14:43,12,0.412,4.47,-20.0
2021-01-11 21:14:43,13,0.409,4.49,25.2
2021-01-11 21:14:43,14,0.413,4.49,-20.0
2021-01-11 21:14:43,15,0.407,4.52,-20.0
2021-01-11 21:14:43,16,0.421,4.5,-20.0
2021-01-11 21:14:43,17,0.417,4.49,-20.0
2021-01-11 21:14:43,18,0.422,4.49,-20.0
2021-01-11 21:14:43,19,0.437,4.49,-20.0
2021-01-11 21:14:43,20,0.411,4.48,-20.0
2021-01-11 21:14:43,21,0.414,4.49,-20.0
2021-01-11 21:14:43,22,0.416,4.49,-20.0
2021-01-11 21:14:43,23,0.444,4.48,-20.0
2021-01-11 21:14:43,24,0.41,4.49,-20.0
2021-01-11 21:14:43,25,0.413,4.49,24.5
2021-01-11 21:14:43,26,0.423,4.46,-20.0
2021-01-11 21:14:43,27,0.411,4.47,-20.0
2021-01-11 21:14:43,28,0.417,4.47,-20.0
2021-01-11 21:14:43,29,0.415,4.48,-20.0
2021-01-11 21:14:43,30,0.419,4.48,-20.0
2021-01-11 21:14:43,31,0.416,4.46,-20.0
2021-01-11 21:14:43,32,0.405,4.49,-20.0
2021-01-11 21:14:43,33,0.415,4.49,-20.0
2021-01-11 21:14:43,34,0.413,4.49,-20.0
2021-01-11 21:14:43,35,0.411,4.47,-20.0
2021-01-11 21:14:43,36,0.402,4.49,-20.0
2021-01-11 21:14:43,37,0.414,4.48,24.7
2021-01-11 21:14:43,38,0.416,4.5,-20.0
2021-01-11 21:14:43,39,0.421,4.48,-20.0
2021-01-11 21:14:43,40,0.414,4.49,-20.0
2021-01-11 21:14:43,41,0.416,4.49,-20.0
2021-01-11 21:14:43,42,0.404,4.47,-20.0
2021-01-11 21:14:43,43,0.422,4.48,-20.0
2021-01-11 21:14:43,44,0.427,4.49,-20.0
2021-01-11 21:14:43,45,0.416,4.48,-20.0
2021-01-11 21:14:43,46,0.418,4.47,-20.0
2021-01-11 21:14:43,47,0.426,4.49,-20.0
2021-01-11 21:14:43,48,0.419,4.48,-20.0
2021-01-11 21:14:43,49,0.489,4.47,25.0
2021-01-11 21:14:43,50,0.433,4.46,-20.0
2021-01-11 21:14:43,51,0.411,4.46,-20.0
2021-01-11 21:14:43,52,0.418,4.45,-20.0
2021-01-11 21:14:43,53,0.416,4.45,-20.0
2021-01-11 21:14:43,54,0.418,4.48,-20.0
2021-01-11 21:14:43,55,0.414,4.44,-20.0
2021-01-11 21:14:43,56,0.421,4.44,-20.0
2021-01-11 21:14:43,57,0.423,4.44,-20.0
2021-01-11 21:14:43,58,0.424,4.44,-20.0
2021-01-11 21:14:43,59,0.423,4.45,-20.0
2021-01-11 21:14:43,60,0.411,4.46,-20.0
2021-01-11 21:14:43,61,0.413,4.48,24.7
2021-01-11 21:14:43,62,0.409,4.48,-20.0
2021-01-11 21:14:43,63,0.409,4.48,-20.0
2021-01-11 21:14:43,64,0.407,4.47,-20.0
2021-01-11 21:14:43,65,0.405,4.46,-20.0
2021-01-11 21:14:43,66,0.419,4.46,-20.0
2021-01-11 21:14:43,67,0.414,4.43,-20.0
2021-01-11 21:14:43,68,0.413,4.47,-20.0
2021-01-11 21:14:43,69,0.412,4.46,-20.0
2021-01-11 21:14:43,70,0.408,4.47,-20.0
2021-01-11 21:14:43,71,0.408,4.48,-20.0
2021-01-11 21:14:43,72,0.412,4.48,-20.0
2021-01-11 21:14:43,73,0.411,4.51,24.4
2021-01-11 21:14:43,74,0.407,4.49,-20.0
2021-01-11 21:14:43,75,0.424,4.48,-20.0
2021-01-11 21:14:43,76,0.423,4.46,-20.0
2021-01-11 21:14:43,77,0.418,4.52,-20.0
2021-01-11 21:14:43,78,0.405,4.49,-20.0
2021-01-11 21:14:43,79,0.414,4.49,-20.0
2021-01-11 21:14:43,80,0.422,4.51,-20.0
2021-01-11 21:14:43,81,0.421,4.5,-20.0
2021-01-11 21:14:43,82,0.425,4.51,-20.0
2021-01-11 21:14:43,83,0.422,4.5,-20.0
2021-01-11 21:14:43,84,0.421,4.5,-20.0
2021-01-11 21:14:43,85,0.415,4.48,25.3
2021-01-11 21:14:43,86,0.417,4.48,-20.0
2021-01-11 21:14:43,87,0.438,4.46,-20.0
2021-01-11 21:14:43,88,0.401,4.47,-20.0
2021-01-11 21:14:43,89,0.409,4.48,-20.0
2021-01-11 21:14:43,90,0.404,4.47,-20.0
2021-01-11 21:14:43,91,0.415,4.48,-20.0
2021-01-11 21:14:43,92,0.399,4.5,-20.0
2021-01-11 21:14:43,93,0.412,4.5,-20.0
2021-01-11 21:14:43,94,0.423,4.47,-20.0
2021-01-11 21:14:43,95,0.417,4.46,-20.0
2021-01-11 21:14:43,96,0.407,4.49,-20.0
2021-01-12 09:14:12,1,0.419,4.5,25.9
2021-01-12 09:14:12,2,0.415,4.51,-20.0
2021-01-12 09:14:12,3,0.42,4.52,-20.0
2021-01-12 09:14:12,4,0.417,4.49,-20.0
2021-01-12 09:14:12,5,0.403,4.51,-20.0
2021-01-12 09:14:12,6,0.418,4.49,-20.0
2021-01-12 09:14:12,7,0.403,4.49,-20.0
2021-01-12 09:14:12,8,0.404,4.51,-20.0
2021-01-12 09:14:12,9,0.415,4.48,-20.0
2021-01-12 09:14:12,10,0.42,4.52,-20.0
2021-01-12 09:14:12,11,0.423,4.46,-20.0
2021-01-12 09:14:12,12,0.414,4.47,-20.0
2021-01-12 09:14:12,13,0.408,4.49,25.3
2021-01-12 09:14:12,14,0.415,4.5,-20.0
2021-01-12 09:14:12,15,0.407,4.51,-20.0
2021-01-12 09:14:12,16,0.421,4.5,-20.0
2021-01-12 09:14:12,17,0.416,4.49,-20.0
2021-01-12 09:14:12,18,0.425,4.5,-20.0
2021-01-12 09:14:12,19,0.438,4.48,-20.0
2021-01-12 09:14:12,20,0.413,4.49,-20.0
2021-01-12 09:14:12,21,0.415,4.5,-20.0
2021-01-12 09:14:12,22,0.419,4.48,-20.0
2021-01-12 09:14:12,23,0.447,4.48,-20.0
2021-01-12 09:14:12,24,0.413,4.5,-20.0
2021-01-12 09:14:12,25,0.415,4.5,24.5
2021-01-12 09:14:12,26,0.423,4.46,-20.0
2021-01-12 09:14:12,27,0.413,4.47,-20.0
2021-01-12 09:14:12,28,0.417,4.47,-20.0
2021-01-12 09:14:12,29,0.416,4.46,-20.0
2021-01-12 09:14:12,30,0.418,4.49,-20.0
2021-01-12 09:14:12,31,0.418,4.47,-20.0
2021-01-12 09:14:12,32,0.407,4.49,-20.0
2021-01-12 09:14:12,33,0.415,4.49,-20.0
2021-01-12 09:14:12,34,0.414,4.48,-20.0
2021-01-12 09:14:12,35,0.412,4.48,-20.0
2021-01-12 09:14:12,36,0.403,4.48,-20.0
2021-01-12 09:14:12,37,0.419,4.49,24.8
2021-01-12 09:14:12,38,0.399,4.5,-20.0
2021-01-12 09:14:12,39,0.334,4.47,-20.0
2021-01-12 09:14:12,40,0.41,4.49,-20.0
2021-01-12 09:14:12,41,0.415,4.5,-20.0
2021-01-12 09:14:12,42,0.385,4.49,-20.0
2021-01-12 09:14:12,43,0.408,4.48,-20.0
2021-01-12 09:14:12,44,0.407,4.49,-20.0
2021-01-12 09:14:12,45,0.414,4.48,-20.0
2021-01-12 09:14:12,46,0.417,4.48,-20.0
2021-01-12 09:14:12,47,0.426,4.48,-20.0
2021-01-12 09:14:12,48,0.42,4.49,-20.0
2021-01-12 09:14:12,49,0.483,4.46,25.0
2021-01-12 09:14:12,50,0.431,4.46,-20.0
2021-01-12 09:14:12,51,0.413,4.46,-20.0
2021-01-12 09:14:12,52,0.419,4.46,-20.0
2021-01-12 09:14:12,53,0.415,4.46,-20.0
2021-01-12 09:14:12,54,0.416,4.47,-20.0
2021-01-12 09:14:12,55,0.415,4.45,-20.0
2021-01-12 09:14:12,56,0.421,4.44,-20.0
2021-01-12 09:14:12,57,0.428,4.44,-20.0
2021-01-12 09:14:12,58,0.424,4.44,-20.0
2021-01-12 09:14:12,59,0.425,4.45,-20.0
2021-01-12 09:14:12,60,0.411,4.46,-20.0
2021-01-12 09:14:12,61,0.412,4.49,24.7
2021-01-12 09:14:12,62,0.409,4.48,-20.0
2021-01-12 09:14:12,63,0.411,4.48,-20.0
2021-01-12 09:14:12,64,0.411,4.47,-20.0
2021-01-12 09:14:12,65,0.409,4.46,-20.0
2021-01-12 09:14:12,66,0.419,4.46,-20.0
2021-01-12 09:14:12,67,0.413,4.44,-20.0
2021-01-12 09:14:12,68,0.415,4.46,-20.0
2021-01-12 09:14:12,69,0.412,4.46,-20.0
2021-01-12 09:14:12,70,0.408,4.48,-20.0
2021-01-12 09:14:12,71,0.409,4.48,-20.0
2021-01-12 09:14:12,72,0.414,4.48,-20.0
2021-01-12 09:14:12,73,0.413,4.52,24.3
2021-01-12 09:14:12,74,0.409,4.49,-20.0
2021-01-12 09:14:12,75,0.423,4.48,-20.0
2021-01-12 09:14:12,76,0.426,4.45,-20.0
2021-01-12 09:14:12,77,0.418,4.53,-20.0
2021-01-12 09:14:12,78,0.406,4.48,-20.0
2021-01-12 09:14:12,79,0.413,4.49,-20.0
2021-01-12 09:14:12,80,0.42,4.51,-20.0
2021-01-12 09:14:12,81,0.423,4.51,-20.0
2021-01-12 09:14:12,82,0.423,4.51,-20.0
2021-01-12 09:14:12,83,0.424,4.5,-20.0
2021-01-12 09:14:12,84,0.421,4.49,-20.0
2021-01-12 09:14:12,85,0.415,4.48,25.1
2021-01-12 09:14:12,86,0.418,4.47,-20.0
2021-01-12 09:14:12,87,0.442,4.47,-20.0
2021-01-12 09:14:12,88,0.401,4.47,-20.0
2021-01-12 09:14:12,89,0.413,4.5,-20.0
2021-01-12 09:14:12,90,0.406,4.47,-20.0
2021-01-12 09:14:12,91,0.417,4.48,-20.0
2021-01-12 09:14:12,92,0.403,4.5,-20.0
2021-01-12 09:14:12,93,0.415,4.5,-20.0
2021-01-12 09:14:12,94,0.423,4.48,-20.0
2021-01-12 09:14:12,95,0.417,4.46,-20.0
2021-01-12 09:14:12,96,0.409,4.49,-20.0
2021-01-12 21:13:48,1,0.42,4.5,25.9
2021-01-12 21:13:48,2,0.415,4.52,-20.0
2021-01-12 21:13:48,3,0.42,4.51,-20.0
2021-01-12 21:13:48,4,0.419,4.49,-20.0
2021-01-12 21:13:48,5,0.403,4.51,-20.0
2021-01-12 21:13:48,6,0.42,4.48,-20.0
2021-01-12 21:13:48,7,0.406,4.48,-20.0
2021-01-12 21:13:48,8,0.407,4.5,-20.0
2021-01-12 21:13:48,9,0.414,4.48,-20.0
2021-01-12 21:13:48,10,0.421,4.51,-20.0
2021-01-12 21:13:48,11,0.426,4.46,-20.0
2021-01-12 21:13:48,12,0.415,4.47,-20.0
2021-01-12 21:13:48,13,0.408,4.49,25.3
2021-01-12 21:13:48,14,0.414,4.49,-20.0
2021-01-12 21:13:48,15,0.407,4.51,-20.0
2021-01-12 21:13:48,16,0.422,4.51,-20.0
2021-01-12 21:13:48,17,0.414,4.49,-20.0
2021-01-12 21:13:48,18,0.426,4.49,-20.0
2021-01-12 21:13:48,19,0.439,4.48,-20.0
2021-01-12 21:13:48,20,0.413,4.49,-20.0
2021-01-12 21:13:48,21,0.416,4.48,-20.0
2021-01-12 21:13:48,22,0.419,4.48,-20.0
2021-01-12 21:13:48,23,0.448,4.49,-20.0
2021-01-12 21:13:48,24,0.415,4.49,-20.0
2021-01-12 21:13:48,25,0.415,4.5,24.6
2021-01-12 21:13:48,26,0.418,4.47,-20.0
2021-01-12 21:13:48,27,0.418,4.47,-20.0
2021-01-12 21:13:48,28,0.422,4.47,-20.0
2021-01-12 21:13:48,29,0.417,4.48,-20.0
2021-01-12 21:13:48,30,0.415,4.49,-20.0
2021-01-12 21:13:48,31,0.418,4.47,-20.0
2021-01-12 21:13:48,32,0.408,4.48,-20.0
2021-01-12 21:13:48,33,0.415,4.49,-20.0
2021-01-12 21:13:48,34,0.415,4.49,-20.0
2021-01-12 21:13:48,35,0.411,4.47,-20.0
2021-01-12 21:13:48,36,0.404,4.49,-20.0
2021-01-12 21:13:48,37,0.418,4.48,24.8
2021-01-12 21:13:48,38,0.407,4.5,-20.0
2021-01-12 21:13:48,39,0.356,4.49,-20.0
2021-01-12 21:13:48,40,0.412,4.48,-20.0
2021-01-12 21:13:48,41,0.417,4.49,-20.0
2021-01-12 21:13:48,42,0.392,4.48,-20.0
2021-01-12 21:13:48,43,0.41,4.49,-20.0
2021-01-12 21:13:48,44,0.412,4.49,-20.0
2021-01-12 21:13:48,45,0.417,4.49,-20.0
2021-01-12 21:13:48,46,0.416,4.47,-20.0
2021-01-12 21:13:48,47,0.428,4.48,-20.0
2021-01-12 21:13:48,48,0.422,4.49,-20.0
2021-01-12 21:13:48,49,0.483,4.47,25.1
2021-01-12 21:13:48,50,0.432,4.47,-20.0
2021-01-12 21:13:48,51,0.414,4.46,-20.0
2021-01-12 21:13:48,52,0.419,4.45,-20.0
2021-01-12 21:13:48,53,0.416,4.45,-20.0
2021-01-12 21:13:48,54,0.416,4.47,-20.0
2021-01-12 21:13:48,55,0.421,4.45,-20.0
2021-01-12 21:13:48,56,0.422,4.45,-20.0
2021-01-12 21:13:48,57,0.426,4.44,-20.0
2021-01-12 21:13:48,58,0.422,4.44,-20.0
2021-01-12 21:13:48,59,0.422,4.46,-20.0
2021-01-12 21:13:48,60,0.413,4.46,-20.0
2021-01-12 21:13:48,61,0.412,4.48,24.7
2021-01-12 21:13:48,62,0.408,4.47,-20.0
2021-01-12 21:13:48,63,0.413,4.48,-20.0
2021-01-12 21:13:48,64,0.411,4.47,-20.0
2021-01-12 21:13:48,65,0.411,4.46,-20.0
2021-01-12 21:13:48,66,0.42,4.46,-20.0
2021-01-12 21:13:48,67,0.413,4.44,-20.0
2021-01-12 21:13:48,68,0.415,4.46,-20.0
2021-01-12 21:13:48,69,0.41,4.46,-20.0
2021-01-12 21:13:48,70,0.407,4.47,-20.0
2021-01-12 21:13:48,71,0.41,4.48,-20.0
2021-01-12 21:13:48,72,0.416,4.47,-20.0
2021-01-12 21:13:48,73,0.413,4.52,24.4
2021-01-12 21:13:48,74,0.409,4.49,-20.0
2021-01-12 21:13:48,75,0.423,4.48,-20.0
2021-01-12 21:13:48,76,0.425,4.46,-20.0
2021-01-12 21:13:48,77,0.421,4.52,-20.0
2021-01-12 21:13:48,78,0.406,4.49,-20.0
2021-01-12 21:13:48,79,0.409,4.49,-20.0
2021-01-12 21:13:48,80,0.418,4.5,-20.0
2021-01-12 21:13:48,81,0.422,4.5,-20.0
2021-01-12 21:13:48,82,0.422,4.51,-20.0
2021-01-12 21:13:48,83,0.423,4.5,-20.0
2021-01-12 21:13:48,84,0.42,4.5,-20.0
2021-01-12 21:13:48,85,0.412,4.48,25.3
2021-01-12 21:13:48,86,0.417,4.47,-20.0
2021-01-12 21:13:48,87,0.439,4.47,-20.0
2021-01-12 21:13:48,88,0.401,4.48,-20.0
2021-01-12 21:13:48,89,0.414,4.49,-20.0
2021-01-12 21:13:48,90,0.409,4.48,-20.0
2021-01-12 21:13:48,91,0.415,4.49,-20.0
2021-01-12 21:13:48,92,0.403,4.49,-20.0
2021-01-12 21:13:48,93,0.415,4.49,-20.0
2021-01-12 21:13:48,94,0.424,4.47,-20.0
2021-01-12 21:13:48,95,0.418,4.47,-20.0
2021-01-12 21:13:48,96,0.41,4.49,-20.0
2021-01-13 09:13:11,1,0.418,4.51,25.9
2021-01-13 09:13:11,2,0.415,4.52,-20.0
2021-01-13 09:13:11,3,0.42,4.52,-20.0
2021-01-13 09:13:11,4,0.418,4.49,-20.0
2021-01-13 09:13:11,5,0.402,4.51,-20.0
2021-01-13 09:13:11,6,0.418,4.49,-20.0
2021-01-13 09:13:11,7,0.405,4.48,-20.0
2021-01-13 09:13:11,8,0.408,4.51,-20.0
2021-01-13 09:13:11,9,0.414,4.48,-20.0
2021-01-13 09:13:11,10,0.421,4.51,-20.0
2021-01-13 09:13:11,11,0.424,4.45,-20.0
2021-01-13 09:13:11,12,0.416,4.47,-20.0
2021-01-13 09:13:11,13,0.409,4.49,25.4
2021-01-13 09:13:11,14,0.414,4.48,-20.0
2021-01-13 09:13:11,15,0.407,4.49,-20.0
2021-01-13 09:13:11,16,0.423,4.5,-20.0
2021-01-13 09:13:11,17,0.414,4.49,-20.0
2021-01-13 09:13:11,18,0.426,4.49,-20.0
2021-01-13 09:13:11,19,0.439,4.48,-20.0
2021-01-13 09:13:11,20,0.412,4.48,-20.0
2021-01-13 09:13:11,21,0.417,4.49,-20.0
2021-01-13 09:13:11,22,0.417,4.48,-20.0
2021-01-13 09:13:11,23,0.447,4.48,-20.0
2021-01-13 09:13:11,24,0.4,4.49,-20.0
2021-01-13 09:13:11,25,0.413,4.5,24.6
2021-01-13 09:13:11,26,0.416,4.47,-20.0
2021-01-13 09:13:11,27,0.408,4.46,-20.0
2021-01-13 09:13:11,28,0.419,4.47,-20.0
2021-01-13 09:13:11,29,0.406,4.47,-20.0
2021-01-13 09:13:11,30,0.41,4.49,-20.0
2021-01-13 09:13:11,31,0.414,4.48,-20.0
2021-01-13 09:13:11,32,0.391,4.48,-20.0
2021-01-13 09:13:11,33,0.416,4.5,-20.0
2021-01-13 09:13:11,34,0.413,4.49,-20.0
2021-01-13 09:13:11,35,0.41,4.48,-20.0
2021-01-13 09:13:11,36,0.402,4.49,-20.0
2021-01-13 09:13:11,37,0.411,4.49,24.9
2021-01-13 09:13:11,38,0.41,4.49,-20.0
2021-01-13 09:13:11,39,0.371,4.48,-20.0
2021-01-13 09:13:11,40,0.413,4.49,-20.0
2021-01-13 09:13:11,41,0.413,4.5,-20.0
2021-01-13 09:13:11,42,0.395,4.48,-20.0
2021-01-13 09:13:11,43,0.414,4.49,-20.0
2021-01-13 09:13:11,44,0.414,4.49,-20.0
2021-01-13 09:13:11,45,0.419,4.48,-20.0
2021-01-13 09:13:11,46,0.416,4.48,-20.0
2021-01-13 09:13:11,47,0.425,4.48,-20.0
2021-01-13 09:13:11,48,0.419,4.49,-20.0
2021-01-13 09:13:11,49,0.484,4.47,25.2
2021-01-13 09:13:11,50,0.429,4.47,-20.0
2021-01-13 09:13:11,51,0.412,4.46,-20.0
2021-01-13 09:13:11,52,0.419,4.46,-20.0
2021-01-13 09:13:11,53,0.415,4.46,-20.0
2021-01-13 09:13:11,54,0.414,4.47,-20.0
2021-01-13 09:13:11,55,0.423,4.45,-20.0
2021-01-13 09:13:11,56,0.422,4.44,-20.0
2021-01-13 09:13:11,57,0.427,4.44,-20.0
2021-01-13 09:13:11,58,0.423,4.43,-20.0
2021-01-13 09:13:11,59,0.421,4.45,-20.0
2021-01-13 09:13:11,60,0.413,4.46,-20.0
2021-01-13 09:13:11,61,0.413,4.49,24.8
2021-01-13 09:13:11,62,0.408,4.49,-20.0
2021-01-13 09:13:11,63,0.414,4.48,-20.0
2021-01-13 09:13:11,64,0.411,4.46,-20.0
2021-01-13 09:13:11,65,0.413,4.46,-20.0
2021-01-13 09:13:11,66,0.42,4.46,-20.0
2021-01-13 09:13:11,67,0.413,4.44,-20.0
2021-01-13 09:13:11,68,0.416,4.47,-20.0
2021-01-13 09:13:11,69,0.413,4.46,-20.0
2021-01-13 09:13:11,70,0.409,4.47,-20.0
2021-01-13 09:13:11,71,0.409,4.48,-20.0
2021-01-13 09:13:11,72,0.416,4.48,-20.0
2021-01-13 09:13:11,73,0.412,4.52,24.5
2021-01-13 09:13:11,74,0.409,4.49,-20.0
2021-01-13 09:13:11,75,0.425,4.47,-20.0
2021-01-13 09:13:11,76,0.424,4.46,-20.0
2021-01-13 09:13:11,77,0.422,4.52,-20.0
2021-01-13 09:13:11,78,0.406,4.48,-20.0
2021-01-13 09:13:11,79,0.407,4.49,-20.0
2021-01-13 09:13:11,80,0.418,4.51,-20.0
2021-01-13 09:13:11,81,0.421,4.51,-20.0
2021-01-13 09:13:11,82,0.421,4.5,-20.0
2021-01-13 09:13:11,83,0.423,4.5,-20.0
2021-01-13 09:13:11,84,0.421,4.5,-20.0
2021-01-13 09:13:11,85,0.413,4.47,25.3
2021-01-13 09:13:11,86,0.416,4.47,-20.0
2021-01-13 09:13:11,87,0.442,4.47,-20.0
2021-01-13 09:13:11,88,0.402,4.48,-20.0
2021-01-13 09:13:11,89,0.411,4.49,-20.0
2021-01-13 09:13:11,90,0.409,4.47,-20.0
2021-01-13 09:13:11,91,0.412,4.48,-20.0
2021-01-13 09:13:11,92,0.402,4.5,-20.0
2021-01-13 09:13:11,93,0.415,4.49,-20.0
2021-01-13 09:13:11,94,0.422,4.48,-20.0
2021-01-13 09:13:11,95,0.417,4.47,-20.0
2021-01-13 09:13:11,96,0.409,4.49,-20.0
2021-01-13 21:12:44,1,0.417,4.5,25.9
2021-01-13 21:12:44,2,0.415,4.51,-20.0
2021-01-13 21:12:44,3,0.42,4.51,-20.0
2021-01-13 21:12:44,4,0.419,4.49,-20.0
2021-01-13 21:12:44,5,0.405,4.51,-20.0
2021-01-13 21:12:44,6,0.422,4.49,-20.0
2021-01-13 21:12:44,7,0.403,4.48,-20.0
2021-01-13 21:12:44,8,0.407,4.51,-20.0
2021-01-13 21:12:44,9,0.414,4.49,-20.0
2021-01-13 21:12:44,10,0.422,4.52,-20.0
2021-01-13 21:12:44,11,0.424,4.46,-20.0
2021-01-13 21:12:44,12,0.417,4.47,-20.0
2021-01-13 21:12:44,13,0.408,4.49,25.5
2021-01-13 21:12:44,14,0.413,4.49,-20.0
2021-01-13 21:12:44,15,0.408,4.5,-20.0
2021-01-13 21:12:44,16,0.424,4.51,-20.0
2021-01-13 21:12:44,17,0.413,4.48,-20.0
2021-01-13 21:12:44,18,0.427,4.5,-20.0
2021-01-13 21:12:44,19,0.438,4.49,-20.0
2021-01-13 21:12:44,20,0.413,4.48,-20.0
2021-01-13 21:12:44,21,0.417,4.49,-20.0
2021-01-13 21:12:44,22,0.418,4.48,-20.0
2021-01-13 21:12:44,23,0.447,4.48,-20.0
2021-01-13 21:12:44,24,0.404,4.49,-20.0
2021-01-13 21:12:44,25,0.411,4.5,24.8
2021-01-13 21:12:44,26,0.418,4.47,-20.0
2021-01-13 21:12:44,27,0.411,4.47,-20.0
2021-01-13 21:12:44,28,0.418,4.47,-20.0
2021-01-13 21:12:44,29,0.411,4.47,-20.0
2021-01-13 21:12:44,30,0.415,4.49,-20.0
2021-01-13 21:12:44,31,0.416,4.47,-20.0
2021-01-13 21:12:44,32,0.396,4.48,-20.0
2021-01-13 21:12:44,33,0.416,4.49,-20.0
2021-01-13 21:12:44,34,0.413,4.48,-20.0
2021-01-13 21:12:44,35,0.408,4.47,-20.0
2021-01-13 21:12:44,36,0.403,4.49,-20.0
2021-01-13 21:12:44,37,0.412,4.49,25.0
2021-01-13 21:12:44,38,0.413,4.49,-20.0
2021-01-13 21:12:44,39,0.381,4.49,-20.0
2021-01-13 21:12:44,40,0.414,4.48,-20.0
2021-01-13 21:12:44,41,0.415,4.51,-20.0
2021-01-13 21:12:44,42,0.399,4.48,-20.0
2021-01-13 21:12:44,43,0.417,4.49,-20.0
2021-01-13 21:12:44,44,0.415,4.49,-20.0
2021-01-13 21:12:44,45,0.417,4.47,-20.0
2021-01-13 21:12:44,46,0.416,4.48,-20.0
2021-01-13 21:12:44,47,0.425,4.49,-20.0
2021-01-13 21:12:44,48,0.424,4.49,-20.0
2021-01-13 21:12:44,49,0.482,4.47,25.3
2021-01-13 21:12:44,50,0.432,4.46,-20.0
2021-01-13 21:12:44,51,0.412,4.46,-20.0
2021-01-13 21:12:44,52,0.42,4.46,-20.0
2021-01-13 21:12:44,53,0.415,4.46,-20.0
2021-01-13 21:12:44,54,0.414,4.46,-20.0
2021-01-13 21:12:44,55,0.424,4.44,-20.0
2021-01-13 21:12:44,56,0.422,4.44,-20.0
2021-01-13 21:12:44,57,0.427,4.43,-20.0
2021-01-13 21:12:44,58,0.423,4.44,-20.0
2021-01-13 21:12:44,59,0.422,4.45,-20.0
2021-01-13 21:12:44,60,0.412,4.46,-20.0
2021-01-13 21:12:44,61,0.411,4.49,24.8
2021-01-13 21:12:44,62,0.409,4.48,-20.0
2021-01-13 21:12:44,63,0.414,4.48,-20.0
2021-01-13 21:12:44,64,0.412,4.47,-20.0
2021-01-13 21:12:44,65,0.415,4.46,-20.0
2021-01-13 21:12:44,66,0.421,4.46,-20.0
2021-01-13 21:12:44,67,0.407,4.44,-20.0
2021-01-13 21:12:44,68,0.407,4.46,-20.0
2021-01-13 21:12:44,69,0.409,4.45,-20.0
2021-01-13 21:12:44,70,0.401,4.47,-20.0
2021-01-13 21:12:44,71,0.409,4.48,-20.0
2021-01-13 21:12:44,72,0.415,4.47,-20.0
2021-01-13 21:12:44,73,0.4,4.52,24.6
2021-01-13 21:12:44,74,0.403,4.49,-20.0
2021-01-13 21:12:44,75,0.428,4.48,-20.0
2021-01-13 21:12:44,76,0.424,4.47,-20.0
2021-01-13 21:12:44,77,0.421,4.52,-20.0
2021-01-13 21:12:44,78,0.407,4.49,-20.0
2021-01-13 21:12:44,79,0.408,4.49,-20.0
2021-01-13 21:12:44,80,0.415,4.51,-20.0
2021-01-13 21:12:44,81,0.418,4.5,-20.0
2021-01-13 21:12:44,82,0.422,4.51,-20.0
2021-01-13 21:12:44,83,0.423,4.49,-20.0
2021-01-13 21:12:44,84,0.421,4.5,-20.0
2021-01-13 21:12:44,85,0.413,4.48,25.5
2021-01-13 21:12:44,86,0.416,4.47,-20.0
2021-01-13 21:12:44,87,0.442,4.47,-20.0
2021-01-13 21:12:44,88,0.402,4.47,-20.0
2021-01-13 21:12:44,89,0.409,4.49,-20.0
2021-01-13 21:12:44,90,0.407,4.47,-20.0
2021-01-13 21:12:44,91,0.414,4.47,-20.0
2021-01-13 21:12:44,92,0.4,4.49,-20.0
2021-01-13 21:12:44,93,0.412,4.5,-20.0
2021-01-13 21:12:44,94,0.422,4.47,-20.0
2021-01-13 21:12:44,95,0.418,4.47,-20.0
2021-01-13 21:12:44,96,0.412,4.49,-20.0
2021-01-14 09:12:23,1,0.415,4.51,26.0
2021-01-14 09:12:23,2,0.415,4.52,-20.0
2021-01-14 09:12:23,3,0.421,4.52,-20.0
2021-01-14 09:12:23,4,0.42,4.48,-20.0
2021-01-14 09:12:23,5,0.408,4.5,-20.0
2021-01-14 09:12:23,6,0.421,4.47,-20.0
2021-01-14 09:12:23,7,0.406,4.47,-20.0
2021-01-14 09:12:23,8,0.409,4.5,-20.0
2021-01-14 09:12:23,9,0.412,4.48,-20.0
2021-01-14 09:12:23,10,0.42,4.51,-20.0
2021-01-14 09:12:23,11,0.421,4.46,-20.0
2021-01-14 09:12:23,12,0.417,4.47,-20.0
2021-01-14 09:12:23,13,0.408,4.49,25.6
2021-01-14 09:12:23,14,0.412,4.49,-20.0
2021-01-14 09:12:23,15,0.408,4.5,-20.0
2021-01-14 09:12:23,16,0.422,4.5,-20.0
2021-01-14 09:12:23,17,0.412,4.49,-20.0
2021-01-14 09:12:23,18,0.422,4.49,-20.0
2021-01-14 09:12:23,19,0.433,4.48,-20.0
2021-01-14 09:12:23,20,0.411,4.48,-20.0
2021-01-14 09:12:23,21,0.418,4.49,-20.0
2021-01-14 09:12:23,22,0.42,4.48,-20.0
2021-01-14 09:12:23,23,0.434,4.49,-20.0
2021-01-14 09:12:23,24,0.398,4.5,-20.0
2021-01-14 09:12:23,25,0.411,4.5,24.9
2021-01-14 09:12:23,26,0.415,4.47,-20.0
2021-01-14 09:12:23,27,0.413,4.46,-20.0
2021-01-14 09:12:23,28,0.419,4.48,-20.0
2021-01-14 09:12:23,29,0.412,4.47,-20.0
2021-01-14 09:12:23,30,0.419,4.49,-20.0
2021-01-14 09:12:23,31,0.417,4.46,-20.0
2021-01-14 09:12:23,32,0.399,4.48,-20.0
2021-01-14 09:12:23,33,0.415,4.49,-20.0
2021-01-14 09:12:23,34,0.412,4.49,-20.0
2021-01-14 09:12:23,35,0.411,4.47,-20.0
2021-01-14 09:12:23,36,0.404,4.49,-20.0
2021-01-14 09:12:23,37,0.409,4.49,25.1
2021-01-14 09:12:23,38,0.413,4.5,-20.0
2021-01-14 09:12:23,39,0.39,4.48,-20.0
2021-01-14 09:12:23,40,0.412,4.49,-20.0
2021-01-14 09:12:23,41,0.413,4.51,-20.0
2021-01-14 09:12:23,42,0.402,4.48,-20.0
2021-01-14 09:12:23,43,0.419,4.48,-20.0
2021-01-14 09:12:23,44,0.417,4.49,-20.0
2021-01-14 09:12:23,45,0.419,4.48,-20.0
2021-01-14 09:12:23,46,0.417,4.48,-20.0
2021-01-14 09:12:23,47,0.427,4.48,-20.0
2021-01-14 09:12:23,48,0.426,4.49,-20.0
2021-01-14 09:12:23,49,0.485,4.46,25.3
2021-01-14 09:12:23,50,0.43,4.47,-20.0
2021-01-14 09:12:23,51,0.411,4.46,-20.0
2021-01-14 09:12:23,52,0.419,4.46,-20.0
2021-01-14 09:12:23,53,0.414,4.46,-20.0
2021-01-14 09:12:23,54,0.416,4.47,-20.0
2021-01-14 09:12:23,55,0.428,4.44,-20.0
2021-01-14 09:12:23,56,0.42,4.45,-20.0
2021-01-14 09:12:23,57,0.429,4.44,-20.0
2021-01-14 09:12:23,58,0.421,4.44,-20.0
2021-01-14 09:12:23,59,0.422,4.45,-20.0
2021-01-14 09:12:23,60,0.41,4.46,-20.0
2021-01-14 09:12:23,61,0.411,4.48,24.9
2021-01-14 09:12:23,62,0.407,4.48,-20.0
2021-01-14 09:12:23,63,0.411,4.48,-20.0
2021-01-14 09:12:23,64,0.411,4.46,-20.0
2021-01-14 09:12:23,65,0.413,4.46,-20.0
2021-01-14 09:12:23,66,0.422,4.47,-20.0
2021-01-14 09:12:23,67,0.408,4.44,-20.0
2021-01-14 09:12:23,68,0.41,4.47,-20.0
2021-01-14 09:12:23,69,0.41,4.46,-20.0
2021-01-14 09:12:23,70,0.406,4.48,-20.0
2021-01-14 09:12:23,71,0.406,4.48,-20.0
2021-01-14 09:12:23,72,0.417,4.48,-20.0
2021-01-14 09:12:23,73,0.402,4.52,24.7
2021-01-14 09:12:23,74,0.403,4.49,-20.0
2021-01-14 09:12:23,75,0.43,4.48,-20.0
2021-01-14 09:12:23,76,0.424,4.46,-20.0
2021-01-14 09:12:23,77,0.422,4.53,-20.0
2021-01-14 09:12:23,78,0.405,4.48,-20.0
2021-01-14 09:12:23,79,0.408,4.49,-20.0
2021-01-14 09:12:23,80,0.415,4.51,-20.0
2021-01-14 09:12:23,81,0.419,4.5,-20.0
2021-01-14 09:12:23,82,0.422,4.5,-20.0
2021-01-14 09:12:23,83,0.424,4.5,-20.0
2021-01-14 09:12:23,84,0.42,4.5,-20.0
2021-01-14 09:12:23,85,0.413,4.48,25.6
2021-01-14 09:12:23,86,0.417,4.48,-20.0
2021-01-14 09:12:23,87,0.443,4.47,-20.0
2021-01-14 09:12:23,88,0.401,4.48,-20.0
2021-01-14 09:12:23,89,0.411,4.48,-20.0
2021-01-14 09:12:23,90,0.407,4.47,-20.0
2021-01-14 09:12:23,91,0.412,4.48,-20.0
2021-01-14 09:12:23,92,0.398,4.49,-20.0
2021-01-14 09:12:23,93,0.414,4.5,-20.0
2021-01-14 09:12:23,94,0.422,4.48,-20.0
2021-01-14 09:12:23,95,0.418,4.46,-20.0
2021-01-14 09:12:23,96,0.413,4.49,-20.0
2021-01-14 21:11:46,1,0.416,4.5,25.9
2021-01-14 21:11:46,2,0.414,4.51,-20.0
2021-01-14 21:11:46,3,0.421,4.52,-20.0
2021-01-14 21:11:46,4,0.421,4.49,-20.0
2021-01-14 21:11:46,5,0.409,4.51,-20.0
2021-01-14 21:11:46,6,0.42,4.48,-20.0
2021-01-14 21:11:46,7,0.403,4.48,-20.0
2021-01-14 21:11:46,8,0.407,4.51,-20.0
2021-01-14 21:11:46,9,0.415,4.48,-20.0
2021-01-14 21:11:46,10,0.421,4.5,-20.0
2021-01-14 21:11:46,11,0.421,4.46,-20.0
2021-01-14 21:11:46,12,0.418,4.47,-20.0
2021-01-14 21:11:46,13,0.409,4.48,25.6
2021-01-14 21:11:46,14,0.413,4.49,-20.0
2021-01-14 21:11:46,15,0.409,4.51,-20.0
2021-01-14 21:11:46,16,0.423,4.5,-20.0
2021-01-14 21:11:46,17,0.411,4.48,-20.0
2021-01-14 21:11:46,18,0.426,4.5,-20.0
2021-01-14 21:11:46,19,0.436,4.49,-20.0
2021-01-14 21:11:46,20,0.41,4.49,-20.0
2021-01-14 21:11:46,21,0.418,4.48,-20.0
2021-01-14 21:11:46,22,0.419,4.48,-20.0
2021-01-14 21:11:46,23,0.436,4.48,-20.0
2021-01-14 21:11:46,24,0.405,4.49,-20.0
2021-01-14 21:11:46,25,0.415,4.49,24.7
2021-01-14 21:11:46,26,0.418,4.47,-20.0
2021-01-14 21:11:46,27,0.413,4.47,-20.0
2021-01-14 21:11:46,28,0.421,4.47,-20.0
2021-01-14 21:11:46,29,0.412,4.46,-20.0
2021-01-14 21:11:46,30,0.419,4.49,-20.0
2021-01-14 21:11:46,31,0.415,4.47,-20.0
2021-01-14 21:11:46,32,0.402,4.48,-20.0
2021-01-14 21:11:46,33,0.416,4.5,-20.0
2021-01-14 21:11:46,34,0.415,4.49,-20.0
2021-01-14 21:11:46,35,0.409,4.48,-20.0
2021-01-14 21:11:46,36,0.403,4.49,-20.0
2021-01-14 21:11:46,37,0.411,4.48,24.8
2021-01-14 21:11:46,38,0.416,4.5,-20.0
2021-01-14 21:11:46,39,0.398,4.47,-20.0
2021-01-14 21:11:46,40,0.412,4.49,-20.0
2021-01-14 21:11:46,41,0.413,4.5,-20.0
2021-01-14 21:11:46,42,0.404,4.48,-20.0
2021-01-14 21:11:46,43,0.416,4.48,-20.0
2021-01-14 21:11:46,44,0.417,4.49,-20.0
2021-01-14 21:11:46,45,0.421,4.49,-20.0
2021-01-14 21:11:46,46,0.415,4.47,-20.0
2021-01-14 21:11:46,47,0.424,4.49,-20.0
2021-01-14 21:11:46,48,0.424,4.49,-20.0
2021-01-14 21:11:46,49,0.486,4.47,25.2
2021-01-14 21:11:46,50,0.424,4.47,-20.0
2021-01-14 21:11:46,51,0.412,4.46,-20.0
2021-01-14 21:11:46,52,0.419,4.46,-20.0
2021-01-14 21:11:46,53,0.414,4.45,-20.0
2021-01-14 21:11:46,54,0.415,4.47,-20.0
2021-01-14 21:11:46,55,0.418,4.44,-20.0
2021-01-14 21:11:46,56,0.419,4.45,-20.0
2021-01-14 21:11:46,57,0.429,4.44,-20.0
2021-01-14 21:11:46,58,0.409,4.44,-20.0
2021-01-14 21:11:46,59,0.406,4.45,-20.0
2021-01-14 21:11:46,60,0.401,4.46,-20.0
2021-01-14 21:11:46,61,0.412,4.48,24.9
2021-01-14 21:11:46,62,0.403,4.48,-20.0
2021-01-14 21:11:46,63,0.393,4.48,-20.0
2021-01-14 21:11:46,64,0.412,4.47,-20.0
2021-01-14 21:11:46,65,0.413,4.46,-20.0
2021-01-14 21:11:46,66,0.422,4.46,-20.0
2021-01-14 21:11:46,67,0.408,4.44,-20.0
2021-01-14 21:11:46,68,0.412,4.47,-20.0
2021-01-14 21:11:46,69,0.416,4.46,-20.0
2021-01-14 21:11:46,70,0.406,4.47,-20.0
2021-01-14 21:11:46,71,0.41,4.48,-20.0
2021-01-14 21:11:46,72,0.419,4.47,-20.0
2021-01-14 21:11:46,73,0.405,4.52,24.6
2021-01-14 21:11:46,74,0.4,4.49,-20.0
2021-01-14 21:11:46,75,0.428,4.48,-20.0
2021-01-14 21:11:46,76,0.425,4.47,-20.0
2021-01-14 21:11:46,77,0.419,4.52,-20.0
2021-01-14 21:11:46,78,0.403,4.48,-20.0
2021-01-14 21:11:46,79,0.409,4.48,-20.0
2021-01-14 21:11:46,80,0.417,4.51,-20.0
2021-01-14 21:11:46,81,0.421,4.5,-20.0
2021-01-14 21:11:46,82,0.422,4.51,-20.0
2021-01-14 21:11:46,83,0.423,4.5,-20.0
2021-01-14 21:11:46,84,0.421,4.5,-20.0
2021-01-14 21:11:46,85,0.414,4.48,25.4
2021-01-14 21:11:46,86,0.417,4.47,-20.0
2021-01-14 21:11:46,87,0.443,4.47,-20.0
2021-01-14 21:11:46,88,0.4,4.48,-20.0
2021-01-14 21:11:46,89,0.411,4.49,-20.0
2021-01-14 21:11:46,90,0.405,4.47,-20.0
2021-01-14 21:11:46,91,0.414,4.48,-20.0
2021-01-14 21:11:46,92,0.399,4.49,-20.0
2021-01-14 21:11:46,93,0.412,4.5,-20.0
2021-01-14 21:11:46,94,0.422,4.48,-20.0
2021-01-14 21:11:46,95,0.416,4.47,-20.0
2021-01-14 21:11:46,96,0.415,4.49,-20.0
2021-01-15 09:10:56,1,0.416,4.5,25.9
2021-01-15 09:10:56,2,0.415,4.52,-20.0
2021-01-15 09:10:56,3,0.42,4.51,-20.0
2021-01-15 09:10:56,4,0.421,4.47,-20.0
2021-01-15 09:10:56,5,0.408,4.51,-20.0
2021-01-15 09:10:56,6,0.42,4.48,-20.0
2021-01-15 09:10:56,7,0.403,4.48,-20.0
2021-01-15 09:10:56,8,0.409,4.51,-20.0
2021-01-15 09:10:56,9,0.412,4.49,-20.0
2021-01-15 09:10:56,10,0.421,4.51,-20.0
2021-01-15 09:10:56,11,0.421,4.46,-20.0
2021-01-15 09:10:56,12,0.411,4.47,-20.0
2021-01-15 09:10:56,13,0.409,4.48,25.6
2021-01-15 09:10:56,14,0.412,4.49,-20.0
2021-01-15 09:10:56,15,0.407,4.51,-20.0
2021-01-15 09:10:56,16,0.422,4.51,-20.0
2021-01-15 09:10:56,17,0.409,4.49,-20.0
2021-01-15 09:10:56,18,0.426,4.5,-20.0
2021-01-15 09:10:56,19,0.437,4.49,-20.0
2021-01-15 09:10:56,20,0.409,4.48,-20.0
2021-01-15 09:10:56,21,0.413,4.49,-20.0
2021-01-15 09:10:56,22,0.418,4.48,-20.0
2021-01-15 09:10:56,23,0.438,4.48,-20.0
2021-01-15 09:10:56,24,0.407,4.49,-20.0
2021-01-15 09:10:56,25,0.417,4.5,24.8
2021-01-15 09:10:56,26,0.421,4.47,-20.0
2021-01-15 09:10:56,27,0.416,4.46,-20.0
2021-01-15 09:10:56,28,0.422,4.47,-20.0
2021-01-15 09:10:56,29,0.413,4.46,-20.0
2021-01-15 09:10:56,30,0.417,4.49,-20.0
2021-01-15 09:10:56,31,0.415,4.48,-20.0
2021-01-15 09:10:56,32,0.404,4.47,-20.0
2021-01-15 09:10:56,33,0.417,4.49,-20.0
2021-01-15 09:10:56,34,0.414,4.48,-20.0
2021-01-15 09:10:56,35,0.408,4.47,-20.0
2021-01-15 09:10:56,36,0.401,4.48,-20.0
2021-01-15 09:10:56,37,0.414,4.49,25.0
2021-01-15 09:10:56,38,0.414,4.5,-20.0
2021-01-15 09:10:56,39,0.402,4.48,-20.0
2021-01-15 09:10:56,40,0.411,4.49,-20.0
2021-01-15 09:10:56,41,0.415,4.51,-20.0
2021-01-15 09:10:56,42,0.406,4.49,-20.0
2021-01-15 09:10:56,43,0.416,4.48,-20.0
2021-01-15 09:10:56,44,0.42,4.48,-20.0
2021-01-15 09:10:56,45,0.423,4.48,-20.0
2021-01-15 09:10:56,46,0.415,4.48,-20.0
2021-01-15 09:10:56,47,0.429,4.48,-20.0
2021-01-15 09:10:56,48,0.427,4.49,-20.0
2021-01-15 09:10:56,49,0.488,4.46,25.3
2021-01-15 09:10:56,50,0.421,4.46,-20.0
2021-01-15 09:10:56,51,0.412,4.47,-20.0
2021-01-15 09:10:56,52,0.418,4.46,-20.0
2021-01-15 09:10:56,53,0.417,4.46,-20.0
2021-01-15 09:10:56,54,0.414,4.47,-20.0
2021-01-15 09:10:56,55,0.419,4.45,-20.0
2021-01-15 09:10:56,56,0.418,4.45,-20.0
2021-01-15 09:10:56,57,0.426,4.44,-20.0
2021-01-15 09:10:56,58,0.411,4.44,-20.0
2021-01-15 09:10:56,59,0.414,4.45,-20.0
2021-01-15 09:10:56,60,0.405,4.47,-20.0
2021-01-15 09:10:56,61,0.41,4.49,24.9
2021-01-15 09:10:56,62,0.4,4.48,-20.0
2021-01-15 09:10:56,63,0.402,4.48,-20.0
2021-01-15 09:10:56,64,0.412,4.47,-20.0
2021-01-15 09:10:56,65,0.412,4.46,-20.0
2021-01-15 09:10:56,66,0.423,4.46,-20.0
2021-01-15 09:10:56,67,0.409,4.44,-20.0
2021-01-15 09:10:56,68,0.415,4.47,-20.0
2021-01-15 09:10:56,69,0.414,4.45,-20.0
2021-01-15 09:10:56,70,0.406,4.47,-20.0
2021-01-15 09:10:56,71,0.408,4.48,-20.0
2021-01-15 09:10:56,72,0.421,4.47,-20.0
2021-01-15 09:10:56,73,0.407,4.52,24.7
2021-01-15 09:10:56,74,0.401,4.49,-20.0
2021-01-15 09:10:56,75,0.428,4.48,-20.0
2021-01-15 09:10:56,76,0.427,4.47,-20.0
2021-01-15 09:10:56,77,0.419,4.53,-20.0
2021-01-15 09:10:56,78,0.406,4.48,-20.0
2021-01-15 09:10:56,79,0.408,4.48,-20.0
2021-01-15 09:10:56,80,0.413,4.5,-20.0
2021-01-15 09:10:56,81,0.419,4.51,-20.0
2021-01-15 09:10:56,82,0.42,4.51,-20.0
2021-01-15 09:10:56,83,0.422,4.5,-20.0
2021-01-15 09:10:56,84,0.421,4.5,-20.0
2021-01-15 09:10:56,85,0.413,4.48,25.5
2021-01-15 09:10:56,86,0.418,4.47,-20.0
2021-01-15 09:10:56,87,0.441,4.48,-20.0
2021-01-15 09:10:56,88,0.399,4.47,-20.0
2021-01-15 09:10:56,89,0.414,4.49,-20.0
2021-01-15 09:10:56,90,0.402,4.47,-20.0
2021-01-15 09:10:56,91,0.414,4.48,-20.0
2021-01-15 09:10:56,92,0.394,4.5,-20.0
2021-01-15 09:10:56,93,0.409,4.49,-20.0
2021-01-15 09:10:56,94,0.419,4.47,-20.0
2021-01-15 09:10:56,95,0.414,4.46,-20.0
2021-01-15 09:10:56,96,0.41,4.49,-20.0
2021-01-15 21:10:15,1,0.416,4.51,25.9
2021-01-15 21:10:15,2,0.413,4.51,-20.0
2021-01-15 21:10:15,3,0.418,4.51,-20.0
2021-01-15 21:10:15,4,0.418,4.49,-20.0
2021-01-15 21:10:15,5,0.408,4.51,-20.0
2021-01-15 21:10:15,6,0.42,4.49,-20.0
2021-01-15 21:10:15,7,0.404,4.48,-20.0
2021-01-15 21:10:15,8,0.412,4.5,-20.0
2021-01-15 21:10:15,9,0.412,4.49,-20.0
2021-01-15 21:10:15,10,0.421,4.51,-20.0
2021-01-15 21:10:15,11,0.422,4.47,-20.0
2021-01-15 21:10:15,12,0.412,4.47,-20.0
2021-01-15 21:10:15,13,0.411,4.48,25.3
2021-01-15 21:10:15,14,0.413,4.49,-20.0
2021-01-15 21:10:15,15,0.407,4.5,-20.0
2021-01-15 21:10:15,16,0.421,4.51,-20.0
2021-01-15 21:10:15,17,0.411,4.48,-20.0
2021-01-15 21:10:15,18,0.425,4.5,-20.0
2021-01-15 21:10:15,19,0.438,4.48,-20.0
2021-01-15 21:10:15,20,0.413,4.48,-20.0
2021-01-15 21:10:15,21,0.416,4.49,-20.0
2021-01-15 21:10:15,22,0.417,4.48,-20.0
2021-01-15 21:10:15,23,0.441,4.49,-20.0
2021-01-15 21:10:15,24,0.41,4.49,-20.0
2021-01-15 21:10:15,25,0.419,4.5,24.5
2021-01-15 21:10:15,26,0.423,4.47,-20.0
2021-01-15 21:10:15,27,0.417,4.46,-20.0
2021-01-15 21:10:15,28,0.424,4.47,-20.0
2021-01-15 21:10:15,29,0.412,4.47,-20.0
2021-01-15 21:10:15,30,0.419,4.49,-20.0
2021-01-15 21:10:15,31,0.418,4.47,-20.0
2021-01-15 21:10:15,32,0.407,4.49,-20.0
2021-01-15 21:10:15,33,0.417,4.49,-20.0
2021-01-15 21:10:15,34,0.415,4.48,-20.0
2021-01-15 21:10:15,35,0.409,4.48,-20.0
2021-01-15 21:10:15,36,0.401,4.49,-20.0
2021-01-15 21:10:15,37,0.417,4.48,24.7
2021-01-15 21:10:15,38,0.414,4.49,-20.0
2021-01-15 21:10:15,39,0.404,4.48,-20.0
2021-01-15 21:10:15,40,0.41,4.49,-20.0
2021-01-15 21:10:15,41,0.412,4.5,-20.0
2021-01-15 21:10:15,42,0.388,4.48,-20.0
2021-01-15 21:10:15,43,0.399,4.49,-20.0
2021-01-15 21:10:15,44,0.412,4.49,-20.0
2021-01-15 21:10:15,45,0.422,4.48,-20.0
2021-01-15 21:10:15,46,0.414,4.48,-20.0
2021-01-15 21:10:15,47,0.411,4.49,-20.0
2021-01-15 21:10:15,48,0.404,4.48,-20.0
2021-01-15 21:10:15,49,0.483,4.46,25.2
2021-01-15 21:10:15,50,0.42,4.47,-20.0
2021-01-15 21:10:15,51,0.41,4.46,-20.0
2021-01-15 21:10:15,52,0.417,4.45,-20.0
2021-01-15 21:10:15,53,0.417,4.46,-20.0
2021-01-15 21:10:15,54,0.416,4.47,-20.0
2021-01-15 21:10:15,55,0.426,4.45,-20.0
2021-01-15 21:10:15,56,0.419,4.44,-20.0
2021-01-15 21:10:15,57,0.424,4.44,-20.0
2021-01-15 21:10:15,58,0.416,4.44,-20.0
2021-01-15 21:10:15,59,0.414,4.46,-20.0
2021-01-15 21:10:15,60,0.408,4.46,-20.0
2021-01-15 21:10:15,61,0.412,4.49,24.7
2021-01-15 21:10:15,62,0.403,4.48,-20.0
2021-01-15 21:10:15,63,0.405,4.48,-20.0
2021-01-15 21:10:15,64,0.411,4.47,-20.0
2021-01-15 21:10:15,65,0.41,4.46,-20.0
2021-01-15 21:10:15,66,0.42,4.46,-20.0
2021-01-15 21:10:15,67,0.41,4.44,-20.0
2021-01-15 21:10:15,68,0.416,4.46,-20.0
2021-01-15 21:10:15,69,0.413,4.46,-20.0
2021-01-15 21:10:15,70,0.404,4.47,-20.0
2021-01-15 21:10:15,71,0.406,4.48,-20.0
2021-01-15 21:10:15,72,0.415,4.48,-20.0
2021-01-15 21:10:15,73,0.408,4.51,24.5
2021-01-15 21:10:15,74,0.401,4.48,-20.0
2021-01-15 21:10:15,75,0.43,4.48,-20.0
2021-01-15 21:10:15,76,0.425,4.45,-20.0
2021-01-15 21:10:15,77,0.417,4.53,-20.0
2021-01-15 21:10:15,78,0.405,4.48,-20.0
2021-01-15 21:10:15,79,0.409,4.49,-20.0
2021-01-15 21:10:15,80,0.417,4.51,-20.0
2021-01-15 21:10:15,81,0.419,4.51,-20.0
2021-01-15 21:10:15,82,0.422,4.51,-20.0
2021-01-15 21:10:15,83,0.422,4.5,-20.0
2021-01-15 21:10:15,84,0.421,4.5,-20.0
2021-01-15 21:10:15,85,0.414,4.48,25.3
2021-01-15 21:10:15,86,0.417,4.47,-20.0
2021-01-15 21:10:15,87,0.437,4.47,-20.0
2021-01-15 21:10:15,88,0.398,4.48,-20.0
2021-01-15 21:10:15,89,0.408,4.48,-20.0
2021-01-15 21:10:15,90,0.403,4.47,-20.0
2021-01-15 21:10:15,91,0.414,4.48,-20.0
2021-01-15 21:10:15,92,0.397,4.5,-20.0
2021-01-15 21:10:15,93,0.411,4.49,-20.0
2021-01-15 21:10:15,94,0.421,4.47,-20.0
2021-01-15 21:10:15,95,0.416,4.46,-20.0
2021-01-15 21:10:15,96,0.411,4.49,-20.0
2021-01-16 09:09:45,1,0.414,4.51,25.8
2021-01-16 09:09:45,2,0.415,4.51,-20.0
2021-01-16 09:09:45,3,0.42,4.52,-20.0
2021-01-16 09:09:45,4,0.419,4.49,-20.0
2021-01-16 09:09:45,5,0.409,4.51,-20.0
2021-01-16 09:09:45,6,0.419,4.49,-20.0
2021-01-16 09:09:45,7,0.408,4.48,-20.0
2021-01-16 09:09:45,8,0.412,4.51,-20.0
2021-01-16 09:09:45,9,0.412,4.48,-20.0
2021-01-16 09:09:45,10,0.418,4.51,-20.0
2021-01-16 09:09:45,11,0.423,4.46,-20.0
2021-01-16 09:09:45,12,0.414,4.47,-20.0
2021-01-16 09:09:45,13,0.412,4.49,25.2
2021-01-16 09:09:45,14,0.415,4.49,-20.0
2021-01-16 09:09:45,15,0.411,4.51,-20.0
2021-01-16 09:09:45,16,0.422,4.51,-20.0
2021-01-16 09:09:45,17,0.409,4.49,-20.0
2021-01-16 09:09:45,18,0.427,4.49,-20.0
2021-01-16 09:09:45,19,0.44,4.48,-20.0
2021-01-16 09:09:45,20,0.412,4.47,-20.0
2021-01-16 09:09:45,21,0.414,4.49,-20.0
2021-01-16 09:09:45,22,0.417,4.47,-20.0
2021-01-16 09:09:45,23,0.444,4.48,-20.0
2021-01-16 09:09:45,24,0.41,4.49,-20.0
2021-01-16 09:09:45,25,0.417,4.49,24.3
2021-01-16 09:09:45,26,0.423,4.47,-20.0
2021-01-16 09:09:45,27,0.418,4.47,-20.0
2021-01-16 09:09:45,28,0.423,4.47,-20.0
2021-01-16 09:09:45,29,0.416,4.46,-20.0
2021-01-16 09:09:45,30,0.419,4.48,-20.0
2021-01-16 09:09:45,31,0.418,4.48,-20.0
2021-01-16 09:09:45,32,0.408,4.49,-20.0
2021-01-16 09:09:45,33,0.416,4.49,-20.0
2021-01-16 09:09:45,34,0.416,4.48,-20.0
2021-01-16 09:09:45,35,0.406,4.47,-20.0
2021-01-16 09:09:45,36,0.401,4.49,-20.0
2021-01-16 09:09:45,37,0.415,4.47,24.6
2021-01-16 09:09:45,38,0.413,4.49,-20.0
2021-01-16 09:09:45,39,0.405,4.49,-20.0
2021-01-16 09:09:45,40,0.409,4.49,-20.0
2021-01-16 09:09:45,41,0.412,4.5,-20.0
2021-01-16 09:09:45,42,0.394,4.49,-20.0
2021-01-16 09:09:45,43,0.404,4.48,-20.0
2021-01-16 09:09:45,44,0.415,4.48,-20.0
2021-01-16 09:09:45,45,0.416,4.47,-20.0
2021-01-16 09:09:45,46,0.413,4.48,-20.0
2021-01-16 09:09:45,47,0.417,4.48,-20.0
2021-01-16 09:09:45,48,0.407,4.48,-20.0
2021-01-16 09:09:45,49,0.483,4.46,25.1
2021-01-16 09:09:45,50,0.425,4.47,-20.0
2021-01-16 09:09:45,51,0.408,4.47,-20.0
2021-01-16 09:09:45,52,0.418,4.46,-20.0
2021-01-16 09:09:45,53,0.415,4.45,-20.0
2021-01-16 09:09:45,54,0.418,4.47,-20.0
2021-01-16 09:09:45,55,0.428,4.45,-20.0
2021-01-16 09:09:45,56,0.421,4.45,-20.0
2021-01-16 09:09:45,57,0.422,4.44,-20.0
2021-01-16 09:09:45,58,0.419,4.44,-20.0
2021-01-16 09:09:45,59,0.412,4.45,-20.0
2021-01-16 09:09:45,60,0.41,4.46,-20.0
2021-01-16 09:09:45,61,0.414,4.48,24.7
2021-01-16 09:09:45,62,0.407,4.48,-20.0
2021-01-16 09:09:45,63,0.405,4.48,-20.0
2021-01-16 09:09:45,64,0.411,4.46,-20.0
2021-01-16 09:09:45,65,0.411,4.46,-20.0
2021-01-16 09:09:45,66,0.42,4.46,-20.0
2021-01-16 09:09:45,67,0.411,4.44,-20.0
2021-01-16 09:09:45,68,0.419,4.47,-20.0
2021-01-16 09:09:45,69,0.415,4.46,-20.0
2021-01-16 09:09:45,70,0.408,4.47,-20.0
2021-01-16 09:09:45,71,0.412,4.48,-20.0
2021-01-16 09:09:45,72,0.411,4.48,-20.0
2021-01-16 09:09:45,73,0.409,4.51,24.5
2021-01-16 09:09:45,74,0.4,4.48,-20.0
2021-01-16 09:09:45,75,0.433,4.48,-20.0
2021-01-16 09:09:45,76,0.424,4.45,-20.0
2021-01-16 09:09:45,77,0.419,4.51,-20.0
2021-01-16 09:09:45,78,0.405,4.48,-20.0
2021-01-16 09:09:45,79,0.407,4.48,-20.0
2021-01-16 09:09:45,80,0.416,4.5,-20.0
2021-01-16 09:09:45,81,0.413,4.5,-20.0
2021-01-16 09:09:45,82,0.418,4.51,-20.0
2021-01-16 09:09:45,83,0.422,4.5,-20.0
2021-01-16 09:09:45,84,0.42,4.5,-20.0
2021-01-16 09:09:45,85,0.409,4.48,25.3
2021-01-16 09:09:45,86,0.416,4.47,-20.0
2021-01-16 09:09:45,87,0.436,4.47,-20.0
2021-01-16 09:09:45,88,0.397,4.48,-20.0
2021-01-16 09:09:45,89,0.405,4.49,-20.0
2021-01-16 09:09:45,90,0.4,4.46,-20.0
2021-01-16 09:09:45,91,0.414,4.48,-20.0
2021-01-16 09:09:45,92,0.397,4.5,-20.0
2021-01-16 09:09:45,93,0.412,4.5,-20.0
2021-01-16 09:09:45,94,0.422,4.48,-20.0
2021-01-16 09:09:45,95,0.417,4.47,-20.0
2021-01-16 09:09:45,96,0.408,4.49,-20.0
2021-01-16 21:09:07,1,0.417,4.51,25.9
2021-01-16 21:09:07,2,0.416,4.52,-20.0
2021-01-16 21:09:07,3,0.418,4.52,-20.0
2021-01-16 21:09:07,4,0.418,4.48,-20.0
2021-01-16 21:09:07,5,0.41,4.51,-20.0
2021-01-16 21:09:07,6,0.414,4.49,-20.0
2021-01-16 21:09:07,7,0.407,4.48,-20.0
2021-01-16 21:09:07,8,0.411,4.51,-20.0
2021-01-16 21:09:07,9,0.412,4.48,-20.0
2021-01-16 21:09:07,10,0.416,4.52,-20.0
2021-01-16 21:09:07,11,0.42,4.46,-20.0
2021-01-16 21:09:07,12,0.415,4.46,-20.0
2021-01-16 21:09:07,13,0.413,4.48,25.5
2021-01-16 21:09:07,14,0.416,4.48,-20.0
2021-01-16 21:09:07,15,0.409,4.5,-20.0
2021-01-16 21:09:07,16,0.422,4.51,-20.0
2021-01-16 21:09:07,17,0.412,4.49,-20.0
2021-01-16 21:09:07,18,0.428,4.49,-20.0
2021-01-16 21:09:07,19,0.442,4.47,-20.0
2021-01-16 21:09:07,20,0.412,4.48,-20.0
2021-01-16 21:09:07,21,0.413,4.48,-20.0
2021-01-16 21:09:07,22,0.415,4.47,-20.0
2021-01-16 21:09:07,23,0.444,4.48,-20.0
2021-01-16 21:09:07,24,0.411,4.49,-20.0
2021-01-16 21:09:07,25,0.418,4.49,24.6
2021-01-16 21:09:07,26,0.419,4.46,-20.0
2021-01-16 21:09:07,27,0.417,4.47,-20.0
2021-01-16 21:09:07,28,0.416,4.47,-20.0
2021-01-16 21:09:07,29,0.402,4.47,-20.0
2021-01-16 21:09:07,30,0.414,4.48,-20.0
2021-01-16 21:09:07,31,0.413,4.47,-20.0
2021-01-16 21:09:07,32,0.392,4.48,-20.0
2021-01-16 21:09:07,33,0.41,4.49,-20.0
2021-01-16 21:09:07,34,0.398,4.49,-20.0
2021-01-16 21:09:07,35,0.404,4.47,-20.0
2021-01-16 21:09:07,36,0.397,4.49,-20.0
2021-01-16 21:09:07,37,0.4,4.48,24.8
2021-01-16 21:09:07,38,0.399,4.49,-20.0
2021-01-16 21:09:07,39,0.396,4.48,-20.0
2021-01-16 21:09:07,40,0.412,4.49,-20.0
2021-01-16 21:09:07,41,0.411,4.5,-20.0
2021-01-16 21:09:07,42,0.4,4.48,-20.0
2021-01-16 21:09:07,43,0.409,4.49,-20.0
2021-01-16 21:09:07,44,0.42,4.49,-20.0
2021-01-16 21:09:07,45,0.416,4.48,-20.0
2021-01-16 21:09:07,46,0.416,4.48,-20.0
2021-01-16 21:09:07,47,0.418,4.48,-20.0
2021-01-16 21:09:07,48,0.404,4.49,-20.0
2021-01-16 21:09:07,49,0.485,4.47,25.2
2021-01-16 21:09:07,50,0.427,4.47,-20.0
2021-01-16 21:09:07,51,0.406,4.46,-20.0
2021-01-16 21:09:07,52,0.417,4.45,-20.0
2021-01-16 21:09:07,53,0.416,4.46,-20.0
2021-01-16 21:09:07,54,0.418,4.47,-20.0
2021-01-16 21:09:07,55,0.429,4.45,-20.0
2021-01-16 21:09:07,56,0.419,4.44,-20.0
2021-01-16 21:09:07,57,0.423,4.44,-20.0
2021-01-16 21:09:07,58,0.418,4.44,-20.0
2021-01-16 21:09:07,59,0.414,4.45,-20.0
2021-01-16 21:09:07,60,0.411,4.46,-20.0
2021-01-16 21:09:07,61,0.415,4.48,24.9
2021-01-16 21:09:07,62,0.409,4.47,-20.0
2021-01-16 21:09:07,63,0.407,4.47,-20.0
2021-01-16 21:09:07,64,0.411,4.47,-20.0
2021-01-16 21:09:07,65,0.412,4.46,-20.0
2021-01-16 21:09:07,66,0.421,4.46,-20.0
2021-01-16 21:09:07,67,0.412,4.44,-20.0
2021-01-16 21:09:07,68,0.42,4.46,-20.0
2021-01-16 21:09:07,69,0.415,4.46,-20.0
2021-01-16 21:09:07,70,0.408,4.47,-20.0
2021-01-16 21:09:07,71,0.411,4.48,-20.0
2021-01-16 21:09:07,72,0.413,4.48,-20.0
2021-01-16 21:09:07,73,0.413,4.51,24.5
2021-01-16 21:09:07,74,0.405,4.49,-20.0
2021-01-16 21:09:07,75,0.432,4.48,-20.0
2021-01-16 21:09:07,76,0.424,4.46,-20.0
2021-01-16 21:09:07,77,0.422,4.52,-20.0
2021-01-16 21:09:07,78,0.407,4.48,-20.0
2021-01-16 21:09:07,79,0.406,4.49,-20.0
2021-01-16 21:09:07,80,0.414,4.5,-20.0
2021-01-16 21:09:07,81,0.413,4.5,-20.0
2021-01-16 21:09:07,82,0.419,4.51,-20.0
2021-01-16 21:09:07,83,0.421,4.49,-20.0
2021-01-16 21:09:07,84,0.419,4.5,-20.0
2021-01-16 21:09:07,85,0.409,4.48,25.5
2021-01-16 21:09:07,86,0.416,4.47,-20.0
2021-01-16 21:09:07,87,0.438,4.47,-20.0
2021-01-16 21:09:07,88,0.401,4.48,-20.0
2021-01-16 21:09:07,89,0.409,4.49,-20.0
2021-01-16 21:09:07,90,0.4,4.48,-20.0
2021-01-16 21:09:07,91,0.412,4.48,-20.0
2021-01-16 21:09:07,92,0.396,4.5,-20.0
2021-01-16 21:09:07,93,0.414,4.5,-20.0
2021-01-16 21:09:07,94,0.422,4.48,-20.0
2021-01-16 21:09:07,95,0.417,4.47,-20.0
2021-01-16 21:09:07,96,0.405,4.49,-20.0
2021-01-17 09:08:32,1,0.419,4.5,26.0
2021-01-17 09:08:32,2,0.417,4.51,-20.0
2021-01-17 09:08:32,3,0.42,4.52,-20.0
2021-01-17 09:08:32,4,0.419,4.49,-20.0
2021-01-17 09:08:32,5,0.407,4.51,-20.0
2021-01-17 09:08:32,6,0.411,4.48,-20.0
2021-01-17 09:08:32,7,0.407,4.48,-20.0
2021-01-17 09:08:32,8,0.41,4.51,-20.0
2021-01-17 09:08:32,9,0.413,4.49,-20.0
2021-01-17 09:08:32,10,0.419,4.51,-20.0
2021-01-17 09:08:32,11,0.422,4.47,-20.0
2021-01-17 09:08:32,12,0.419,4.47,-20.0
2021-01-17 09:08:32,13,0.413,4.49,25.6
2021-01-17 09:08:32,14,0.415,4.5,-20.0
2021-01-17 09:08:32,15,0.408,4.51,-20.0
2021-01-17 09:08:32,16,0.423,4.5,-20.0
2021-01-17 09:08:32,17,0.414,4.48,-20.0
2021-01-17 09:08:32,18,0.429,4.49,-20.0
2021-01-17 09:08:32,19,0.44,4.48,-20.0
2021-01-17 09:08:32,20,0.412,4.49,-20.0
2021-01-17 09:08:32,21,0.412,4.5,-20.0
2021-01-17 09:08:32,22,0.415,4.48,-20.0
2021-01-17 09:08:32,23,0.443,4.49,-20.0
2021-01-17 09:08:32,24,0.412,4.5,-20.0
2021-01-17 09:08:32,25,0.418,4.48,24.8
2021-01-17 09:08:32,26,0.422,4.47,-20.0
2021-01-17 09:08:32,27,0.417,4.46,-20.0
2021-01-17 09:08:32,28,0.42,4.47,-20.0
2021-01-17 09:08:32,29,0.406,4.47,-20.0
2021-01-17 09:08:32,30,0.414,4.48,-20.0
2021-01-17 09:08:32,31,0.414,4.47,-20.0
2021-01-17 09:08:32,32,0.398,4.48,-20.0
2021-01-17 09:08:32,33,0.412,4.49,-20.0
2021-01-17 09:08:32,34,0.404,4.48,-20.0
2021-01-17 09:08:32,35,0.405,4.48,-20.0
2021-01-17 09:08:32,36,0.397,4.49,-20.0
2021-01-17 09:08:32,37,0.404,4.49,24.9
2021-01-17 09:08:32,38,0.403,4.5,-20.0
2021-01-17 09:08:32,39,0.404,4.48,-20.0
2021-01-17 09:08:32,40,0.411,4.49,-20.0
2021-01-17 09:08:32,41,0.408,4.49,-20.0
2021-01-17 09:08:32,42,0.399,4.48,-20.0
2021-01-17 09:08:32,43,0.413,4.48,-20.0
2021-01-17 09:08:32,44,0.42,4.49,-20.0
2021-01-17 09:08:32,45,0.416,4.48,-20.0
2021-01-17 09:08:32,46,0.413,4.48,-20.0
2021-01-17 09:08:32,47,0.416,4.48,-20.0
2021-01-17 09:08:32,48,0.41,4.5,-20.0
2021-01-17 09:08:32,49,0.487,4.46,25.3
2021-01-17 09:08:32,50,0.427,4.47,-20.0
2021-01-17 09:08:32,51,0.407,4.46,-20.0
2021-01-17 09:08:32,52,0.416,4.45,-20.0
2021-01-17 09:08:32,53,0.414,4.46,-20.0
2021-01-17 09:08:32,54,0.416,4.47,-20.0
2021-01-17 09:08:32,55,0.428,4.44,-20.0
2021-01-17 09:08:32,56,0.418,4.44,-20.0
2021-01-17 09:08:32,57,0.423,4.44,-20.0
2021-01-17 09:08:32,58,0.416,4.44,-20.0
2021-01-17 09:08:32,59,0.418,4.46,-20.0
2021-01-17 09:08:32,60,0.412,4.46,-20.0
2021-01-17 09:08:32,61,0.413,4.48,25.0
2021-01-17 09:08:32,62,0.404,4.48,-20.0
2021-01-17 09:08:32,63,0.409,4.48,-20.0
2021-01-17 09:08:32,64,0.411,4.47,-20.0
2021-01-17 09:08:32,65,0.413,4.46,-20.0
2021-01-17 09:08:32,66,0.417,4.46,-20.0
2021-01-17 09:08:32,67,0.409,4.44,-20.0
2021-01-17 09:08:32,68,0.402,4.47,-20.0
2021-01-17 09:08:32,69,0.41,4.46,-20.0
2021-01-17 09:08:32,70,0.396,4.47,-20.0
2021-01-17 09:08:32,71,0.409,4.48,-20.0
2021-01-17 09:08:32,72,0.41,4.48,-20.0
2021-01-17 09:08:32,73,0.4,4.52,24.7
2021-01-17 09:08:32,74,0.4,4.49,-20.0
2021-01-17 09:08:32,75,0.429,4.48,-20.0
2021-01-17 09:08:32,76,0.424,4.46,-20.0
2021-01-17 09:08:32,77,0.422,4.53,-20.0
2021-01-17 09:08:32,78,0.408,4.49,-20.0
2021-01-17 09:08:32,79,0.406,4.49,-20.0
2021-01-17 09:08:32,80,0.418,4.51,-20.0
2021-01-17 09:08:32,81,0.415,4.5,-20.0
2021-01-17 09:08:32,82,0.422,4.51,-20.0
2021-01-17 09:08:32,83,0.424,4.5,-20.0
2021-01-17 09:08:32,84,0.42,4.5,-20.0
2021-01-17 09:08:32,85,0.411,4.48,25.6
2021-01-17 09:08:32,86,0.415,4.47,-20.0
2021-01-17 09:08:32,87,0.437,4.48,-20.0
2021-01-17 09:08:32,88,0.4,4.47,-20.0
2021-01-17 09:08:32,89,0.408,4.49,-20.0
2021-01-17 09:08:32,90,0.402,4.47,-20.0
2021-01-17 09:08:32,91,0.414,4.48,-20.0
2021-01-17 09:08:32,92,0.401,4.5,-20.0
2021-01-17 09:08:32,93,0.413,4.49,-20.0
2021-01-17 09:08:32,94,0.417,4.47,-20.0
2021-01-17 09:08:32,95,0.417,4.46,-20.0
2021-01-17 09:08:32,96,0.409,4.49,-20.0
2021-01-17 21:08:12,1,0.416,4.51,26.0
2021-01-17 21:08:12,2,0.414,4.51,-20.0
2021-01-17 21:08:12,3,0.419,4.52,-20.0
2021-01-17 21:08:12,4,0.418,4.47,-20.0
2021-01-17 21:08:12,5,0.404,4.51,-20.0
2021-01-17 21:08:12,6,0.411,4.49,-20.0
2021-01-17 21:08:12,7,0.405,4.48,-20.0
2021-01-17 21:08:12,8,0.409,4.51,-20.0
2021-01-17 21:08:12,9,0.413,4.49,-20.0
2021-01-17 21:08:12,10,0.42,4.51,-20.0
2021-01-17 21:08:12,11,0.423,4.47,-20.0
2021-01-17 21:08:12,12,0.419,4.47,-20.0
2021-01-17 21:08:12,13,0.413,4.49,25.6
2021-01-17 21:08:12,14,0.416,4.49,-20.0
2021-01-17 21:08:12,15,0.408,4.51,-20.0
2021-01-17 21:08:12,16,0.426,4.5,-20.0
2021-01-17 21:08:12,17,0.416,4.49,-20.0
2021-01-17 21:08:12,18,0.427,4.5,-20.0
2021-01-17 21:08:12,19,0.432,4.49,-20.0
2021-01-17 21:08:12,20,0.412,4.49,-20.0
2021-01-17 21:08:12,21,0.414,4.5,-20.0
2021-01-17 21:08:12,22,0.423,4.48,-20.0
2021-01-17 21:08:12,23,0.435,4.49,-20.0
2021-01-17 21:08:12,24,0.399,4.5,-20.0
2021-01-17 21:08:12,25,0.417,4.49,24.9
2021-01-17 21:08:12,26,0.415,4.46,-20.0
2021-01-17 21:08:12,27,0.406,4.46,-20.0
2021-01-17 21:08:12,28,0.415,4.47,-20.0
2021-01-17 21:08:12,29,0.391,4.46,-20.0
2021-01-17 21:08:12,30,0.413,4.48,-20.0
2021-01-17 21:08:12,31,0.416,4.48,-20.0
2021-01-17 21:08:12,32,0.404,4.48,-20.0
2021-01-17 21:08:12,33,0.412,4.49,-20.0
2021-01-17 21:08:12,34,0.409,4.49,-20.0
2021-01-17 21:08:12,35,0.404,4.47,-20.0
2021-01-17 21:08:12,36,0.398,4.5,-20.0
2021-01-17 21:08:12,37,0.405,4.48,24.9
2021-01-17 21:08:12,38,0.407,4.5,-20.0
2021-01-17 21:08:12,39,0.405,4.48,-20.0
2021-01-17 21:08:12,40,0.411,4.49,-20.0
2021-01-17 21:08:12,41,0.409,4.49,-20.0
2021-01-17 21:08:12,42,0.4,4.48,-20.0
2021-01-17 21:08:12,43,0.415,4.48,-20.0
2021-01-17 21:08:12,44,0.423,4.49,-20.0
2021-01-17 21:08:12,45,0.415,4.48,-20.0
2021-01-17 21:08:12,46,0.413,4.48,-20.0
2021-01-17 21:08:12,47,0.416,4.49,-20.0
2021-01-17 21:08:12,48,0.416,4.49,-20.0
2021-01-17 21:08:12,49,0.491,4.46,25.3
2021-01-17 21:08:12,50,0.428,4.47,-20.0
2021-01-17 21:08:12,51,0.407,4.46,-20.0
2021-01-17 21:08:12,52,0.415,4.45,-20.0
2021-01-17 21:08:12,53,0.415,4.46,-20.0
2021-01-17 21:08:12,54,0.416,4.47,-20.0
2021-01-17 21:08:12,55,0.428,4.45,-20.0
2021-01-17 21:08:12,56,0.418,4.45,-20.0
2021-01-17 21:08:12,57,0.422,4.45,-20.0
2021-01-17 21:08:12,58,0.418,4.43,-20.0
2021-01-17 21:08:12,59,0.421,4.45,-20.0
2021-01-17 21:08:12,60,0.415,4.46,-20.0
2021-01-17 21:08:12,61,0.415,4.49,25.0
2021-01-17 21:08:12,62,0.404,4.47,-20.0
2021-01-17 21:08:12,63,0.41,4.48,-20.0
2021-01-17 21:08:12,64,0.411,4.47,-20.0
2021-01-17 21:08:12,65,0.414,4.46,-20.0
2021-01-17 21:08:12,66,0.419,4.46,-20.0
2021-01-17 21:08:12,67,0.411,4.44,-20.0
2021-01-17 21:08:12,68,0.405,4.47,-20.0
2021-01-17 21:08:12,69,0.411,4.46,-20.0
2021-01-17 21:08:12,70,0.398,4.47,-20.0
2021-01-17 21:08:12,71,0.409,4.47,-20.0
2021-01-17 21:08:12,72,0.409,4.48,-20.0
2021-01-17 21:08:12,73,0.401,4.52,24.7
2021-01-17 21:08:12,74,0.403,4.49,-20.0
2021-01-17 21:08:12,75,0.429,4.47,-20.0
2021-01-17 21:08:12,76,0.426,4.47,-20.0
2021-01-17 21:08:12,77,0.421,4.52,-20.0
2021-01-17 21:08:12,78,0.406,4.48,-20.0
2021-01-17 21:08:12,79,0.409,4.49,-20.0
2021-01-17 21:08:12,80,0.417,4.51,-20.0
2021-01-17 21:08:12,81,0.42,4.51,-20.0
2021-01-17 21:08:12,82,0.419,4.5,-20.0
2021-01-17 21:08:12,83,0.424,4.5,-20.0
2021-01-17 21:08:12,84,0.418,4.5,-20.0
2021-01-17 21:08:12,85,0.413,4.48,25.6
2021-01-17 21:08:12,86,0.415,4.47,-20.0
2021-01-17 21:08:12,87,0.438,4.48,-20.0
2021-01-17 21:08:12,88,0.401,4.48,-20.0
2021-01-17 21:08:12,89,0.41,4.49,-20.0
2021-01-17 21:08:12,90,0.4,4.46,-20.0
2021-01-17 21:08:12,91,0.412,4.47,-20.0
2021-01-17 21:08:12,92,0.401,4.49,-20.0
2021-01-17 21:08:12,93,0.415,4.49,-20.0
2021-01-17 21:08:12,94,0.419,4.48,-20.0
2021-01-17 21:08:12,95,0.417,4.47,-20.0
2021-01-17 21:08:12,96,0.411,4.5,-20.0
2021-01-18 09:07:41,1,0.415,4.51,26.0
2021-01-18 09:07:41,2,0.415,4.52,-20.0
2021-01-18 09:07:41,3,0.421,4.52,-20.0
2021-01-18 09:07:41,4,0.417,4.48,-20.0
2021-01-18 09:07:41,5,0.404,4.51,-20.0
2021-01-18 09:07:41,6,0.41,4.49,-20.0
2021-01-18 09:07:41,7,0.404,4.48,-20.0
2021-01-18 09:07:41,8,0.41,4.51,-20.0
2021-01-18 09:07:41,9,0.413,4.49,-20.0
2021-01-18 09:07:41,10,0.421,4.51,-20.0
2021-01-18 09:07:41,11,0.419,4.46,-20.0
2021-01-18 09:07:41,12,0.417,4.48,-20.0
2021-01-18 09:07:41,13,0.412,4.48,25.7
2021-01-18 09:07:41,14,0.415,4.49,-20.0
2021-01-18 09:07:41,15,0.408,4.51,-20.0
2021-01-18 09:07:41,16,0.424,4.5,-20.0
2021-01-18 09:07:41,17,0.419,4.49,-20.0
2021-01-18 09:07:41,18,0.428,4.49,-20.0
2021-01-18 09:07:41,19,0.434,4.48,-20.0
2021-01-18 09:07:41,20,0.413,4.48,-20.0
2021-01-18 09:07:41,21,0.416,4.49,-20.0
2021-01-18 09:07:41,22,0.417,4.47,-20.0
2021-01-18 09:07:41,23,0.438,4.49,-20.0
2021-01-18 09:07:41,24,0.403,4.5,-20.0
2021-01-18 09:07:41,25,0.416,4.48,24.9
2021-01-18 09:07:41,26,0.418,4.47,-20.0
2021-01-18 09:07:41,27,0.41,4.47,-20.0
2021-01-18 09:07:41,28,0.418,4.46,-20.0
2021-01-18 09:07:41,29,0.4,4.48,-20.0
2021-01-18 09:07:41,30,0.415,4.49,-20.0
2021-01-18 09:07:41,31,0.419,4.46,-20.0
2021-01-18 09:07:41,32,0.404,4.48,-20.0
2021-01-18 09:07:41,33,0.413,4.49,-20.0
2021-01-18 09:07:41,34,0.41,4.48,-20.0
2021-01-18 09:07:41,35,0.406,4.48,-20.0
2021-01-18 09:07:41,36,0.401,4.49,-20.0
2021-01-18 09:07:41,37,0.41,4.48,25.0
2021-01-18 09:07:41,38,0.407,4.5,-20.0
2021-01-18 09:07:41,39,0.411,4.48,-20.0
2021-01-18 09:07:41,40,0.41,4.48,-20.0
2021-01-18 09:07:41,41,0.41,4.5,-20.0
2021-01-18 09:07:41,42,0.401,4.49,-20.0
2021-01-18 09:07:41,43,0.419,4.48,-20.0
2021-01-18 09:07:41,44,0.424,4.49,-20.0
2021-01-18 09:07:41,45,0.415,4.49,-20.0
2021-01-18 09:07:41,46,0.414,4.48,-20.0
2021-01-18 09:07:41,47,0.417,4.49,-20.0
2021-01-18 09:07:41,48,0.419,4.49,-20.0
2021-01-18 09:07:41,49,0.487,4.47,25.4
2021-01-18 09:07:41,50,0.43,4.47,-20.0
2021-01-18 09:07:41,51,0.407,4.45,-20.0
2021-01-18 09:07:41,52,0.418,4.45,-20.0
2021-01-18 09:07:41,53,0.417,4.45,-20.0
2021-01-18 09:07:41,54,0.414,4.47,-20.0
2021-01-18 09:07:41,55,0.429,4.44,-20.0
2021-01-18 09:07:41,56,0.42,4.45,-20.0
2021-01-18 09:07:41,57,0.417,4.44,-20.0
2021-01-18 09:07:41,58,0.404,4.44,-20.0
2021-01-18 09:07:41,59,0.412,4.45,-20.0
2021-01-18 09:07:41,60,0.398,4.46,-20.0
2021-01-18 09:07:41,61,0.414,4.49,25.1
2021-01-18 09:07:41,62,0.404,4.48,-20.0
2021-01-18 09:07:41,63,0.4,4.48,-20.0
2021-01-18 09:07:41,64,0.405,4.47,-20.0
2021-01-18 09:07:41,65,0.404,4.46,-20.0
2021-01-18 09:07:41,66,0.414,4.46,-20.0
2021-01-18 09:07:41,67,0.413,4.44,-20.0
2021-01-18 09:07:41,68,0.407,4.47,-20.0
2021-01-18 09:07:41,69,0.41,4.46,-20.0
2021-01-18 09:07:41,70,0.398,4.47,-20.0
2021-01-18 09:07:41,71,0.408,4.48,-20.0
2021-01-18 09:07:41,72,0.408,4.48,-20.0
2021-01-18 09:07:41,73,0.403,4.52,24.8
2021-01-18 09:07:41,74,0.404,4.49,-20.0
2021-01-18 09:07:41,75,0.426,4.48,-20.0
2021-01-18 09:07:41,76,0.424,4.47,-20.0
2021-01-18 09:07:41,77,0.419,4.53,-20.0
2021-01-18 09:07:41,78,0.41,4.48,-20.0
2021-01-18 09:07:41,79,0.41,4.49,-20.0
2021-01-18 09:07:41,80,0.418,4.5,-20.0
2021-01-18 09:07:41,81,0.42,4.5,-20.0
2021-01-18 09:07:41,82,0.419,4.51,-20.0
2021-01-18 09:07:41,83,0.424,4.49,-20.0
2021-01-18 09:07:41,84,0.421,4.5,-20.0
2021-01-18 09:07:41,85,0.417,4.47,25.6
2021-01-18 09:07:41,86,0.418,4.47,-20.0
2021-01-18 09:07:41,87,0.437,4.48,-20.0
2021-01-18 09:07:41,88,0.401,4.48,-20.0
2021-01-18 09:07:41,89,0.409,4.48,-20.0
2021-01-18 09:07:41,90,0.402,4.48,-20.0
2021-01-18 09:07:41,91,0.412,4.48,-20.0
2021-01-18 09:07:41,92,0.399,4.5,-20.0
2021-01-18 09:07:41,93,0.415,4.49,-20.0
2021-01-18 09:07:41,94,0.418,4.47,-20.0
2021-01-18 09:07:41,95,0.416,4.47,-20.0
2021-01-18 09:07:41,96,0.41,4.5,-20.0
2021-01-18 21:07:05,1,0.417,4.51,25.8
2021-01-18 21:07:05,2,0.413,4.52,-20.0
2021-01-18 21:07:05,3,0.421,4.51,-20.0
2021-01-18 21:07:05,4,0.42,4.48,-20.0
2021-01-18 21:07:05,5,0.403,4.5,-20.0
2021-01-18 21:07:05,6,0.412,4.48,-20.0
2021-01-18 21:07:05,7,0.406,4.48,-20.0
2021-01-18 21:07:05,8,0.41,4.51,-20.0
2021-01-18 21:07:05,9,0.413,4.48,-20.0
2021-01-18 21:07:05,10,0.42,4.5,-20.0
2021-01-18 21:07:05,11,0.419,4.46,-20.0
2021-01-18 21:07:05,12,0.417,4.47,-20.0
2021-01-18 21:07:05,13,0.41,4.48,25.3
2021-01-18 21:07:05,14,0.413,4.49,-20.0
2021-01-18 21:07:05,15,0.405,4.5,-20.0
2021-01-18 21:07:05,16,0.42,4.5,-20.0
2021-01-18 21:07:05,17,0.417,4.49,-20.0
2021-01-18 21:07:05,18,0.422,4.48,-20.0
2021-01-18 21:07:05,19,0.43,4.48,-20.0
2021-01-18 21:07:05,20,0.414,4.48,-20.0
2021-01-18 21:07:05,21,0.418,4.49,-20.0
2021-01-18 21:07:05,22,0.416,4.48,-20.0
2021-01-18 21:07:05,23,0.441,4.48,-20.0
2021-01-18 21:07:05,24,0.407,4.49,-20.0
2021-01-18 21:07:05,25,0.417,4.5,24.5
2021-01-18 21:07:05,26,0.416,4.47,-20.0
2021-01-18 21:07:05,27,0.411,4.47,-20.0
2021-01-18 21:07:05,28,0.421,4.47,-20.0
2021-01-18 21:07:05,29,0.403,4.46,-20.0
2021-01-18 21:07:05,30,0.416,4.49,-20.0
2021-01-18 21:07:05,31,0.417,4.47,-20.0
2021-01-18 21:07:05,32,0.408,4.48,-20.0
2021-01-18 21:07:05,33,0.412,4.49,-20.0
2021-01-18 21:07:05,34,0.411,4.48,-20.0
2021-01-18 21:07:05,35,0.408,4.47,-20.0
2021-01-18 21:07:05,36,0.402,4.49,-20.0
2021-01-18 21:07:05,37,0.415,4.48,24.6
2021-01-18 21:07:05,38,0.41,4.49,-20.0
2021-01-18 21:07:05,39,0.412,4.47,-20.0
2021-01-18 21:07:05,40,0.412,4.49,-20.0
2021-01-18 21:07:05,41,0.412,4.49,-20.0
2021-01-18 21:07:05,42,0.404,4.48,-20.0
2021-01-18 21:07:05,43,0.418,4.48,-20.0
2021-01-18 21:07:05,44,0.426,4.49,-20.0
2021-01-18 21:07:05,45,0.419,4.49,-20.0
2021-01-18 21:07:05,46,0.416,4.48,-20.0
2021-01-18 21:07:05,47,0.42,4.49,-20.0
2021-01-18 21:07:05,48,0.422,4.49,-20.0
2021-01-18 21:07:05,49,0.485,4.47,25.0
2021-01-18 21:07:05,50,0.425,4.46,-20.0
2021-01-18 21:07:05,51,0.407,4.46,-20.0
2021-01-18 21:07:05,52,0.417,4.45,-20.0
2021-01-18 21:07:05,53,0.416,4.45,-20.0
2021-01-18 21:07:05,54,0.415,4.47,-20.0
2021-01-18 21:07:05,55,0.428,4.45,-20.0
2021-01-18 21:07:05,56,0.419,4.45,-20.0
2021-01-18 21:07:05,57,0.42,4.44,-20.0
2021-01-18 21:07:05,58,0.407,4.44,-20.0
2021-01-18 21:07:05,59,0.414,4.45,-20.0
2021-01-18 21:07:05,60,0.407,4.46,-20.0
2021-01-18 21:07:05,61,0.415,4.48,24.6
2021-01-18 21:07:05,62,0.406,4.48,-20.0
2021-01-18 21:07:05,63,0.404,4.48,-20.0
2021-01-18 21:07:05,64,0.407,4.46,-20.0
2021-01-18 21:07:05,65,0.404,4.46,-20.0
2021-01-18 21:07:05,66,0.414,4.46,-20.0
2021-01-18 21:07:05,67,0.412,4.44,-20.0
2021-01-18 21:07:05,68,0.41,4.47,-20.0
2021-01-18 21:07:05,69,0.412,4.46,-20.0
2021-01-18 21:07:05,70,0.404,4.47,-20.0
2021-01-18 21:07:05,71,0.408,4.47,-20.0
2021-01-18 21:07:05,72,0.408,4.48,-20.0
2021-01-18 21:07:05,73,0.406,4.52,24.6
2021-01-18 21:07:05,74,0.404,4.49,-20.0
2021-01-18 21:07:05,75,0.426,4.48,-20.0
2021-01-18 21:07:05,76,0.425,4.46,-20.0
2021-01-18 21:07:05,77,0.42,4.51,-20.0
2021-01-18 21:07:05,78,0.407,4.48,-20.0
2021-01-18 21:07:05,79,0.411,4.49,-20.0
2021-01-18 21:07:05,80,0.42,4.5,-20.0
2021-01-18 21:07:05,81,0.421,4.5,-20.0
2021-01-18 21:07:05,82,0.421,4.51,-20.0
2021-01-18 21:07:05,83,0.425,4.5,-20.0
2021-01-18 21:07:05,84,0.421,4.5,-20.0
2021-01-18 21:07:05,85,0.418,4.48,25.4
2021-01-18 21:07:05,86,0.416,4.48,-20.0
2021-01-18 21:07:05,87,0.438,4.47,-20.0
2021-01-18 21:07:05,88,0.401,4.48,-20.0
2021-01-18 21:07:05,89,0.409,4.49,-20.0
2021-01-18 21:07:05,90,0.403,4.47,-20.0
2021-01-18 21:07:05,91,0.413,4.47,-20.0
2021-01-18 21:07:05,92,0.398,4.49,-20.0
2021-01-18 21:07:05,93,0.416,4.49,-20.0
2021-01-18 21:07:05,94,0.419,4.48,-20.0
2021-01-18 21:07:05,95,0.416,4.47,-20.0
2021-01-18 21:07:05,96,0.407,4.49,-20.0
2021-01-19 09:06:40,1,0.419,4.49,25.7
2021-01-19 09:06:40,2,0.416,4.52,-20.0
2021-01-19 09:06:40,3,0.422,4.51,-20.0
2021-01-19 09:06:40,4,0.422,4.49,-20.0
2021-01-19 09:06:40,5,0.406,4.52,-20.0
2021-01-19 09:06:40,6,0.417,4.49,-20.0
2021-01-19 09:06:40,7,0.41,4.48,-20.0
2021-01-19 09:06:40,8,0.41,4.51,-20.0
2021-01-19 09:06:40,9,0.414,4.49,-20.0
2021-01-19 09:06:40,10,0.421,4.5,-20.0
2021-01-19 09:06:40,11,0.419,4.46,-20.0
2021-01-19 09:06:40,12,0.419,4.47,-20.0
2021-01-19 09:06:40,13,0.411,4.48,25.1
2021-01-19 09:06:40,14,0.413,4.49,-20.0
2021-01-19 09:06:40,15,0.406,4.52,-20.0
2021-01-19 09:06:40,16,0.424,4.5,-20.0
2021-01-19 09:06:40,17,0.418,4.49,-20.0
2021-01-19 09:06:40,18,0.423,4.5,-20.0
2021-01-19 09:06:40,19,0.434,4.48,-20.0
2021-01-19 09:06:40,20,0.414,4.49,-20.0
2021-01-19 09:06:40,21,0.421,4.49,-20.0
2021-01-19 09:06:40,22,0.419,4.48,-20.0
2021-01-19 09:06:40,23,0.443,4.49,-20.0
2021-01-19 09:06:40,24,0.41,4.49,-20.0
2021-01-19 09:06:40,25,0.416,4.49,24.2
2021-01-19 09:06:40,26,0.416,4.47,-20.0
2021-01-19 09:06:40,27,0.415,4.46,-20.0
2021-01-19 09:06:40,28,0.419,4.47,-20.0
2021-01-19 09:06:40,29,0.409,4.46,-20.0
2021-01-19 09:06:40,30,0.418,4.48,-20.0
2021-01-19 09:06:40,31,0.419,4.48,-20.0
2021-01-19 09:06:40,32,0.409,4.48,-20.0
2021-01-19 09:06:40,33,0.413,4.49,-20.0
2021-01-19 09:06:40,34,0.412,4.49,-20.0
2021-01-19 09:06:40,35,0.409,4.48,-20.0
2021-01-19 09:06:40,36,0.402,4.49,-20.0
2021-01-19 09:06:40,37,0.414,4.48,24.4
2021-01-19 09:06:40,38,0.412,4.49,-20.0
2021-01-19 09:06:40,39,0.415,4.48,-20.0
2021-01-19 09:06:40,40,0.412,4.49,-20.0
2021-01-19 09:06:40,41,0.413,4.49,-20.0
2021-01-19 09:06:40,42,0.408,4.49,-20.0
2021-01-19 09:06:40,43,0.417,4.49,-20.0
2021-01-19 09:06:40,44,0.427,4.49,-20.0
2021-01-19 09:06:40,45,0.42,4.49,-20.0
2021-01-19 09:06:40,46,0.417,4.48,-20.0
2021-01-19 09:06:40,47,0.423,4.49,-20.0
2021-01-19 09:06:40,48,0.425,4.49,-20.0
2021-01-19 09:06:40,49,0.479,4.46,24.9
2021-01-19 09:06:40,50,0.426,4.46,-20.0
2021-01-19 09:06:40,51,0.408,4.47,-20.0
2021-01-19 09:06:40,52,0.414,4.45,-20.0
2021-01-19 09:06:40,53,0.413,4.45,-20.0
2021-01-19 09:06:40,54,0.413,4.47,-20.0
2021-01-19 09:06:40,55,0.408,4.44,-20.0
2021-01-19 09:06:40,56,0.421,4.44,-20.0
2021-01-19 09:06:40,57,0.42,4.44,-20.0
2021-01-19 09:06:40,58,0.412,4.44,-20.0
2021-01-19 09:06:40,59,0.414,4.45,-20.0
2021-01-19 09:06:40,60,0.408,4.46,-20.0
2021-01-19 09:06:40,61,0.415,4.47,24.6
2021-01-19 09:06:40,62,0.408,4.48,-20.0
2021-01-19 09:06:40,63,0.407,4.47,-20.0
2021-01-19 09:06:40,64,0.407,4.47,-20.0
2021-01-19 09:06:40,65,0.408,4.46,-20.0
2021-01-19 09:06:40,66,0.416,4.45,-20.0
2021-01-19 09:06:40,67,0.412,4.44,-20.0
2021-01-19 09:06:40,68,0.413,4.47,-20.0
2021-01-19 09:06:40,69,0.413,4.46,-20.0
2021-01-19 09:06:40,70,0.407,4.46,-20.0
2021-01-19 09:06:40,71,0.409,4.48,-20.0
2021-01-19 09:06:40,72,0.405,4.48,-20.0
2021-01-19 09:06:40,73,0.411,4.51,24.4
2021-01-19 09:06:40,74,0.405,4.48,-20.0
2021-01-19 09:06:40,75,0.424,4.47,-20.0
2021-01-19 09:06:40,76,0.424,4.46,-20.0
2021-01-19 09:06:40,77,0.425,4.52,-20.0
2021-01-19 09:06:40,78,0.409,4.48,-20.0
2021-01-19 09:06:40,79,0.412,4.48,-20.0
2021-01-19 09:06:40,80,0.421,4.51,-20.0
2021-01-19 09:06:40,81,0.424,4.5,-20.0
2021-01-19 09:06:40,82,0.424,4.5,-20.0
2021-01-19 09:06:40,83,0.426,4.49,-20.0
2021-01-19 09:06:40,84,0.421,4.5,-20.0
2021-01-19 09:06:40,85,0.416,4.47,25.3
2021-01-19 09:06:40,86,0.417,4.47,-20.0
2021-01-19 09:06:40,87,0.439,4.48,-20.0
2021-01-19 09:06:40,88,0.401,4.47,-20.0
2021-01-19 09:06:40,89,0.41,4.48,-20.0
2021-01-19 09:06:40,90,0.406,4.47,-20.0
2021-01-19 09:06:40,91,0.412,4.47,-20.0
2021-01-19 09:06:40,92,0.398,4.49,-20.0
2021-01-19 09:06:40,93,0.416,4.5,-20.0
2021-01-19 09:06:40,94,0.419,4.47,-20.0
2021-01-19 09:06:40,95,0.416,4.46,-20.0
2021-01-19 09:06:40,96,0.411,4.5,-20.0
2021-01-19 21:06:13,1,0.414,4.51,25.8
2021-01-19 21:06:13,2,0.416,4.51,-20.0
2021-01-19 21:06:13,3,0.416,4.51,-20.0
2021-01-19 21:06:13,4,0.421,4.48,-20.0
2021-01-19 21:06:13,5,0.408,4.52,-20.0
2021-01-19 21:06:13,6,0.416,4.49,-20.0
2021-01-19 21:06:13,7,0.408,4.49,-20.0
2021-01-19 21:06:13,8,0.407,4.5,-20.0
2021-01-19 21:06:13,9,0.415,4.49,-20.0
2021-01-19 21:06:13,10,0.419,4.5,-20.0
2021-01-19 21:06:13,11,0.419,4.46,-20.0
2021-01-19 21:06:13,12,0.414,4.47,-20.0
2021-01-19 21:06:13,13,0.412,4.49,25.3
2021-01-19 21:06:13,14,0.411,4.49,-20.0
2021-01-19 21:06:13,15,0.404,4.51,-20.0
2021-01-19 21:06:13,16,0.424,4.5,-20.0
2021-01-19 21:06:13,17,0.417,4.48,-20.0
2021-01-19 21:06:13,18,0.428,4.5,-20.0
2021-01-19 21:06:13,19,0.435,4.48,-20.0
2021-01-19 21:06:13,20,0.411,4.48,-20.0
2021-01-19 21:06:13,21,0.422,4.49,-20.0
2021-01-19 21:06:13,22,0.419,4.47,-20.0
2021-01-19 21:06:13,23,0.445,4.49,-20.0
2021-01-19 21:06:13,24,0.412,4.49,-20.0
2021-01-19 21:06:13,25,0.415,4.5,24.4
2021-01-19 21:06:13,26,0.419,4.46,-20.0
2021-01-19 21:06:13,27,0.418,4.46,-20.0
2021-01-19 21:06:13,28,0.421,4.46,-20.0
2021-01-19 21:06:13,29,0.411,4.48,-20.0
2021-01-19 21:06:13,30,0.417,4.5,-20.0
2021-01-19 21:06:13,31,0.422,4.47,-20.0
2021-01-19 21:06:13,32,0.415,4.49,-20.0
2021-01-19 21:06:13,33,0.413,4.49,-20.0
2021-01-19 21:06:13,34,0.414,4.49,-20.0
2021-01-19 21:06:13,35,0.408,4.48,-20.0
2021-01-19 21:06:13,36,0.404,4.49,-20.0
2021-01-19 21:06:13,37,0.415,4.48,24.7
2021-01-19 21:06:13,38,0.415,4.5,-20.0
2021-01-19 21:06:13,39,0.417,4.49,-20.0
2021-01-19 21:06:13,40,0.413,4.48,-20.0
2021-01-19 21:06:13,41,0.417,4.5,-20.0
2021-01-19 21:06:13,42,0.41,4.49,-20.0
2021-01-19 21:06:13,43,0.419,4.49,-20.0
2021-01-19 21:06:13,44,0.427,4.49,-20.0
2021-01-19 21:06:13,45,0.418,4.48,-20.0
2021-01-19 21:06:13,46,0.418,4.48,-20.0
2021-01-19 21:06:13,47,0.425,4.49,-20.0
2021-01-19 21:06:13,48,0.426,4.48,-20.0
2021-01-19 21:06:13,49,0.476,4.46,25.0
2021-01-19 21:06:13,50,0.424,4.47,-20.0
2021-01-19 21:06:13,51,0.408,4.46,-20.0
2021-01-19 21:06:13,52,0.415,4.46,-20.0
2021-01-19 21:06:13,53,0.415,4.46,-20.0
2021-01-19 21:06:13,54,0.415,4.48,-20.0
2021-01-19 21:06:13,55,0.414,4.44,-20.0
2021-01-19 21:06:13,56,0.424,4.44,-20.0
2021-01-19 21:06:13,57,0.42,4.44,-20.0
2021-01-19 21:06:13,58,0.417,4.44,-20.0
2021-01-19 21:06:13,59,0.417,4.45,-20.0
2021-01-19 21:06:13,60,0.414,4.46,-20.0
2021-01-19 21:06:13,61,0.414,4.48,24.7
2021-01-19 21:06:13,62,0.409,4.47,-20.0
2021-01-19 21:06:13,63,0.408,4.47,-20.0
2021-01-19 21:06:13,64,0.408,4.47,-20.0
2021-01-19 21:06:13,65,0.406,4.46,-20.0
2021-01-19 21:06:13,66,0.418,4.46,-20.0
2021-01-19 21:06:13,67,0.416,4.44,-20.0
2021-01-19 21:06:13,68,0.413,4.47,-20.0
2021-01-19 21:06:13,69,0.415,4.46,-20.0
2021-01-19 21:06:13,70,0.411,4.47,-20.0
2021-01-19 21:06:13,71,0.411,4.47,-20.0
2021-01-19 21:06:13,72,0.406,4.48,-20.0
2021-01-19 21:06:13,73,0.411,4.53,24.4
2021-01-19 21:06:13,74,0.405,4.49,-20.0
2021-01-19 21:06:13,75,0.426,4.48,-20.0
2021-01-19 21:06:13,76,0.425,4.45,-20.0
2021-01-19 21:06:13,77,0.422,4.52,-20.0
2021-01-19 21:06:13,78,0.407,4.48,-20.0
2021-01-19 21:06:13,79,0.412,4.48,-20.0
2021-01-19 21:06:13,80,0.423,4.5,-20.0
2021-01-19 21:06:13,81,0.423,4.5,-20.0
2021-01-19 21:06:13,82,0.424,4.51,-20.0
2021-01-19 21:06:13,83,0.426,4.49,-20.0
2021-01-19 21:06:13,84,0.42,4.49,-20.0
2021-01-19 21:06:13,85,0.418,4.48,25.4
2021-01-19 21:06:13,86,0.415,4.47,-20.0
2021-01-19 21:06:13,87,0.44,4.47,-20.0
2021-01-19 21:06:13,88,0.401,4.48,-20.0
2021-01-19 21:06:13,89,0.406,4.49,-20.0
2021-01-19 21:06:13,90,0.402,4.48,-20.0
2021-01-19 21:06:13,91,0.41,4.48,-20.0
2021-01-19 21:06:13,92,0.395,4.49,-20.0
2021-01-19 21:06:13,93,0.413,4.49,-20.0
2021-01-19 21:06:13,94,0.417,4.47,-20.0
2021-01-19 21:06:13,95,0.417,4.46,-20.0
2021-01-19 21:06:13,96,0.414,4.49,-20.0
2021-01-20 09:05:46,1,0.415,4.5,25.8
2021-01-20 09:05:46,2,0.416,4.51,-20.0
2021-01-20 09:05:46,3,0.419,4.52,-20.0
2021-01-20 09:05:46,4,0.421,4.49,-20.0
2021-01-20 09:05:46,5,0.405,4.5,-20.0
2021-01-20 09:05:46,6,0.419,4.48,-20.0
2021-01-20 09:05:46,7,0.407,4.48,-20.0
2021-01-20 09:05:46,8,0.407,4.5,-20.0
2021-01-20 09:05:46,9,0.413,4.48,-20.0
2021-01-20 09:05:46,10,0.419,4.51,-20.0
2021-01-20 09:05:46,11,0.42,4.46,-20.0
2021-01-20 09:05:46,12,0.416,4.47,-20.0
2021-01-20 09:05:46,13,0.412,4.48,25.4
2021-01-20 09:05:46,14,0.414,4.5,-20.0
2021-01-20 09:05:46,15,0.406,4.51,-20.0
2021-01-20 09:05:46,16,0.421,4.51,-20.0
2021-01-20 09:05:46,17,0.415,4.48,-20.0
2021-01-20 09:05:46,18,0.429,4.5,-20.0
2021-01-20 09:05:46,19,0.434,4.49,-20.0
2021-01-20 09:05:46,20,0.412,4.48,-20.0
2021-01-20 09:05:46,21,0.42,4.49,-20.0
2021-01-20 09:05:46,22,0.419,4.48,-20.0
2021-01-20 09:05:46,23,0.444,4.48,-20.0
2021-01-20 09:05:46,24,0.412,4.49,-20.0
2021-01-20 09:05:46,25,0.418,4.49,24.4
2021-01-20 09:05:46,26,0.419,4.48,-20.0
2021-01-20 09:05:46,27,0.421,4.46,-20.0
2021-01-20 09:05:46,28,0.423,4.47,-20.0
2021-01-20 09:05:46,29,0.416,4.46,-20.0
2021-01-20 09:05:46,30,0.417,4.48,-20.0
2021-01-20 09:05:46,31,0.422,4.47,-20.0
2021-01-20 09:05:46,32,0.416,4.49,-20.0
2021-01-20 09:05:46,33,0.414,4.49,-20.0
2021-01-20 09:05:46,34,0.415,4.48,-20.0
2021-01-20 09:05:46,35,0.406,4.48,-20.0
2021-01-20 09:05:46,36,0.402,4.49,-20.0
2021-01-20 09:05:46,37,0.412,4.48,24.5
2021-01-20 09:05:46,38,0.416,4.5,-20.0
2021-01-20 09:05:46,39,0.415,4.48,-20.0
2021-01-20 09:05:46,40,0.414,4.48,-20.0
2021-01-20 09:05:46,41,0.415,4.5,-20.0
2021-01-20 09:05:46,42,0.386,4.48,-20.0
2021-01-20 09:05:46,43,0.402,4.49,-20.0
2021-01-20 09:05:46,44,0.41,4.49,-20.0
2021-01-20 09:05:46,45,0.417,4.49,-20.0
2021-01-20 09:05:46,46,0.416,4.49,-20.0
2021-01-20 09:05:46,47,0.409,4.49,-20.0
2021-01-20 09:05:46,48,0.41,4.49,-20.0
2021-01-20 09:05:46,49,0.483,4.47,24.9
2021-01-20 09:05:46,50,0.428,4.47,-20.0
2021-01-20 09:05:46,51,0.408,4.46,-20.0
2021-01-20 09:05:46,52,0.418,4.45,-20.0
2021-01-20 09:05:46,53,0.417,4.45,-20.0
2021-01-20 09:05:46,54,0.415,4.48,-20.0
2021-01-20 09:05:46,55,0.416,4.44,-20.0
2021-01-20 09:05:46,56,0.422,4.45,-20.0
2021-01-20 09:05:46,57,0.419,4.44,-20.0
2021-01-20 09:05:46,58,0.42,4.44,-20.0
2021-01-20 09:05:46,59,0.419,4.45,-20.0
2021-01-20 09:05:46,60,0.411,4.46,-20.0
2021-01-20 09:05:46,61,0.415,4.48,24.8
2021-01-20 09:05:46,62,0.406,4.48,-20.0
2021-01-20 09:05:46,63,0.409,4.48,-20.0
2021-01-20 09:05:46,64,0.409,4.47,-20.0
2021-01-20 09:05:46,65,0.407,4.46,-20.0
2021-01-20 09:05:46,66,0.419,4.46,-20.0
2021-01-20 09:05:46,67,0.413,4.44,-20.0
2021-01-20 09:05:46,68,0.415,4.47,-20.0
2021-01-20 09:05:46,69,0.415,4.45,-20.0
2021-01-20 09:05:46,70,0.412,4.47,-20.0
2021-01-20 09:05:46,71,0.413,4.48,-20.0
2021-01-20 09:05:46,72,0.411,4.48,-20.0
2021-01-20 09:05:46,73,0.413,4.52,24.6
2021-01-20 09:05:46,74,0.404,4.49,-20.0
2021-01-20 09:05:46,75,0.427,4.48,-20.0
2021-01-20 09:05:46,76,0.427,4.46,-20.0
2021-01-20 09:05:46,77,0.424,4.52,-20.0
2021-01-20 09:05:46,78,0.405,4.48,-20.0
2021-01-20 09:05:46,79,0.413,4.49,-20.0
2021-01-20 09:05:46,80,0.418,4.51,-20.0
2021-01-20 09:05:46,81,0.423,4.5,-20.0
2021-01-20 09:05:46,82,0.424,4.51,-20.0
2021-01-20 09:05:46,83,0.426,4.5,-20.0
2021-01-20 09:05:46,84,0.421,4.49,-20.0
2021-01-20 09:05:46,85,0.418,4.48,25.4
2021-01-20 09:05:46,86,0.417,4.47,-20.0
2021-01-20 09:05:46,87,0.443,4.47,-20.0
2021-01-20 09:05:46,88,0.403,4.48,-20.0
2021-01-20 09:05:46,89,0.405,4.49,-20.0
2021-01-20 09:05:46,90,0.402,4.47,-20.0
2021-01-20 09:05:46,91,0.411,4.48,-20.0
2021-01-20 09:05:46,92,0.396,4.5,-20.0
2021-01-20 09:05:46,93,0.416,4.49,-20.0
2021-01-20 09:05:46,94,0.419,4.47,-20.0
2021-01-20 09:05:46,95,0.419,4.47,-20.0
2021-01-20 09:05:46,96,0.414,4.49,-20.0
2021-01-20 21:05:17,1,0.415,4.51,25.9
2021-01-20 21:05:17,2,0.415,4.51,-20.0
2021-01-20 21:05:17,3,0.418,4.52,-20.0
2021-01-20 21:05:17,4,0.421,4.49,-20.0
2021-01-20 21:05:17,5,0.404,4.5,-20.0
2021-01-20 21:05:17,6,0.417,4.49,-20.0
2021-01-20 21:05:17,7,0.407,4.48,-20.0
2021-01-20 21:05:17,8,0.407,4.49,-20.0
2021-01-20 21:05:17,9,0.413,4.49,-20.0
2021-01-20 21:05:17,10,0.418,4.51,-20.0
2021-01-20 21:05:17,11,0.418,4.47,-20.0
2021-01-20 21:05:17,12,0.416,4.47,-20.0
2021-01-20 21:05:17,13,0.412,4.48,25.5
2021-01-20 21:05:17,14,0.416,4.49,-20.0
2021-01-20 21:05:17,15,0.409,4.5,-20.0
2021-01-20 21:05:17,16,0.423,4.51,-20.0
2021-01-20 21:05:17,17,0.413,4.49,-20.0
2021-01-20 21:05:17,18,0.428,4.5,-20.0
2021-01-20 21:05:17,19,0.435,4.48,-20.0
2021-01-20 21:05:17,20,0.412,4.47,-20.0
2021-01-20 21:05:17,21,0.419,4.49,-20.0
2021-01-20 21:05:17,22,0.418,4.48,-20.0
2021-01-20 21:05:17,23,0.445,4.48,-20.0
2021-01-20 21:05:17,24,0.41,4.49,-20.0
2021-01-20 21:05:17,25,0.418,4.48,24.8
2021-01-20 21:05:17,26,0.417,4.47,-20.0
2021-01-20 21:05:17,27,0.421,4.47,-20.0
2021-01-20 21:05:17,28,0.423,4.46,-20.0
2021-01-20 21:05:17,29,0.417,4.48,-20.0
2021-01-20 21:05:17,30,0.42,4.48,-20.0
2021-01-20 21:05:17,31,0.423,4.47,-20.0
2021-01-20 21:05:17,32,0.415,4.49,-20.0
2021-01-20 21:05:17,33,0.416,4.49,-20.0
2021-01-20 21:05:17,34,0.417,4.49,-20.0
2021-01-20 21:05:17,35,0.407,4.48,-20.0
2021-01-20 21:05:17,36,0.402,4.49,-20.0
2021-01-20 21:05:17,37,0.412,4.48,24.9
2021-01-20 21:05:17,38,0.414,4.51,-20.0
2021-01-20 21:05:17,39,0.416,4.49,-20.0
2021-01-20 21:05:17,40,0.415,4.49,-20.0
2021-01-20 21:05:17,41,0.415,4.49,-20.0
2021-01-20 21:05:17,42,0.393,4.48,-20.0
2021-01-20 21:05:17,43,0.406,4.48,-20.0
2021-01-20 21:05:17,44,0.417,4.49,-20.0
2021-01-20 21:05:17,45,0.42,4.49,-20.0
2021-01-20 21:05:17,46,0.414,4.48,-20.0
2021-01-20 21:05:17,47,0.411,4.49,-20.0
2021-01-20 21:05:17,48,0.41,4.49,-20.0
2021-01-20 21:05:17,49,0.484,4.47,25.2
2021-01-20 21:05:17,50,0.431,4.47,-20.0
2021-01-20 21:05:17,51,0.412,4.46,-20.0
2021-01-20 21:05:17,52,0.418,4.45,-20.0
2021-01-20 21:05:17,53,0.416,4.46,-20.0
2021-01-20 21:05:17,54,0.414,4.47,-20.0
2021-01-20 21:05:17,55,0.421,4.45,-20.0
2021-01-20 21:05:17,56,0.421,4.45,-20.0
2021-01-20 21:05:17,57,0.42,4.44,-20.0
2021-01-20 21:05:17,58,0.417,4.44,-20.0
2021-01-20 21:05:17,59,0.415,4.45,-20.0
2021-01-20 21:05:17,60,0.416,4.46,-20.0
2021-01-20 21:05:17,61,0.414,4.48,24.9
2021-01-20 21:05:17,62,0.408,4.47,-20.0
2021-01-20 21:05:17,63,0.412,4.48,-20.0
2021-01-20 21:05:17,64,0.41,4.47,-20.0
2021-01-20 21:05:17,65,0.412,4.46,-20.0
2021-01-20 21:05:17,66,0.417,4.47,-20.0
2021-01-20 21:05:17,67,0.414,4.44,-20.0
2021-01-20 21:05:17,68,0.416,4.47,-20.0
2021-01-20 21:05:17,69,0.414,4.45,-20.0
2021-01-20 21:05:17,70,0.409,4.47,-20.0
2021-01-20 21:05:17,71,0.411,4.48,-20.0
2021-01-20 21:05:17,72,0.409,4.48,-20.0
2021-01-20 21:05:17,73,0.412,4.52,24.7
2021-01-20 21:05:17,74,0.406,4.49,-20.0
2021-01-20 21:05:17,75,0.427,4.48,-20.0
2021-01-20 21:05:17,76,0.423,4.46,-20.0
2021-01-20 21:05:17,77,0.421,4.52,-20.0
2021-01-20 21:05:17,78,0.402,4.49,-20.0
2021-01-20 21:05:17,79,0.409,4.49,-20.0
2021-01-20 21:05:17,80,0.416,4.51,-20.0
2021-01-20 21:05:17,81,0.421,4.5,-20.0
2021-01-20 21:05:17,82,0.422,4.5,-20.0
2021-01-20 21:05:17,83,0.423,4.5,-20.0
2021-01-20 21:05:17,84,0.419,4.5,-20.0
2021-01-20 21:05:17,85,0.418,4.48,25.5
2021-01-20 21:05:17,86,0.417,4.47,-20.0
2021-01-20 21:05:17,87,0.443,4.48,-20.0
2021-01-20 21:05:17,88,0.403,4.48,-20.0
2021-01-20 21:05:17,89,0.408,4.48,-20.0
2021-01-20 21:05:17,90,0.405,4.47,-20.0
2021-01-20 21:05:17,91,0.411,4.47,-20.0
2021-01-20 21:05:17,92,0.398,4.5,-20.0
2021-01-20 21:05:17,93,0.418,4.5,-20.0
2021-01-20 21:05:17,94,0.418,4.46,-20.0
2021-01-20 21:05:17,95,0.416,4.47,-20.0
2021-01-20 21:05:17,96,0.41,4.49,-20.0
2021-01-21 09:04:48,1,0.415,4.51,25.9
2021-01-21 09:04:48,2,0.414,4.52,-20.0
2021-01-21 09:04:48,3,0.418,4.52,-20.0
2021-01-21 09:04:48,4,0.421,4.48,-20.0
2021-01-21 09:04:48,5,0.402,4.5,-20.0
2021-01-21 09:04:48,6,0.418,4.49,-20.0
2021-01-21 09:04:48,7,0.409,4.48,-20.0
2021-01-21 09:04:48,8,0.406,4.5,-20.0
2021-01-21 09:04:48,9,0.412,4.48,-20.0
2021-01-21 09:04:48,10,0.42,4.51,-20.0
2021-01-21 09:04:48,11,0.419,4.46,-20.0
2021-01-21 09:04:48,12,0.42,4.47,-20.0
2021-01-21 09:04:48,13,0.411,4.49,25.6
2021-01-21 09:04:48,14,0.414,4.48,-20.0
2021-01-21 09:04:48,15,0.407,4.5,-20.0
2021-01-21 09:04:48,16,0.423,4.51,-20.0
2021-01-21 09:04:48,17,0.416,4.48,-20.0
2021-01-21 09:04:48,18,0.43,4.5,-20.0
2021-01-21 09:04:48,19,0.438,4.48,-20.0
2021-01-21 09:04:48,20,0.414,4.48,-20.0
2021-01-21 09:04:48,21,0.417,4.49,-20.0
2021-01-21 09:04:48,22,0.419,4.48,-20.0
2021-01-21 09:04:48,23,0.446,4.49,-20.0
2021-01-21 09:04:48,24,0.411,4.48,-20.0
2021-01-21 09:04:48,25,0.416,4.49,24.8
2021-01-21 09:04:48,26,0.422,4.47,-20.0
2021-01-21 09:04:48,27,0.418,4.46,-20.0
2021-01-21 09:04:48,28,0.419,4.47,-20.0
2021-01-21 09:04:48,29,0.415,4.47,-20.0
2021-01-21 09:04:48,30,0.421,4.48,-20.0
2021-01-21 09:04:48,31,0.421,4.48,-20.0
2021-01-21 09:04:48,32,0.415,4.49,-20.0
2021-01-21 09:04:48,33,0.413,4.49,-20.0
2021-01-21 09:04:48,34,0.416,4.48,-20.0
2021-01-21 09:04:48,35,0.405,4.48,-20.0
2021-01-21 09:04:48,36,0.401,4.49,-20.0
2021-01-21 09:04:48,37,0.415,4.49,24.9
2021-01-21 09:04:48,38,0.418,4.5,-20.0
2021-01-21 09:04:48,39,0.409,4.48,-20.0
2021-01-21 09:04:48,40,0.413,4.49,-20.0
2021-01-21 09:04:48,41,0.412,4.5,-20.0
2021-01-21 09:04:48,42,0.376,4.48,-20.0
2021-01-21 09:04:48,43,0.395,4.49,-20.0
2021-01-21 09:04:48,44,0.41,4.48,-20.0
2021-01-21 09:04:48,45,0.418,4.48,-20.0
2021-01-21 09:04:48,46,0.411,4.47,-20.0
2021-01-21 09:04:48,47,0.409,4.48,-20.0
2021-01-21 09:04:48,48,0.414,4.49,-20.0
2021-01-21 09:04:48,49,0.486,4.46,25.2
2021-01-21 09:04:48,50,0.427,4.47,-20.0
2021-01-21 09:04:48,51,0.412,4.47,-20.0
2021-01-21 09:04:48,52,0.421,4.45,-20.0
2021-01-21 09:04:48,53,0.415,4.45,-20.0
2021-01-21 09:04:48,54,0.414,4.47,-20.0
2021-01-21 09:04:48,55,0.421,4.44,-20.0
2021-01-21 09:04:48,56,0.418,4.44,-20.0
2021-01-21 09:04:48,57,0.418,4.44,-20.0
2021-01-21 09:04:48,58,0.419,4.43,-20.0
2021-01-21 09:04:48,59,0.416,4.46,-20.0
2021-01-21 09:04:48,60,0.421,4.46,-20.0
2021-01-21 09:04:48,61,0.413,4.48,24.9
2021-01-21 09:04:48,62,0.406,4.48,-20.0
2021-01-21 09:04:48,63,0.414,4.48,-20.0
2021-01-21 09:04:48,64,0.409,4.46,-20.0
2021-01-21 09:04:48,65,0.41,4.46,-20.0
2021-01-21 09:04:48,66,0.417,4.46,-20.0
2021-01-21 09:04:48,67,0.411,4.44,-20.0
2021-01-21 09:04:48,68,0.419,4.47,-20.0
2021-01-21 09:04:48,69,0.417,4.46,-20.0
2021-01-21 09:04:48,70,0.41,4.47,-20.0
2021-01-21 09:04:48,71,0.413,4.47,-20.0
2021-01-21 09:04:48,72,0.411,4.47,-20.0
2021-01-21 09:04:48,73,0.412,4.52,24.7
2021-01-21 09:04:48,74,0.406,4.49,-20.0
2021-01-21 09:04:48,75,0.425,4.48,-20.0
2021-01-21 09:04:48,76,0.423,4.46,-20.0
2021-01-21 09:04:48,77,0.421,4.52,-20.0
2021-01-21 09:04:48,78,0.406,4.48,-20.0
2021-01-21 09:04:48,79,0.411,4.49,-20.0
2021-01-21 09:04:48,80,0.414,4.51,-20.0
2021-01-21 09:04:48,81,0.418,4.5,-20.0
2021-01-21 09:04:48,82,0.421,4.51,-20.0
2021-01-21 09:04:48,83,0.424,4.49,-20.0
2021-01-21 09:04:48,84,0.422,4.5,-20.0
2021-01-21 09:04:48,85,0.419,4.47,25.5
2021-01-21 09:04:48,86,0.418,4.48,-20.0
2021-01-21 09:04:48,87,0.444,4.47,-20.0
2021-01-21 09:04:48,88,0.401,4.47,-20.0
2021-01-21 09:04:48,89,0.409,4.49,-20.0
2021-01-21 09:04:48,90,0.407,4.47,-20.0
2021-01-21 09:04:48,91,0.412,4.48,-20.0
2021-01-21 09:04:48,92,0.396,4.5,-20.0
2021-01-21 09:04:48,93,0.418,4.5,-20.0
2021-01-21 09:04:48,94,0.418,4.48,-20.0
2021-01-21 09:04:48,95,0.418,4.47,-20.0
2021-01-21 09:04:48,96,0.413,4.5,-20.0
2021-01-21 21:04:09,1,0.416,4.51,25.9
2021-01-21 21:04:09,2,0.414,4.52,-20.0
2021-01-21 21:04:09,3,0.417,4.52,-20.0
2021-01-21 21:04:09,4,0.42,4.49,-20.0
2021-01-21 21:04:09,5,0.405,4.51,-20.0
2021-01-21 21:04:09,6,0.417,4.49,-20.0
2021-01-21 21:04:09,7,0.409,4.48,-20.0
2021-01-21 21:04:09,8,0.409,4.51,-20.0
2021-01-21 21:04:09,9,0.41,4.48,-20.0
2021-01-21 21:04:09,10,0.419,4.51,-20.0
2021-01-21 21:04:09,11,0.419,4.47,-20.0
2021-01-21 21:04:09,12,0.42,4.47,-20.0
2021-01-21 21:04:09,13,0.413,4.49,25.6
2021-01-21 21:04:09,14,0.413,4.49,-20.0
2021-01-21 21:04:09,15,0.406,4.51,-20.0
2021-01-21 21:04:09,16,0.424,4.51,-20.0
2021-01-21 21:04:09,17,0.416,4.49,-20.0
2021-01-21 21:04:09,18,0.431,4.5,-20.0
2021-01-21 21:04:09,19,0.438,4.48,-20.0
2021-01-21 21:04:09,20,0.412,4.49,-20.0
2021-01-21 21:04:09,21,0.416,4.49,-20.0
2021-01-21 21:04:09,22,0.418,4.47,-20.0
2021-01-21 21:04:09,23,0.446,4.48,-20.0
2021-01-21 21:04:09,24,0.415,4.49,-20.0
2021-01-21 21:04:09,25,0.416,4.48,24.8
2021-01-21 21:04:09,26,0.423,4.46,-20.0
2021-01-21 21:04:09,27,0.418,4.46,-20.0
2021-01-21 21:04:09,28,0.42,4.47,-20.0
2021-01-21 21:04:09,29,0.416,4.46,-20.0
2021-01-21 21:04:09,30,0.417,4.49,-20.0
2021-01-21 21:04:09,31,0.417,4.47,-20.0
2021-01-21 21:04:09,32,0.412,4.49,-20.0
2021-01-21 21:04:09,33,0.414,4.48,-20.0
2021-01-21 21:04:09,34,0.416,4.49,-20.0
2021-01-21 21:04:09,35,0.409,4.47,-20.0
2021-01-21 21:04:09,36,0.398,4.49,-20.0
2021-01-21 21:04:09,37,0.413,4.49,24.9
2021-01-21 21:04:09,38,0.417,4.49,-20.0
2021-01-21 21:04:09,39,0.413,4.48,-20.0
2021-01-21 21:04:09,40,0.414,4.49,-20.0
2021-01-21 21:04:09,41,0.413,4.5,-20.0
2021-01-21 21:04:09,42,0.385,4.48,-20.0
2021-01-21 21:04:09,43,0.402,4.48,-20.0
2021-01-21 21:04:09,44,0.414,4.49,-20.0
2021-01-21 21:04:09,45,0.415,4.49,-20.0
2021-01-21 21:04:09,46,0.412,4.47,-20.0
2021-01-21 21:04:09,47,0.41,4.48,-20.0
2021-01-21 21:04:09,48,0.413,4.49,-20.0
2021-01-21 21:04:09,49,0.487,4.46,25.2
2021-01-21 21:04:09,50,0.423,4.47,-20.0
2021-01-21 21:04:09,51,0.41,4.46,-20.0
2021-01-21 21:04:09,52,0.421,4.46,-20.0
2021-01-21 21:04:09,53,0.417,4.45,-20.0
2021-01-21 21:04:09,54,0.416,4.48,-20.0
2021-01-21 21:04:09,55,0.423,4.44,-20.0
2021-01-21 21:04:09,56,0.421,4.45,-20.0
2021-01-21 21:04:09,57,0.417,4.44,-20.0
2021-01-21 21:04:09,58,0.42,4.44,-20.0
2021-01-21 21:04:09,59,0.418,4.45,-20.0
2021-01-21 21:04:09,60,0.42,4.46,-20.0
2021-01-21 21:04:09,61,0.417,4.49,24.8
2021-01-21 21:04:09,62,0.408,4.48,-20.0
2021-01-21 21:04:09,63,0.415,4.48,-20.0
2021-01-21 21:04:09,64,0.411,4.47,-20.0
2021-01-21 21:04:09,65,0.411,4.46,-20.0
2021-01-21 21:04:09,66,0.421,4.46,-20.0
2021-01-21 21:04:09,67,0.408,4.44,-20.0
2021-01-21 21:04:09,68,0.409,4.47,-20.0
2021-01-21 21:04:09,69,0.41,4.46,-20.0
2021-01-21 21:04:09,70,0.398,4.47,-20.0
2021-01-21 21:04:09,71,0.41,4.48,-20.0
2021-01-21 21:04:09,72,0.411,4.48,-20.0
2021-01-21 21:04:09,73,0.405,4.52,24.6
2021-01-21 21:04:09,74,0.399,4.49,-20.0
2021-01-21 21:04:09,75,0.428,4.48,-20.0
2021-01-21 21:04:09,76,0.425,4.47,-20.0
2021-01-21 21:04:09,77,0.424,4.52,-20.0
2021-01-21 21:04:09,78,0.408,4.49,-20.0
2021-01-21 21:04:09,79,0.409,4.49,-20.0
2021-01-21 21:04:09,80,0.416,4.51,-20.0
2021-01-21 21:04:09,81,0.418,4.51,-20.0
2021-01-21 21:04:09,82,0.422,4.5,-20.0
2021-01-21 21:04:09,83,0.426,4.5,-20.0
2021-01-21 21:04:09,84,0.423,4.5,-20.0
2021-01-21 21:04:09,85,0.419,4.48,25.5
2021-01-21 21:04:09,86,0.418,4.47,-20.0
2021-01-21 21:04:09,87,0.446,4.47,-20.0
2021-01-21 21:04:09,88,0.399,4.48,-20.0
2021-01-21 21:04:09,89,0.412,4.49,-20.0
2021-01-21 21:04:09,90,0.407,4.47,-20.0
2021-01-21 21:04:09,91,0.413,4.48,-20.0
2021-01-21 21:04:09,92,0.397,4.49,-20.0
2021-01-21 21:04:09,93,0.417,4.49,-20.0
2021-01-21 21:04:09,94,0.419,4.47,-20.0
2021-01-21 21:04:09,95,0.419,4.46,-20.0
2021-01-21 21:04:09,96,0.41,4.49,-20.0
2021-01-22 09:03:34,1,0.418,4.5,25.9
2021-01-22 09:03:34,2,0.414,4.51,-20.0
2021-01-22 09:03:34,3,0.418,4.52,-20.0
2021-01-22 09:03:34,4,0.421,4.49,-20.0
2021-01-22 09:03:34,5,0.403,4.51,-20.0
2021-01-22 09:03:34,6,0.417,4.48,-20.0
2021-01-22 09:03:34,7,0.41,4.47,-20.0
2021-01-22 09:03:34,8,0.409,4.51,-20.0
2021-01-22 09:03:34,9,0.412,4.48,-20.0
2021-01-22 09:03:34,10,0.421,4.51,-20.0
2021-01-22 09:03:34,11,0.42,4.46,-20.0
2021-01-22 09:03:34,12,0.422,4.47,-20.0
2021-01-22 09:03:34,13,0.413,4.48,25.5
2021-01-22 09:03:34,14,0.413,4.49,-20.0
2021-01-22 09:03:34,15,0.406,4.51,-20.0
2021-01-22 09:03:34,16,0.424,4.51,-20.0
2021-01-22 09:03:34,17,0.414,4.49,-20.0
2021-01-22 09:03:34,18,0.428,4.5,-20.0
2021-01-22 09:03:34,19,0.438,4.49,-20.0
2021-01-22 09:03:34,20,0.412,4.48,-20.0
2021-01-22 09:03:34,21,0.414,4.48,-20.0
2021-01-22 09:03:34,22,0.418,4.48,-20.0
2021-01-22 09:03:34,23,0.446,4.49,-20.0
2021-01-22 09:03:34,24,0.415,4.49,-20.0
2021-01-22 09:03:34,25,0.418,4.48,24.6
2021-01-22 09:03:34,26,0.421,4.47,-20.0
2021-01-22 09:03:34,27,0.419,4.46,-20.0
2021-01-22 09:03:34,28,0.422,4.46,-20.0
2021-01-22 09:03:34,29,0.416,4.48,-20.0
2021-01-22 09:03:34,30,0.417,4.48,-20.0
2021-01-22 09:03:34,31,0.417,4.47,-20.0
2021-01-22 09:03:34,32,0.401,4.49,-20.0
2021-01-22 09:03:34,33,0.406,4.5,-20.0
2021-01-22 09:03:34,34,0.398,4.48,-20.0
2021-01-22 09:03:34,35,0.404,4.47,-20.0
2021-01-22 09:03:34,36,0.397,4.49,-20.0
2021-01-22 09:03:34,37,0.403,4.47,24.9
2021-01-22 09:03:34,38,0.395,4.49,-20.0
2021-01-22 09:03:34,39,0.404,4.47,-20.0
2021-01-22 09:03:34,40,0.411,4.49,-20.0
2021-01-22 09:03:34,41,0.41,4.49,-20.0
2021-01-22 09:03:34,42,0.391,4.48,-20.0
2021-01-22 09:03:34,43,0.408,4.48,-20.0
2021-01-22 09:03:34,44,0.42,4.48,-20.0
2021-01-22 09:03:34,45,0.413,4.48,-20.0
2021-01-22 09:03:34,46,0.414,4.48,-20.0
2021-01-22 09:03:34,47,0.415,4.48,-20.0
2021-01-22 09:03:34,48,0.415,4.48,-20.0
2021-01-22 09:03:34,49,0.49,4.46,25.2
2021-01-22 09:03:34,50,0.42,4.47,-20.0
2021-01-22 09:03:34,51,0.408,4.47,-20.0
2021-01-22 09:03:34,52,0.422,4.46,-20.0
2021-01-22 09:03:34,53,0.418,4.45,-20.0
2021-01-22 09:03:34,54,0.416,4.47,-20.0
2021-01-22 09:03:34,55,0.426,4.44,-20.0
2021-01-22 09:03:34,56,0.421,4.45,-20.0
2021-01-22 09:03:34,57,0.419,4.44,-20.0
2021-01-22 09:03:34,58,0.42,4.44,-20.0
2021-01-22 09:03:34,59,0.42,4.45,-20.0
2021-01-22 09:03:34,60,0.421,4.46,-20.0
2021-01-22 09:03:34,61,0.419,4.49,24.7
2021-01-22 09:03:34,62,0.409,4.48,-20.0
2021-01-22 09:03:34,63,0.415,4.48,-20.0
2021-01-22 09:03:34,64,0.411,4.47,-20.0
2021-01-22 09:03:34,65,0.411,4.46,-20.0
2021-01-22 09:03:34,66,0.421,4.46,-20.0
2021-01-22 09:03:34,67,0.411,4.45,-20.0
2021-01-22 09:03:34,68,0.416,4.47,-20.0
2021-01-22 09:03:34,69,0.411,4.45,-20.0
2021-01-22 09:03:34,70,0.398,4.48,-20.0
2021-01-22 09:03:34,71,0.411,4.49,-20.0
2021-01-22 09:03:34,72,0.411,4.48,-20.0
2021-01-22 09:03:34,73,0.408,4.52,24.5
2021-01-22 09:03:34,74,0.401,4.49,-20.0
2021-01-22 09:03:34,75,0.427,4.48,-20.0
2021-01-22 09:03:34,76,0.425,4.46,-20.0
2021-01-22 09:03:34,77,0.423,4.53,-20.0
2021-01-22 09:03:34,78,0.408,4.48,-20.0
2021-01-22 09:03:34,79,0.41,4.48,-20.0
2021-01-22 09:03:34,80,0.417,4.51,-20.0
2021-01-22 09:03:34,81,0.419,4.5,-20.0
2021-01-22 09:03:34,82,0.42,4.51,-20.0
2021-01-22 09:03:34,83,0.425,4.5,-20.0
2021-01-22 09:03:34,84,0.425,4.5,-20.0
2021-01-22 09:03:34,85,0.42,4.48,25.5
2021-01-22 09:03:34,86,0.419,4.47,-20.0
2021-01-22 09:03:34,87,0.443,4.47,-20.0
2021-01-22 09:03:34,88,0.397,4.48,-20.0
2021-01-22 09:03:34,89,0.414,4.49,-20.0
2021-01-22 09:03:34,90,0.408,4.47,-20.0
2021-01-22 09:03:34,91,0.415,4.48,-20.0
2021-01-22 09:03:34,92,0.401,4.49,-20.0
2021-01-22 09:03:34,93,0.416,4.49,-20.0
2021-01-22 09:03:34,94,0.418,4.47,-20.0
2021-01-22 09:03:34,95,0.416,4.47,-20.0
2021-01-22 09:03:34,96,0.411,4.5,-20.0
2021-01-22 21:03:00,1,0.419,4.5,25.8
2021-01-22 21:03:00,2,0.415,4.51,-20.0
2021-01-22 21:03:00,3,0.42,4.51,-20.0
2021-01-22 21:03:00,4,0.422,4.49,-20.0
2021-01-22 21:03:00,5,0.405,4.51,-20.0
2021-01-22 21:03:00,6,0.417,4.49,-20.0
2021-01-22 21:03:00,7,0.409,4.48,-20.0
2021-01-22 21:03:00,8,0.409,4.51,-20.0
2021-01-22 21:03:00,9,0.41,4.49,-20.0
2021-01-22 21:03:00,10,0.421,4.51,-20.0
2021-01-22 21:03:00,11,0.42,4.46,-20.0
2021-01-22 21:03:00,12,0.418,4.47,-20.0
2021-01-22 21:03:00,13,0.413,4.49,25.3
2021-01-22 21:03:00,14,0.417,4.49,-20.0
2021-01-22 21:03:00,15,0.407,4.52,-20.0
2021-01-22 21:03:00,16,0.424,4.5,-20.0
2021-01-22 21:03:00,17,0.415,4.49,-20.0
2021-01-22 21:03:00,18,0.428,4.51,-20.0
2021-01-22 21:03:00,19,0.441,4.47,-20.0
2021-01-22 21:03:00,20,0.412,4.49,-20.0
2021-01-22 21:03:00,21,0.414,4.48,-20.0
2021-01-22 21:03:00,22,0.418,4.48,-20.0
2021-01-22 21:03:00,23,0.447,4.49,-20.0
2021-01-22 21:03:00,24,0.415,4.49,-20.0
2021-01-22 21:03:00,25,0.419,4.49,24.2
2021-01-22 21:03:00,26,0.42,4.47,-20.0
2021-01-22 21:03:00,27,0.42,4.46,-20.0
2021-01-22 21:03:00,28,0.423,4.46,-20.0
2021-01-22 21:03:00,29,0.418,4.46,-20.0
2021-01-22 21:03:00,30,0.418,4.48,-20.0
2021-01-22 21:03:00,31,0.419,4.46,-20.0
2021-01-22 21:03:00,32,0.406,4.49,-20.0
2021-01-22 21:03:00,33,0.409,4.49,-20.0
2021-01-22 21:03:00,34,0.403,4.49,-20.0
2021-01-22 21:03:00,35,0.407,4.47,-20.0
2021-01-22 21:03:00,36,0.4,4.49,-20.0
2021-01-22 21:03:00,37,0.407,4.49,24.5
2021-01-22 21:03:00,38,0.404,4.5,-20.0
2021-01-22 21:03:00,39,0.408,4.47,-20.0
2021-01-22 21:03:00,40,0.414,4.49,-20.0
2021-01-22 21:03:00,41,0.411,4.5,-20.0
2021-01-22 21:03:00,42,0.398,4.48,-20.0
2021-01-22 21:03:00,43,0.411,4.49,-20.0
2021-01-22 21:03:00,44,0.423,4.49,-20.0
2021-01-22 21:03:00,45,0.415,4.48,-20.0
2021-01-22 21:03:00,46,0.414,4.48,-20.0
2021-01-22 21:03:00,47,0.423,4.49,-20.0
2021-01-22 21:03:00,48,0.417,4.49,-20.0
2021-01-22 21:03:00,49,0.487,4.46,25.0
2021-01-22 21:03:00,50,0.42,4.47,-20.0
2021-01-22 21:03:00,51,0.41,4.47,-20.0
2021-01-22 21:03:00,52,0.418,4.46,-20.0
2021-01-22 21:03:00,53,0.415,4.46,-20.0
2021-01-22 21:03:00,54,0.415,4.47,-20.0
2021-01-22 21:03:00,55,0.428,4.44,-20.0
2021-01-22 21:03:00,56,0.419,4.44,-20.0
2021-01-22 21:03:00,57,0.416,4.44,-20.0
2021-01-22 21:03:00,58,0.419,4.43,-20.0
2021-01-22 21:03:00,59,0.422,4.45,-20.0
2021-01-22 21:03:00,60,0.395,4.46,-20.0
2021-01-22 21:03:00,61,0.413,4.49,24.3
2021-01-22 21:03:00,62,0.407,4.48,-20.0
2021-01-22 21:03:00,63,0.405,4.48,-20.0
2021-01-22 21:03:00,64,0.404,4.47,-20.0
2021-01-22 21:03:00,65,0.398,4.45,-20.0
2021-01-22 21:03:00,66,0.417,4.46,-20.0
2021-01-22 21:03:00,67,0.406,4.44,-20.0
2021-01-22 21:03:00,68,0.407,4.47,-20.0
2021-01-22 21:03:00,69,0.406,4.46,-20.0
2021-01-22 21:03:00,70,0.4,4.47,-20.0
2021-01-22 21:03:00,71,0.41,4.47,-20.0
2021-01-22 21:03:00,72,0.412,4.48,-20.0
2021-01-22 21:03:00,73,0.411,4.52,24.1
2021-01-22 21:03:00,74,0.4,4.48,-20.0
2021-01-22 21:03:00,75,0.425,4.48,-20.0
2021-01-22 21:03:00,76,0.424,4.45,-20.0
2021-01-22 21:03:00,77,0.425,4.52,-20.0
2021-01-22 21:03:00,78,0.407,4.48,-20.0
2021-01-22 21:03:00,79,0.411,4.48,-20.0
2021-01-22 21:03:00,80,0.415,4.5,-20.0
2021-01-22 21:03:00,81,0.421,4.5,-20.0
2021-01-22 21:03:00,82,0.421,4.51,-20.0
2021-01-22 21:03:00,83,0.423,4.5,-20.0
2021-01-22 21:03:00,84,0.425,4.49,-20.0
2021-01-22 21:03:00,85,0.416,4.48,24.9
2021-01-22 21:03:00,86,0.42,4.48,-20.0
2021-01-22 21:03:00,87,0.444,4.47,-20.0
2021-01-22 21:03:00,88,0.397,4.48,-20.0
2021-01-22 21:03:00,89,0.414,4.49,-20.0
2021-01-22 21:03:00,90,0.41,4.47,-20.0
2021-01-22 21:03:00,91,0.413,4.49,-20.0
2021-01-22 21:03:00,92,0.4,4.5,-20.0
2021-01-22 21:03:00,93,0.414,4.49,-20.0
2021-01-22 21:03:00,94,0.417,4.47,-20.0
2021-01-22 21:03:00,95,0.418,4.46,-20.0
2021-01-22 21:03:00,96,0.411,4.49,-20.0
2021-01-23 09:02:35,1,0.42,4.5,25.8
2021-01-23 09:02:35,2,0.416,4.51,-20.0
2021-01-23 09:02:35,3,0.42,4.51,-20.0
2021-01-23 09:02:35,4,0.419,4.49,-20.0
2021-01-23 09:02:35,5,0.404,4.51,-20.0
2021-01-23 09:02:35,6,0.416,4.48,-20.0
2021-01-23 09:02:35,7,0.41,4.48,-20.0
2021-01-23 09:02:35,8,0.407,4.5,-20.0
2021-01-23 09:02:35,9,0.409,4.48,-20.0
2021-01-23 09:02:35,10,0.421,4.51,-20.0
2021-01-23 09:02:35,11,0.421,4.46,-20.0
2021-01-23 09:02:35,12,0.416,4.47,-20.0
2021-01-23 09:02:35,13,0.412,4.48,25.2
2021-01-23 09:02:35,14,0.417,4.5,-20.0
2021-01-23 09:02:35,15,0.409,4.51,-20.0
2021-01-23 09:02:35,16,0.425,4.5,-20.0
2021-01-23 09:02:35,17,0.413,4.48,-20.0
2021-01-23 09:02:35,18,0.427,4.49,-20.0
2021-01-23 09:02:35,19,0.441,4.48,-20.0
2021-01-23 09:02:35,20,0.411,4.49,-20.0
2021-01-23 09:02:35,21,0.416,4.49,-20.0
2021-01-23 09:02:35,22,0.418,4.48,-20.0
2021-01-23 09:02:35,23,0.438,4.49,-20.0
2021-01-23 09:02:35,24,0.406,4.5,-20.0
2021-01-23 09:02:35,25,0.418,4.5,24.2
2021-01-23 09:02:35,26,0.413,4.48,-20.0
2021-01-23 09:02:35,27,0.409,4.47,-20.0
2021-01-23 09:02:35,28,0.417,4.47,-20.0
2021-01-23 09:02:35,29,0.415,4.48,-20.0
2021-01-23 09:02:35,30,0.417,4.49,-20.0
2021-01-23 09:02:35,31,0.419,4.47,-20.0
2021-01-23 09:02:35,32,0.41,4.49,-20.0
2021-01-23 09:02:35,33,0.41,4.49,-20.0
2021-01-23 09:02:35,34,0.405,4.48,-20.0
2021-01-23 09:02:35,35,0.408,4.48,-20.0
2021-01-23 09:02:35,36,0.398,4.49,-20.0
2021-01-23 09:02:35,37,0.406,4.48,24.5
2021-01-23 09:02:35,38,0.406,4.49,-20.0
2021-01-23 09:02:35,39,0.408,4.48,-20.0
2021-01-23 09:02:35,40,0.413,4.49,-20.0
2021-01-23 09:02:35,41,0.41,4.5,-20.0
2021-01-23 09:02:35,42,0.401,4.48,-20.0
2021-01-23 09:02:35,43,0.409,4.48,-20.0
2021-01-23 09:02:35,44,0.426,4.49,-20.0
2021-01-23 09:02:35,45,0.419,4.49,-20.0
2021-01-23 09:02:35,46,0.415,4.48,-20.0
2021-01-23 09:02:35,47,0.426,4.48,-20.0
2021-01-23 09:02:35,48,0.421,4.49,-20.0
2021-01-23 09:02:35,49,0.489,4.46,25.0
2021-01-23 09:02:35,50,0.423,4.47,-20.0
2021-01-23 09:02:35,51,0.41,4.47,-20.0
2021-01-23 09:02:35,52,0.418,4.45,-20.0
2021-01-23 09:02:35,53,0.416,4.45,-20.0
2021-01-23 09:02:35,54,0.415,4.47,-20.0
2021-01-23 09:02:35,55,0.431,4.45,-20.0
2021-01-23 09:02:35,56,0.421,4.44,-20.0
2021-01-23 09:02:35,57,0.419,4.44,-20.0
2021-01-23 09:02:35,58,0.418,4.43,-20.0
2021-01-23 09:02:35,59,0.426,4.45,-20.0
2021-01-23 09:02:35,60,0.401,4.46,-20.0
2021-01-23 09:02:35,61,0.411,4.49,24.5
2021-01-23 09:02:35,62,0.405,4.48,-20.0
2021-01-23 09:02:35,63,0.409,4.47,-20.0
2021-01-23 09:02:35,64,0.404,4.47,-20.0
2021-01-23 09:02:35,65,0.403,4.46,-20.0
2021-01-23 09:02:35,66,0.416,4.46,-20.0
2021-01-23 09:02:35,67,0.409,4.44,-20.0
2021-01-23 09:02:35,68,0.409,4.47,-20.0
2021-01-23 09:02:35,69,0.407,4.46,-20.0
2021-01-23 09:02:35,70,0.403,4.47,-20.0
2021-01-23 09:02:35,71,0.41,4.48,-20.0
2021-01-23 09:02:35,72,0.414,4.47,-20.0
2021-01-23 09:02:35,73,0.41,4.51,24.3
2021-01-23 09:02:35,74,0.402,4.49,-20.0
2021-01-23 09:02:35,75,0.425,4.47,-20.0
2021-01-23 09:02:35,76,0.425,4.46,-20.0
2021-01-23 09:02:35,77,0.423,4.52,-20.0
2021-01-23 09:02:35,78,0.408,4.47,-20.0
2021-01-23 09:02:35,79,0.412,4.48,-20.0
2021-01-23 09:02:35,80,0.417,4.5,-20.0
2021-01-23 09:02:35,81,0.421,4.5,-20.0
2021-01-23 09:02:35,82,0.417,4.51,-20.0
2021-01-23 09:02:35,83,0.426,4.5,-20.0
2021-01-23 09:02:35,84,0.422,4.51,-20.0
2021-01-23 09:02:35,85,0.416,4.47,25.2
2021-01-23 09:02:35,86,0.42,4.48,-20.0
2021-01-23 09:02:35,87,0.443,4.47,-20.0
2021-01-23 09:02:35,88,0.398,4.47,-20.0
2021-01-23 09:02:35,89,0.413,4.48,-20.0
2021-01-23 09:02:35,90,0.409,4.47,-20.0
2021-01-23 09:02:35,91,0.417,4.47,-20.0
2021-01-23 09:02:35,92,0.4,4.5,-20.0
2021-01-23 09:02:35,93,0.414,4.49,-20.0
2021-01-23 09:02:35,94,0.418,4.48,-20.0
2021-01-23 09:02:35,95,0.419,4.46,-20.0
2021-01-23 09:02:35,96,0.411,4.49,-20.0
2021-01-23 21:02:03,1,0.417,4.5,25.9
2021-01-23 21:02:03,2,0.415,4.51,-20.0
2021-01-23 21:02:03,3,0.421,4.52,-20.0
2021-01-23 21:02:03,4,0.418,4.49,-20.0
2021-01-23 21:02:03,5,0.403,4.51,-20.0
2021-01-23 21:02:03,6,0.418,4.49,-20.0
2021-01-23 21:02:03,7,0.411,4.49,-20.0
2021-01-23 21:02:03,8,0.407,4.5,-20.0
2021-01-23 21:02:03,9,0.41,4.48,-20.0
2021-01-23 21:02:03,10,0.421,4.5,-20.0
2021-01-23 21:02:03,11,0.421,4.47,-20.0
2021-01-23 21:02:03,12,0.417,4.46,-20.0
2021-01-23 21:02:03,13,0.412,4.49,25.4
2021-01-23 21:02:03,14,0.418,4.5,-20.0
2021-01-23 21:02:03,15,0.412,4.51,-20.0
2021-01-23 21:02:03,16,0.43,4.51,-20.0
2021-01-23 21:02:03,17,0.414,4.49,-20.0
2021-01-23 21:02:03,18,0.429,4.49,-20.0
2021-01-23 21:02:03,19,0.441,4.48,-20.0
2021-01-23 21:02:03,20,0.412,4.46,-20.0
2021-01-23 21:02:03,21,0.415,4.49,-20.0
2021-01-23 21:02:03,22,0.416,4.47,-20.0
2021-01-23 21:02:03,23,0.439,4.48,-20.0
2021-01-23 21:02:03,24,0.408,4.5,-20.0
2021-01-23 21:02:03,25,0.42,4.49,24.5
2021-01-23 21:02:03,26,0.415,4.47,-20.0
2021-01-23 21:02:03,27,0.412,4.47,-20.0
2021-01-23 21:02:03,28,0.416,4.47,-20.0
2021-01-23 21:02:03,29,0.412,4.47,-20.0
2021-01-23 21:02:03,30,0.418,4.49,-20.0
2021-01-23 21:02:03,31,0.418,4.47,-20.0
2021-01-23 21:02:03,32,0.406,4.48,-20.0
2021-01-23 21:02:03,33,0.411,4.49,-20.0
2021-01-23 21:02:03,34,0.405,4.49,-20.0
2021-01-23 21:02:03,35,0.409,4.47,-20.0
2021-01-23 21:02:03,36,0.403,4.5,-20.0
2021-01-23 21:02:03,37,0.408,4.49,24.7
2021-01-23 21:02:03,38,0.407,4.5,-20.0
2021-01-23 21:02:03,39,0.412,4.47,-20.0
2021-01-23 21:02:03,40,0.413,4.48,-20.0
2021-01-23 21:02:03,41,0.409,4.49,-20.0
2021-01-23 21:02:03,42,0.402,4.48,-20.0
2021-01-23 21:02:03,43,0.412,4.49,-20.0
2021-01-23 21:02:03,44,0.429,4.49,-20.0
2021-01-23 21:02:03,45,0.416,4.48,-20.0
2021-01-23 21:02:03,46,0.413,4.47,-20.0
2021-01-23 21:02:03,47,0.426,4.48,-20.0
2021-01-23 21:02:03,48,0.421,4.5,-20.0
2021-01-23 21:02:03,49,0.486,4.47,25.1
2021-01-23 21:02:03,50,0.418,4.47,-20.0
2021-01-23 21:02:03,51,0.412,4.46,-20.0
2021-01-23 21:02:03,52,0.415,4.45,-20.0
2021-01-23 21:02:03,53,0.415,4.46,-20.0
2021-01-23 21:02:03,54,0.414,4.47,-20.0
2021-01-23 21:02:03,55,0.42,4.44,-20.0
2021-01-23 21:02:03,56,0.417,4.45,-20.0
2021-01-23 21:02:03,57,0.417,4.44,-20.0
2021-01-23 21:02:03,58,0.41,4.44,-20.0
2021-01-23 21:02:03,59,0.408,4.45,-20.0
2021-01-23 21:02:03,60,0.392,4.46,-20.0
2021-01-23 21:02:03,61,0.412,4.49,24.7
2021-01-23 21:02:03,62,0.41,4.48,-20.0
2021-01-23 21:02:03,63,0.408,4.48,-20.0
2021-01-23 21:02:03,64,0.405,4.47,-20.0
2021-01-23 21:02:03,65,0.41,4.47,-20.0
2021-01-23 21:02:03,66,0.416,4.46,-20.0
2021-01-23 21:02:03,67,0.411,4.44,-20.0
2021-01-23 21:02:03,68,0.41,4.47,-20.0
2021-01-23 21:02:03,69,0.406,4.46,-20.0
2021-01-23 21:02:03,70,0.404,4.47,-20.0
2021-01-23 21:02:03,71,0.409,4.48,-20.0
2021-01-23 21:02:03,72,0.413,4.48,-20.0
2021-01-23 21:02:03,73,0.412,4.52,24.5
2021-01-23 21:02:03,74,0.405,4.49,-20.0
2021-01-23 21:02:03,75,0.423,4.48,-20.0
2021-01-23 21:02:03,76,0.424,4.46,-20.0
2021-01-23 21:02:03,77,0.424,4.52,-20.0
2021-01-23 21:02:03,78,0.405,4.48,-20.0
2021-01-23 21:02:03,79,0.41,4.49,-20.0
2021-01-23 21:02:03,80,0.415,4.5,-20.0
2021-01-23 21:02:03,81,0.421,4.5,-20.0
2021-01-23 21:02:03,82,0.419,4.51,-20.0
2021-01-23 21:02:03,83,0.426,4.5,-20.0
2021-01-23 21:02:03,84,0.424,4.5,-20.0
2021-01-23 21:02:03,85,0.415,4.47,25.4
2021-01-23 21:02:03,86,0.42,4.47,-20.0
2021-01-23 21:02:03,87,0.444,4.47,-20.0
2021-01-23 21:02:03,88,0.4,4.48,-20.0
2021-01-23 21:02:03,89,0.41,4.49,-20.0
2021-01-23 21:02:03,90,0.408,4.47,-20.0
2021-01-23 21:02:03,91,0.416,4.48,-20.0
2021-01-23 21:02:03,92,0.4,4.5,-20.0
2021-01-23 21:02:03,93,0.414,4.5,-20.0
2021-01-23 21:02:03,94,0.419,4.47,-20.0
2021-01-23 21:02:03,95,0.42,4.46,-20.0
2021-01-23 21:02:03,96,0.409,4.5,-20.0
2021-01-24 09:01:30,1,0.417,4.51,25.8
2021-01-24 09:01:30,2,0.416,4.52,-20.0
2021-01-24 09:01:30,3,0.422,4.51,-20.0
2021-01-24 09:01:30,4,0.417,4.48,-20.0
2021-01-24 09:01:30,5,0.406,4.51,-20.0
2021-01-24 09:01:30,6,0.418,4.48,-20.0
2021-01-24 09:01:30,7,0.414,4.48,-20.0
2021-01-24 09:01:30,8,0.406,4.51,-20.0
2021-01-24 09:01:30,9,0.413,4.48,-20.0
2021-01-24 09:01:30,10,0.422,4.5,-20.0
2021-01-24 09:01:30,11,0.422,4.47,-20.0
2021-01-24 09:01:30,12,0.412,4.46,-20.0
2021-01-24 09:01:30,13,0.41,4.49,25.3
2021-01-24 09:01:30,14,0.416,4.49,-20.0
2021-01-24 09:01:30,15,0.41,4.52,-20.0
2021-01-24 09:01:30,16,0.428,4.51,-20.0
2021-01-24 09:01:30,17,0.413,4.48,-20.0
2021-01-24 09:01:30,18,0.432,4.49,-20.0
2021-01-24 09:01:30,19,0.439,4.48,-20.0
2021-01-24 09:01:30,20,0.411,4.49,-20.0
2021-01-24 09:01:30,21,0.417,4.5,-20.0
2021-01-24 09:01:30,22,0.415,4.47,-20.0
2021-01-24 09:01:30,23,0.443,4.49,-20.0
2021-01-24 09:01:30,24,0.411,4.49,-20.0
2021-01-24 09:01:30,25,0.419,4.48,24.4
2021-01-24 09:01:30,26,0.417,4.47,-20.0
2021-01-24 09:01:30,27,0.418,4.47,-20.0
2021-01-24 09:01:30,28,0.418,4.47,-20.0
2021-01-24 09:01:30,29,0.413,4.48,-20.0
2021-01-24 09:01:30,30,0.419,4.48,-20.0
2021-01-24 09:01:30,31,0.418,4.47,-20.0
2021-01-24 09:01:30,32,0.404,4.48,-20.0
2021-01-24 09:01:30,33,0.413,4.49,-20.0
2021-01-24 09:01:30,34,0.408,4.48,-20.0
2021-01-24 09:01:30,35,0.41,4.47,-20.0
2021-01-24 09:01:30,36,0.403,4.49,-20.0
2021-01-24 09:01:30,37,0.412,4.49,24.7
2021-01-24 09:01:30,38,0.409,4.49,-20.0
2021-01-24 09:01:30,39,0.413,4.48,-20.0
2021-01-24 09:01:30,40,0.417,4.49,-20.0
2021-01-24 09:01:30,41,0.408,4.5,-20.0
2021-01-24 09:01:30,42,0.406,4.49,-20.0
2021-01-24 09:01:30,43,0.412,4.49,-20.0
2021-01-24 09:01:30,44,0.428,4.48,-20.0
2021-01-24 09:01:30,45,0.417,4.48,-20.0
2021-01-24 09:01:30,46,0.412,4.47,-20.0
2021-01-24 09:01:30,47,0.43,4.48,-20.0
2021-01-24 09:01:30,48,0.422,4.49,-20.0
2021-01-24 09:01:30,49,0.487,4.46,25.1
2021-01-24 09:01:30,50,0.421,4.47,-20.0
2021-01-24 09:01:30,51,0.412,4.46,-20.0
2021-01-24 09:01:30,52,0.416,4.45,-20.0
2021-01-24 09:01:30,53,0.415,4.45,-20.0
2021-01-24 09:01:30,54,0.414,4.47,-20.0
2021-01-24 09:01:30,55,0.419,4.45,-20.0
2021-01-24 09:01:30,56,0.416,4.44,-20.0
2021-01-24 09:01:30,57,0.418,4.44,-20.0
2021-01-24 09:01:30,58,0.413,4.44,-20.0
2021-01-24 09:01:30,59,0.412,4.45,-20.0
2021-01-24 09:01:30,60,0.397,4.47,-20.0
2021-01-24 09:01:30,61,0.409,4.48,24.8
2021-01-24 09:01:30,62,0.406,4.48,-20.0
2021-01-24 09:01:30,63,0.41,4.48,-20.0
2021-01-24 09:01:30,64,0.406,4.47,-20.0
2021-01-24 09:01:30,65,0.408,4.46,-20.0
2021-01-24 09:01:30,66,0.417,4.46,-20.0
2021-01-24 09:01:30,67,0.413,4.43,-20.0
2021-01-24 09:01:30,68,0.411,4.47,-20.0
2021-01-24 09:01:30,69,0.412,4.46,-20.0
2021-01-24 09:01:30,70,0.402,4.47,-20.0
2021-01-24 09:01:30,71,0.407,4.48,-20.0
2021-01-24 09:01:30,72,0.413,4.48,-20.0
2021-01-24 09:01:30,73,0.413,4.52,24.5
2021-01-24 09:01:30,74,0.405,4.49,-20.0
2021-01-24 09:01:30,75,0.422,4.48,-20.0
2021-01-24 09:01:30,76,0.424,4.47,-20.0
2021-01-24 09:01:30,77,0.423,4.51,-20.0
2021-01-24 09:01:30,78,0.404,4.48,-20.0
2021-01-24 09:01:30,79,0.41,4.49,-20.0
2021-01-24 09:01:30,80,0.415,4.5,-20.0
2021-01-24 09:01:30,81,0.424,4.5,-20.0
2021-01-24 09:01:30,82,0.417,4.5,-20.0
2021-01-24 09:01:30,83,0.423,4.5,-20.0
2021-01-24 09:01:30,84,0.422,4.5,-20.0
2021-01-24 09:01:30,85,0.415,4.47,25.3
2021-01-24 09:01:30,86,0.415,4.47,-20.0
2021-01-24 09:01:30,87,0.444,4.47,-20.0
2021-01-24 09:01:30,88,0.401,4.48,-20.0
2021-01-24 09:01:30,89,0.406,4.48,-20.0
2021-01-24 09:01:30,90,0.404,4.47,-20.0
2021-01-24 09:01:30,91,0.413,4.48,-20.0
2021-01-24 09:01:30,92,0.393,4.49,-20.0
2021-01-24 09:01:30,93,0.413,4.5,-20.0
2021-01-24 09:01:30,94,0.414,4.47,-20.0
2021-01-24 09:01:30,95,0.416,4.46,-20.0
2021-01-24 09:01:30,96,0.405,4.49,-20.0
2021-01-24 21:00:52,1,0.416,4.49,25.7
2021-01-24 21:00:52,2,0.415,4.5,-20.0
2021-01-24 21:00:52,3,0.422,4.5,-20.0
2021-01-24 21:00:52,4,0.419,4.49,-20.0
2021-01-24 21:00:52,5,0.404,4.52,-20.0
2021-01-24 21:00:52,6,0.415,4.49,-20.0
2021-01-24 21:00:52,7,0.413,4.49,-20.0
2021-01-24 21:00:52,8,0.409,4.5,-20.0
2021-01-24 21:00:52,9,0.413,4.49,-20.0
2021-01-24 21:00:52,10,0.419,4.51,-20.0
2021-01-24 21:00:52,11,0.422,4.46,-20.0
2021-01-24 21:00:52,12,0.414,4.47,-20.0
2021-01-24 21:00:52,13,0.41,4.48,25.1
2021-01-24 21:00:52,14,0.416,4.5,-20.0
2021-01-24 21:00:52,15,0.412,4.51,-20.0
2021-01-24 21:00:52,16,0.43,4.51,-20.0
2021-01-24 21:00:52,17,0.416,4.5,-20.0
2021-01-24 21:00:52,18,0.434,4.49,-20.0
2021-01-24 21:00:52,19,0.438,4.48,-20.0
2021-01-24 21:00:52,20,0.413,4.47,-20.0
2021-01-24 21:00:52,21,0.418,4.49,-20.0
2021-01-24 21:00:52,22,0.416,4.48,-20.0
2021-01-24 21:00:52,23,0.445,4.49,-20.0
2021-01-24 21:00:52,24,0.412,4.5,-20.0
2021-01-24 21:00:52,25,0.418,4.49,23.5
2021-01-24 21:00:52,26,0.415,4.47,-20.0
2021-01-24 21:00:52,27,0.415,4.46,-20.0
2021-01-24 21:00:52,28,0.418,4.47,-20.0
2021-01-24 21:00:52,29,0.415,4.46,-20.0
2021-01-24 21:00:52,30,0.418,4.49,-20.0
2021-01-24 21:00:52,31,0.417,4.48,-20.0
2021-01-24 21:00:52,32,0.408,4.47,-20.0
2021-01-24 21:00:52,33,0.412,4.49,-20.0
2021-01-24 21:00:52,34,0.409,4.48,-20.0
2021-01-24 21:00:52,35,0.409,4.49,-20.0
2021-01-24 21:00:52,36,0.403,4.5,-20.0
2021-01-24 21:00:52,37,0.414,4.47,23.9
2021-01-24 21:00:52,38,0.417,4.5,-20.0
2021-01-24 21:00:52,39,0.414,4.49,-20.0
2021-01-24 21:00:52,40,0.418,4.48,-20.0
2021-01-24 21:00:52,41,0.41,4.49,-20.0
2021-01-24 21:00:52,42,0.407,4.48,-20.0
2021-01-24 21:00:52,43,0.414,4.49,-20.0
2021-01-24 21:00:52,44,0.417,4.49,-20.0
2021-01-24 21:00:52,45,0.415,4.49,-20.0
2021-01-24 21:00:52,46,0.412,4.48,-20.0
2021-01-24 21:00:52,47,0.412,4.47,-20.0
2021-01-24 21:00:52,48,0.398,4.48,-20.0
2021-01-24 21:00:52,49,0.483,4.47,24.7
2021-01-24 21:00:52,50,0.422,4.47,-20.0
2021-01-24 21:00:52,51,0.41,4.47,-20.0
2021-01-24 21:00:52,52,0.416,4.46,-20.0
2021-01-24 21:00:52,53,0.416,4.45,-20.0
2021-01-24 21:00:52,54,0.413,4.47,-20.0
2021-01-24 21:00:52,55,0.421,4.44,-20.0
2021-01-24 21:00:52,56,0.419,4.45,-20.0
2021-01-24 21:00:52,57,0.416,4.44,-20.0
2021-01-24 21:00:52,58,0.417,4.43,-20.0
2021-01-24 21:00:52,59,0.416,4.45,-20.0
2021-01-24 21:00:52,60,0.402,4.46,-20.0
2021-01-24 21:00:52,61,0.412,4.5,23.4
2021-01-24 21:00:52,62,0.406,4.48,-20.0
2021-01-24 21:00:52,63,0.41,4.48,-20.0
2021-01-24 21:00:52,64,0.407,4.46,-20.0
2021-01-24 21:00:52,65,0.41,4.46,-20.0
2021-01-24 21:00:52,66,0.419,4.46,-20.0
2021-01-24 21:00:52,67,0.414,4.44,-20.0
2021-01-24 21:00:52,68,0.416,4.47,-20.0
2021-01-24 21:00:52,69,0.415,4.46,-20.0
2021-01-24 21:00:52,70,0.411,4.47,-20.0
2021-01-24 21:00:52,71,0.411,4.49,-20.0
2021-01-24 21:00:52,72,0.413,4.49,-20.0
2021-01-24 21:00:52,73,0.413,4.52,23.1
2021-01-24 21:00:52,74,0.405,4.48,-20.0
2021-01-24 21:00:52,75,0.422,4.48,-20.0
2021-01-24 21:00:52,76,0.425,4.46,-20.0
2021-01-24 21:00:52,77,0.421,4.52,-20.0
2021-01-24 21:00:52,78,0.404,4.48,-20.0
2021-01-24 21:00:52,79,0.415,4.48,-20.0
2021-01-24 21:00:52,80,0.417,4.5,-20.0
2021-01-24 21:00:52,81,0.422,4.51,-20.0
2021-01-24 21:00:52,82,0.419,4.51,-20.0
2021-01-24 21:00:52,83,0.425,4.5,-20.0
2021-01-24 21:00:52,84,0.423,4.5,-20.0
2021-01-24 21:00:52,85,0.417,4.47,23.6
2021-01-24 21:00:52,86,0.418,4.47,-20.0
2021-01-24 21:00:52,87,0.446,4.47,-20.0
2021-01-24 21:00:52,88,0.402,4.48,-20.0
2021-01-24 21:00:52,89,0.408,4.48,-20.0
2021-01-24 21:00:52,90,0.404,4.47,-20.0
2021-01-24 21:00:52,91,0.415,4.48,-20.0
2021-01-24 21:00:52,92,0.395,4.5,-20.0
2021-01-24 21:00:52,93,0.415,4.5,-20.0
2021-01-24 21:00:52,94,0.419,4.48,-20.0
2021-01-24 21:00:52,95,0.419,4.47,-20.0
2021-01-24 21:00:52,96,0.406,4.49,-20.0
2021-01-25 09:00:13,1,0.414,4.5,25.6
2021-01-25 09:00:13,2,0.411,4.5,-20.0
2021-01-25 09:00:13,3,0.418,4.49,-20.0
2021-01-25 09:00:13,4,0.416,4.49,-20.0
2021-01-25 09:00:13,5,0.402,4.52,-20.0
2021-01-25 09:00:13,6,0.411,4.5,-20.0
2021-01-25 09:00:13,7,0.411,4.48,-20.0
2021-01-25 09:00:13,8,0.41,4.5,-20.0
2021-01-25 09:00:13,9,0.414,4.49,-20.0
2021-01-25 09:00:13,10,0.417,4.5,-20.0
2021-01-25 09:00:13,11,0.418,4.46,-20.0
2021-01-25 09:00:13,12,0.415,4.47,-20.0
2021-01-25 09:00:13,13,0.408,4.48,25.1
2021-01-25 09:00:13,14,0.417,4.49,-20.0
2021-01-25 09:00:13,15,0.411,4.5,-20.0
2021-01-25 09:00:13,16,0.424,4.51,-20.0
2021-01-25 09:00:13,17,0.417,4.49,-20.0
2021-01-25 09:00:13,18,0.434,4.5,-20.0
2021-01-25 09:00:13,19,0.436,4.47,-20.0
2021-01-25 09:00:13,20,0.412,4.47,-20.0
2021-01-25 09:00:13,21,0.42,4.48,-20.0
2021-01-25 09:00:13,22,0.416,4.47,-20.0
2021-01-25 09:00:13,23,0.45,4.48,-20.0
2021-01-25 09:00:13,24,0.413,4.49,-20.0
2021-01-25 09:00:13,25,0.416,4.5,23.3
2021-01-25 09:00:13,26,0.415,4.48,-20.0
2021-01-25 09:00:13,27,0.416,4.46,-20.0
2021-01-25 09:00:13,28,0.415,4.46,-20.0
2021-01-25 09:00:13,29,0.414,4.46,-20.0
2021-01-25 09:00:13,30,0.419,4.49,-20.0
2021-01-25 09:00:13,31,0.414,4.47,-20.0
2021-01-25 09:00:13,32,0.411,4.48,-20.0
2021-01-25 09:00:13,33,0.414,4.5,-20.0
2021-01-25 09:00:13,34,0.409,4.48,-20.0
2021-01-25 09:00:13,35,0.406,4.49,-20.0
2021-01-25 09:00:13,36,0.404,4.49,-20.0
2021-01-25 09:00:13,37,0.415,4.49,23.7
2021-01-25 09:00:13,38,0.417,4.5,-20.0
2021-01-25 09:00:13,39,0.418,4.48,-20.0
2021-01-25 09:00:13,40,0.415,4.49,-20.0
2021-01-25 09:00:13,41,0.413,4.49,-20.0
2021-01-25 09:00:13,42,0.408,4.48,-20.0
2021-01-25 09:00:13,43,0.417,4.49,-20.0
2021-01-25 09:00:13,44,0.421,4.49,-20.0
2021-01-25 09:00:13,45,0.416,4.48,-20.0
2021-01-25 09:00:13,46,0.412,4.49,-20.0
2021-01-25 09:00:13,47,0.413,4.48,-20.0
2021-01-25 09:00:13,48,0.402,4.48,-20.0
2021-01-25 09:00:13,49,0.481,4.47,24.8
2021-01-25 09:00:13,50,0.425,4.47,-20.0
2021-01-25 09:00:13,51,0.413,4.47,-20.0
2021-01-25 09:00:13,52,0.413,4.47,-20.0
2021-01-25 09:00:13,53,0.415,4.46,-20.0
2021-01-25 09:00:13,54,0.414,4.47,-20.0
2021-01-25 09:00:13,55,0.426,4.44,-20.0
2021-01-25 09:00:13,56,0.421,4.44,-20.0
2021-01-25 09:00:13,57,0.42,4.44,-20.0
2021-01-25 09:00:13,58,0.418,4.44,-20.0
2021-01-25 09:00:13,59,0.418,4.44,-20.0
2021-01-25 09:00:13,60,0.406,4.46,-20.0
2021-01-25 09:00:13,61,0.413,4.5,23.2
2021-01-25 09:00:13,62,0.411,4.49,-20.0
2021-01-25 09:00:13,63,0.413,4.47,-20.0
2021-01-25 09:00:13,64,0.408,4.46,-20.0
2021-01-25 09:00:13,65,0.41,4.46,-20.0
2021-01-25 09:00:13,66,0.421,4.45,-20.0
2021-01-25 09:00:13,67,0.414,4.44,-20.0
2021-01-25 09:00:13,68,0.415,4.46,-20.0
2021-01-25 09:00:13,69,0.413,4.46,-20.0
2021-01-25 09:00:13,70,0.406,4.47,-20.0
2021-01-25 09:00:13,71,0.411,4.49,-20.0
2021-01-25 09:00:13,72,0.416,4.49,-20.0
2021-01-25 09:00:13,73,0.415,4.51,23.1
2021-01-25 09:00:13,74,0.406,4.48,-20.0
2021-01-25 09:00:13,75,0.423,4.47,-20.0
2021-01-25 09:00:13,76,0.426,4.46,-20.0
2021-01-25 09:00:13,77,0.42,4.51,-20.0
2021-01-25 09:00:13,78,0.405,4.48,-20.0
2021-01-25 09:00:13,79,0.411,4.47,-20.0
2021-01-25 09:00:13,80,0.416,4.5,-20.0
2021-01-25 09:00:13,81,0.421,4.51,-20.0
2021-01-25 09:00:13,82,0.42,4.52,-20.0
2021-01-25 09:00:13,83,0.424,4.5,-20.0
2021-01-25 09:00:13,84,0.422,4.5,-20.0
2021-01-25 09:00:13,85,0.414,4.47,24.1
2021-01-25 09:00:13,86,0.418,4.47,-20.0
2021-01-25 09:00:13,87,0.443,4.47,-20.0
2021-01-25 09:00:13,88,0.401,4.47,-20.0
2021-01-25 09:00:13,89,0.41,4.48,-20.0
2021-01-25 09:00:13,90,0.404,4.47,-20.0
2021-01-25 09:00:13,91,0.415,4.49,-20.0
2021-01-25 09:00:13,92,0.4,4.5,-20.0
2021-01-25 09:00:13,93,0.416,4.5,-20.0
2021-01-25 09:00:13,94,0.419,4.48,-20.0
2021-01-25 09:00:13,95,0.423,4.46,-20.0
2021-01-25 09:00:13,96,0.409,4.49,-20.0
2021-01-25 20:59:49,1,0.416,4.5,25.6
2021-01-25 20:59:49,2,0.41,4.5,-20.0
2021-01-25 20:59:49,3,0.418,4.5,-20.0
2021-01-25 20:59:49,4,0.414,4.47,-20.0
2021-01-25 20:59:49,5,0.404,4.51,-20.0
2021-01-25 20:59:49,6,0.412,4.49,-20.0
2021-01-25 20:59:49,7,0.413,4.48,-20.0
2021-01-25 20:59:49,8,0.411,4.51,-20.0
2021-01-25 20:59:49,9,0.416,4.48,-20.0
2021-01-25 20:59:49,10,0.419,4.51,-20.0
2021-01-25 20:59:49,11,0.42,4.45,-20.0
2021-01-25 20:59:49,12,0.418,4.46,-20.0
2021-01-25 20:59:49,13,0.411,4.48,25.0
2021-01-25 20:59:49,14,0.419,4.49,-20.0
2021-01-25 20:59:49,15,0.412,4.51,-20.0
2021-01-25 20:59:49,16,0.428,4.52,-20.0
2021-01-25 20:59:49,17,0.417,4.49,-20.0
2021-01-25 20:59:49,18,0.435,4.49,-20.0
2021-01-25 20:59:49,19,0.439,4.47,-20.0
2021-01-25 20:59:49,20,0.412,4.48,-20.0
2021-01-25 20:59:49,21,0.417,4.49,-20.0
2021-01-25 20:59:49,22,0.416,4.47,-20.0
2021-01-25 20:59:49,23,0.451,4.48,-20.0
2021-01-25 20:59:49,24,0.414,4.49,-20.0
2021-01-25 20:59:49,25,0.418,4.5,23.1
2021-01-25 20:59:49,26,0.419,4.47,-20.0
2021-01-25 20:59:49,27,0.416,4.47,-20.0
2021-01-25 20:59:49,28,0.42,4.45,-20.0
2021-01-25 20:59:49,29,0.415,4.46,-20.0
2021-01-25 20:59:49,30,0.419,4.48,-20.0
2021-01-25 20:59:49,31,0.415,4.46,-20.0
2021-01-25 20:59:49,32,0.411,4.48,-20.0
2021-01-25 20:59:49,33,0.413,4.49,-20.0
2021-01-25 20:59:49,34,0.411,4.49,-20.0
2021-01-25 20:59:49,35,0.41,4.49,-20.0
2021-01-25 20:59:49,36,0.404,4.51,-20.0
2021-01-25 20:59:49,37,0.403,4.49,23.5
2021-01-25 20:59:49,38,0.396,4.49,-20.0
2021-01-25 20:59:49,39,0.407,4.48,-20.0
2021-01-25 20:59:49,40,0.416,4.48,-20.0
2021-01-25 20:59:49,41,0.409,4.49,-20.0
2021-01-25 20:59:49,42,0.393,4.48,-20.0
2021-01-25 20:59:49,43,0.396,4.49,-20.0
2021-01-25 20:59:49,44,0.411,4.49,-20.0
2021-01-25 20:59:49,45,0.417,4.49,-20.0
2021-01-25 20:59:49,46,0.413,4.48,-20.0
2021-01-25 20:59:49,47,0.405,4.48,-20.0
2021-01-25 20:59:49,48,0.407,4.48,-20.0
2021-01-25 20:59:49,49,0.483,4.47,24.6
2021-01-25 20:59:49,50,0.423,4.46,-20.0
2021-01-25 20:59:49,51,0.411,4.47,-20.0
2021-01-25 20:59:49,52,0.414,4.47,-20.0
2021-01-25 20:59:49,53,0.415,4.46,-20.0
2021-01-25 20:59:49,54,0.414,4.47,-20.0
2021-01-25 20:59:49,55,0.43,4.44,-20.0
2021-01-25 20:59:49,56,0.423,4.44,-20.0
2021-01-25 20:59:49,57,0.423,4.44,-20.0
2021-01-25 20:59:49,58,0.419,4.43,-20.0
2021-01-25 20:59:49,59,0.421,4.45,-20.0
2021-01-25 20:59:49,60,0.41,4.46,-20.0
2021-01-25 20:59:49,61,0.412,4.49,22.9
2021-01-25 20:59:49,62,0.412,4.49,-20.0
2021-01-25 20:59:49,63,0.413,4.48,-20.0
2021-01-25 20:59:49,64,0.408,4.46,-20.0
2021-01-25 20:59:49,65,0.413,4.46,-20.0
2021-01-25 20:59:49,66,0.422,4.46,-20.0
2021-01-25 20:59:49,67,0.415,4.43,-20.0
2021-01-25 20:59:49,68,0.418,4.46,-20.0
2021-01-25 20:59:49,69,0.414,4.46,-20.0
2021-01-25 20:59:49,70,0.411,4.47,-20.0
2021-01-25 20:59:49,71,0.413,4.49,-20.0
2021-01-25 20:59:49,72,0.414,4.49,-20.0
2021-01-25 20:59:49,73,0.413,4.51,22.8
2021-01-25 20:59:49,74,0.408,4.48,-20.0
2021-01-25 20:59:49,75,0.422,4.48,-20.0
2021-01-25 20:59:49,76,0.428,4.45,-20.0
2021-01-25 20:59:49,77,0.421,4.5,-20.0
2021-01-25 20:59:49,78,0.404,4.48,-20.0
2021-01-25 20:59:49,79,0.412,4.49,-20.0
2021-01-25 20:59:49,80,0.417,4.5,-20.0
2021-01-25 20:59:49,81,0.423,4.51,-20.0
2021-01-25 20:59:49,82,0.421,4.51,-20.0
2021-01-25 20:59:49,83,0.423,4.5,-20.0
2021-01-25 20:59:49,84,0.422,4.49,-20.0
2021-01-25 20:59:49,85,0.416,4.47,23.9
2021-01-25 20:59:49,86,0.416,4.47,-20.0
2021-01-25 20:59:49,87,0.443,4.47,-20.0
2021-01-25 20:59:49,88,0.403,4.47,-20.0
2021-01-25 20:59:49,89,0.411,4.49,-20.0
2021-01-25 20:59:49,90,0.405,4.48,-20.0
2021-01-25 20:59:49,91,0.416,4.49,-20.0
2021-01-25 20:59:49,92,0.403,4.5,-20.0
2021-01-25 20:59:49,93,0.413,4.5,-20.0
2021-01-25 20:59:49,94,0.419,4.48,-20.0
2021-01-25 20:59:49,95,0.421,4.47,-20.0
2021-01-25 20:59:49,96,0.409,4.49,-20.0
2021-01-26 08:59:20,1,0.416,4.5,25.6
2021-01-26 08:59:20,2,0.413,4.5,-20.0
2021-01-26 08:59:20,3,0.416,4.49,-20.0
2021-01-26 08:59:20,4,0.416,4.48,-20.0
2021-01-26 08:59:20,5,0.405,4.52,-20.0
2021-01-26 08:59:20,6,0.413,4.49,-20.0
2021-01-26 08:59:20,7,0.412,4.48,-20.0
2021-01-26 08:59:20,8,0.411,4.51,-20.0
2021-01-26 08:59:20,9,0.417,4.48,-20.0
2021-01-26 08:59:20,10,0.42,4.5,-20.0
2021-01-26 08:59:20,11,0.422,4.46,-20.0
2021-01-26 08:59:20,12,0.418,4.47,-20.0
2021-01-26 08:59:20,13,0.41,4.48,25.1
2021-01-26 08:59:20,14,0.417,4.5,-20.0
2021-01-26 08:59:20,15,0.412,4.5,-20.0
2021-01-26 08:59:20,16,0.427,4.51,-20.0
2021-01-26 08:59:20,17,0.416,4.49,-20.0
2021-01-26 08:59:20,18,0.434,4.49,-20.0
2021-01-26 08:59:20,19,0.437,4.47,-20.0
2021-01-26 08:59:20,20,0.41,4.47,-20.0
2021-01-26 08:59:20,21,0.416,4.49,-20.0
2021-01-26 08:59:20,22,0.414,4.48,-20.0
2021-01-26 08:59:20,23,0.451,4.49,-20.0
2021-01-26 08:59:20,24,0.415,4.49,-20.0
2021-01-26 08:59:20,25,0.417,4.5,23.0
2021-01-26 08:59:20,26,0.419,4.47,-20.0
2021-01-26 08:59:20,27,0.417,4.46,-20.0
2021-01-26 08:59:20,28,0.42,4.46,-20.0
2021-01-26 08:59:20,29,0.417,4.45,-20.0
2021-01-26 08:59:20,30,0.418,4.47,-20.0
2021-01-26 08:59:20,31,0.418,4.47,-20.0
2021-01-26 08:59:20,32,0.416,4.48,-20.0
2021-01-26 08:59:20,33,0.413,4.49,-20.0
2021-01-26 08:59:20,34,0.411,4.49,-20.0
2021-01-26 08:59:20,35,0.41,4.49,-20.0
2021-01-26 08:59:20,36,0.406,4.5,-20.0
2021-01-26 08:59:20,37,0.406,4.49,23.5
2021-01-26 08:59:20,38,0.405,4.49,-20.0
2021-01-26 08:59:20,39,0.407,4.48,-20.0
2021-01-26 08:59:20,40,0.415,4.49,-20.0
2021-01-26 08:59:20,41,0.414,4.48,-20.0
2021-01-26 08:59:20,42,0.396,4.47,-20.0
2021-01-26 08:59:20,43,0.404,4.48,-20.0
2021-01-26 08:59:20,44,0.414,4.49,-20.0
2021-01-26 08:59:20,45,0.417,4.5,-20.0
2021-01-26 08:59:20,46,0.411,4.49,-20.0
2021-01-26 08:59:20,47,0.407,4.48,-20.0
2021-01-26 08:59:20,48,0.414,4.48,-20.0
2021-01-26 08:59:20,49,0.484,4.47,25.0
2021-01-26 08:59:20,50,0.421,4.47,-20.0
2021-01-26 08:59:20,51,0.41,4.47,-20.0
2021-01-26 08:59:20,52,0.415,4.47,-20.0
2021-01-26 08:59:20,53,0.415,4.46,-20.0
2021-01-26 08:59:20,54,0.413,4.47,-20.0
2021-01-26 08:59:20,55,0.427,4.44,-20.0
2021-01-26 08:59:20,56,0.424,4.44,-20.0
2021-01-26 08:59:20,57,0.422,4.44,-20.0
2021-01-26 08:59:20,58,0.418,4.43,-20.0
2021-01-26 08:59:20,59,0.423,4.46,-20.0
2021-01-26 08:59:20,60,0.411,4.46,-20.0
2021-01-26 08:59:20,61,0.413,4.49,23.1
2021-01-26 08:59:20,62,0.409,4.49,-20.0
2021-01-26 08:59:20,63,0.414,4.48,-20.0
2021-01-26 08:59:20,64,0.408,4.47,-20.0
2021-01-26 08:59:20,65,0.415,4.46,-20.0
2021-01-26 08:59:20,66,0.422,4.45,-20.0
2021-01-26 08:59:20,67,0.414,4.44,-20.0
2021-01-26 08:59:20,68,0.421,4.46,-20.0
2021-01-26 08:59:20,69,0.413,4.45,-20.0
2021-01-26 08:59:20,70,0.407,4.47,-20.0
2021-01-26 08:59:20,71,0.412,4.49,-20.0
2021-01-26 08:59:20,72,0.413,4.49,-20.0
2021-01-26 08:59:20,73,0.414,4.51,23.0
2021-01-26 08:59:20,74,0.41,4.48,-20.0
2021-01-26 08:59:20,75,0.423,4.47,-20.0
2021-01-26 08:59:20,76,0.424,4.46,-20.0
2021-01-26 08:59:20,77,0.415,4.51,-20.0
2021-01-26 08:59:20,78,0.399,4.48,-20.0
2021-01-26 08:59:20,79,0.41,4.48,-20.0
2021-01-26 08:59:20,80,0.418,4.5,-20.0
2021-01-26 08:59:20,81,0.421,4.51,-20.0
2021-01-26 08:59:20,82,0.419,4.51,-20.0
2021-01-26 08:59:20,83,0.422,4.5,-20.0
2021-01-26 08:59:20,84,0.422,4.5,-20.0
2021-01-26 08:59:20,85,0.411,4.47,24.0
2021-01-26 08:59:20,86,0.416,4.47,-20.0
2021-01-26 08:59:20,87,0.443,4.47,-20.0
2021-01-26 08:59:20,88,0.403,4.47,-20.0
2021-01-26 08:59:20,89,0.411,4.48,-20.0
2021-01-26 08:59:20,90,0.405,4.48,-20.0
2021-01-26 08:59:20,91,0.416,4.48,-20.0
2021-01-26 08:59:20,92,0.403,4.51,-20.0
2021-01-26 08:59:20,93,0.414,4.5,-20.0
2021-01-26 08:59:20,94,0.42,4.47,-20.0
2021-01-26 08:59:20,95,0.42,4.47,-20.0
2021-01-26 08:59:20,96,0.41,4.49,-20.0
2021-01-26 20:58:41,1,0.416,4.5,25.5
2021-01-26 20:58:41,2,0.412,4.5,-20.0
2021-01-26 20:58:41,3,0.42,4.5,-20.0
2021-01-26 20:58:41,4,0.417,4.49,-20.0
2021-01-26 20:58:41,5,0.403,4.52,-20.0
2021-01-26 20:58:41,6,0.414,4.49,-20.0
2021-01-26 20:58:41,7,0.411,4.48,-20.0
2021-01-26 20:58:41,8,0.41,4.5,-20.0
2021-01-26 20:58:41,9,0.416,4.49,-20.0
2021-01-26 20:58:41,10,0.419,4.51,-20.0
2021-01-26 20:58:41,11,0.421,4.46,-20.0
2021-01-26 20:58:41,12,0.417,4.47,-20.0
2021-01-26 20:58:41,13,0.409,4.48,24.9
2021-01-26 20:58:41,14,0.416,4.49,-20.0
2021-01-26 20:58:41,15,0.411,4.51,-20.0
2021-01-26 20:58:41,16,0.426,4.51,-20.0
2021-01-26 20:58:41,17,0.416,4.48,-20.0
2021-01-26 20:58:41,18,0.436,4.5,-20.0
2021-01-26 20:58:41,19,0.437,4.47,-20.0
2021-01-26 20:58:41,20,0.411,4.48,-20.0
2021-01-26 20:58:41,21,0.416,4.49,-20.0
2021-01-26 20:58:41,22,0.415,4.46,-20.0
2021-01-26 20:58:41,23,0.452,4.48,-20.0
2021-01-26 20:58:41,24,0.415,4.5,-20.0
2021-01-26 20:58:41,25,0.418,4.5,22.7
2021-01-26 20:58:41,26,0.419,4.48,-20.0
2021-01-26 20:58:41,27,0.415,4.47,-20.0
2021-01-26 20:58:41,28,0.418,4.46,-20.0
2021-01-26 20:58:41,29,0.418,4.46,-20.0
2021-01-26 20:58:41,30,0.421,4.47,-20.0
2021-01-26 20:58:41,31,0.413,4.46,-20.0
2021-01-26 20:58:41,32,0.395,4.48,-20.0
2021-01-26 20:58:41,33,0.409,4.49,-20.0
2021-01-26 20:58:41,34,0.394,4.48,-20.0
2021-01-26 20:58:41,35,0.408,4.48,-20.0
2021-01-26 20:58:41,36,0.4,4.5,-20.0
2021-01-26 20:58:41,37,0.39,4.48,23.2
2021-01-26 20:58:41,38,0.394,4.49,-20.0
2021-01-26 20:58:41,39,0.414,4.48,-20.0
2021-01-26 20:58:41,40,0.417,4.48,-20.0
2021-01-26 20:58:41,41,0.416,4.49,-20.0
2021-01-26 20:58:41,42,0.403,4.47,-20.0
2021-01-26 20:58:41,43,0.408,4.48,-20.0
2021-01-26 20:58:41,44,0.414,4.49,-20.0
2021-01-26 20:58:41,45,0.416,4.48,-20.0
2021-01-26 20:58:41,46,0.412,4.49,-20.0
2021-01-26 20:58:41,47,0.41,4.49,-20.0
2021-01-26 20:58:41,48,0.414,4.48,-20.0
2021-01-26 20:58:41,49,0.485,4.47,24.7
2021-01-26 20:58:41,50,0.422,4.47,-20.0
2021-01-26 20:58:41,51,0.411,4.47,-20.0
2021-01-26 20:58:41,52,0.416,4.47,-20.0
2021-01-26 20:58:41,53,0.417,4.46,-20.0
2021-01-26 20:58:41,54,0.414,4.47,-20.0
2021-01-26 20:58:41,55,0.429,4.44,-20.0
2021-01-26 20:58:41,56,0.421,4.44,-20.0
2021-01-26 20:58:41,57,0.427,4.44,-20.0
2021-01-26 20:58:41,58,0.419,4.43,-20.0
2021-01-26 20:58:41,59,0.426,4.45,-20.0
2021-01-26 20:58:41,60,0.414,4.46,-20.0
2021-01-26 20:58:41,61,0.41,4.49,22.4
2021-01-26 20:58:41,62,0.409,4.49,-20.0
2021-01-26 20:58:41,63,0.414,4.48,-20.0
2021-01-26 20:58:41,64,0.411,4.46,-20.0
2021-01-26 20:58:41,65,0.414,4.45,-20.0
2021-01-26 20:58:41,66,0.422,4.46,-20.0
2021-01-26 20:58:41,67,0.413,4.44,-20.0
2021-01-26 20:58:41,68,0.421,4.46,-20.0
2021-01-26 20:58:41,69,0.412,4.45,-20.0
2021-01-26 20:58:41,70,0.409,4.47,-20.0
2021-01-26 20:58:41,71,0.412,4.49,-20.0
2021-01-26 20:58:41,72,0.41,4.5,-20.0
2021-01-26 20:58:41,73,0.415,4.51,22.2
2021-01-26 20:58:41,74,0.41,4.48,-20.0
2021-01-26 20:58:41,75,0.421,4.47,-20.0
2021-01-26 20:58:41,76,0.424,4.45,-20.0
2021-01-26 20:58:41,77,0.416,4.51,-20.0
2021-01-26 20:58:41,78,0.401,4.47,-20.0
2021-01-26 20:58:41,79,0.412,4.48,-20.0
2021-01-26 20:58:41,80,0.418,4.5,-20.0
2021-01-26 20:58:41,81,0.422,4.52,-20.0
2021-01-26 20:58:41,82,0.419,4.51,-20.0
2021-01-26 20:58:41,83,0.425,4.5,-20.0
2021-01-26 20:58:41,84,0.419,4.49,-20.0
2021-01-26 20:58:41,85,0.413,4.47,23.2
2021-01-26 20:58:41,86,0.417,4.47,-20.0
2021-01-26 20:58:41,87,0.441,4.47,-20.0
2021-01-26 20:58:41,88,0.402,4.48,-20.0
2021-01-26 20:58:41,89,0.412,4.5,-20.0
2021-01-26 20:58:41,90,0.408,4.47,-20.0
2021-01-26 20:58:41,91,0.414,4.49,-20.0
2021-01-26 20:58:41,92,0.404,4.51,-20.0
2021-01-26 20:58:41,93,0.413,4.5,-20.0
2021-01-26 20:58:41,94,0.418,4.48,-20.0
2021-01-26 20:58:41,95,0.419,4.46,-20.0
2021-01-26 20:58:41,96,0.409,4.5,-20.0
2021-01-27 08:58:08,1,0.418,4.5,25.5
2021-01-27 08:58:08,2,0.413,4.5,-20.0
2021-01-27 08:58:08,3,0.42,4.51,-20.0
2021-01-27 08:58:08,4,0.419,4.49,-20.0
2021-01-27 08:58:08,5,0.404,4.51,-20.0
2021-01-27 08:58:08,6,0.418,4.5,-20.0
2021-01-27 08:58:08,7,0.411,4.48,-20.0
2021-01-27 08:58:08,8,0.41,4.51,-20.0
2021-01-27 08:58:08,9,0.415,4.47,-20.0
2021-01-27 08:58:08,10,0.421,4.5,-20.0
2021-01-27 08:58:08,11,0.421,4.46,-20.0
2021-01-27 08:58:08,12,0.421,4.47,-20.0
2021-01-27 08:58:08,13,0.41,4.48,24.9
2021-01-27 08:58:08,14,0.419,4.5,-20.0
2021-01-27 08:58:08,15,0.41,4.52,-20.0
2021-01-27 08:58:08,16,0.429,4.52,-20.0
2021-01-27 08:58:08,17,0.419,4.49,-20.0
2021-01-27 08:58:08,18,0.438,4.49,-20.0
2021-01-27 08:58:08,19,0.438,4.48,-20.0
2021-01-27 08:58:08,20,0.411,4.49,-20.0
2021-01-27 08:58:08,21,0.414,4.49,-20.0
2021-01-27 08:58:08,22,0.417,4.48,-20.0
2021-01-27 08:58:08,23,0.45,4.48,-20.0
2021-01-27 08:58:08,24,0.417,4.5,-20.0
2021-01-27 08:58:08,25,0.417,4.51,22.8
2021-01-27 08:58:08,26,0.419,4.48,-20.0
2021-01-27 08:58:08,27,0.416,4.47,-20.0
2021-01-27 08:58:08,28,0.421,4.46,-20.0
2021-01-27 08:58:08,29,0.419,4.46,-20.0
2021-01-27 08:58:08,30,0.421,4.47,-20.0
2021-01-27 08:58:08,31,0.415,4.46,-20.0
2021-01-27 08:58:08,32,0.403,4.49,-20.0
2021-01-27 08:58:08,33,0.411,4.48,-20.0
2021-01-27 08:58:08,34,0.4,4.49,-20.0
2021-01-27 08:58:08,35,0.407,4.48,-20.0
2021-01-27 08:58:08,36,0.4,4.51,-20.0
2021-01-27 08:58:08,37,0.392,4.49,23.3
2021-01-27 08:58:08,38,0.399,4.49,-20.0
2021-01-27 08:58:08,39,0.416,4.48,-20.0
2021-01-27 08:58:08,40,0.416,4.48,-20.0
2021-01-27 08:58:08,41,0.416,4.5,-20.0
2021-01-27 08:58:08,42,0.407,4.48,-20.0
2021-01-27 08:58:08,43,0.413,4.48,-20.0
2021-01-27 08:58:08,44,0.418,4.49,-20.0
2021-01-27 08:58:08,45,0.417,4.48,-20.0
2021-01-27 08:58:08,46,0.413,4.48,-20.0
2021-01-27 08:58:08,47,0.411,4.49,-20.0
2021-01-27 08:58:08,48,0.414,4.48,-20.0
2021-01-27 08:58:08,49,0.483,4.46,24.7
2021-01-27 08:58:08,50,0.421,4.46,-20.0
2021-01-27 08:58:08,51,0.412,4.47,-20.0
2021-01-27 08:58:08,52,0.418,4.46,-20.0
2021-01-27 08:58:08,53,0.418,4.46,-20.0
2021-01-27 08:58:08,54,0.415,4.47,-20.0
2021-01-27 08:58:08,55,0.43,4.44,-20.0
2021-01-27 08:58:08,56,0.422,4.44,-20.0
2021-01-27 08:58:08,57,0.426,4.44,-20.0
2021-01-27 08:58:08,58,0.419,4.43,-20.0
2021-01-27 08:58:08,59,0.426,4.45,-20.0
2021-01-27 08:58:08,60,0.418,4.45,-20.0
2021-01-27 08:58:08,61,0.412,4.49,22.7
2021-01-27 08:58:08,62,0.406,4.49,-20.0
2021-01-27 08:58:08,63,0.403,4.48,-20.0
2021-01-27 08:58:08,64,0.405,4.46,-20.0
2021-01-27 08:58:08,65,0.403,4.46,-20.0
2021-01-27 08:58:08,66,0.42,4.45,-20.0
2021-01-27 08:58:08,67,0.407,4.44,-20.0
2021-01-27 08:58:08,68,0.412,4.46,-20.0
2021-01-27 08:58:08,69,0.407,4.45,-20.0
2021-01-27 08:58:08,70,0.409,4.47,-20.0
2021-01-27 08:58:08,71,0.412,4.49,-20.0
2021-01-27 08:58:08,72,0.411,4.49,-20.0
2021-01-27 08:58:08,73,0.416,4.52,22.7
2021-01-27 08:58:08,74,0.411,4.48,-20.0
2021-01-27 08:58:08,75,0.423,4.47,-20.0
2021-01-27 08:58:08,76,0.426,4.46,-20.0
2021-01-27 08:58:08,77,0.419,4.51,-20.0
2021-01-27 08:58:08,78,0.405,4.48,-20.0
2021-01-27 08:58:08,79,0.414,4.48,-20.0
2021-01-27 08:58:08,80,0.421,4.51,-20.0
2021-01-27 08:58:08,81,0.423,4.51,-20.0
2021-01-27 08:58:08,82,0.418,4.52,-20.0
2021-01-27 08:58:08,83,0.424,4.51,-20.0
2021-01-27 08:58:08,84,0.419,4.49,-20.0
2021-01-27 08:58:08,85,0.412,4.47,23.7
2021-01-27 08:58:08,86,0.418,4.47,-20.0
2021-01-27 08:58:08,87,0.443,4.47,-20.0
2021-01-27 08:58:08,88,0.402,4.47,-20.0
2021-01-27 08:58:08,89,0.414,4.49,-20.0
2021-01-27 08:58:08,90,0.411,4.47,-20.0
2021-01-27 08:58:08,91,0.415,4.48,-20.0
2021-01-27 08:58:08,92,0.403,4.5,-20.0
2021-01-27 08:58:08,93,0.414,4.5,-20.0
2021-01-27 08:58:08,94,0.419,4.47,-20.0
2021-01-27 08:58:08,95,0.42,4.46,-20.0
2021-01-27 08:58:08,96,0.41,4.49,-20.0
2021-01-27 20:57:40,1,0.418,4.49,25.5
2021-01-27 20:57:40,2,0.415,4.51,-20.0
2021-01-27 20:57:40,3,0.424,4.5,-20.0
2021-01-27 20:57:40,4,0.421,4.49,-20.0
2021-01-27 20:57:40,5,0.402,4.51,-20.0
2021-01-27 20:57:40,6,0.42,4.5,-20.0
2021-01-27 20:57:40,7,0.408,4.49,-20.0
2021-01-27 20:57:40,8,0.411,4.49,-20.0
2021-01-27 20:57:40,9,0.419,4.48,-20.0
2021-01-27 20:57:40,10,0.42,4.5,-20.0
2021-01-27 20:57:40,11,0.421,4.46,-20.0
2021-01-27 20:57:40,12,0.423,4.46,-20.0
2021-01-27 20:57:40,13,0.41,4.48,24.8
2021-01-27 20:57:40,14,0.416,4.49,-20.0
2021-01-27 20:57:40,15,0.409,4.52,-20.0
2021-01-27 20:57:40,16,0.429,4.52,-20.0
2021-01-27 20:57:40,17,0.42,4.49,-20.0
2021-01-27 20:57:40,18,0.437,4.49,-20.0
2021-01-27 20:57:40,19,0.438,4.47,-20.0
2021-01-27 20:57:40,20,0.408,4.47,-20.0
2021-01-27 20:57:40,21,0.416,4.48,-20.0
2021-01-27 20:57:40,22,0.424,4.48,-20.0
2021-01-27 20:57:40,23,0.439,4.49,-20.0
2021-01-27 20:57:40,24,0.408,4.5,-20.0
2021-01-27 20:57:40,25,0.417,4.5,22.7
2021-01-27 20:57:40,26,0.417,4.47,-20.0
2021-01-27 20:57:40,27,0.399,4.47,-20.0
2021-01-27 20:57:40,28,0.416,4.47,-20.0
2021-01-27 20:57:40,29,0.406,4.46,-20.0
2021-01-27 20:57:40,30,0.416,4.47,-20.0
2021-01-27 20:57:40,31,0.416,4.46,-20.0
2021-01-27 20:57:40,32,0.409,4.48,-20.0
2021-01-27 20:57:40,33,0.414,4.49,-20.0
2021-01-27 20:57:40,34,0.401,4.49,-20.0
2021-01-27 20:57:40,35,0.407,4.48,-20.0
2021-01-27 20:57:40,36,0.401,4.5,-20.0
2021-01-27 20:57:40,37,0.396,4.49,23.1
2021-01-27 20:57:40,38,0.404,4.49,-20.0
2021-01-27 20:57:40,39,0.416,4.49,-20.0
2021-01-27 20:57:40,40,0.416,4.48,-20.0
2021-01-27 20:57:40,41,0.417,4.5,-20.0
2021-01-27 20:57:40,42,0.409,4.47,-20.0
2021-01-27 20:57:40,43,0.414,4.47,-20.0
2021-01-27 20:57:40,44,0.42,4.49,-20.0
2021-01-27 20:57:40,45,0.417,4.49,-20.0
2021-01-27 20:57:40,46,0.41,4.49,-20.0
2021-01-27 20:57:40,47,0.414,4.49,-20.0
2021-01-27 20:57:40,48,0.417,4.49,-20.0
2021-01-27 20:57:40,49,0.485,4.46,24.6
2021-01-27 20:57:40,50,0.424,4.47,-20.0
2021-01-27 20:57:40,51,0.413,4.47,-20.0
2021-01-27 20:57:40,52,0.422,4.46,-20.0
2021-01-27 20:57:40,53,0.42,4.46,-20.0
2021-01-27 20:57:40,54,0.416,4.47,-20.0
2021-01-27 20:57:40,55,0.428,4.44,-20.0
2021-01-27 20:57:40,56,0.423,4.44,-20.0
2021-01-27 20:57:40,57,0.43,4.43,-20.0
2021-01-27 20:57:40,58,0.419,4.43,-20.0
2021-01-27 20:57:40,59,0.427,4.45,-20.0
2021-01-27 20:57:40,60,0.418,4.47,-20.0
2021-01-27 20:57:40,61,0.413,4.5,22.5
2021-01-27 20:57:40,62,0.407,4.49,-20.0
2021-01-27 20:57:40,63,0.408,4.48,-20.0
2021-01-27 20:57:40,64,0.406,4.46,-20.0
2021-01-27 20:57:40,65,0.405,4.45,-20.0
2021-01-27 20:57:40,66,0.422,4.45,-20.0
2021-01-27 20:57:40,67,0.412,4.43,-20.0
2021-01-27 20:57:40,68,0.416,4.46,-20.0
2021-01-27 20:57:40,69,0.408,4.46,-20.0
2021-01-27 20:57:40,70,0.417,4.47,-20.0
2021-01-27 20:57:40,71,0.411,4.5,-20.0
2021-01-27 20:57:40,72,0.41,4.49,-20.0
2021-01-27 20:57:40,73,0.416,4.52,22.2
2021-01-27 20:57:40,74,0.407,4.48,-20.0
2021-01-27 20:57:40,75,0.424,4.47,-20.0
2021-01-27 20:57:40,76,0.425,4.46,-20.0
2021-01-27 20:57:40,77,0.422,4.51,-20.0
2021-01-27 20:57:40,78,0.409,4.48,-20.0
2021-01-27 20:57:40,79,0.416,4.48,-20.0
2021-01-27 20:57:40,80,0.421,4.51,-20.0
2021-01-27 20:57:40,81,0.425,4.51,-20.0
2021-01-27 20:57:40,82,0.422,4.52,-20.0
2021-01-27 20:57:40,83,0.425,4.5,-20.0
2021-01-27 20:57:40,84,0.421,4.49,-20.0
2021-01-27 20:57:40,85,0.412,4.47,23.1
2021-01-27 20:57:40,86,0.417,4.47,-20.0
2021-01-27 20:57:40,87,0.443,4.46,-20.0
2021-01-27 20:57:40,88,0.402,4.48,-20.0
2021-01-27 20:57:40,89,0.413,4.49,-20.0
2021-01-27 20:57:40,90,0.415,4.48,-20.0
2021-01-27 20:57:40,91,0.413,4.48,-20.0
2021-01-27 20:57:40,92,0.404,4.5,-20.0
2021-01-27 20:57:40,93,0.412,4.5,-20.0
2021-01-27 20:57:40,94,0.42,4.47,-20.0
2021-01-27 20:57:40,95,0.423,4.46,-20.0
2021-01-27 20:57:40,96,0.411,4.49,-20.0
2021-01-28 08:57:13,1,0.419,4.5,25.6
2021-01-28 08:57:13,2,0.415,4.5,-20.0
2021-01-28 08:57:13,3,0.422,4.51,-20.0
2021-01-28 08:57:13,4,0.42,4.49,-20.0
2021-01-28 08:57:13,5,0.404,4.51,-20.0
2021-01-28 08:57:13,6,0.418,4.49,-20.0
2021-01-28 08:57:13,7,0.407,4.48,-20.0
2021-01-28 08:57:13,8,0.412,4.5,-20.0
2021-01-28 08:57:13,9,0.416,4.49,-20.0
2021-01-28 08:57:13,10,0.418,4.51,-20.0
2021-01-28 08:57:13,11,0.421,4.45,-20.0
2021-01-28 08:57:13,12,0.423,4.46,-20.0
2021-01-28 08:57:13,13,0.409,4.48,24.8
2021-01-28 08:57:13,14,0.415,4.49,-20.0
2021-01-28 08:57:13,15,0.409,4.51,-20.0
2021-01-28 08:57:13,16,0.432,4.51,-20.0
2021-01-28 08:57:13,17,0.42,4.48,-20.0
2021-01-28 08:57:13,18,0.432,4.49,-20.0
2021-01-28 08:57:13,19,0.439,4.47,-20.0
2021-01-28 08:57:13,20,0.408,4.47,-20.0
2021-01-28 08:57:13,21,0.418,4.49,-20.0
2021-01-28 08:57:13,22,0.425,4.47,-20.0
2021-01-28 08:57:13,23,0.443,4.49,-20.0
2021-01-28 08:57:13,24,0.411,4.5,-20.0
2021-01-28 08:57:13,25,0.417,4.49,22.8
2021-01-28 08:57:13,26,0.418,4.48,-20.0
2021-01-28 08:57:13,27,0.404,4.48,-20.0
2021-01-28 08:57:13,28,0.42,4.47,-20.0
2021-01-28 08:57:13,29,0.411,4.46,-20.0
2021-01-28 08:57:13,30,0.418,4.48,-20.0
2021-01-28 08:57:13,31,0.414,4.46,-20.0
2021-01-28 08:57:13,32,0.411,4.48,-20.0
2021-01-28 08:57:13,33,0.415,4.49,-20.0
2021-01-28 08:57:13,34,0.405,4.49,-20.0
2021-01-28 08:57:13,35,0.409,4.49,-20.0
2021-01-28 08:57:13,36,0.401,4.51,-20.0
2021-01-28 08:57:13,37,0.4,4.49,23.2
2021-01-28 08:57:13,38,0.405,4.5,-20.0
2021-01-28 08:57:13,39,0.419,4.47,-20.0
2021-01-28 08:57:13,40,0.417,4.49,-20.0
2021-01-28 08:57:13,41,0.414,4.49,-20.0
2021-01-28 08:57:13,42,0.41,4.47,-20.0
2021-01-28 08:57:13,43,0.418,4.48,-20.0
2021-01-28 08:57:13,44,0.422,4.49,-20.0
2021-01-28 08:57:13,45,0.413,4.48,-20.0
2021-01-28 08:57:13,46,0.413,4.49,-20.0
2021-01-28 08:57:13,47,0.418,4.48,-20.0
2021-01-28 08:57:13,48,0.415,4.48,-20.0
2021-01-28 08:57:13,49,0.489,4.46,24.7
2021-01-28 08:57:13,50,0.426,4.47,-20.0
2021-01-28 08:57:13,51,0.412,4.47,-20.0
2021-01-28 08:57:13,52,0.419,4.47,-20.0
2021-01-28 08:57:13,53,0.42,4.46,-20.0
2021-01-28 08:57:13,54,0.415,4.47,-20.0
2021-01-28 08:57:13,55,0.417,4.44,-20.0
2021-01-28 08:57:13,56,0.422,4.44,-20.0
2021-01-28 08:57:13,57,0.429,4.43,-20.0
2021-01-28 08:57:13,58,0.413,4.43,-20.0
2021-01-28 08:57:13,59,0.417,4.44,-20.0
2021-01-28 08:57:13,60,0.417,4.46,-20.0
2021-01-28 08:57:13,61,0.411,4.5,22.5
2021-01-28 08:57:13,62,0.411,4.49,-20.0
2021-01-28 08:57:13,63,0.41,4.48,-20.0
2021-01-28 08:57:13,64,0.408,4.46,-20.0
2021-01-28 08:57:13,65,0.41,4.45,-20.0
2021-01-28 08:57:13,66,0.421,4.45,-20.0
2021-01-28 08:57:13,67,0.412,4.44,-20.0
2021-01-28 08:57:13,68,0.416,4.46,-20.0
2021-01-28 08:57:13,69,0.409,4.45,-20.0
2021-01-28 08:57:13,70,0.419,4.47,-20.0
2021-01-28 08:57:13,71,0.413,4.49,-20.0
2021-01-28 08:57:13,72,0.412,4.48,-20.0
2021-01-28 08:57:13,73,0.417,4.52,22.2
2021-01-28 08:57:13,74,0.41,4.48,-20.0
2021-01-28 08:57:13,75,0.425,4.48,-20.0
2021-01-28 08:57:13,76,0.425,4.46,-20.0
2021-01-28 08:57:13,77,0.424,4.52,-20.0
2021-01-28 08:57:13,78,0.41,4.47,-20.0
2021-01-28 08:57:13,79,0.418,4.48,-20.0
2021-01-28 08:57:13,80,0.424,4.5,-20.0
2021-01-28 08:57:13,81,0.425,4.51,-20.0
2021-01-28 08:57:13,82,0.424,4.52,-20.0
2021-01-28 08:57:13,83,0.424,4.5,-20.0
2021-01-28 08:57:13,84,0.419,4.5,-20.0
2021-01-28 08:57:13,85,0.412,4.48,23.3
2021-01-28 08:57:13,86,0.419,4.47,-20.0
2021-01-28 08:57:13,87,0.444,4.46,-20.0
2021-01-28 08:57:13,88,0.403,4.48,-20.0
2021-01-28 08:57:13,89,0.413,4.48,-20.0
2021-01-28 08:57:13,90,0.412,4.47,-20.0
2021-01-28 08:57:13,91,0.414,4.49,-20.0
2021-01-28 08:57:13,92,0.406,4.5,-20.0
2021-01-28 08:57:13,93,0.415,4.5,-20.0
2021-01-28 08:57:13,94,0.423,4.48,-20.0
2021-01-28 08:57:13,95,0.421,4.46,-20.0
2021-01-28 08:57:13,96,0.411,4.49,-20.0
2021-01-28 20:56:38,1,0.421,4.49,25.5
2021-01-28 20:56:38,2,0.412,4.51,-20.0
2021-01-28 20:56:38,3,0.421,4.49,-20.0
2021-01-28 20:56:38,4,0.42,4.48,-20.0
2021-01-28 20:56:38,5,0.406,4.51,-20.0
2021-01-28 20:56:38,6,0.416,4.5,-20.0
2021-01-28 20:56:38,7,0.407,4.48,-20.0
2021-01-28 20:56:38,8,0.411,4.5,-20.0
2021-01-28 20:56:38,9,0.415,4.49,-20.0
2021-01-28 20:56:38,10,0.418,4.5,-20.0
2021-01-28 20:56:38,11,0.418,4.46,-20.0
2021-01-28 20:56:38,12,0.419,4.47,-20.0
2021-01-28 20:56:38,13,0.408,4.49,24.9
2021-01-28 20:56:38,14,0.414,4.49,-20.0
2021-01-28 20:56:38,15,0.409,4.52,-20.0
2021-01-28 20:56:38,16,0.43,4.51,-20.0
2021-01-28 20:56:38,17,0.418,4.49,-20.0
2021-01-28 20:56:38,18,0.432,4.49,-20.0
2021-01-28 20:56:38,19,0.438,4.47,-20.0
2021-01-28 20:56:38,20,0.407,4.48,-20.0
2021-01-28 20:56:38,21,0.42,4.49,-20.0
2021-01-28 20:56:38,22,0.424,4.48,-20.0
2021-01-28 20:56:38,23,0.443,4.49,-20.0
2021-01-28 20:56:38,24,0.41,4.49,-20.0
2021-01-28 20:56:38,25,0.419,4.5,22.7
2021-01-28 20:56:38,26,0.419,4.48,-20.0
2021-01-28 20:56:38,27,0.406,4.47,-20.0
2021-01-28 20:56:38,28,0.421,4.47,-20.0
2021-01-28 20:56:38,29,0.415,4.47,-20.0
2021-01-28 20:56:38,30,0.417,4.47,-20.0
2021-01-28 20:56:38,31,0.414,4.46,-20.0
2021-01-28 20:56:38,32,0.412,4.49,-20.0
2021-01-28 20:56:38,33,0.414,4.48,-20.0
2021-01-28 20:56:38,34,0.408,4.49,-20.0
2021-01-28 20:56:38,35,0.408,4.48,-20.0
2021-01-28 20:56:38,36,0.4,4.5,-20.0
2021-01-28 20:56:38,37,0.406,4.49,23.2
2021-01-28 20:56:38,38,0.41,4.48,-20.0
2021-01-28 20:56:38,39,0.419,4.49,-20.0
2021-01-28 20:56:38,40,0.415,4.48,-20.0
2021-01-28 20:56:38,41,0.413,4.49,-20.0
2021-01-28 20:56:38,42,0.41,4.47,-20.0
2021-01-28 20:56:38,43,0.42,4.49,-20.0
2021-01-28 20:56:38,44,0.423,4.49,-20.0
2021-01-28 20:56:38,45,0.417,4.49,-20.0
2021-01-28 20:56:38,46,0.412,4.48,-20.0
2021-01-28 20:56:38,47,0.417,4.49,-20.0
2021-01-28 20:56:38,48,0.415,4.49,-20.0
2021-01-28 20:56:38,49,0.489,4.46,24.7
2021-01-28 20:56:38,50,0.425,4.47,-20.0
2021-01-28 20:56:38,51,0.413,4.47,-20.0
2021-01-28 20:56:38,52,0.419,4.47,-20.0
2021-01-28 20:56:38,53,0.42,4.45,-20.0
2021-01-28 20:56:38,54,0.417,4.47,-20.0
2021-01-28 20:56:38,55,0.423,4.44,-20.0
2021-01-28 20:56:38,56,0.423,4.44,-20.0
2021-01-28 20:56:38,57,0.429,4.43,-20.0
2021-01-28 20:56:38,58,0.415,4.43,-20.0
2021-01-28 20:56:38,59,0.417,4.45,-20.0
2021-01-28 20:56:38,60,0.418,4.46,-20.0
2021-01-28 20:56:38,61,0.417,4.5,22.7
2021-01-28 20:56:38,62,0.411,4.49,-20.0
2021-01-28 20:56:38,63,0.414,4.48,-20.0
2021-01-28 20:56:38,64,0.411,4.46,-20.0
2021-01-28 20:56:38,65,0.411,4.45,-20.0
2021-01-28 20:56:38,66,0.421,4.45,-20.0
2021-01-28 20:56:38,67,0.411,4.44,-20.0
2021-01-28 20:56:38,68,0.414,4.46,-20.0
2021-01-28 20:56:38,69,0.412,4.45,-20.0
2021-01-28 20:56:38,70,0.416,4.48,-20.0
2021-01-28 20:56:38,71,0.415,4.49,-20.0
2021-01-28 20:56:38,72,0.415,4.49,-20.0
2021-01-28 20:56:38,73,0.416,4.52,22.8
2021-01-28 20:56:38,74,0.409,4.48,-20.0
2021-01-28 20:56:38,75,0.422,4.47,-20.0
2021-01-28 20:56:38,76,0.423,4.46,-20.0
2021-01-28 20:56:38,77,0.425,4.51,-20.0
2021-01-28 20:56:38,78,0.412,4.47,-20.0
2021-01-28 20:56:38,79,0.417,4.48,-20.0
2021-01-28 20:56:38,80,0.423,4.51,-20.0
2021-01-28 20:56:38,81,0.422,4.51,-20.0
2021-01-28 20:56:38,82,0.424,4.52,-20.0
2021-01-28 20:56:38,83,0.425,4.5,-20.0
2021-01-28 20:56:38,84,0.422,4.49,-20.0
2021-01-28 20:56:38,85,0.414,4.47,23.6
2021-01-28 20:56:38,86,0.419,4.47,-20.0
2021-01-28 20:56:38,87,0.443,4.46,-20.0
2021-01-28 20:56:38,88,0.403,4.48,-20.0
2021-01-28 20:56:38,89,0.409,4.49,-20.0
2021-01-28 20:56:38,90,0.411,4.48,-20.0
2021-01-28 20:56:38,91,0.411,4.49,-20.0
2021-01-28 20:56:38,92,0.402,4.5,-20.0
2021-01-28 20:56:38,93,0.414,4.49,-20.0
2021-01-28 20:56:38,94,0.423,4.47,-20.0
2021-01-28 20:56:38,95,0.417,4.46,-20.0
2021-01-28 20:56:38,96,0.407,4.48,-20.0
2021-01-29 08:56:14,1,0.418,4.5,25.5
2021-01-29 08:56:14,2,0.413,4.51,-20.0
2021-01-29 08:56:14,3,0.422,4.51,-20.0
2021-01-29 08:56:14,4,0.421,4.48,-20.0
2021-01-29 08:56:14,5,0.406,4.51,-20.0
2021-01-29 08:56:14,6,0.417,4.49,-20.0
2021-01-29 08:56:14,7,0.405,4.49,-20.0
2021-01-29 08:56:14,8,0.411,4.5,-20.0
2021-01-29 08:56:14,9,0.413,4.48,-20.0
2021-01-29 08:56:14,10,0.418,4.5,-20.0
2021-01-29 08:56:14,11,0.416,4.46,-20.0
2021-01-29 08:56:14,12,0.418,4.47,-20.0
2021-01-29 08:56:14,13,0.406,4.48,24.8
2021-01-29 08:56:14,14,0.415,4.49,-20.0
2021-01-29 08:56:14,15,0.408,4.52,-20.0
2021-01-29 08:56:14,16,0.43,4.52,-20.0
2021-01-29 08:56:14,17,0.42,4.5,-20.0
2021-01-29 08:56:14,18,0.43,4.5,-20.0
2021-01-29 08:56:14,19,0.44,4.48,-20.0
2021-01-29 08:56:14,20,0.409,4.48,-20.0
2021-01-29 08:56:14,21,0.418,4.49,-20.0
2021-01-29 08:56:14,22,0.423,4.48,-20.0
2021-01-29 08:56:14,23,0.443,4.49,-20.0
2021-01-29 08:56:14,24,0.411,4.5,-20.0
2021-01-29 08:56:14,25,0.42,4.5,22.8
2021-01-29 08:56:14,26,0.421,4.47,-20.0
2021-01-29 08:56:14,27,0.411,4.47,-20.0
2021-01-29 08:56:14,28,0.425,4.47,-20.0
2021-01-29 08:56:14,29,0.416,4.46,-20.0
2021-01-29 08:56:14,30,0.417,4.48,-20.0
2021-01-29 08:56:14,31,0.415,4.47,-20.0
2021-01-29 08:56:14,32,0.412,4.47,-20.0
2021-01-29 08:56:14,33,0.413,4.5,-20.0
2021-01-29 08:56:14,34,0.412,4.49,-20.0
2021-01-29 08:56:14,35,0.41,4.48,-20.0
2021-01-29 08:56:14,36,0.402,4.51,-20.0
2021-01-29 08:56:14,37,0.407,4.49,23.2
2021-01-29 08:56:14,38,0.412,4.5,-20.0
2021-01-29 08:56:14,39,0.418,4.48,-20.0
2021-01-29 08:56:14,40,0.416,4.49,-20.0
2021-01-29 08:56:14,41,0.414,4.49,-20.0
2021-01-29 08:56:14,42,0.411,4.48,-20.0
2021-01-29 08:56:14,43,0.42,4.48,-20.0
2021-01-29 08:56:14,44,0.426,4.5,-20.0
2021-01-29 08:56:14,45,0.417,4.48,-20.0
2021-01-29 08:56:14,46,0.412,4.48,-20.0
2021-01-29 08:56:14,47,0.414,4.48,-20.0
2021-01-29 08:56:14,48,0.401,4.48,-20.0
2021-01-29 08:56:14,49,0.487,4.47,24.6
2021-01-29 08:56:14,50,0.427,4.47,-20.0
2021-01-29 08:56:14,51,0.409,4.47,-20.0
2021-01-29 08:56:14,52,0.418,4.46,-20.0
2021-01-29 08:56:14,53,0.418,4.45,-20.0
2021-01-29 08:56:14,54,0.417,4.47,-20.0
2021-01-29 08:56:14,55,0.427,4.44,-20.0
2021-01-29 08:56:14,56,0.421,4.44,-20.0
2021-01-29 08:56:14,57,0.429,4.44,-20.0
2021-01-29 08:56:14,58,0.416,4.43,-20.0
2021-01-29 08:56:14,59,0.418,4.45,-20.0
2021-01-29 08:56:14,60,0.416,4.46,-20.0
2021-01-29 08:56:14,61,0.417,4.49,22.7
2021-01-29 08:56:14,62,0.414,4.48,-20.0
2021-01-29 08:56:14,63,0.413,4.48,-20.0
2021-01-29 08:56:14,64,0.41,4.46,-20.0
2021-01-29 08:56:14,65,0.413,4.45,-20.0
2021-01-29 08:56:14,66,0.42,4.45,-20.0
2021-01-29 08:56:14,67,0.413,4.43,-20.0
2021-01-29 08:56:14,68,0.416,4.47,-20.0
2021-01-29 08:56:14,69,0.414,4.46,-20.0
2021-01-29 08:56:14,70,0.416,4.47,-20.0
2021-01-29 08:56:14,71,0.414,4.49,-20.0
2021-01-29 08:56:14,72,0.415,4.49,-20.0
2021-01-29 08:56:14,73,0.416,4.52,22.4
2021-01-29 08:56:14,74,0.408,4.48,-20.0
2021-01-29 08:56:14,75,0.422,4.47,-20.0
2021-01-29 08:56:14,76,0.425,4.45,-20.0
2021-01-29 08:56:14,77,0.429,4.51,-20.0
2021-01-29 08:56:14,78,0.412,4.47,-20.0
2021-01-29 08:56:14,79,0.417,4.48,-20.0
2021-01-29 08:56:14,80,0.424,4.51,-20.0
2021-01-29 08:56:14,81,0.421,4.52,-20.0
2021-01-29 08:56:14,82,0.424,4.51,-20.0
2021-01-29 08:56:14,83,0.424,4.51,-20.0
2021-01-29 08:56:14,84,0.421,4.5,-20.0
2021-01-29 08:56:14,85,0.414,4.48,23.3
2021-01-29 08:56:14,86,0.419,4.47,-20.0
2021-01-29 08:56:14,87,0.442,4.47,-20.0
2021-01-29 08:56:14,88,0.399,4.48,-20.0
2021-01-29 08:56:14,89,0.411,4.49,-20.0
2021-01-29 08:56:14,90,0.409,4.47,-20.0
2021-01-29 08:56:14,91,0.413,4.49,-20.0
2021-01-29 08:56:14,92,0.401,4.5,-20.0
2021-01-29 08:56:14,93,0.414,4.5,-20.0
2021-01-29 08:56:14,94,0.42,4.48,-20.0
2021-01-29 08:56:14,95,0.414,4.46,-20.0
2021-01-29 08:56:14,96,0.406,4.49,-20.0
2021-01-29 20:55:35,1,0.414,4.5,25.5
2021-01-29 20:55:35,2,0.413,4.51,-20.0
2021-01-29 20:55:35,3,0.419,4.51,-20.0
2021-01-29 20:55:35,4,0.418,4.48,-20.0
2021-01-29 20:55:35,5,0.403,4.52,-20.0
2021-01-29 20:55:35,6,0.414,4.5,-20.0
2021-01-29 20:55:35,7,0.404,4.49,-20.0
2021-01-29 20:55:35,8,0.407,4.5,-20.0
2021-01-29 20:55:35,9,0.413,4.48,-20.0
2021-01-29 20:55:35,10,0.418,4.5,-20.0
2021-01-29 20:55:35,11,0.418,4.46,-20.0
2021-01-29 20:55:35,12,0.416,4.46,-20.0
2021-01-29 20:55:35,13,0.406,4.48,24.8
2021-01-29 20:55:35,14,0.413,4.49,-20.0
2021-01-29 20:55:35,15,0.409,4.52,-20.0
2021-01-29 20:55:35,16,0.426,4.5,-20.0
2021-01-29 20:55:35,17,0.421,4.49,-20.0
2021-01-29 20:55:35,18,0.433,4.5,-20.0
2021-01-29 20:55:35,19,0.44,4.47,-20.0
2021-01-29 20:55:35,20,0.41,4.48,-20.0
2021-01-29 20:55:35,21,0.416,4.48,-20.0
2021-01-29 20:55:35,22,0.423,4.48,-20.0
2021-01-29 20:55:35,23,0.445,4.49,-20.0
2021-01-29 20:55:35,24,0.408,4.48,-20.0
2021-01-29 20:55:35,25,0.419,4.5,22.7
2021-01-29 20:55:35,26,0.421,4.48,-20.0
2021-01-29 20:55:35,27,0.411,4.46,-20.0
2021-01-29 20:55:35,28,0.424,4.47,-20.0
2021-01-29 20:55:35,29,0.421,4.48,-20.0
2021-01-29 20:55:35,30,0.417,4.48,-20.0
2021-01-29 20:55:35,31,0.414,4.47,-20.0
2021-01-29 20:55:35,32,0.409,4.47,-20.0
2021-01-29 20:55:35,33,0.417,4.49,-20.0
2021-01-29 20:55:35,34,0.414,4.49,-20.0
2021-01-29 20:55:35,35,0.41,4.49,-20.0
2021-01-29 20:55:35,36,0.405,4.5,-20.0
2021-01-29 20:55:35,37,0.415,4.49,23.2
2021-01-29 20:55:35,38,0.414,4.5,-20.0
2021-01-29 20:55:35,39,0.419,4.48,-20.0
2021-01-29 20:55:35,40,0.415,4.47,-20.0
2021-01-29 20:55:35,41,0.416,4.5,-20.0
2021-01-29 20:55:35,42,0.411,4.48,-20.0
2021-01-29 20:55:35,43,0.422,4.48,-20.0
2021-01-29 20:55:35,44,0.427,4.48,-20.0
2021-01-29 20:55:35,45,0.416,4.49,-20.0
2021-01-29 20:55:35,46,0.414,4.49,-20.0
2021-01-29 20:55:35,47,0.415,4.48,-20.0
2021-01-29 20:55:35,48,0.403,4.48,-20.0
2021-01-29 20:55:35,49,0.486,4.47,24.7
2021-01-29 20:55:35,50,0.427,4.47,-20.0
2021-01-29 20:55:35,51,0.408,4.47,-20.0
2021-01-29 20:55:35,52,0.416,4.46,-20.0
2021-01-29 20:55:35,53,0.418,4.46,-20.0
2021-01-29 20:55:35,54,0.415,4.47,-20.0
2021-01-29 20:55:35,55,0.432,4.44,-20.0
2021-01-29 20:55:35,56,0.423,4.44,-20.0
2021-01-29 20:55:35,57,0.427,4.44,-20.0
2021-01-29 20:55:35,58,0.417,4.43,-20.0
2021-01-29 20:55:35,59,0.418,4.44,-20.0
2021-01-29 20:55:35,60,0.418,4.46,-20.0
2021-01-29 20:55:35,61,0.417,4.49,22.7
2021-01-29 20:55:35,62,0.411,4.49,-20.0
2021-01-29 20:55:35,63,0.414,4.48,-20.0
2021-01-29 20:55:35,64,0.411,4.46,-20.0
2021-01-29 20:55:35,65,0.412,4.46,-20.0
2021-01-29 20:55:35,66,0.421,4.45,-20.0
2021-01-29 20:55:35,67,0.411,4.43,-20.0
2021-01-29 20:55:35,68,0.416,4.46,-20.0
2021-01-29 20:55:35,69,0.416,4.46,-20.0
2021-01-29 20:55:35,70,0.415,4.48,-20.0
2021-01-29 20:55:35,71,0.414,4.49,-20.0
2021-01-29 20:55:35,72,0.411,4.49,-20.0
2021-01-29 20:55:35,73,0.417,4.52,22.7
2021-01-29 20:55:35,74,0.41,4.49,-20.0
2021-01-29 20:55:35,75,0.422,4.48,-20.0
2021-01-29 20:55:35,76,0.428,4.46,-20.0
2021-01-29 20:55:35,77,0.429,4.52,-20.0
2021-01-29 20:55:35,78,0.41,4.48,-20.0
2021-01-29 20:55:35,79,0.417,4.48,-20.0
2021-01-29 20:55:35,80,0.425,4.5,-20.0
2021-01-29 20:55:35,81,0.426,4.51,-20.0
2021-01-29 20:55:35,82,0.421,4.52,-20.0
2021-01-29 20:55:35,83,0.422,4.5,-20.0
2021-01-29 20:55:35,84,0.422,4.5,-20.0
2021-01-29 20:55:35,85,0.411,4.47,24.1
2021-01-29 20:55:35,86,0.417,4.47,-20.0
2021-01-29 20:55:35,87,0.437,4.46,-20.0
2021-01-29 20:55:35,88,0.4,4.48,-20.0
2021-01-29 20:55:35,89,0.407,4.48,-20.0
2021-01-29 20:55:35,90,0.404,4.48,-20.0
2021-01-29 20:55:35,91,0.413,4.48,-20.0
2021-01-29 20:55:35,92,0.399,4.51,-20.0
2021-01-29 20:55:35,93,0.413,4.5,-20.0
2021-01-29 20:55:35,94,0.421,4.47,-20.0
2021-01-29 20:55:35,95,0.416,4.47,-20.0
2021-01-29 20:55:35,96,0.408,4.49,-20.0
2021-01-30 08:55:06,1,0.414,4.5,25.5
2021-01-30 08:55:06,2,0.414,4.51,-20.0
2021-01-30 08:55:06,3,0.419,4.51,-20.0
2021-01-30 08:55:06,4,0.42,4.47,-20.0
2021-01-30 08:55:06,5,0.404,4.51,-20.0
2021-01-30 08:55:06,6,0.413,4.49,-20.0
2021-01-30 08:55:06,7,0.406,4.48,-20.0
2021-01-30 08:55:06,8,0.409,4.5,-20.0
2021-01-30 08:55:06,9,0.412,4.47,-20.0
2021-01-30 08:55:06,10,0.421,4.5,-20.0
2021-01-30 08:55:06,11,0.419,4.46,-20.0
2021-01-30 08:55:06,12,0.416,4.46,-20.0
2021-01-30 08:55:06,13,0.408,4.49,24.9
2021-01-30 08:55:06,14,0.415,4.5,-20.0
2021-01-30 08:55:06,15,0.408,4.5,-20.0
2021-01-30 08:55:06,16,0.425,4.52,-20.0
2021-01-30 08:55:06,17,0.422,4.49,-20.0
2021-01-30 08:55:06,18,0.434,4.5,-20.0
2021-01-30 08:55:06,19,0.442,4.47,-20.0
2021-01-30 08:55:06,20,0.411,4.48,-20.0
2021-01-30 08:55:06,21,0.414,4.49,-20.0
2021-01-30 08:55:06,22,0.422,4.48,-20.0
2021-01-30 08:55:06,23,0.444,4.49,-20.0
2021-01-30 08:55:06,24,0.411,4.49,-20.0
2021-01-30 08:55:06,25,0.417,4.49,23.0
2021-01-30 08:55:06,26,0.424,4.47,-20.0
2021-01-30 08:55:06,27,0.414,4.47,-20.0
2021-01-30 08:55:06,28,0.424,4.47,-20.0
2021-01-30 08:55:06,29,0.421,4.46,-20.0
2021-01-30 08:55:06,30,0.419,4.47,-20.0
2021-01-30 08:55:06,31,0.417,4.46,-20.0
2021-01-30 08:55:06,32,0.412,4.48,-20.0
2021-01-30 08:55:06,33,0.417,4.49,-20.0
2021-01-30 08:55:06,34,0.415,4.49,-20.0
2021-01-30 08:55:06,35,0.409,4.48,-20.0
2021-01-30 08:55:06,36,0.403,4.5,-20.0
2021-01-30 08:55:06,37,0.414,4.47,23.4
2021-01-30 08:55:06,38,0.402,4.49,-20.0
2021-01-30 08:55:06,39,0.409,4.49,-20.0
2021-01-30 08:55:06,40,0.414,4.47,-20.0
2021-01-30 08:55:06,41,0.413,4.5,-20.0
2021-01-30 08:55:06,42,0.395,4.47,-20.0
2021-01-30 08:55:06,43,0.401,4.48,-20.0
2021-01-30 08:55:06,44,0.419,4.5,-20.0
2021-01-30 08:55:06,45,0.416,4.49,-20.0
2021-01-30 08:55:06,46,0.413,4.49,-20.0
2021-01-30 08:55:06,47,0.411,4.48,-20.0
2021-01-30 08:55:06,48,0.405,4.49,-20.0
2021-01-30 08:55:06,49,0.488,4.46,24.7
2021-01-30 08:55:06,50,0.424,4.47,-20.0
2021-01-30 08:55:06,51,0.412,4.47,-20.0
2021-01-30 08:55:06,52,0.416,4.46,-20.0
2021-01-30 08:55:06,53,0.417,4.45,-20.0
2021-01-30 08:55:06,54,0.416,4.47,-20.0
2021-01-30 08:55:06,55,0.429,4.44,-20.0
2021-01-30 08:55:06,56,0.424,4.44,-20.0
2021-01-30 08:55:06,57,0.429,4.43,-20.0
2021-01-30 08:55:06,58,0.419,4.43,-20.0
2021-01-30 08:55:06,59,0.419,4.45,-20.0
2021-01-30 08:55:06,60,0.42,4.47,-20.0
2021-01-30 08:55:06,61,0.419,4.49,23.0
2021-01-30 08:55:06,62,0.411,4.48,-20.0
2021-01-30 08:55:06,63,0.415,4.48,-20.0
2021-01-30 08:55:06,64,0.411,4.46,-20.0
2021-01-30 08:55:06,65,0.408,4.46,-20.0
2021-01-30 08:55:06,66,0.422,4.46,-20.0
2021-01-30 08:55:06,67,0.413,4.43,-20.0
2021-01-30 08:55:06,68,0.416,4.47,-20.0
2021-01-30 08:55:06,69,0.416,4.46,-20.0
2021-01-30 08:55:06,70,0.415,4.48,-20.0
2021-01-30 08:55:06,71,0.414,4.49,-20.0
2021-01-30 08:55:06,72,0.41,4.49,-20.0
2021-01-30 08:55:06,73,0.416,4.53,23.0
2021-01-30 08:55:06,74,0.41,4.49,-20.0
2021-01-30 08:55:06,75,0.423,4.47,-20.0
2021-01-30 08:55:06,76,0.426,4.47,-20.0
2021-01-30 08:55:06,77,0.43,4.51,-20.0
2021-01-30 08:55:06,78,0.411,4.48,-20.0
2021-01-30 08:55:06,79,0.418,4.49,-20.0
2021-01-30 08:55:06,80,0.426,4.52,-20.0
2021-01-30 08:55:06,81,0.428,4.51,-20.0
2021-01-30 08:55:06,82,0.421,4.51,-20.0
2021-01-30 08:55:06,83,0.424,4.5,-20.0
2021-01-30 08:55:06,84,0.421,4.5,-20.0
2021-01-30 08:55:06,85,0.412,4.48,24.3
2021-01-30 08:55:06,86,0.417,4.47,-20.0
2021-01-30 08:55:06,87,0.44,4.47,-20.0
2021-01-30 08:55:06,88,0.399,4.47,-20.0
2021-01-30 08:55:06,89,0.41,4.5,-20.0
2021-01-30 08:55:06,90,0.403,4.47,-20.0
2021-01-30 08:55:06,91,0.415,4.48,-20.0
2021-01-30 08:55:06,92,0.401,4.5,-20.0
2021-01-30 08:55:06,93,0.416,4.5,-20.0
2021-01-30 08:55:06,94,0.419,4.48,-20.0
2021-01-30 08:55:06,95,0.414,4.47,-20.0
2021-01-30 08:55:06,96,0.409,4.49,-20.0
2021-01-30 20:54:37,1,0.415,4.5,25.5
2021-01-30 20:54:37,2,0.414,4.51,-20.0
2021-01-30 20:54:37,3,0.418,4.51,-20.0
2021-01-30 20:54:37,4,0.418,4.48,-20.0
2021-01-30 20:54:37,5,0.403,4.51,-20.0
2021-01-30 20:54:37,6,0.413,4.49,-20.0
2021-01-30 20:54:37,7,0.406,4.48,-20.0
2021-01-30 20:54:37,8,0.408,4.49,-20.0
2021-01-30 20:54:37,9,0.412,4.48,-20.0
2021-01-30 20:54:37,10,0.417,4.5,-20.0
2021-01-30 20:54:37,11,0.418,4.45,-20.0
2021-01-30 20:54:37,12,0.418,4.45,-20.0
2021-01-30 20:54:37,13,0.41,4.49,24.9
2021-01-30 20:54:37,14,0.418,4.49,-20.0
2021-01-30 20:54:37,15,0.41,4.5,-20.0
2021-01-30 20:54:37,16,0.423,4.51,-20.0
2021-01-30 20:54:37,17,0.42,4.48,-20.0
2021-01-30 20:54:37,18,0.432,4.49,-20.0
2021-01-30 20:54:37,19,0.441,4.47,-20.0
2021-01-30 20:54:37,20,0.411,4.47,-20.0
2021-01-30 20:54:37,21,0.414,4.48,-20.0
2021-01-30 20:54:37,22,0.424,4.48,-20.0
2021-01-30 20:54:37,23,0.445,4.49,-20.0
2021-01-30 20:54:37,24,0.413,4.5,-20.0
2021-01-30 20:54:37,25,0.416,4.49,22.9
2021-01-30 20:54:37,26,0.424,4.48,-20.0
2021-01-30 20:54:37,27,0.415,4.46,-20.0
2021-01-30 20:54:37,28,0.423,4.46,-20.0
2021-01-30 20:54:37,29,0.421,4.46,-20.0
2021-01-30 20:54:37,30,0.421,4.49,-20.0
2021-01-30 20:54:37,31,0.418,4.46,-20.0
2021-01-30 20:54:37,32,0.414,4.47,-20.0
2021-01-30 20:54:37,33,0.418,4.5,-20.0
2021-01-30 20:54:37,34,0.415,4.49,-20.0
2021-01-30 20:54:37,35,0.412,4.48,-20.0
2021-01-30 20:54:37,36,0.406,4.5,-20.0
2021-01-30 20:54:37,37,0.416,4.49,23.4
2021-01-30 20:54:37,38,0.408,4.48,-20.0
2021-01-30 20:54:37,39,0.41,4.48,-20.0
2021-01-30 20:54:37,40,0.416,4.49,-20.0
2021-01-30 20:54:37,41,0.415,4.49,-20.0
2021-01-30 20:54:37,42,0.402,4.48,-20.0
2021-01-30 20:54:37,43,0.406,4.48,-20.0
2021-01-30 20:54:37,44,0.421,4.49,-20.0
2021-01-30 20:54:37,45,0.419,4.48,-20.0
2021-01-30 20:54:37,46,0.416,4.49,-20.0
2021-01-30 20:54:37,47,0.415,4.48,-20.0
2021-01-30 20:54:37,48,0.41,4.49,-20.0
2021-01-30 20:54:37,49,0.488,4.46,24.8
2021-01-30 20:54:37,50,0.423,4.47,-20.0
2021-01-30 20:54:37,51,0.411,4.47,-20.0
2021-01-30 20:54:37,52,0.417,4.46,-20.0
2021-01-30 20:54:37,53,0.418,4.46,-20.0
2021-01-30 20:54:37,54,0.416,4.47,-20.0
2021-01-30 20:54:37,55,0.431,4.44,-20.0
2021-01-30 20:54:37,56,0.426,4.43,-20.0
2021-01-30 20:54:37,57,0.429,4.43,-20.0
2021-01-30 20:54:37,58,0.42,4.43,-20.0
2021-01-30 20:54:37,59,0.42,4.45,-20.0
2021-01-30 20:54:37,60,0.418,4.47,-20.0
2021-01-30 20:54:37,61,0.422,4.49,23.0
2021-01-30 20:54:37,62,0.41,4.49,-20.0
2021-01-30 20:54:37,63,0.412,4.48,-20.0
2021-01-30 20:54:37,64,0.411,4.46,-20.0
2021-01-30 20:54:37,65,0.41,4.45,-20.0
2021-01-30 20:54:37,66,0.42,4.46,-20.0
2021-01-30 20:54:37,67,0.414,4.44,-20.0
2021-01-30 20:54:37,68,0.419,4.46,-20.0
2021-01-30 20:54:37,69,0.417,4.45,-20.0
2021-01-30 20:54:37,70,0.408,4.47,-20.0
2021-01-30 20:54:37,71,0.411,4.48,-20.0
2021-01-30 20:54:37,72,0.408,4.48,-20.0
2021-01-30 20:54:37,73,0.399,4.51,22.9
2021-01-30 20:54:37,74,0.401,4.48,-20.0
2021-01-30 20:54:37,75,0.43,4.48,-20.0
2021-01-30 20:54:37,76,0.426,4.46,-20.0
2021-01-30 20:54:37,77,0.426,4.51,-20.0
2021-01-30 20:54:37,78,0.404,4.48,-20.0
2021-01-30 20:54:37,79,0.416,4.49,-20.0
2021-01-30 20:54:37,80,0.427,4.51,-20.0
2021-01-30 20:54:37,81,0.43,4.51,-20.0
2021-01-30 20:54:37,82,0.425,4.51,-20.0
2021-01-30 20:54:37,83,0.424,4.5,-20.0
2021-01-30 20:54:37,84,0.42,4.5,-20.0
2021-01-30 20:54:37,85,0.414,4.48,24.3
2021-01-30 20:54:37,86,0.418,4.47,-20.0
2021-01-30 20:54:37,87,0.441,4.47,-20.0
2021-01-30 20:54:37,88,0.4,4.48,-20.0
2021-01-30 20:54:37,89,0.412,4.48,-20.0
2021-01-30 20:54:37,90,0.406,4.47,-20.0
2021-01-30 20:54:37,91,0.418,4.49,-20.0
2021-01-30 20:54:37,92,0.402,4.5,-20.0
2021-01-30 20:54:37,93,0.414,4.49,-20.0
2021-01-30 20:54:37,94,0.421,4.47,-20.0
2021-01-30 20:54:37,95,0.414,4.46,-20.0
2021-01-30 20:54:37,96,0.407,4.49,-20.0
2021-01-31 08:54:12,1,0.416,4.49,25.5
2021-01-31 08:54:12,2,0.417,4.51,-20.0
2021-01-31 08:54:12,3,0.42,4.51,-20.0
2021-01-31 08:54:12,4,0.42,4.49,-20.0
2021-01-31 08:54:12,5,0.406,4.51,-20.0
2021-01-31 08:54:12,6,0.416,4.5,-20.0
2021-01-31 08:54:12,7,0.407,4.49,-20.0
2021-01-31 08:54:12,8,0.409,4.5,-20.0
2021-01-31 08:54:12,9,0.412,4.48,-20.0
2021-01-31 08:54:12,10,0.417,4.51,-20.0
2021-01-31 08:54:12,11,0.417,4.46,-20.0
2021-01-31 08:54:12,12,0.417,4.47,-20.0
2021-01-31 08:54:12,13,0.411,4.48,24.8
2021-01-31 08:54:12,14,0.417,4.5,-20.0
2021-01-31 08:54:12,15,0.409,4.51,-20.0
2021-01-31 08:54:12,16,0.421,4.52,-20.0
2021-01-31 08:54:12,17,0.416,4.49,-20.0
2021-01-31 08:54:12,18,0.431,4.49,-20.0
2021-01-31 08:54:12,19,0.441,4.49,-20.0
2021-01-31 08:54:12,20,0.413,4.48,-20.0
2021-01-31 08:54:12,21,0.417,4.48,-20.0
2021-01-31 08:54:12,22,0.424,4.48,-20.0
2021-01-31 08:54:12,23,0.446,4.48,-20.0
2021-01-31 08:54:12,24,0.411,4.5,-20.0
2021-01-31 08:54:12,25,0.416,4.5,22.9
2021-01-31 08:54:12,26,0.424,4.47,-20.0
2021-01-31 08:54:12,27,0.416,4.46,-20.0
2021-01-31 08:54:12,28,0.422,4.46,-20.0
2021-01-31 08:54:12,29,0.409,4.48,-20.0
2021-01-31 08:54:12,30,0.418,4.49,-20.0
2021-01-31 08:54:12,31,0.414,4.45,-20.0
2021-01-31 08:54:12,32,0.393,4.47,-20.0
2021-01-31 08:54:12,33,0.413,4.49,-20.0
2021-01-31 08:54:12,34,0.4,4.49,-20.0
2021-01-31 08:54:12,35,0.409,4.48,-20.0
2021-01-31 08:54:12,36,0.405,4.5,-20.0
2021-01-31 08:54:12,37,0.399,4.48,23.3
2021-01-31 08:54:12,38,0.396,4.5,-20.0
2021-01-31 08:54:12,39,0.398,4.48,-20.0
2021-01-31 08:54:12,40,0.413,4.47,-20.0
2021-01-31 08:54:12,41,0.414,4.49,-20.0
2021-01-31 08:54:12,42,0.405,4.48,-20.0
2021-01-31 08:54:12,43,0.41,4.48,-20.0
2021-01-31 08:54:12,44,0.424,4.49,-20.0
2021-01-31 08:54:12,45,0.42,4.48,-20.0
2021-01-31 08:54:12,46,0.415,4.49,-20.0
2021-01-31 08:54:12,47,0.414,4.48,-20.0
2021-01-31 08:54:12,48,0.413,4.48,-20.0
2021-01-31 08:54:12,49,0.492,4.46,24.5
2021-01-31 08:54:12,50,0.425,4.48,-20.0
2021-01-31 08:54:12,51,0.413,4.47,-20.0
2021-01-31 08:54:12,52,0.418,4.46,-20.0
2021-01-31 08:54:12,53,0.418,4.46,-20.0
2021-01-31 08:54:12,54,0.416,4.47,-20.0
2021-01-31 08:54:12,55,0.435,4.44,-20.0
2021-01-31 08:54:12,56,0.425,4.44,-20.0
2021-01-31 08:54:12,57,0.427,4.43,-20.0
2021-01-31 08:54:12,58,0.421,4.43,-20.0
2021-01-31 08:54:12,59,0.422,4.44,-20.0
2021-01-31 08:54:12,60,0.415,4.47,-20.0
2021-01-31 08:54:12,61,0.417,4.5,22.7
2021-01-31 08:54:12,62,0.41,4.49,-20.0
2021-01-31 08:54:12,63,0.414,4.48,-20.0
2021-01-31 08:54:12,64,0.412,4.46,-20.0
2021-01-31 08:54:12,65,0.411,4.45,-20.0
2021-01-31 08:54:12,66,0.42,4.46,-20.0
2021-01-31 08:54:12,67,0.411,4.44,-20.0
2021-01-31 08:54:12,68,0.418,4.46,-20.0
2021-01-31 08:54:12,69,0.417,4.46,-20.0
2021-01-31 08:54:12,70,0.41,4.47,-20.0
2021-01-31 08:54:12,71,0.413,4.49,-20.0
2021-01-31 08:54:12,72,0.412,4.49,-20.0
2021-01-31 08:54:12,73,0.405,4.52,22.6
2021-01-31 08:54:12,74,0.403,4.48,-20.0
2021-01-31 08:54:12,75,0.43,4.48,-20.0
2021-01-31 08:54:12,76,0.426,4.46,-20.0
2021-01-31 08:54:12,77,0.421,4.52,-20.0
2021-01-31 08:54:12,78,0.403,4.47,-20.0
2021-01-31 08:54:12,79,0.418,4.48,-20.0
2021-01-31 08:54:12,80,0.427,4.51,-20.0
2021-01-31 08:54:12,81,0.425,4.51,-20.0
2021-01-31 08:54:12,82,0.425,4.51,-20.0
2021-01-31 08:54:12,83,0.424,4.5,-20.0
2021-01-31 08:54:12,84,0.423,4.5,-20.0
2021-01-31 08:54:12,85,0.415,4.47,23.9
2021-01-31 08:54:12,86,0.413,4.47,-20.0
2021-01-31 08:54:12,87,0.442,4.47,-20.0
2021-01-31 08:54:12,88,0.399,4.47,-20.0
2021-01-31 08:54:12,89,0.409,4.49,-20.0
2021-01-31 08:54:12,90,0.409,4.47,-20.0
2021-01-31 08:54:12,91,0.417,4.48,-20.0
2021-01-31 08:54:12,92,0.403,4.5,-20.0
2021-01-31 08:54:12,93,0.415,4.5,-20.0
2021-01-31 08:54:12,94,0.421,4.48,-20.0
2021-01-31 08:54:12,95,0.417,4.47,-20.0
2021-01-31 08:54:12,96,0.408,4.49,-20.0
2021-01-31 20:53:38,1,0.418,4.5,25.5
2021-01-31 20:53:38,2,0.415,4.5,-20.0
2021-01-31 20:53:38,3,0.42,4.5,-20.0
2021-01-31 20:53:38,4,0.421,4.48,-20.0
2021-01-31 20:53:38,5,0.404,4.51,-20.0
2021-01-31 20:53:38,6,0.417,4.49,-20.0
2021-01-31 20:53:38,7,0.412,4.48,-20.0
2021-01-31 20:53:38,8,0.41,4.51,-20.0
2021-01-31 20:53:38,9,0.412,4.48,-20.0
2021-01-31 20:53:38,10,0.416,4.51,-20.0
2021-01-31 20:53:38,11,0.421,4.46,-20.0
2021-01-31 20:53:38,12,0.42,4.47,-20.0
2021-01-31 20:53:38,13,0.412,4.47,24.9
2021-01-31 20:53:38,14,0.419,4.5,-20.0
2021-01-31 20:53:38,15,0.411,4.52,-20.0
2021-01-31 20:53:38,16,0.424,4.51,-20.0
2021-01-31 20:53:38,17,0.416,4.5,-20.0
2021-01-31 20:53:38,18,0.43,4.5,-20.0
2021-01-31 20:53:38,19,0.443,4.48,-20.0
2021-01-31 20:53:38,20,0.414,4.48,-20.0
2021-01-31 20:53:38,21,0.416,4.49,-20.0
2021-01-31 20:53:38,22,0.423,4.47,-20.0
2021-01-31 20:53:38,23,0.443,4.48,-20.0
2021-01-31 20:53:38,24,0.407,4.5,-20.0
2021-01-31 20:53:38,25,0.419,4.49,22.9
2021-01-31 20:53:38,26,0.422,4.47,-20.0
2021-01-31 20:53:38,27,0.413,4.46,-20.0
2021-01-31 20:53:38,28,0.421,4.46,-20.0
2021-01-31 20:53:38,29,0.411,4.46,-20.0
2021-01-31 20:53:38,30,0.417,4.49,-20.0
2021-01-31 20:53:38,31,0.415,4.46,-20.0
2021-01-31 20:53:38,32,0.399,4.47,-20.0
2021-01-31 20:53:38,33,0.416,4.5,-20.0
2021-01-31 20:53:38,34,0.404,4.49,-20.0
2021-01-31 20:53:38,35,0.41,4.48,-20.0
2021-01-31 20:53:38,36,0.406,4.5,-20.0
2021-01-31 20:53:38,37,0.404,4.49,23.4
2021-01-31 20:53:38,38,0.402,4.5,-20.0
2021-01-31 20:53:38,39,0.404,4.48,-20.0
2021-01-31 20:53:38,40,0.415,4.48,-20.0
2021-01-31 20:53:38,41,0.412,4.49,-20.0
2021-01-31 20:53:38,42,0.41,4.47,-20.0
2021-01-31 20:53:38,43,0.411,4.48,-20.0
2021-01-31 20:53:38,44,0.426,4.5,-20.0
2021-01-31 20:53:38,45,0.417,4.49,-20.0
2021-01-31 20:53:38,46,0.415,4.48,-20.0
2021-01-31 20:53:38,47,0.413,4.48,-20.0
2021-01-31 20:53:38,48,0.416,4.49,-20.0
2021-01-31 20:53:38,49,0.492,4.46,24.9
2021-01-31 20:53:38,50,0.424,4.47,-20.0
2021-01-31 20:53:38,51,0.414,4.47,-20.0
2021-01-31 20:53:38,52,0.418,4.46,-20.0
2021-01-31 20:53:38,53,0.417,4.46,-20.0
2021-01-31 20:53:38,54,0.416,4.47,-20.0
2021-01-31 20:53:38,55,0.434,4.44,-20.0
2021-01-31 20:53:38,56,0.427,4.44,-20.0
2021-01-31 20:53:38,57,0.426,4.43,-20.0
2021-01-31 20:53:38,58,0.423,4.43,-20.0
2021-01-31 20:53:38,59,0.421,4.45,-20.0
2021-01-31 20:53:38,60,0.415,4.46,-20.0
2021-01-31 20:53:38,61,0.416,4.49,22.9
2021-01-31 20:53:38,62,0.402,4.49,-20.0
2021-01-31 20:53:38,63,0.403,4.48,-20.0
2021-01-31 20:53:38,64,0.405,4.46,-20.0
2021-01-31 20:53:38,65,0.4,4.45,-20.0
2021-01-31 20:53:38,66,0.416,4.45,-20.0
2021-01-31 20:53:38,67,0.408,4.44,-20.0
2021-01-31 20:53:38,68,0.403,4.46,-20.0
2021-01-31 20:53:38,69,0.415,4.46,-20.0
2021-01-31 20:53:38,70,0.397,4.48,-20.0
2021-01-31 20:53:38,71,0.411,4.48,-20.0
2021-01-31 20:53:38,72,0.411,4.49,-20.0
2021-01-31 20:53:38,73,0.408,4.52,23.0
2021-01-31 20:53:38,74,0.405,4.48,-20.0
2021-01-31 20:53:38,75,0.429,4.47,-20.0
2021-01-31 20:53:38,76,0.426,4.47,-20.0
2021-01-31 20:53:38,77,0.42,4.5,-20.0
2021-01-31 20:53:38,78,0.405,4.47,-20.0
2021-01-31 20:53:38,79,0.417,4.49,-20.0
2021-01-31 20:53:38,80,0.426,4.5,-20.0
2021-01-31 20:53:38,81,0.426,4.51,-20.0
2021-01-31 20:53:38,82,0.423,4.52,-20.0
2021-01-31 20:53:38,83,0.425,4.5,-20.0
2021-01-31 20:53:38,84,0.426,4.49,-20.0
2021-01-31 20:53:38,85,0.418,4.47,24.2
2021-01-31 20:53:38,86,0.414,4.47,-20.0
2021-01-31 20:53:38,87,0.443,4.46,-20.0
2021-01-31 20:53:38,88,0.402,4.48,-20.0
2021-01-31 20:53:38,89,0.411,4.49,-20.0
2021-01-31 20:53:38,90,0.412,4.47,-20.0
2021-01-31 20:53:38,91,0.417,4.48,-20.0
2021-01-31 20:53:38,92,0.404,4.5,-20.0
2021-01-31 20:53:38,93,0.415,4.5,-20.0
2021-01-31 20:53:38,94,0.422,4.47,-20.0
2021-01-31 20:53:38,95,0.42,4.47,-20.0
2021-01-31 20:53:38,96,0.41,4.49,-20.0
2021-02-01 08:53:11,1,0.417,4.5,25.5
2021-02-01 08:53:11,2,0.412,4.5,-20.0
2021-02-01 08:53:11,3,0.421,4.5,-20.0
2021-02-01 08:53:11,4,0.421,4.49,-20.0
2021-02-01 08:53:11,5,0.406,4.51,-20.0
2021-02-01 08:53:11,6,0.415,4.49,-20.0
2021-02-01 08:53:11,7,0.41,4.48,-20.0
2021-02-01 08:53:11,8,0.408,4.5,-20.0
2021-02-01 08:53:11,9,0.412,4.47,-20.0
2021-02-01 08:53:11,10,0.417,4.5,-20.0
2021-02-01 08:53:11,11,0.419,4.45,-20.0
2021-02-01 08:53:11,12,0.419,4.47,-20.0
2021-02-01 08:53:11,13,0.411,4.48,24.8
2021-02-01 08:53:11,14,0.416,4.49,-20.0
2021-02-01 08:53:11,15,0.408,4.51,-20.0
2021-02-01 08:53:11,16,0.422,4.52,-20.0
2021-02-01 08:53:11,17,0.416,4.48,-20.0
2021-02-01 08:53:11,18,0.421,4.49,-20.0
2021-02-01 08:53:11,19,0.435,4.48,-20.0
2021-02-01 08:53:11,20,0.412,4.47,-20.0
2021-02-01 08:53:11,21,0.418,4.48,-20.0
2021-02-01 08:53:11,22,0.423,4.47,-20.0
2021-02-01 08:53:11,23,0.435,4.49,-20.0
2021-02-01 08:53:11,24,0.395,4.5,-20.0
2021-02-01 08:53:11,25,0.416,4.49,22.8
2021-02-01 08:53:11,26,0.419,4.47,-20.0
2021-02-01 08:53:11,27,0.415,4.47,-20.0
2021-02-01 08:53:11,28,0.421,4.46,-20.0
2021-02-01 08:53:11,29,0.414,4.46,-20.0
2021-02-01 08:53:11,30,0.417,4.48,-20.0
2021-02-01 08:53:11,31,0.416,4.45,-20.0
2021-02-01 08:53:11,32,0.403,4.48,-20.0
2021-02-01 08:53:11,33,0.416,4.49,-20.0
2021-02-01 08:53:11,34,0.407,4.49,-20.0
2021-02-01 08:53:11,35,0.41,4.49,-20.0
2021-02-01 08:53:11,36,0.404,4.5,-20.0
2021-02-01 08:53:11,37,0.404,4.49,23.3
2021-02-01 08:53:11,38,0.404,4.48,-20.0
2021-02-01 08:53:11,39,0.408,4.46,-20.0
2021-02-01 08:53:11,40,0.416,4.47,-20.0
2021-02-01 08:53:11,41,0.409,4.5,-20.0
2021-02-01 08:53:11,42,0.411,4.48,-20.0
2021-02-01 08:53:11,43,0.414,4.48,-20.0
2021-02-01 08:53:11,44,0.425,4.49,-20.0
2021-02-01 08:53:11,45,0.417,4.49,-20.0
2021-02-01 08:53:11,46,0.412,4.48,-20.0
2021-02-01 08:53:11,47,0.414,4.48,-20.0
2021-02-01 08:53:11,48,0.422,4.48,-20.0
2021-02-01 08:53:11,49,0.49,4.47,24.6
2021-02-01 08:53:11,50,0.424,4.46,-20.0
2021-02-01 08:53:11,51,0.414,4.47,-20.0
2021-02-01 08:53:11,52,0.42,4.46,-20.0
2021-02-01 08:53:11,53,0.418,4.46,-20.0
2021-02-01 08:53:11,54,0.417,4.47,-20.0
2021-02-01 08:53:11,55,0.433,4.44,-20.0
2021-02-01 08:53:11,56,0.424,4.44,-20.0
2021-02-01 08:53:11,57,0.424,4.43,-20.0
2021-02-01 08:53:11,58,0.424,4.43,-20.0
2021-02-01 08:53:11,59,0.421,4.45,-20.0
2021-02-01 08:53:11,60,0.415,4.47,-20.0
2021-02-01 08:53:11,61,0.417,4.5,22.7
2021-02-01 08:53:11,62,0.406,4.48,-20.0
2021-02-01 08:53:11,63,0.408,4.48,-20.0
2021-02-01 08:53:11,64,0.408,4.46,-20.0
2021-02-01 08:53:11,65,0.405,4.46,-20.0
2021-02-01 08:53:11,66,0.416,4.45,-20.0
2021-02-01 08:53:11,67,0.409,4.43,-20.0
2021-02-01 08:53:11,68,0.411,4.45,-20.0
2021-02-01 08:53:11,69,0.417,4.46,-20.0
2021-02-01 08:53:11,70,0.399,4.47,-20.0
2021-02-01 08:53:11,71,0.411,4.49,-20.0
2021-02-01 08:53:11,72,0.408,4.48,-20.0
2021-02-01 08:53:11,73,0.409,4.52,22.6
2021-02-01 08:53:11,74,0.408,4.48,-20.0
2021-02-01 08:53:11,75,0.428,4.47,-20.0
2021-02-01 08:53:11,76,0.422,4.45,-20.0
2021-02-01 08:53:11,77,0.423,4.52,-20.0
2021-02-01 08:53:11,78,0.408,4.47,-20.0
2021-02-01 08:53:11,79,0.415,4.48,-20.0
2021-02-01 08:53:11,80,0.422,4.51,-20.0
2021-02-01 08:53:11,81,0.427,4.51,-20.0
2021-02-01 08:53:11,82,0.425,4.51,-20.0
2021-02-01 08:53:11,83,0.424,4.5,-20.0
2021-02-01 08:53:11,84,0.424,4.5,-20.0
2021-02-01 08:53:11,85,0.417,4.47,23.7
2021-02-01 08:53:11,86,0.417,4.47,-20.0
2021-02-01 08:53:11,87,0.443,4.46,-20.0
2021-02-01 08:53:11,88,0.402,4.48,-20.0
2021-02-01 08:53:11,89,0.411,4.49,-20.0
2021-02-01 08:53:11,90,0.413,4.47,-20.0
2021-02-01 08:53:11,91,0.417,4.49,-20.0
2021-02-01 08:53:11,92,0.406,4.51,-20.0
2021-02-01 08:53:11,93,0.417,4.5,-20.0
2021-02-01 08:53:11,94,0.421,4.47,-20.0
2021-02-01 08:53:11,95,0.418,4.47,-20.0
2021-02-01 08:53:11,96,0.413,4.49,-20.0
2021-02-01 20:52:37,1,0.418,4.5,25.6
2021-02-01 20:52:37,2,0.415,4.5,-20.0
2021-02-01 20:52:37,3,0.423,4.5,-20.0
2021-02-01 20:52:37,4,0.422,4.48,-20.0
2021-02-01 20:52:37,5,0.404,4.51,-20.0
2021-02-01 20:52:37,6,0.414,4.49,-20.0
2021-02-01 20:52:37,7,0.409,4.48,-20.0
2021-02-01 20:52:37,8,0.408,4.51,-20.0
2021-02-01 20:52:37,9,0.413,4.48,-20.0
2021-02-01 20:52:37,10,0.417,4.5,-20.0
2021-02-01 20:52:37,11,0.42,4.46,-20.0
2021-02-01 20:52:37,12,0.419,4.47,-20.0
2021-02-01 20:52:37,13,0.412,4.48,24.8
2021-02-01 20:52:37,14,0.416,4.5,-20.0
2021-02-01 20:52:37,15,0.41,4.52,-20.0
2021-02-01 20:52:37,16,0.423,4.51,-20.0
2021-02-01 20:52:37,17,0.419,4.49,-20.0
2021-02-01 20:52:37,18,0.426,4.5,-20.0
2021-02-01 20:52:37,19,0.434,4.47,-20.0
2021-02-01 20:52:37,20,0.415,4.47,-20.0
2021-02-01 20:52:37,21,0.417,4.48,-20.0
2021-02-01 20:52:37,22,0.423,4.49,-20.0
2021-02-01 20:52:37,23,0.437,4.48,-20.0
2021-02-01 20:52:37,24,0.397,4.49,-20.0
2021-02-01 20:52:37,25,0.416,4.49,22.6
2021-02-01 20:52:37,26,0.423,4.48,-20.0
2021-02-01 20:52:37,27,0.418,4.46,-20.0
2021-02-01 20:52:37,28,0.423,4.47,-20.0
2021-02-01 20:52:37,29,0.417,4.46,-20.0
2021-02-01 20:52:37,30,0.416,4.48,-20.0
2021-02-01 20:52:37,31,0.417,4.47,-20.0
2021-02-01 20:52:37,32,0.407,4.48,-20.0
2021-02-01 20:52:37,33,0.418,4.5,-20.0
2021-02-01 20:52:37,34,0.411,4.48,-20.0
2021-02-01 20:52:37,35,0.412,4.48,-20.0
2021-02-01 20:52:37,36,0.402,4.5,-20.0
2021-02-01 20:52:37,37,0.403,4.49,23.0
2021-02-01 20:52:37,38,0.407,4.5,-20.0
2021-02-01 20:52:37,39,0.41,4.48,-20.0
2021-02-01 20:52:37,40,0.416,4.48,-20.0
2021-02-01 20:52:37,41,0.412,4.5,-20.0
2021-02-01 20:52:37,42,0.411,4.47,-20.0
2021-02-01 20:52:37,43,0.417,4.47,-20.0
2021-02-01 20:52:37,44,0.427,4.49,-20.0
2021-02-01 20:52:37,45,0.42,4.49,-20.0
2021-02-01 20:52:37,46,0.414,4.48,-20.0
2021-02-01 20:52:37,47,0.417,4.48,-20.0
2021-02-01 20:52:37,48,0.423,4.48,-20.0
2021-02-01 20:52:37,49,0.49,4.47,24.7
2021-02-01 20:52:37,50,0.423,4.47,-20.0
2021-02-01 20:52:37,51,0.416,4.46,-20.0
2021-02-01 20:52:37,52,0.419,4.46,-20.0
2021-02-01 20:52:37,53,0.417,4.45,-20.0
2021-02-01 20:52:37,54,0.416,4.47,-20.0
2021-02-01 20:52:37,55,0.431,4.44,-20.0
2021-02-01 20:52:37,56,0.427,4.44,-20.0
2021-02-01 20:52:37,57,0.426,4.43,-20.0
2021-02-01 20:52:37,58,0.415,4.43,-20.0
2021-02-01 20:52:37,59,0.408,4.45,-20.0
2021-02-01 20:52:37,60,0.396,4.46,-20.0
2021-02-01 20:52:37,61,0.417,4.5,22.3
2021-02-01 20:52:37,62,0.406,4.49,-20.0
2021-02-01 20:52:37,63,0.394,4.47,-20.0
2021-02-01 20:52:37,64,0.405,4.46,-20.0
2021-02-01 20:52:37,65,0.392,4.46,-20.0
2021-02-01 20:52:37,66,0.414,4.45,-20.0
2021-02-01 20:52:37,67,0.41,4.43,-20.0
2021-02-01 20:52:37,68,0.411,4.47,-20.0
2021-02-01 20:52:37,69,0.415,4.45,-20.0
2021-02-01 20:52:37,70,0.403,4.48,-20.0
2021-02-01 20:52:37,71,0.411,4.49,-20.0
2021-02-01 20:52:37,72,0.408,4.49,-20.0
2021-02-01 20:52:37,73,0.411,4.52,22.1
2021-02-01 20:52:37,74,0.408,4.48,-20.0
2021-02-01 20:52:37,75,0.43,4.48,-20.0
2021-02-01 20:52:37,76,0.422,4.46,-20.0
2021-02-01 20:52:37,77,0.42,4.51,-20.0
2021-02-01 20:52:37,78,0.407,4.48,-20.0
2021-02-01 20:52:37,79,0.413,4.48,-20.0
2021-02-01 20:52:37,80,0.424,4.51,-20.0
2021-02-01 20:52:37,81,0.427,4.51,-20.0
2021-02-01 20:52:37,82,0.425,4.51,-20.0
2021-02-01 20:52:37,83,0.425,4.5,-20.0
2021-02-01 20:52:37,84,0.424,4.5,-20.0
2021-02-01 20:52:37,85,0.417,4.48,22.9
2021-02-01 20:52:37,86,0.416,4.46,-20.0
2021-02-01 20:52:37,87,0.444,4.46,-20.0
2021-02-01 20:52:37,88,0.402,4.48,-20.0
2021-02-01 20:52:37,89,0.409,4.49,-20.0
2021-02-01 20:52:37,90,0.413,4.48,-20.0
2021-02-01 20:52:37,91,0.418,4.48,-20.0
2021-02-01 20:52:37,92,0.406,4.5,-20.0
2021-02-01 20:52:37,93,0.419,4.49,-20.0
2021-02-01 20:52:37,94,0.423,4.47,-20.0
2021-02-01 20:52:37,95,0.418,4.46,-20.0
2021-02-01 20:52:37,96,0.412,4.49,-20.0
2021-02-02 08:52:10,1,0.418,4.49,25.5
2021-02-02 08:52:10,2,0.414,4.51,-20.0
2021-02-02 08:52:10,3,0.422,4.49,-20.0
2021-02-02 08:52:10,4,0.42,4.47,-20.0
2021-02-02 08:52:10,5,0.405,4.5,-20.0
2021-02-02 08:52:10,6,0.414,4.49,-20.0
2021-02-02 08:52:10,7,0.41,4.49,-20.0
2021-02-02 08:52:10,8,0.409,4.5,-20.0
2021-02-02 08:52:10,9,0.41,4.48,-20.0
2021-02-02 08:52:10,10,0.416,4.51,-20.0
2021-02-02 08:52:10,11,0.418,4.46,-20.0
2021-02-02 08:52:10,12,0.413,4.47,-20.0
2021-02-02 08:52:10,13,0.411,4.48,24.8
2021-02-02 08:52:10,14,0.415,4.49,-20.0
2021-02-02 08:52:10,15,0.41,4.51,-20.0
2021-02-02 08:52:10,16,0.422,4.52,-20.0
2021-02-02 08:52:10,17,0.417,4.48,-20.0
2021-02-02 08:52:10,18,0.426,4.48,-20.0
2021-02-02 08:52:10,19,0.431,4.48,-20.0
2021-02-02 08:52:10,20,0.414,4.48,-20.0
2021-02-02 08:52:10,21,0.416,4.48,-20.0
2021-02-02 08:52:10,22,0.42,4.48,-20.0
2021-02-02 08:52:10,23,0.438,4.47,-20.0
2021-02-02 08:52:10,24,0.399,4.49,-20.0
2021-02-02 08:52:10,25,0.417,4.5,22.7
2021-02-02 08:52:10,26,0.424,4.48,-20.0
2021-02-02 08:52:10,27,0.419,4.47,-20.0
2021-02-02 08:52:10,28,0.422,4.47,-20.0
2021-02-02 08:52:10,29,0.418,4.46,-20.0
2021-02-02 08:52:10,30,0.416,4.48,-20.0
2021-02-02 08:52:10,31,0.415,4.46,-20.0
2021-02-02 08:52:10,32,0.408,4.47,-20.0
2021-02-02 08:52:10,33,0.418,4.49,-20.0
2021-02-02 08:52:10,34,0.413,4.49,-20.0
2021-02-02 08:52:10,35,0.411,4.49,-20.0
2021-02-02 08:52:10,36,0.407,4.5,-20.0
2021-02-02 08:52:10,37,0.411,4.48,23.2
2021-02-02 08:52:10,38,0.41,4.49,-20.0
2021-02-02 08:52:10,39,0.411,4.48,-20.0
2021-02-02 08:52:10,40,0.418,4.47,-20.0
2021-02-02 08:52:10,41,0.411,4.49,-20.0
2021-02-02 08:52:10,42,0.41,4.47,-20.0
2021-02-02 08:52:10,43,0.419,4.49,-20.0
2021-02-02 08:52:10,44,0.426,4.49,-20.0
2021-02-02 08:52:10,45,0.42,4.49,-20.0
2021-02-02 08:52:10,46,0.415,4.49,-20.0
2021-02-02 08:52:10,47,0.415,4.48,-20.0
2021-02-02 08:52:10,48,0.425,4.48,-20.0
2021-02-02 08:52:10,49,0.487,4.46,24.6
2021-02-02 08:52:10,50,0.423,4.47,-20.0
2021-02-02 08:52:10,51,0.415,4.47,-20.0
2021-02-02 08:52:10,52,0.42,4.47,-20.0
2021-02-02 08:52:10,53,0.419,4.46,-20.0
2021-02-02 08:52:10,54,0.416,4.47,-20.0
2021-02-02 08:52:10,55,0.43,4.44,-20.0
2021-02-02 08:52:10,56,0.427,4.44,-20.0
2021-02-02 08:52:10,57,0.428,4.43,-20.0
2021-02-02 08:52:10,58,0.416,4.43,-20.0
2021-02-02 08:52:10,59,0.415,4.45,-20.0
2021-02-02 08:52:10,60,0.4,4.46,-20.0
2021-02-02 08:52:10,61,0.418,4.49,22.5
2021-02-02 08:52:10,62,0.407,4.49,-20.0
2021-02-02 08:52:10,63,0.399,4.48,-20.0
2021-02-02 08:52:10,64,0.405,4.47,-20.0
2021-02-02 08:52:10,65,0.397,4.45,-20.0
2021-02-02 08:52:10,66,0.418,4.45,-20.0
2021-02-02 08:52:10,67,0.411,4.43,-20.0
2021-02-02 08:52:10,68,0.413,4.46,-20.0
2021-02-02 08:52:10,69,0.416,4.45,-20.0
2021-02-02 08:52:10,70,0.407,4.47,-20.0
2021-02-02 08:52:10,71,0.412,4.48,-20.0
2021-02-02 08:52:10,72,0.408,4.48,-20.0
2021-02-02 08:52:10,73,0.412,4.51,22.3
2021-02-02 08:52:10,74,0.409,4.48,-20.0
2021-02-02 08:52:10,75,0.429,4.47,-20.0
2021-02-02 08:52:10,76,0.421,4.46,-20.0
2021-02-02 08:52:10,77,0.423,4.51,-20.0
2021-02-02 08:52:10,78,0.408,4.48,-20.0
2021-02-02 08:52:10,79,0.413,4.48,-20.0
2021-02-02 08:52:10,80,0.424,4.5,-20.0
2021-02-02 08:52:10,81,0.425,4.5,-20.0
2021-02-02 08:52:10,82,0.422,4.51,-20.0
2021-02-02 08:52:10,83,0.424,4.5,-20.0
2021-02-02 08:52:10,84,0.423,4.5,-20.0
2021-02-02 08:52:10,85,0.415,4.47,23.1
2021-02-02 08:52:10,86,0.414,4.47,-20.0
2021-02-02 08:52:10,87,0.443,4.47,-20.0
2021-02-02 08:52:10,88,0.404,4.47,-20.0
2021-02-02 08:52:10,89,0.408,4.49,-20.0
2021-02-02 08:52:10,90,0.409,4.47,-20.0
2021-02-02 08:52:10,91,0.417,4.48,-20.0
2021-02-02 08:52:10,92,0.405,4.5,-20.0
2021-02-02 08:52:10,93,0.419,4.49,-20.0
2021-02-02 08:52:10,94,0.421,4.47,-20.0
2021-02-02 08:52:10,95,0.418,4.46,-20.0
2021-02-02 08:52:10,96,0.412,4.49,-20.0
2021-02-02 20:51:40,1,0.421,4.49,25.5
2021-02-02 20:51:40,2,0.413,4.51,-20.0
2021-02-02 20:51:40,3,0.423,4.51,-20.0
2021-02-02 20:51:40,4,0.42,4.48,-20.0
2021-02-02 20:51:40,5,0.405,4.51,-20.0
2021-02-02 20:51:40,6,0.414,4.5,-20.0
2021-02-02 20:51:40,7,0.408,4.48,-20.0
2021-02-02 20:51:40,8,0.407,4.51,-20.0
2021-02-02 20:51:40,9,0.412,4.48,-20.0
2021-02-02 20:51:40,10,0.418,4.5,-20.0
2021-02-02 20:51:40,11,0.421,4.45,-20.0
2021-02-02 20:51:40,12,0.414,4.47,-20.0
2021-02-02 20:51:40,13,0.412,4.49,24.9
2021-02-02 20:51:40,14,0.416,4.49,-20.0
2021-02-02 20:51:40,15,0.411,4.52,-20.0
2021-02-02 20:51:40,16,0.419,4.51,-20.0
2021-02-02 20:51:40,17,0.414,4.49,-20.0
2021-02-02 20:51:40,18,0.424,4.49,-20.0
2021-02-02 20:51:40,19,0.433,4.48,-20.0
2021-02-02 20:51:40,20,0.414,4.49,-20.0
2021-02-02 20:51:40,21,0.418,4.48,-20.0
2021-02-02 20:51:40,22,0.418,4.47,-20.0
2021-02-02 20:51:40,23,0.441,4.49,-20.0
2021-02-02 20:51:40,24,0.403,4.49,-20.0
2021-02-02 20:51:40,25,0.415,4.49,23.0
2021-02-02 20:51:40,26,0.423,4.47,-20.0
2021-02-02 20:51:40,27,0.416,4.47,-20.0
2021-02-02 20:51:40,28,0.423,4.46,-20.0
2021-02-02 20:51:40,29,0.419,4.46,-20.0
2021-02-02 20:51:40,30,0.415,4.48,-20.0
2021-02-02 20:51:40,31,0.414,4.47,-20.0
2021-02-02 20:51:40,32,0.409,4.47,-20.0
2021-02-02 20:51:40,33,0.415,4.49,-20.0
2021-02-02 20:51:40,34,0.412,4.49,-20.0
2021-02-02 20:51:40,35,0.412,4.48,-20.0
2021-02-02 20:51:40,36,0.408,4.5,-20.0
2021-02-02 20:51:40,37,0.412,4.48,23.3
2021-02-02 20:51:40,38,0.411,4.5,-20.0
2021-02-02 20:51:40,39,0.415,4.46,-20.0
2021-02-02 20:51:40,40,0.418,4.48,-20.0
2021-02-02 20:51:40,41,0.413,4.49,-20.0
2021-02-02 20:51:40,42,0.41,4.48,-20.0
2021-02-02 20:51:40,43,0.421,4.48,-20.0
2021-02-02 20:51:40,44,0.428,4.49,-20.0
2021-02-02 20:51:40,45,0.421,4.49,-20.0
2021-02-02 20:51:40,46,0.418,4.49,-20.0
2021-02-02 20:51:40,47,0.413,4.49,-20.0
2021-02-02 20:51:40,48,0.424,4.48,-20.0
2021-02-02 20:51:40,49,0.484,4.46,24.8
2021-02-02 20:51:40,50,0.424,4.47,-20.0
2021-02-02 20:51:40,51,0.412,4.47,-20.0
2021-02-02 20:51:40,52,0.419,4.46,-20.0
2021-02-02 20:51:40,53,0.418,4.46,-20.0
2021-02-02 20:51:40,54,0.415,4.47,-20.0
2021-02-02 20:51:40,55,0.42,4.44,-20.0
2021-02-02 20:51:40,56,0.424,4.44,-20.0
2021-02-02 20:51:40,57,0.423,4.43,-20.0
2021-02-02 20:51:40,58,0.411,4.43,-20.0
2021-02-02 20:51:40,59,0.416,4.45,-20.0
2021-02-02 20:51:40,60,0.403,4.47,-20.0
2021-02-02 20:51:40,61,0.419,4.49,22.9
2021-02-02 20:51:40,62,0.41,4.49,-20.0
2021-02-02 20:51:40,63,0.403,4.48,-20.0
2021-02-02 20:51:40,64,0.407,4.46,-20.0
2021-02-02 20:51:40,65,0.398,4.46,-20.0
2021-02-02 20:51:40,66,0.415,4.45,-20.0
2021-02-02 20:51:40,67,0.409,4.44,-20.0
2021-02-02 20:51:40,68,0.414,4.46,-20.0
2021-02-02 20:51:40,69,0.417,4.46,-20.0
2021-02-02 20:51:40,70,0.409,4.47,-20.0
2021-02-02 20:51:40,71,0.411,4.49,-20.0
2021-02-02 20:51:40,72,0.41,4.5,-20.0
2021-02-02 20:51:40,73,0.412,4.52,22.9
2021-02-02 20:51:40,74,0.409,4.48,-20.0
2021-02-02 20:51:40,75,0.426,4.47,-20.0
2021-02-02 20:51:40,76,0.421,4.46,-20.0
2021-02-02 20:51:40,77,0.422,4.51,-20.0
2021-02-02 20:51:40,78,0.406,4.48,-20.0
2021-02-02 20:51:40,79,0.412,4.48,-20.0
2021-02-02 20:51:40,80,0.422,4.51,-20.0
2021-02-02 20:51:40,81,0.423,4.51,-20.0
2021-02-02 20:51:40,82,0.425,4.52,-20.0
2021-02-02 20:51:40,83,0.423,4.5,-20.0
2021-02-02 20:51:40,84,0.424,4.5,-20.0
2021-02-02 20:51:40,85,0.415,4.48,24.0
2021-02-02 20:51:40,86,0.413,4.46,-20.0
2021-02-02 20:51:40,87,0.442,4.47,-20.0
2021-02-02 20:51:40,88,0.404,4.47,-20.0
2021-02-02 20:51:40,89,0.413,4.48,-20.0
2021-02-02 20:51:40,90,0.409,4.48,-20.0
2021-02-02 20:51:40,91,0.417,4.49,-20.0
2021-02-02 20:51:40,92,0.404,4.5,-20.0
2021-02-02 20:51:40,93,0.419,4.5,-20.0
2021-02-02 20:51:40,94,0.423,4.47,-20.0
2021-02-02 20:51:40,95,0.422,4.47,-20.0
2021-02-02 20:51:40,96,0.413,4.49,-20.0
2021-02-03 08:51:10,1,0.422,4.49,25.5
2021-02-03 08:51:10,2,0.414,4.51,-20.0
2021-02-03 08:51:10,3,0.421,4.51,-20.0
2021-02-03 08:51:10,4,0.42,4.49,-20.0
2021-02-03 08:51:10,5,0.405,4.51,-20.0
2021-02-03 08:51:10,6,0.415,4.49,-20.0
2021-02-03 08:51:10,7,0.403,4.48,-20.0
2021-02-03 08:51:10,8,0.404,4.5,-20.0
2021-02-03 08:51:10,9,0.411,4.48,-20.0
2021-02-03 08:51:10,10,0.418,4.51,-20.0
2021-02-03 08:51:10,11,0.418,4.45,-20.0
2021-02-03 08:51:10,12,0.413,4.46,-20.0
2021-02-03 08:51:10,13,0.41,4.48,24.8
2021-02-03 08:51:10,14,0.417,4.49,-20.0
2021-02-03 08:51:10,15,0.41,4.5,-20.0
2021-02-03 08:51:10,16,0.422,4.52,-20.0
2021-02-03 08:51:10,17,0.418,4.48,-20.0
2021-02-03 08:51:10,18,0.427,4.49,-20.0
2021-02-03 08:51:10,19,0.434,4.47,-20.0
2021-02-03 08:51:10,20,0.413,4.48,-20.0
2021-02-03 08:51:10,21,0.42,4.48,-20.0
2021-02-03 08:51:10,22,0.42,4.47,-20.0
2021-02-03 08:51:10,23,0.444,4.48,-20.0
2021-02-03 08:51:10,24,0.407,4.5,-20.0
2021-02-03 08:51:10,25,0.418,4.51,23.0
2021-02-03 08:51:10,26,0.424,4.48,-20.0
2021-02-03 08:51:10,27,0.422,4.47,-20.0
2021-02-03 08:51:10,28,0.423,4.48,-20.0
2021-02-03 08:51:10,29,0.423,4.47,-20.0
2021-02-03 08:51:10,30,0.418,4.48,-20.0
2021-02-03 08:51:10,31,0.416,4.46,-20.0
2021-02-03 08:51:10,32,0.409,4.47,-20.0
2021-02-03 08:51:10,33,0.417,4.48,-20.0
2021-02-03 08:51:10,34,0.411,4.49,-20.0
2021-02-03 08:51:10,35,0.411,4.49,-20.0
2021-02-03 08:51:10,36,0.405,4.49,-20.0
2021-02-03 08:51:10,37,0.414,4.47,23.4
2021-02-03 08:51:10,38,0.412,4.49,-20.0
2021-02-03 08:51:10,39,0.417,4.49,-20.0
2021-02-03 08:51:10,40,0.417,4.48,-20.0
2021-02-03 08:51:10,41,0.414,4.49,-20.0
2021-02-03 08:51:10,42,0.414,4.47,-20.0
2021-02-03 08:51:10,43,0.422,4.48,-20.0
2021-02-03 08:51:10,44,0.429,4.49,-20.0
2021-02-03 08:51:10,45,0.42,4.48,-20.0
2021-02-03 08:51:10,46,0.416,4.48,-20.0
2021-02-03 08:51:10,47,0.41,4.5,-20.0
2021-02-03 08:51:10,48,0.425,4.48,-20.0
2021-02-03 08:51:10,49,0.489,4.46,24.6
2021-02-03 08:51:10,50,0.425,4.47,-20.0
2021-02-03 08:51:10,51,0.413,4.47,-20.0
2021-02-03 08:51:10,52,0.416,4.46,-20.0
2021-02-03 08:51:10,53,0.419,4.46,-20.0
2021-02-03 08:51:10,54,0.416,4.47,-20.0
2021-02-03 08:51:10,55,0.424,4.44,-20.0
2021-02-03 08:51:10,56,0.426,4.44,-20.0
2021-02-03 08:51:10,57,0.426,4.43,-20.0
2021-02-03 08:51:10,58,0.409,4.43,-20.0
2021-02-03 08:51:10,59,0.422,4.45,-20.0
2021-02-03 08:51:10,60,0.408,4.46,-20.0
2021-02-03 08:51:10,61,0.42,4.49,22.9
2021-02-03 08:51:10,62,0.409,4.49,-20.0
2021-02-03 08:51:10,63,0.403,4.48,-20.0
2021-02-03 08:51:10,64,0.411,4.46,-20.0
2021-02-03 08:51:10,65,0.407,4.46,-20.0
2021-02-03 08:51:10,66,0.417,4.45,-20.0
2021-02-03 08:51:10,67,0.411,4.43,-20.0
2021-02-03 08:51:10,68,0.417,4.45,-20.0
2021-02-03 08:51:10,69,0.42,4.45,-20.0
2021-02-03 08:51:10,70,0.411,4.47,-20.0
2021-02-03 08:51:10,71,0.414,4.48,-20.0
2021-02-03 08:51:10,72,0.411,4.49,-20.0
2021-02-03 08:51:10,73,0.414,4.52,22.9
2021-02-03 08:51:10,74,0.41,4.48,-20.0
2021-02-03 08:51:10,75,0.426,4.48,-20.0
2021-02-03 08:51:10,76,0.423,4.45,-20.0
2021-02-03 08:51:10,77,0.424,4.5,-20.0
2021-02-03 08:51:10,78,0.406,4.48,-20.0
2021-02-03 08:51:10,79,0.414,4.47,-20.0
2021-02-03 08:51:10,80,0.421,4.5,-20.0
2021-02-03 08:51:10,81,0.422,4.5,-20.0
2021-02-03 08:51:10,82,0.425,4.51,-20.0
2021-02-03 08:51:10,83,0.424,4.5,-20.0
2021-02-03 08:51:10,84,0.424,4.5,-20.0
2021-02-03 08:51:10,85,0.414,4.48,24.0
2021-02-03 08:51:10,86,0.414,4.46,-20.0
2021-02-03 08:51:10,87,0.442,4.47,-20.0
2021-02-03 08:51:10,88,0.404,4.48,-20.0
2021-02-03 08:51:10,89,0.408,4.48,-20.0
2021-02-03 08:51:10,90,0.406,4.47,-20.0
2021-02-03 08:51:10,91,0.416,4.48,-20.0
2021-02-03 08:51:10,92,0.4,4.5,-20.0
2021-02-03 08:51:10,93,0.417,4.5,-20.0
2021-02-03 08:51:10,94,0.421,4.47,-20.0
2021-02-03 08:51:10,95,0.419,4.46,-20.0
2021-02-03 08:51:10,96,0.414,4.49,-20.0
